0,0,0,0,0,0
3,33,79,355,652,1666
3,33,79,355,652,1666
8,34,-109,871,1563,1121
16,29,-80,1245,2505,713
33,22,-63,1485,2965,1250
47,16,-46,1663,2863,553
87,-4,-20,2112,4602,474
-125,-22,-6,2095,6294,-272
-34,-47,45,2281,5982,178
-38,-49,58,1536,4976,1239
23,-94,-107,2210,4179,1041
11,-86,-116,2194,3123,1387
18,-122,-64,1232,1705,-30
17,-122,-65,-197,-1883,1603
14,127,-85,3012,4070,-547
25,113,-43,2609,-303,-179
25,122,-48,1377,550,-381
36,-113,-58,-1522,774,-110
35,-114,-62,-758,1143,-44
47,-82,-93,-743,2841,75
52,-92,-96,-705,3916,224
101,-91,-69,-1782,8303,1400
99,-109,-24,-433,8089,1826
53,95,102,356,3368,1768
42,99,94,-179,3886,1302
-14,73,-90,678,2879,-65
-6,76,-92,249,2988,-309
-8,79,-49,-342,3248,-1053
-6,90,-25,-607,2857,-541
-13,96,-11,-2873,-589,-1071
5,99,-51,-3326,1841,-1519
11,117,-59,-6150,1494,-2516
18,-120,-81,-8676,-116,-2379
54,-96,83,-8585,2840,-887
59,-97,76,-8231,1461,-1364
74,-66,40,-11806,2455,241
70,-64,44,-16953,1044,1786
-8,21,106,-28697,-8423,14497
-11,2,67,-18876,-8169,10290
E
-60,-15,-116,4206,6380,78
-19,-18,-55,-77,3802,226
-8,4,-23,416,3720,-532
-3,15,32,-3246,4622,1250
-2,66,107,-5872,-2500,153
-6,62,72,-3432,1829,583
23,77,55,-3321,2325,-517
35,97,54,-4669,3015,206
39,127,84,-5806,718,476
39,-105,89,-7058,2860,1676
61,-104,-123,-7208,7052,1229
69,-116,-54,-7767,7302,1487
55,92,108,-6941,8979,1514
45,79,113,-7175,7794,1700
-30,-25,7,-11106,9230,1467
-93,-81,45,-13977,9172,1364
48,-18,31,-6457,3743,4202
61,-26,-14,-3032,2745,3857
-41,91,-64,1143,4630,2861
-41,-121,-58,-268,3976,2249
116,123,-18,813,-4675,1120
-106,127,-68,2446,-4893,943
-75,-81,-93,2564,2972,-126
-113,-66,-38,529,-940,-1216
-97,-66,-19,1509,-6917,-3296
24,-37,-43,670,-796,-2293
58,2,-65,177,-3064,-1372
93,2,-65,52,-4242,-721
119,29,-71,-658,-6187,-502
-78,41,125,1289,-4948,1450
-65,25,105,1442,-3544,1831
-56,19,100,-505,-36,2055
-88,-4,108,-1219,351,2549
-98,-12,104,-1087,291,2250
110,-45,74,-3860,-2544,2483
90,-93,-1,-3799,-517,2850
87,-94,-5,-4126,-1164,3057
33,108,-84,-5917,-933,842
21,109,121,-7576,1496,53
15,124,23,-5019,-1965,-941
E
23,124,29,-4246,-631,-667
60,-56,-48,-10154,1467,34
61,-7,-54,-8307,-1416,-1209
63,52,90,-2825,106,-941
64,61,83,-3601,2315,-269
95,-86,52,-3042,3710,-421
119,-59,86,-3623,-2363,-1857
126,-6,30,503,1541,-136
-122,-16,42,-564,1870,-329
-71,-12,121,-1498,-644,-1416
-91,-7,113,-2157,-2094,-1154
-100,54,46,-2272,608,1328
-90,45,55,-2208,637,1189
-89,50,72,-1093,-314,1875
-93,42,69,-307,357,1874
-80,-2,62,3143,3182,2262
-69,-24,86,2262,271,2144
-86,-53,102,2883,-1007,2258
-106,123,93,6591,723,2259
-106,110,103,7465,405,1799
118,-5,-53,3851,-2355,795
111,26,-29,2535,-9884,373
60,-16,-77,1954,-3618,395
72,-14,-87,1274,-2529,550
33,-19,-124,1249,-1366,1186
37,-23,119,2157,1025,1968
17,-58,-83,2700,445,2723
11,-63,-66,2859,-3019,2395
-88,112,11,7942,-2239,2256
-78,114,9,8164,-1771,2057
-127,74,-100,10223,-2025,1306
122,99,-9,7579,-3044,1041
112,-115,-124,6389,-3575,645
-126,-97,-94,5540,-3840,-126
-74,-56,-23,4137,-3889,-1730
-38,-31,-14,3684,-3414,-640
0,19,19,3120,-2944,516
-5,15,15,2922,-2358,-339
36,51,32,818,-848,-3771
46,54,28,114,-2229,-3472
E
-115,105,10,-1534,-5519,-2192
-22,123,-87,-1889,-4149,-1237
-9,123,124,-812,-1989,-749
-15,-127,107,289,-2737,1486
-26,127,118,-324,-2819,1637
-32,85,51,-1020,-4153,636
-20,84,38,-473,-2885,790
1,44,-28,2325,2580,1215
-5,45,-4,1987,2251,1609
-46,18,56,2086,290,2011
-79,15,84,1829,-2064,1606
-100,11,80,1912,-4069,1170
-115,24,49,1339,-5308,1036
-110,22,40,935,-3969,424
-101,28,-19,-1085,-1020,-770
-85,40,-48,-1564,896,-1
-85,35,-40,-1385,886,-26
-75,26,-43,-1030,1958,-284
-75,23,-38,-398,1054,-146
-80,23,-34,-260,-233,-451
-77,32,-51,398,-669,-788
-76,34,-52,555,-734,-782
-72,56,-59,644,-2323,-1144
-66,69,-68,385,-2038,-1059
-57,93,-86,294,-1538,-979
-57,90,-89,137,-1323,-1101
-35,116,-119,-6,-211,-398
-38,111,-116,214,-140,-235
-37,112,-125,-130,-358,24
-44,114,-123,-218,-1245,59
-49,111,120,45,-819,369
-53,110,109,37,-425,435
-64,104,105,-56,-720,-30
-63,106,105,42,-952,-22
-67,108,92,525,-1431,184
-69,113,93,1325,-1801,1415
-100,114,103,998,3698,-341
-78,113,107,282,2538,-323
-11,-128,117,-1176,1214,-65
12,-122,100,-1094,-67,4353
E
-44,-126,75,-3303,2103,9345
-64,112,83,-2699,-1567,8506
-42,68,62,-4979,-1965,7153
-30,99,33,-4514,1202,7705
57,-101,-26,-5704,-4833,7662
2,-65,-59,-4670,-5034,7131
-81,29,-99,-3722,-2971,7170
-84,88,-100,-4307,-1155,7905
-110,-25,-102,-4754,-1036,8070
-117,29,-91,-5247,-2051,6680
-116,-98,-62,-4499,-1152,6477
-99,-55,-45,-3269,199,5046
-25,17,-19,-3379,-2458,3661
3,28,22,-3155,-6955,3704
45,64,26,-4338,-2756,3836
120,-75,-122,-13368,-11008,3920
103,-48,90,-6194,-26102,4402
-35,-59,-92,2113,86,10517
82,-20,124,-1084,-1928,12743
-21,-91,-76,8361,-10362,11963
14,99,57,6013,212,10111
44,40,36,2522,187,7872
33,-41,92,1463,-11345,4475
-15,-120,-92,-1399,-3703,2291
-11,-99,-120,-3099,3126,3307
47,123,-52,-5134,-588,-985
33,-115,-40,-6388,-5590,-1840
-115,17,-77,-12279,31143,-7529
-80,75,124,-6326,-26659,-4595
-52,59,-45,3715,-13715,-1194
-5,25,86,5219,-15133,1504
46,41,-31,9872,-6827,5012
59,71,-59,10954,-6243,5142
-62,-32,-20,4391,12646,8277
-90,-25,10,915,6884,6812
83,-45,11,-5640,-30934,-7382
-28,-84,50,-6236,-3671,-1316
68,-94,-47,-3451,14134,994
75,-87,-40,-4429,-429,1586
91,-71,-41,-5710,2320,1310
E
-124,-58,-110,-6316,8719,2883
-114,-21,-80,-5002,4725,1297
-89,-33,-111,-1393,4305,-479
-93,-54,-119,-173,2222,447
-40,-63,86,2097,3241,2818
-35,-60,69,233,6513,3132
24,-12,21,-1794,7235,2182
-30,-48,-111,1309,-3385,-2766
93,-95,-123,-4948,6437,-7976
48,101,-102,-5933,4341,-11520
-109,-1,-17,-12549,9844,-11842
-62,-69,15,-8332,22379,-14868
102,85,-108,-10820,19519,-23570
58,106,-35,-2426,7964,31059
-20,55,-97,-4401,15570,-29289
-4,-79,-14,8995,-23704,-31746
-4,84,67,9327,17853,31961
-46,17,-62,12854,15770,-32709
13,-68,77,4269,27755,-32709
66,92,32,9552,16471,-32709
-102,-23,37,13510,13940,-32709
40,-128,-63,3780,16688,-32709
11,-116,106,4555,16841,-32709
127,-45,-125,-9761,6431,-9129
116,81,-44,-13260,17528,6816
48,-104,-79,-4318,10315,7352
46,-107,33,-2445,-7873,-937
85,-98,-59,-1302,-3866,-2516
-120,-91,-88,-2206,-7603,-501
-53,121,90,926,-10069,-1227
-51,-113,101,1857,-8401,-1400
0,-64,-43,-685,3846,2330
-17,-64,1,-217,-2666,1382
-20,-102,28,251,5242,1572
-37,-66,22,1129,-4535,725
0,-88,42,-932,1195,2393
-12,-61,73,-1341,-4368,2398
20,-82,77,-1051,-4493,2904
121,-54,17,-1654,-3782,6398
-113,-53,92,-4001,-11974,7422
E
7,-84,-4,-5866,-8688,12347
-1,-116,13,-6784,-12066,12418
33,-58,-123,-10444,-14579,14623
-62,-83,92,-8846,-15504,13775
-67,-78,-43,-6177,-27006,13203
-6,-115,83,-4474,27654,17143
19,99,33,-2440,32635,24633
74,67,-81,-969,-28117,-27151
14,85,34,-3504,-6475,-32706
-18,-12,121,-12394,14208,-32706
-27,-91,123,-11355,-28636,-32706
3,-74,-45,3314,27159,-32706
50,-123,90,-1958,31896,-32706
71,-53,-10,21329,9905,-32706
70,-123,-16,22868,-25861,-32706
122,17,42,25228,7692,-32706
101,62,22,5862,-2140,22082
88,125,-43,-6019,4810,10762
-89,-104,40,-6275,3758,-3046
-39,83,-45,-855,-3959,-18872
-106,127,-27,1931,-7332,-14425
-115,-46,-92,-1405,-3422,3945
110,50,30,-5110,17338,8583
-52,16,90,-2569,14722,6246
-56,0,124,-1009,5138,1856
-106,-47,-72,-3038,-13416,-1789
59,12,65,3248,9171,-3297
-118,77,64,-1628,-5675,-1857
-58,-90,72,-3152,773,-386
116,-63,116,-3376,-12195,113
29,121,-16,3548,7424,-3147
85,96,-40,4418,9934,-1620
-75,27,73,-5664,24574,2284
-38,75,-35,-8467,-26000,-49
79,-119,112,-4024,32636,-21276
-25,-77,4,9052,2087,30574
-55,0,125,7369,5466,30482
-113,66,26,23288,24692,-32705
-80,-82,48,24843,-1256,-32705
67,110,-42,28190,-32176,-32705
E
-79,126,-80,9123,21395,-32705
101,81,-18,-23859,-5881,-32705
18,81,-68,32732,32636,-32705
-2,-67,-118,32732,19011,-32705
41,104,72,12750,23257,-32705
-114,-118,-11,897,-20978,-8285
93,-39,-44,-23273,3553,5012
-32,48,-91,-3086,15153,-257
9,110,38,-7881,-4517,-2337
38,103,-76,-5363,-582,-5943
90,-61,-33,-5787,-4534,-1937
-31,117,-9,1981,6476,4453
-75,-127,78,907,6549,3363
93,71,-2,-3929,-3253,692
75,58,-1,-3201,1933,2020
52,28,-39,-1750,-2467,678
34,14,-86,-2232,-3263,-1714
35,30,-81,-1772,-5260,-2024
42,-125,21,-1549,-10624,108
35,-122,33,-681,-9106,216
-30,-16,-1,114,-19730,5350
95,47,60,-2874,-22768,7456
82,1,-98,-3692,-18505,13299
29,-72,66,-5823,29767,17846
56,-104,-39,1227,31301,22439
18,-47,23,5907,-24870,-26359
79,88,32,5363,-20627,-32705
-34,-72,-64,-5843,-30454,-32705
-73,-79,88,-9924,-24858,-32705
-114,-126,-97,-12218,-3,-32705
121,-108,13,-23315,32632,-32705
-95,-81,114,9608,-5203,-32705
85,-19,17,17750,-31216,-32705
97,-70,-51,146,-26019,-32705
109,82,37,7433,31735,-32705
109,66,-11,6907,23287,24747
59,124,34,1691,10706,15213
-106,-73,2,3364,-6726,-370
45,-82,22,10414,-7340,-4530
-49,-86,15,1307,-10361,12112
E
-89,-67,106,-1096,7080,11733
-101,-86,35,-5989,9155,5004
127,-111,71,-2110,1237,2782
89,106,41,2560,-1219,-4799
-113,120,45,-1227,-1633,-3763
-65,84,44,-3975,6961,-4545
-121,7,-19,-4390,6241,-6742
13,52,126,-12991,12297,-16059
54,-85,2,-16002,13032,-17814
-118,-111,116,-16957,25868,-23823
-88,76,-30,-10037,8586,-32620
-29,-122,106,-3466,6330,31004
108,-56,-122,-591,-464,-32744
23,-20,-122,5075,-23898,-32707
32,-106,-109,-8631,-15071,-32707
-94,-25,-46,323,-2256,-32707
-71,-108,83,19510,-13326,-32707
85,8,21,19834,24118,-32707
91,-99,-2,6065,8931,-32707
-89,-12,55,11025,31214,-32707
38,72,53,1743,22056,-32707
2,-114,-59,-2864,8170,-32707
-20,-74,22,1712,26776,-13517
-69,40,-46,1208,3817,-18235
-127,110,15,-6576,3714,8543
60,-58,105,-3612,7430,2506
22,115,112,2939,-3130,349
-56,58,72,1296,-102,-3072
-80,60,49,2510,6486,-3282
-40,104,28,2447,-2435,-3579
12,-72,29,1072,-1966,-2273
66,-29,-1,232,-653,96
50,-16,59,895,2399,271
47,-9,53,277,1214,369
27,3,69,335,648,334
22,4,87,-941,-2329,1182
9,9,101,-1482,-3236,1581
38,24,110,-1385,-3544,2493
-102,84,88,-2408,-3910,10155
-71,53,85,-4415,-7944,14635
E
-68,-28,3,-8229,-16945,22886
-87,94,-68,-9120,-2366,-30326
-8,123,115,-15561,-7798,-31248
41,49,86,-16742,28085,-32704
20,-12,-70,-22575,-29517,-32704
76,-119,-83,-7541,22302,-32704
108,-19,21,-12101,16317,-32704
-18,-38,114,-1848,31705,-32704
-44,-2,-119,-1981,32629,-32704
-42,-28,-114,15523,32629,25701
16,-126,-65,1898,26826,-30327
-44,48,-10,26227,14588,-32704
-13,106,-67,1450,-18417,28501
-69,118,-56,7006,2601,15697
53,116,-60,12292,-18773,-2528
-37,-53,-75,15845,3929,-13209
-81,-39,35,1452,-18226,11284
-36,-123,109,1020,16229,14986
-13,35,-31,-3169,17516,9181
-96,-95,74,1699,6225,-5644
-12,-58,69,1588,-766,-3258
-101,20,81,1804,1434,-2784
-115,21,84,-21,4185,-2206
113,27,74,-5853,11698,-6472
59,-15,71,-10345,15060,-12753
76,42,47,-15048,17602,-24159
-119,-31,105,-15162,13427,-25759
62,111,2,-7999,12684,28485
40,-17,126,-7191,-5442,-32764
-32,27,-123,-5814,-7896,-32707
-110,53,124,-2810,-1023,-32707
-68,-55,-68,-16311,18516,-32707
67,-84,118,-3584,22974,-32707
14,121,83,3585,19702,-32707
-78,7,-98,3275,13334,-32707
38,12,-91,20004,30880,-32707
-9,6,-13,24949,20334,-32707
58,-7,-59,14290,19224,-32707
1,88,-122,1996,21910,-32707
90,-22,-121,8719,28162,-32707
E
-104,125,-19,9386,8218,-25459
-61,-10,-109,-6302,-21499,-19191
-27,-52,-15,2904,18519,9244
-5,-33,2,3189,11986,4657
86,0,-82,1179,5550,350
63,-1,-85,1267,2137,-4349
100,5,-60,-678,-6969,-5676
-5,62,-61,-1432,-788,-3026
-85,8,108,-4217,-7020,2656
-96,8,-100,-1807,-11616,2301
-73,-7,-128,-885,84,-440
-112,10,-75,-997,-439,274
-125,26,-55,-3274,-870,2416
-104,63,-24,-3941,-8989,3793
7,-102,25,-7020,-5753,11947
21,-18,10,-9623,-7049,18249
-57,-44,46,-11650,-15209,25280
-53,47,19,-12618,6661,27078
77,7,-30,-18235,-9691,31303
13,-40,-5,-27463,-2684,-31769
37,-100,63,-16731,-25734,-32430
104,-20,-80,-18163,-24873,-32703
104,-95,32,-14144,-22620,-32703
85,-97,33,-12442,-5881,-32703
-46,-42,-76,-11780,-12487,-32703
108,38,20,4224,22250,-32703
16,56,-126,12236,32629,-9653
-93,-11,106,-3509,-26980,14526
-126,-84,-73,9516,-19262,-21880
-82,82,67,12966,-4276,29892
54,30,-49,9014,-2557,13432
-11,97,22,8863,7641,-1839
38,-93,62,9212,11143,-2970
-96,-67,-107,3032,-31870,2101
17,-99,7,4194,-4908,4380
-31,-126,104,-2909,28436,9752
-1,-7,-38,-3929,-6661,2187
52,-24,-100,-99,-888,-689
85,-83,63,1295,-1902,-5260
-107,-26,72,-2508,-3029,-4612
E
-18,-16,16,-6369,4504,-6046
-64,-65,12,-8740,7702,-10654
103,126,2,-15225,21618,-31230
18,-108,39,-18084,3637,-32536
4,83,73,-20389,33,31291
-29,-41,9,-11459,17077,-32704
57,73,-105,-10164,-6697,-32704
57,0,48,-11397,2137,-32704
-23,47,119,-5100,8731,-32704
-31,-13,-126,2868,493,-32704
-20,-47,-92,-14718,32435,-32704
27,57,28,3828,31317,-32704
101,3,-110,3564,-25296,-32704
-18,-22,126,13343,-32303,-32704
-110,-118,-51,22085,26960,-32704
-101,-11,26,17543,13910,-32704
-3,-82,9,7608,-32026,-28910
56,-87,-113,-420,26007,-21728
119,-61,-124,-7405,2349,-16508
-28,5,81,-10222,-3548,-7917
8,120,40,-4453,16979,1971
-59,-101,105,-1084,-527,-744
34,-68,-40,4275,8721,3913
28,-55,-11,3002,9139,2249
115,42,20,1667,-3463,-1805
-101,30,32,894,-1683,-806
-80,11,16,-25,-2376,-1337
-69,7,5,-478,-2110,-1466
-67,21,14,-684,-421,-871
-41,48,-25,-459,-811,-59
-40,66,-19,-348,-2087,196
-39,102,-4,-1398,-1418,2160
-47,-50,20,-3674,-2663,6546
-61,28,26,-2436,-1054,8650
-114,60,44,-4423,-5107,18200
100,28,115,-7529,-14914,22211
-5,47,1,-3866,-1231,-31188
-29,-34,53,-7088,-29052,-31014
-21,14,39,-10654,1414,-32702
26,65,-42,32253,-8770,-32702
E
31,64,126,-9755,21064,-32702
113,-114,126,-11194,-12049,-32702
45,80,-31,-13903,-23382,-32702
86,-67,108,-3355,27098,-32702
-29,25,84,17468,32627,29589
34,-13,-36,28294,24112,-31621
124,-23,11,9688,13620,-32702
72,108,68,22523,4577,28421
-72,9,30,14623,-12638,-31231
24,27,111,-419,-20741,5487
-67,-94,-74,6521,19420,-2463
112,-55,61,13536,-7065,-12846
-45,34,-35,-938,-15057,6324
122,-127,-66,-2298,16873,13474
-36,40,26,-5715,4790,3901
-86,-13,80,-1696,5462,227
-85,-42,28,1533,-1574,-5536
-56,-35,4,-411,1478,-3907
-6,-21,-36,-2497,3303,70
21,-7,-42,-3610,3027,137
22,-18,-82,-2137,1954,-2094
-17,-51,-89,-1722,4098,-5138
-116,-108,123,-8273,12132,-8716
54,-126,118,-13829,16413,-15382
111,53,116,-7852,10748,31962
-33,-124,82,-3066,-2111,29788
49,12,15,-2599,8028,-32708
-3,-26,-55,-1737,-528,-32704
-14,31,-23,14560,-3677,-32704
127,-4,39,3822,24868,-32704
-98,36,-118,2551,-17800,-32704
-2,80,-18,14042,31741,-32704
25,85,-35,11341,10510,-32704
-21,50,122,8342,9602,-32704
-53,114,-117,14569,19864,-32704
28,-109,84,7013,25527,-32704
-21,111,27,7487,23341,-32704
-57,-124,71,3359,29441,-29981
57,64,64,3201,21460,-20468
90,-74,-75,-4742,-963,-10345
E
-75,6,-58,-2182,12370,-774
-30,-61,100,-2441,10266,6143
-36,-10,125,3336,736,1731
-125,119,122,593,691,952
51,48,85,-1519,-4630,-185
-69,-31,11,-2924,-16120,-1066
84,-9,-35,-627,-595,-1697
102,14,-118,742,3892,-3549
-121,75,-110,-1535,-2808,-1704
102,117,-52,-1261,-1105,527
-120,-75,-21,-1173,2184,1869
-70,-25,44,-4642,-2272,7169
29,-124,-61,-9303,-7544,13437
82,-61,21,-12671,-19784,19040
-62,-44,87,-12378,-25140,23748
-41,45,125,-12912,-30330,27739
43,-45,-64,-11320,-27001,31306
80,-18,-48,-3957,-18832,-30983
64,23,24,-1747,-11785,-32702
61,56,116,-156,-26053,-32702
24,-59,123,4615,-19108,-32702
-41,32,-77,15753,-30080,-32702
84,-122,98,8830,-29121,28784
-47,30,-18,-6422,23060,30854
-47,-30,118,8209,14952,-31592
27,-20,83,6986,7941,-32702
86,-59,16,4465,-22970,-32702
8,30,-23,7369,-16663,-32702
-48,116,38,3094,10729,20703
-116,-20,-114,-1128,13827,8689
61,-83,-116,-9958,823,-9536
39,19,80,-2622,-3237,-4200
-97,121,36,-2374,-1772,6951
26,-127,-123,-314,9636,7098
-6,60,16,-2590,-645,2096
-82,71,56,-4794,-6581,-2886
107,-121,-22,-4691,6338,-6042
-86,-54,11,-6947,2209,-6877
-86,102,91,-9889,3809,-10263
112,-70,-83,-12424,2706,-13981
E
-103,72,96,-12968,9624,-19322
28,24,49,-11965,8652,-26461
-31,-58,32,-9875,7362,-28482
-4,-26,-63,-2609,3617,29857
-20,15,-85,-472,17741,-32704
101,-74,-26,-28,8371,-32704
3,127,66,1150,9318,-32704
104,-69,-121,6211,15149,-32704
40,123,-102,-1923,12352,-32704
77,-128,67,-3265,13869,-32704
108,-49,-45,3003,29096,-32704
120,-21,120,5988,17614,-32704
104,1,-94,5936,14053,-32704
-92,1,-76,12644,14261,-31268
120,104,68,16777,18357,-22266
103,82,-15,-10508,-495,-18280
-121,19,15,-12838,4659,-11620
-105,75,-24,-3437,21748,-4558
34,18,30,1916,7764,4528
68,-39,3,1122,-4415,1369
33,15,-52,3656,4737,4026
3,10,-42,3036,833,1397
112,28,-87,2929,-6722,-4803
16,44,-1,-1815,-19578,-4589
-84,82,-122,-2343,-350,-2290
43,100,53,-684,10282,1188
108,-121,-33,109,6344,2085
-109,-6,44,-1166,-581,7592
-102,11,33,-1943,-4267,7086
39,98,23,-6013,-6917,16742
78,105,0,-5660,-4073,18600
-88,-107,-120,-8202,-13187,31052
-16,-13,114,-9989,-18656,-29444
-105,19,-11,-8405,-21325,-32702
34,-4,29,-1813,-17450,-32702
110,79,101,-8114,-22576,-32702
-25,-53,-91,-9366,-4188,-32702
9,-28,0,-4478,-17792,-32702
-128,118,3,6558,23740,-32702
-102,-82,-20,21981,-7495,-32702
E
-97,-92,117,14282,-20742,-32702
26,87,88,20855,16118,-32702
95,-87,63,3656,-8907,32181
61,-95,-111,-10571,8669,18294
-22,-66,100,-5720,25630,-8491
-94,59,-72,7157,-12931,-21577
-3,-78,-124,2860,31501,-15082
-6,-36,103,58,7495,5401
71,-49,-98,-745,6523,3428
9,46,92,-10822,13136,7816
11,44,-10,-7612,3499,149
-51,32,56,-6579,-148,-7401
90,14,124,-996,6345,-8755
77,16,120,-3178,-1677,-10018
5,-66,22,-10254,2828,-17602
25,-112,13,-10145,3789,-17238
4,-51,-44,-8607,14935,-24284
87,-51,126,-6306,9569,-27667
54,38,-95,-4293,3890,-31193
113,-35,-58,-5779,7212,-28112
-114,-70,-46,3205,19828,-25576
106,58,-126,5800,12205,-30350
7,4,119,4993,-1068,31022
-14,-116,2,8885,14375,-32032
85,-94,34,15111,6156,-25092
55,-48,-93,21235,888,-31696
57,104,126,-31706,18082,-17293
106,-85,-52,19012,13685,-15672
123,-23,104,1556,-10219,-21951
-86,-119,-25,-1574,-14888,31780
106,-40,-123,-4025,28881,31150
58,-33,104,-3599,3258,-32706
122,36,-39,-10274,11721,-32706
33,-84,-11,-8853,21248,-30303
-61,-86,127,-3435,21202,-4161
3,65,-97,7143,21889,10719
92,-61,-13,-1686,-1394,3174
95,-103,74,493,-607,-6003
-5,-94,95,4691,13667,-5135
-10,78,-98,-3314,-21045,2380
E
90,99,50,-742,-4129,1777
-64,77,2,-8505,-31633,4530
35,31,-119,-13050,27778,3117
82,-95,-122,-8584,13276,9635
90,-27,40,-10368,12172,15837
-34,41,-127,-10817,-16820,23001
73,-123,-120,-7677,22127,28987
23,-49,-120,869,32101,-29233
23,-65,90,136,-14476,-32705
-114,47,-64,-4723,-19679,-32705
48,66,109,-32677,20824,-32705
-123,102,5,-19496,21581,-32705
51,-104,-45,-877,26808,-32705
-96,53,97,1994,-16834,-32705
10,-57,-22,8750,25155,-32705
18,4,55,-32640,-30911,-32705
98,26,87,6966,22252,-32705
62,61,-101,-12413,3867,-32705
-11,74,125,-10541,7057,3242
46,-11,-9,-10641,-29298,4685
100,-125,-47,14166,11423,-24762
-29,6,-125,7461,-4376,-834
61,9,48,-5895,19212,2106
122,127,-99,-11063,13996,532
69,-114,110,312,-3912,-10927
77,-120,-60,-5586,28594,-8601
-95,72,104,7707,5111,-25615
-20,68,-120,-5983,9770,-31066
-97,-45,-35,517,-8427,30130
84,66,-97,969,-4356,-32707
52,5,-115,545,-3081,-32707
7,-56,69,2853,16329,-32707
-95,-105,39,3296,10836,-32707
3,-17,-34,3465,10067,-32707
-51,76,9,5711,17456,-32707
-80,72,91,7404,15336,-32707
-34,-48,-71,6650,15772,-32707
127,31,-37,7820,14842,-32707
64,-54,96,4983,1726,-32707
13,36,4,-973,-1196,-32707
E
-113,9,27,-3025,8578,-32707
-114,98,64,-4540,23541,-15274
99,-69,29,-7155,31772,-3776
-47,-97,-6,-6244,-22753,-1265
-39,12,-63,-4528,-10336,-971
-62,40,-43,-676,-5607,-1078
92,-29,-68,-824,11118,3191
-25,0,94,2425,-4196,1868
-1,13,95,326,3905,4119
67,-2,33,-1663,158,5598
55,1,69,-1100,-8647,6180
-46,4,29,-1368,-2107,12075
45,-17,-16,-3515,-9874,19162
51,33,-123,-8014,-16288,28888
-10,-88,-52,-7900,-8632,-32131
-13,-82,84,-15338,-31532,-31527
-26,-56,59,-13487,-30915,-32704
-89,20,82,-6978,-27749,-32704
95,79,34,-1547,-18037,-32704
-64,-38,3,-1890,-10638,-32704
-29,-23,-83,8262,24359,-32704
-58,-22,36,21635,-16550,-32704
-25,4,7,20800,-24576,-32704
108,55,102,15917,-17944,-32704
99,-77,-26,-4550,7775,-32704
-68,8,46,-7875,24292,25237
-82,5,-54,-4960,25518,-1977
51,-107,3,2832,-13026,-15453
118,-5,22,6476,-14089,-15573
18,-83,117,1103,-9875,-4315
38,-22,-4,-2211,5501,638
49,-29,31,-5759,9617,536
22,-31,81,-6952,6782,-1525
11,-26,68,-7476,12125,-4529
-8,114,-16,-10135,6960,-14888
-2,-102,-16,-8714,3108,-16854
-98,-112,-76,-6235,8150,-25554
-56,-26,-2,-4513,13311,-24502
-124,-22,93,-2734,13820,-32372
-124,-65,8,391,-2490,31453
E
-31,-128,18,5056,10022,-31247
42,27,-64,8912,9388,-32529
10,-104,2,14771,14544,32600
-94,57,89,15834,10112,-32706
-9,-111,-64,10283,16111,-32706
-82,-124,11,6845,23560,-32706
121,-40,96,8433,29858,-32706
-91,-17,-127,9045,12329,-32706
-12,40,-29,-3408,3098,-32706
-95,-32,-70,-1230,20337,-27384
-109,94,-99,1582,13021,-7573
72,-108,79,-4865,-8487,-2885
10,21,-51,-5225,-12795,-1645
-91,-76,-66,-4678,-12527,-6269
-21,109,-8,1392,-663,-9681
-51,-69,-46,5365,-10092,-1871
-38,-25,33,2471,12604,4751
-72,-56,76,-2373,-2055,3782
91,-106,92,-4039,-18223,-481
-80,109,73,-1537,4278,-332
-3,-108,18,-731,8511,3812
-18,-97,60,853,5226,5275
106,5,-97,-2640,-7068,11955
-103,77,-82,-5986,-1995,21346
32,-39,-102,-9797,86,30481
-6,-65,-57,-14640,-5133,-29346
-88,2,50,-9325,-17185,-32705
43,92,35,-10612,31724,-32705
-115,-12,-68,-14901,-16881,-32705
-70,80,-30,-18474,-20544,-32705
41,-90,-10,1036,26382,-32705
-70,-57,96,199,-9510,-32705
-67,39,85,11994,24826,-32705
-20,80,-53,16819,-7018,-32705
-28,-50,14,24463,-22433,-32705
-114,-108,-21,-26889,-9422,-32705
-125,-44,-3,13439,4632,-32705
-90,-48,51,-1527,-692,11423
-9,-35,-63,-4098,31522,-22775
56,-89,77,6954,23801,-17745
E
-56,0,80,-372,-15025,-4375
-23,-34,-103,-1923,-1339,-788
-127,122,-56,-5245,12461,9563
2,62,-10,-3212,9932,2756
-12,-67,27,-1882,9818,-10006
-90,-66,30,-5036,6309,-14774
110,-109,31,-16543,7716,-21552
122,-103,123,-17743,16580,-31978
-95,35,-84,-8727,498,30182
126,36,-48,-3220,-584,-32705
-87,-25,-68,1507,91,-32705
-103,54,58,-10970,15938,-32705
-77,2,71,-7225,12129,-32705
-79,58,73,6260,19167,-32705
16,85,-62,7600,10878,-32705
21,118,-44,12966,19890,-32705
49,97,110,25406,13662,-32705
73,-16,111,15364,7456,-32705
-100,-106,-11,873,12092,-32705
74,94,21,-4138,-30082,-22301
67,-46,73,-5989,-24895,-15864
65,18,45,-4779,18624,4250
-73,-3,57,-5517,-1882,510
85,-99,-28,-1763,1499,1602
-68,-75,120,-433,-2795,-1432
-121,-97,-127,-1251,-2553,-4548
-70,-125,87,-1692,-2924,-3962
0,-105,50,1528,-509,315
16,-88,55,865,716,1532
-7,-84,82,-334,-4832,946
-86,-21,-113,-1514,-3859,3011
-109,16,-114,-1397,-2689,4965
95,-77,-59,-5051,-2107,8176
106,81,-71,-6858,-5624,12965
103,-28,7,-8157,-9307,24419
-82,-30,117,-9825,-13103,29772
86,13,22,-16625,116,-29530
77,-29,-93,-16619,-21996,-32703
-76,71,49,-12943,-25824,-32703
-91,31,113,-12232,-21258,-32703
E
42,-61,-66,-1560,-9555,-32703
38,-117,60,-18368,-13871,-32703
12,-2,84,11927,29176,-32703
-31,69,-110,-20504,-23796,-32703
-56,-103,54,4249,22306,-32703
27,116,33,-28650,7437,18358
-123,-98,110,7221,12628,-27878
100,-56,-66,1533,15107,17857
56,122,102,-2411,-28965,8545
90,-91,-54,3016,5876,-20712
104,120,-92,8321,11904,-20636
65,44,5,1469,-11247,2354
74,-114,47,1717,-2410,-570
-34,-48,-90,-5262,21844,10493
-27,42,24,-6484,964,1801
-54,19,90,-4638,4877,-236
-94,-2,62,-4001,573,-11805
109,-4,65,-10810,8036,-12451
8,119,-119,-24161,16114,-25076
-56,-73,-86,-13604,21453,-30584
126,60,-52,-1758,-7279,30062
123,42,-51,-6973,-6641,-32704
-46,-94,122,-3420,-10333,-32704
-83,-29,123,-20225,20278,-32704
-18,-125,-23,12487,-12026,-32704
-71,0,78,11217,24361,-32704
-24,18,-64,13792,30082,-32704
-18,-93,84,22746,4658,-32704
53,106,28,1598,-6751,-32704
75,69,-34,-14202,30466,-23749
-102,-63,-45,-3151,-17486,-14233
1,37,-77,-2338,8327,4345
120,43,14,-4972,-3092,1927
-16,-25,-119,-331,4111,4946
80,-35,-117,3243,-1178,386
1,-84,-65,1005,1764,-2311
3,-116,-45,-1392,-6793,-3186
-21,-98,-62,-1020,-11992,-394
122,-17,-90,-1336,-6515,1866
-104,-12,-98,-1439,-326,4628
E
11,-64,115,1151,16132,12978
69,-90,109,-5593,-10600,15510
-108,-43,49,-6818,-7363,26785
-112,13,2,-6904,-13592,24936
79,-84,-72,-14817,-21468,25868
-108,-78,-28,-8566,-20058,26857
76,28,89,-3074,-6563,-30790
-60,-94,-63,-7306,-4288,-32256
106,-115,-109,-4245,-16924,-32702
60,-85,124,5264,-29962,32279
105,-40,10,6212,-22289,-32517
6,-114,62,1694,-22520,-32702
-55,20,122,19491,-8022,-32702
74,93,116,26514,-8512,-32702
81,-77,-128,23775,-13990,-32702
54,-67,41,26179,31684,32240
46,-12,-73,-4964,8775,28911
-37,8,-83,-11717,6801,14795
13,80,19,-8618,12807,-14943
-48,-18,-87,-2572,-10727,-23981
53,67,-106,3460,-14815,-16111
78,93,-101,2663,-13410,-2179
37,-79,40,-2943,19974,7160
28,-111,65,-5940,9589,2361
-125,70,-42,-8999,10266,-7918
-7,119,1,-4811,11123,-10097
29,84,-8,-14270,-4334,-19847
55,27,127,-9169,12779,-29313
62,-32,88,-8725,18205,-29416
27,41,89,-10372,11470,30430
3,16,-31,-11345,15316,-32704
101,-68,-104,-11064,15226,-32704
127,-2,-69,-7633,5406,-32704
-55,-3,5,-7132,8984,-32704
126,-111,55,-3292,30371,-32704
-42,-63,91,1062,19332,-32704
-7,75,77,7364,15512,-32704
-122,125,-105,9583,24588,-32704
-19,69,-100,1461,17173,-32704
70,-59,59,627,14232,-32704
E
-50,-58,32,-175,17131,-15817
-28,-55,-56,-2609,16300,-16223
4,-50,103,-8384,-5564,866
-104,103,88,-2636,12516,1275
122,-5,66,-3729,3174,6332
119,-27,56,-1977,19701,4862
123,-13,97,-510,-8073,3375
122,28,12,-285,-4898,1352
115,-110,40,1273,-7766,-4683
-85,6,-26,-324,-8562,-3191
-90,-95,34,-822,-1739,-1085
-47,-42,3,-563,-1863,3062
-49,-4,22,521,-3710,5525
-58,6,18,930,-3664,12094
108,-4,-2,-2985,-11397,20801
-72,26,-65,-246,-9614,26030
-50,-2,35,5123,-7029,-29800
4,85,12,-518,11618,-32037
107,-97,-109,-15566,-10539,-32703
120,-74,-77,-3192,8078,-32703
96,-85,124,-14741,32381,-32703
15,-103,15,4813,28931,-32703
42,30,-116,16450,-18567,-32703
59,-66,42,19156,-2257,-32703
-118,57,17,9205,30140,-32703
51,-99,40,-22242,-3282,-32703
-43,35,-3,16251,25568,-32703
117,19,99,-16353,2209,-32703
-28,-42,-67,14825,13854,3842
8,104,-70,-3032,-15733,-7558
75,-87,8,5437,-17485,-17147
89,-103,111,10289,16936,-18119
-73,125,112,-2017,-20977,7478
-4,52,-44,3565,8742,6437
-25,-7,-6,-2407,9862,7553
94,-31,-12,-3759,11881,1435
11,-31,40,-5845,-2962,-7729
62,0,4,-5410,-5050,-8500
-51,-68,89,-10052,9661,-13979
-40,-45,-128,-12731,8253,-14033
E
-86,7,119,-21800,12598,-24401
-128,98,-128,-16352,-2507,-29201
73,115,101,-8301,-3954,-31888
-63,89,-109,-11792,-11161,31501
32,79,-20,-15609,24455,-32706
10,55,-100,23453,31213,-32706
-114,32,-101,11034,27708,-32706
1,-57,-51,5269,22692,-27124
-57,77,-128,5571,12868,30970
40,-48,-45,-387,-10855,-32706
12,16,56,7212,17588,-32706
119,122,64,7541,18241,-32706
117,-59,63,-1666,21061,-32706
-23,3,71,-3868,5968,-32706
115,-114,-66,-535,19540,-7899
-6,7,92,-393,-9326,-15323
-17,-73,-119,-2461,8567,836
-37,-73,115,-357,497,-4171
123,-27,91,1364,454,1270
112,-69,51,1411,-6455,1183
75,-108,20,-875,5378,2072
-103,72,76,-3565,-9518,1472
-47,41,124,-5289,-9524,-833
64,-3,83,-5259,-7976,-608
30,-1,-16,-4224,-2466,2621
78,47,-1,-5558,-7381,8676
-99,84,-65,-7853,-8428,15080
50,-89,-21,-6826,5247,28519
50,101,-62,-11741,-2788,32681
90,-74,45,-14136,-14639,-31026
63,64,-36,-12157,-18130,-32704
2,-104,47,-12487,-7696,-32704
87,113,72,-12531,-7424,-32704
-104,-124,-61,-13081,-13363,-32704
125,34,79,-21844,-27276,-32704
-127,23,42,-5413,28944,-32704
23,-54,29,13019,11675,-32704
125,66,-63,8051,13928,-32704
119,5,-63,10791,11993,29548
61,-113,-108,10946,32624,30846
E
50,-59,-78,-11898,-5889,12260
27,17,97,-6148,-1639,557
101,-96,45,-2736,-10530,-15275
-8,27,127,15414,-29868,-12011
69,-53,24,-820,29753,21940
-103,0,30,-5812,24964,13384
104,121,-47,-10262,269,-1163
-75,76,-81,-5082,3961,-2411
68,90,10,-6174,12727,-19870
-109,114,24,-22355,9250,-20992
-93,-67,-99,5571,3457,-14946
31,74,57,-14610,-6181,-29984
-83,74,-12,-14459,1229,-32745
-62,-90,4,-13506,-1704,-30517
-17,-117,28,-13368,8274,31697
63,41,-97,-12092,-4614,-32706
73,-46,126,-8143,23315,-32706
-86,26,-11,-5510,11050,-32706
113,-49,49,4078,11613,-32706
58,86,-109,10007,21756,-32706
99,-88,10,28869,13779,-32706
56,28,70,-31181,-24273,-32706
-115,-69,17,2699,9216,-32706
-4,44,-64,-1662,-19126,-32706
-74,-103,51,-2285,19749,-32706
-110,8,-50,-3789,17554,-25587
31,-87,-119,-3990,4194,-16906
-127,99,-39,-323,9708,-4368
-50,65,-85,-2244,-3973,-3379
127,6,-11,-3176,-696,1539
127,-30,-110,858,14636,3286
63,-24,73,2153,-6607,-410
22,6,-95,372,3885,997
-113,-69,-99,-4905,-11380,-1753
-109,-13,-101,-3443,-6686,-1619
-73,79,77,-1728,4482,2346
-25,-104,43,-2259,-3542,5227
2,-126,56,-2805,-742,13441
38,64,105,-2061,-5773,18303
-80,5,-62,-3367,-10304,30155
E
-122,-49,-21,-5444,-9072,-28944
103,40,-16,-4736,-6915,-32705
42,-43,-72,-4211,1767,-32705
30,-89,13,-12065,-8720,-32705
66,-107,-117,-13342,3799,-32705
-24,125,-106,-13451,31772,-32705
12,-28,122,-3964,-26895,-32705
-46,99,-6,-5488,9715,-32705
-3,-26,-29,4951,4128,-32705
79,101,67,11454,24788,-32705
-123,49,-106,16601,-4870,-32705
46,-125,51,11835,-28919,24095
101,-35,14,17501,-14502,23488
-44,52,-49,13641,10319,14773
83,-20,-54,15676,15607,-6392
-75,9,98,10130,14107,-17947
-114,-41,-91,5118,-31268,-7902
105,-114,-35,-1480,-6345,7941
-50,-39,6,-2445,15152,6468
-46,-32,-70,-5585,2252,3741
-82,5,-45,-6138,-1087,-3894
-99,-11,-26,-5750,-2950,-3126
-47,-91,78,-22823,11858,-24395
-70,115,76,-30372,1089,-27409
-97,-45,-112,-25929,13088,-26708
-3,121,-65,-10203,29994,-31145
56,96,47,1232,-2297,31158
-4,23,26,282,10669,-32706
-78,-85,61,-2955,-5505,-32706
38,-127,49,7902,24770,-32706
48,125,66,1498,-23851,-32706
-9,-102,-91,9469,27671,-32706
-58,-25,118,27247,7035,-32706
127,102,-40,27233,9827,-32706
114,102,-106,-255,-117,-32706
-120,-61,38,-3962,-31200,-32706
2,108,69,-12406,6604,-32706
-21,-58,13,-15252,1461,-32706
34,40,66,-10347,-21577,-29467
61,90,20,2190,21331,-770
E
-85,63,-66,-2004,-12583,-9662
-52,79,124,1443,-8040,5054
-64,61,79,2508,2106,3039
24,25,91,-1305,119,2600
-114,-15,-125,-2768,293,-688
-82,-4,-7,-4744,-21533,-3580
87,41,15,-2577,-7069,-3353
-80,84,-61,-1393,8655,5
23,-128,-26,-2092,-1992,1198
73,19,19,-2929,2894,8677
104,-108,68,-8453,-7863,8198
50,10,-74,-20341,-25455,12886
67,97,-85,-10789,29850,18936
73,75,-26,-7134,31147,31533
57,28,46,-7590,-30412,-29517
-21,-1,-108,-630,3485,-32703
63,13,85,-1930,-9535,-32703
87,-90,-13,-1018,-29159,-32703
64,124,-25,5782,-31093,-32703
-113,39,-72,7486,32322,-32703
-87,-77,1,9485,-16088,-32703
-106,38,-2,10361,-18512,-32703
119,127,-13,12978,-20609,-32703
98,86,117,4470,-12500,-32703
-120,84,-58,6788,-14451,29555
46,122,56,4820,-10694,23186
63,-54,5,5172,7268,15296
35,118,-9,-283,8510,6344
73,66,-60,10858,-28622,2337
5,63,98,1796,8301,7534
46,1,-67,-3118,4779,1920
108,-18,82,-1972,4228,-3337
103,13,67,1335,-5543,-5607
109,-100,-26,-1682,3905,-6806
117,-93,-29,-4480,6595,-6876
80,99,126,-5541,2039,-10609
39,91,113,-6669,3604,-10695
-50,48,84,-9305,12348,-19970
-69,0,89,-8281,11919,-20073
3,39,-10,-10328,16007,-26535
E
104,-48,-117,-9780,14910,-25779
-69,28,-32,-2161,15296,-27864
97,-89,-14,-1130,27672,-26082
-109,108,31,13336,19110,31943
-85,-43,18,10207,19981,-31297
107,20,-122,13878,24923,-28462
24,-8,78,21268,19435,-31624
-118,63,-29,18141,6610,31913
55,-43,-103,18139,-1085,-32709
83,17,103,12989,16506,-32709
-20,-12,-11,6281,-26776,-32709
52,-55,69,15459,-31523,-22266
-58,72,66,-3956,-10546,-17635
-116,32,35,-4402,5128,-13029
-108,-96,-91,-2488,10021,-6344
-73,-68,-121,-7323,-12153,747
111,121,-96,-1506,12344,1519
-82,107,30,-568,9957,4708
96,37,-41,-2429,-4808,2503
25,57,32,-2416,-5452,3668
-52,-112,-122,-6635,-16977,5313
-119,123,-82,-17702,-18798,11952
-72,46,80,-24537,15762,18057
-71,5,-118,-26689,-4770,15019
47,-37,-15,-28483,-22051,22297
-44,-68,47,-26226,-23215,18667
20,100,-15,-22945,30639,12703
60,97,-77,-11722,31223,21250
-22,107,54,-12481,-27827,21425
101,100,-33,-9175,30927,20923
109,56,-126,2273,-8745,-26710
-71,114,58,2903,12674,-32707
44,38,-106,-3424,14742,27772
-10,-11,-40,4930,-9263,-31022
-83,-12,84,15933,-19345,25486
94,30,5,1792,25472,19602
61,104,-14,26314,-26011,25971
106,54,42,-31403,-10270,31861
-109,50,125,-31038,8153,25989
-53,-82,-54,12715,-10858,-31673
E
48,-62,100,2826,14622,20080
-82,-97,78,1752,-29005,8145
-41,-20,-83,-4773,18851,-11711
-11,-104,-77,-2491,-24454,-18897
-127,38,-93,1861,-18099,-5470
76,112,83,-6387,-9914,-6712
-101,63,-90,-9894,4851,-5205
49,57,-61,-11480,4509,-6302
-5,24,76,-20698,6873,-14086
13,55,83,-18307,5109,-13727
52,2,54,-19991,14860,-23961
-28,-64,-53,-17742,13750,-30223
66,113,19,-5900,9211,29932
94,-25,94,-6721,8977,-32708
48,49,1,-4252,2856,-32708
20,82,58,-6592,-4216,-32708
39,44,-105,-12692,15598,-29726
118,-108,-126,-6684,22211,-30775
-127,-119,88,1995,16958,31853
-4,-7,40,4781,13729,-32708
40,-49,-76,10397,21538,-32708
88,88,-61,26958,-26272,-32708
-109,-71,-18,21989,32622,-30257
34,66,33,7236,32622,-27123
121,-119,-98,13171,11967,-27552
88,-5,-114,-2529,29134,-1635
-68,-125,-26,-3914,29935,-573
58,68,-123,-6775,-26213,-268
120,118,96,-2350,18673,-486
-124,-85,-30,-1965,-11619,-2676
-42,-24,-110,6354,-6195,-1979
-4,22,-24,3314,-3363,53
7,85,29,-3821,-21994,2767
-42,120,71,-3802,-15569,2318
111,-104,-11,-2381,-2436,5618
-110,-24,52,-5851,-6226,12596
113,-32,21,-8404,-18720,16360
5,-68,85,-5657,23477,26351
44,62,21,138,-21764,28766
73,-5,10,4108,-2312,21960
E
-19,63,46,38,21181,22348
-88,113,12,5439,-27920,23160
-114,100,-76,3359,-204,-31477
64,93,-17,3889,-19504,31726
-108,40,66,-1660,-11163,-31928
90,-54,-43,-818,-1451,-32705
-122,-79,53,3157,-18613,-32705
121,-115,113,2016,8682,-32705
64,-95,-114,777,-16054,-32705
65,-15,-72,8416,-9590,-32705
-41,41,12,16692,-4768,20463
53,-39,17,14772,-18364,17213
31,30,69,7461,-9926,20390
-51,-38,123,13941,7801,20096
-20,123,-18,18212,4234,3092
-12,-11,103,3201,-10011,8647
35,34,-117,-1041,-2752,1570
59,4,74,1040,2482,2377
47,-24,59,-3846,-143,-1827
55,-49,57,-5586,-3887,-4059
-121,-94,-74,-6587,1270,-8018
-88,-73,-117,-10410,-606,-11544
-15,71,47,-12036,-10977,-20380
-8,0,3,-16141,-103,31964
-73,73,83,-12533,1581,-30325
-21,-10,-33,-14869,4975,-30597
13,-12,-72,-12556,7850,-28167
31,-113,113,564,24314,-28311
-30,-50,52,-2429,18764,-32426
45,115,-67,-2845,-6282,32029
-84,51,-13,347,5192,-31017
-33,-72,127,4136,30222,-23052
98,27,-69,12224,17284,-32099
104,-82,13,3711,-8890,31486
-18,113,-67,1978,-1715,-32711
23,58,86,11901,17073,-32711
-123,-16,49,1768,-1491,-32711
-111,54,70,-1385,-32457,-22752
-13,-79,104,-743,22862,-16713
-69,-47,-42,-842,-7833,-6433
E
-104,93,74,-4099,-12999,-1586
-109,-97,-35,-792,5177,360
32,94,-1,1363,-1418,-2139
-62,66,-8,2335,-678,-2010
103,15,-119,210,2988,-1290
110,26,-77,1212,743,-1493
66,25,-44,-1142,-5916,222
120,54,-54,-1835,-10006,2515
1,67,19,-3679,-4717,4995
88,71,-63,-3331,3321,8199
-90,44,-23,-2702,7788,10536
-1,-35,118,-7704,-7429,14358
31,118,-31,-8209,-21217,10498
-52,-34,-59,-7421,27325,13122
-114,-18,4,-6439,-27776,23282
118,81,-103,221,15144,-26634
-113,-49,-16,-8166,-15727,-32542
81,-56,-107,-806,2508,-32708
-52,86,-44,-9580,-24245,-32708
-43,-13,98,-2757,-21606,-32708
-28,78,24,-5271,-22037,-32708
127,99,104,3128,-5406,-32708
70,-50,25,13931,26216,27794
13,56,23,30000,31058,31278
113,-80,-117,18720,32621,27805
4,67,-26,-26556,20448,26546
-115,40,-48,12032,1123,-29937
-100,78,-75,-7659,-21372,18327
94,-3,-13,-4133,687,5324
-113,71,60,531,1902,-15561
46,-69,38,2187,-14485,-22230
39,81,-111,1031,-14353,-16414
-24,-77,-17,-2914,-1579,-5492
28,-71,-35,-6852,10170,-731
-90,37,14,-11380,11355,1527
-87,81,102,-9203,7725,-2704
101,-100,20,-4251,3877,-9774
-6,-85,60,-10380,-3973,-13502
-60,-29,-20,-14799,5567,-20520
51,-53,-2,-5920,7453,-26507
E
88,86,23,1706,21892,-23823
-42,-104,-62,-40,12332,-21858
13,-123,117,-142,1282,-22611
-73,-64,66,670,27036,-21831
-86,-120,46,7127,7836,-32764
-47,-66,125,6803,6774,31075
-47,-56,48,7504,2169,-32708
91,-118,-39,14178,5364,-32708
-126,21,-99,15322,-11259,-32708
82,70,-123,12041,-4840,-25917
-81,26,-123,10810,2087,-22069
127,-121,39,2741,28439,-6994
56,104,96,5624,10656,-17901
-98,4,123,-7556,26247,24559
-81,-119,94,-3590,-7293,-32707
50,-108,73,-2902,-25647,-32707
11,127,95,-5836,17923,-23047
70,-16,-60,-1801,-27307,3850
79,56,-18,-1086,-900,539
-6,-124,42,-395,-3889,-604
-8,124,-72,325,-6526,-3632
-87,-85,109,382,14267,-1697
34,-112,123,-318,-1708,-1359
-72,-125,-22,-1695,-12711,-1576
93,-89,15,-1272,-201,-2344
-121,-45,0,-1229,-526,-826
-99,22,69,-2178,-5648,1948
-87,126,113,-4835,-2671,7828
-53,-96,-80,-8139,-13111,16756
-4,42,46,-13332,-19990,26429
-86,-95,-93,-14169,-2064,30512
126,-25,73,-10954,-19039,-30122
105,50,-34,-8702,-28422,-32706
-110,-64,-113,-7417,-9017,-32706
85,-111,10,-5567,1296,-32706
-109,-110,52,-2370,-23250,-32706
-1,44,-59,2714,-27203,-32706
-37,-87,-86,-785,-1755,-32706
-116,-45,-126,1916,-2373,-32706
-69,-79,-58,5725,-5625,25174
E
66,58,-58,6979,-8921,25758
115,13,-96,17696,-12031,22286
23,-13,-52,15688,-14969,25840
-89,110,66,17338,-5975,27688
95,100,92,8390,5909,26367
-124,-42,38,4341,5233,22722
-118,-88,-72,-3478,4812,10314
7,-126,7,571,4490,8642
106,123,-12,2966,-4183,2257
74,116,-12,1977,-8880,349
100,-126,49,-501,-3496,-6505
107,-60,27,-653,-2011,-8518
82,12,19,-1196,-7268,-14030
-77,-58,-55,-2947,-6445,-17206
-101,116,-86,-6513,-674,-21655
-31,-117,-19,-7532,6486,-23175
-122,-10,60,-7684,8281,-26539
114,36,8,-8220,10054,-25724
47,-84,57,-5225,14080,-24998
28,106,12,-200,8507,-26783
-79,98,10,4294,788,-26805
-113,-97,20,3398,3081,-26676
102,-57,-42,4426,-2239,-16944
-2,-91,-43,3318,5116,-14897
-85,-15,-18,-2025,25507,-19072
-70,-24,-72,4597,3499,-29458
-95,17,-120,9337,-3299,-29298
104,-125,102,4797,-21725,-23297
-65,-43,27,2601,-3484,-27171
108,6,-53,385,16698,-24893
-51,51,58,2113,17948,-27983
-21,-39,-13,7133,3894,30371
-74,52,92,5723,-12355,32716
-128,-98,-6,-1394,-8065,-32708
-19,-95,95,627,25593,-7733
-2,126,99,3564,19727,-8927
60,88,-81,-11278,4091,2942
40,-113,96,-9110,-9185,-2202
37,-94,119,-5833,-7738,2811
13,108,-93,859,8681,1394
E
92,104,59,72,-8053,1281
120,42,-62,2496,-10967,3408
-116,100,0,2366,-10880,1806
-26,-64,13,939,1093,4155
-13,-42,-1,1892,-604,5139
-2,-108,12,1357,-2003,19311
-33,-25,-53,-6111,-6662,23833
88,-97,-28,-10398,-3329,-32539
44,73,-75,-8941,-6553,-31291
-58,74,18,-13779,-7445,-32519
-86,-11,-67,-11568,-8434,-32704
-14,118,25,20,-12619,-32704
101,10,113,2605,11420,23398
-5,18,5,-670,-7285,13650
-7,-3,15,3449,17934,12366
125,90,-52,255,-6160,15615
31,49,-59,5481,-9251,17411
-122,-58,-113,6417,-13733,18851
75,-68,-30,3486,-15905,15097
12,2,28,2449,-13660,18188
20,126,80,12953,-16371,-32220
42,-46,-116,-26266,21603,-30310
-5,-66,-122,24318,-26261,-32704
69,-25,-52,19245,-5459,-32704
-50,-44,11,-10383,27595,17643
-76,-4,48,-7422,-153,828
-8,-78,15,-821,5836,-14161
55,10,-56,316,-27557,-9229
-29,28,-105,160,-11861,202
125,67,68,-10009,13461,174
-74,72,50,-11280,28624,-2476
78,104,-82,-12300,5649,-28178
44,-93,79,-10864,5274,-30327
-66,72,94,-11885,7015,-28735
1,80,-52,-8694,16699,-27057
-43,35,89,-5451,13740,-26684
21,11,28,4630,14869,-28194
7,39,55,5627,10823,-31357
-99,73,-50,4661,-15945,31559
10,44,-118,2113,-13370,-32705
E
37,38,15,-5781,13871,-28593
-20,-31,-1,-3443,16857,-30587
-86,-41,7,13610,19196,31669
87,-101,120,9394,17110,-32705
67,50,118,14967,21241,-32705
-2,-40,40,14344,11961,-32705
93,114,5,-9988,23068,-32705
0,-69,-28,-3481,31789,-25536
76,-71,45,-950,-3193,362
-113,84,96,-3754,-11282,-4471
84,-123,49,-8614,27858,3462
-52,21,-77,119,31619,3360
49,-82,105,-543,-14179,3679
-65,-38,-8,1813,3701,-23
-31,-101,-127,214,-6830,1649
124,-50,50,-2691,-9537,2031
-117,-7,26,-3615,-5177,4530
-20,85,7,-10449,2353,14111
-8,84,-49,-8234,252,11559
-42,15,-115,-13593,-11643,20648
-103,-9,79,-9364,30733,23207
52,67,90,-6229,-29868,27529
32,-11,103,-1161,30414,31687
47,-31,85,953,32618,26411
52,-111,-37,1214,3558,-30023
8,111,-53,-3889,-3361,-32701
37,38,-12,-2208,-3441,-32701
-46,102,36,5277,-26395,-32701
-125,117,110,7862,-9253,-32701
96,-116,-36,16063,-25263,-32701
-22,-100,77,19038,-19019,-32701
-95,-107,-46,15186,-14845,-32701
-89,103,78,11465,-4351,-32701
54,65,96,-6584,-28100,-32701
49,-98,60,-20117,32310,19627
107,122,44,236,-18198,-20395
-57,122,62,9045,-23533,-30105
-124,47,32,4039,-18691,-6000
-44,-42,-104,-2616,12269,12365
-22,93,41,-6190,9547,10521
E
68,-26,-9,-14993,-9866,142
20,17,-67,-10408,-8110,-2768
-2,-3,65,-13658,-16638,-18371
-6,-10,118,-8949,-9706,-18243
124,53,-22,-9930,16635,-22620
53,-13,110,-7766,14061,-25455
-92,24,31,1300,25059,29441
98,-44,-67,-463,24793,32480
1,99,86,-5783,13368,-32705
75,11,-95,-4100,21982,-32705
-74,-77,-110,-7984,-26722,-32096
-120,-118,-56,17631,16348,32628
-29,-8,58,11092,6891,-32705
24,-10,-109,5732,-29451,-32705
-56,-48,31,7387,29185,-32705
47,51,-110,2713,26473,-32705
-65,10,52,-3993,15522,-2951
-126,-22,-33,-3642,21963,-1182
26,-32,121,-6499,2527,3509
-57,-117,113,-6975,-5598,4046
94,-28,65,-471,1333,-3
96,-30,38,-2063,-10597,-618
21,28,44,2728,811,-3253
30,78,56,1391,2130,954
30,94,34,1053,-7342,-2734
83,96,-101,688,-18344,-2131
-97,-119,0,1715,5909,2202
-41,-55,51,175,-14019,4306
18,-119,-117,-614,-14597,15533
-14,-60,101,156,-18492,19857
-117,104,109,1610,-25231,29064
73,72,44,7547,-29218,-31150
-93,-4,-16,11903,-15501,-31926
-64,-92,37,14019,-6050,-32704
-43,-2,-107,-2746,-1259,-32704
45,94,-34,15606,-30436,-32704
11,126,103,17290,-15676,-32704
59,-28,-15,32233,-14424,-32704
-58,101,-103,31624,-4872,-32704
18,120,-96,-31899,6183,-32704
E
-112,94,7,17987,-9469,-32704
120,-47,46,-1888,23096,20991
91,-61,66,-7986,21859,-471
-64,81,67,-5184,-5734,-13803
67,36,-55,7240,-22593,-9220
120,56,-87,6245,-5937,3604
81,13,-40,-302,13421,13878
52,-16,81,-3848,9963,8141
43,106,119,-8557,-3941,-6610
-5,-103,65,-6263,-4287,-5953
45,86,-107,-10950,1363,-17158
26,85,-39,-13762,-2616,-14597
37,11,-57,-24442,11892,-27094
-2,-104,-113,-21277,11230,-27249
25,39,46,-19157,3936,29351
18,-89,-39,-17705,8854,-32706
26,-116,6,-14471,-21816,-32706
116,-80,109,-13799,17070,-32706
109,57,52,-17472,-8629,-32706
-91,6,-84,-16561,-14977,-23223
-100,127,-120,-3349,11444,29669
35,87,-37,4150,-13075,-32706
18,54,-81,-318,26617,-32706
-107,125,122,2198,24075,-32706
97,42,35,681,30778,-29631
-86,-24,101,-723,25703,-29120
99,78,79,-8319,9600,-1882
6,21,51,-2237,12044,-8067
-15,-34,60,-2227,13344,6147
-55,-35,-42,-6068,8531,4193
50,-88,-25,-9952,-32050,4571
-48,53,-87,-2878,-6077,376
5,-66,5,681,8766,-638
-18,6,-6,-1355,10015,10
-49,38,111,-4765,-27711,-574
16,76,92,-2026,-20892,-1136
-67,127,79,1384,-6310,4522
-9,78,-58,-3700,-11726,16088
-39,-128,-77,-1426,-2652,20561
42,88,-120,142,-10930,-30252
E
75,90,42,-765,-13167,-30982
-75,105,-115,-1636,-31995,-32705
124,-71,111,806,-13807,-32705
5,56,-124,-2292,3204,-32705
-8,-88,50,-4101,-28451,-32705
-26,-48,-19,3632,-17720,-32705
60,48,-25,3647,5639,-32705
115,-65,27,9826,19033,-32705
-96,-108,48,13245,10209,-32705
4,-96,88,17649,-15274,-32705
-110,89,75,6433,26728,-32705
-37,-66,-86,2592,-1997,24297
-104,-56,4,-12348,22538,14006
104,59,-92,-4062,-5030,-18285
28,43,84,9321,-24765,-15530
-23,55,-119,-1949,-229,2700
4,108,4,-12128,10767,9956
8,-44,-19,-10845,10687,5390
-6,39,-127,-15206,-6634,-9159
86,48,-22,-16408,1625,-11967
90,-105,-25,-24261,11403,-23232
-31,-50,3,-21428,-9397,-21055
-128,-46,46,-15076,14261,-19458
50,39,-26,-18988,1556,-23995
93,99,42,-15645,11666,-23203
53,-123,80,-9504,15829,-23835
-115,-80,-72,-8755,7691,-28086
65,-103,-111,3553,18154,32569
-128,-86,-17,11514,13838,-31789
96,18,-77,15078,16279,-31506
87,64,-80,13188,-25226,-18558
122,21,-27,16372,-32654,-21742
-62,-88,16,20300,12546,-32636
27,-83,-112,15488,7009,31042
45,-80,6,10612,6701,-32706
79,117,75,9193,15866,-32706
-30,121,-35,6714,18704,-32706
124,65,122,751,11874,-22350
58,40,67,2680,-9504,-9867
92,-94,22,1018,22395,-112
E
49,55,-57,-5382,-2469,2039
85,115,58,-1136,11726,2689
-116,-118,-74,-2103,1777,509
54,-76,-121,-1231,-4738,2761
55,-37,-37,-397,-2602,97
5,-58,-78,-1674,-28121,-428
-36,-35,-32,-2946,-6993,475
13,68,-53,-4147,-8834,3143
94,-115,41,-4022,-6504,5830
71,37,-57,-7322,-27634,15834
12,73,-86,-6201,-19595,23073
-114,-76,-84,548,-11931,31120
119,-72,-19,4291,-26155,-29897
89,35,90,12805,-6241,-32704
50,-77,109,7835,12578,-32704
-114,62,-14,-3492,-18876,-32704
-125,-88,13,1484,7013,-32704
74,-59,101,6681,-1536,-32704
-45,0,-89,10586,-8628,-32704
-36,-28,-51,12921,28951,-32704
95,76,87,-22211,-9389,-32704
-96,64,91,24414,-10840,-32704
-45,-105,-8,6882,-23544,28731
49,-79,121,-1053,7622,-2434
-10,-119,52,-10272,-9010,-2641
-97,-20,-72,-4931,803,1560
96,46,28,-2820,1252,8303
31,67,50,-3459,1326,4764
115,-84,-100,-10799,15073,-5536
-92,-95,-51,-6914,-2248,-7808
-85,-107,97,-15526,4078,-14978
119,-48,-91,-20466,-1338,-18670
119,85,-31,-29894,10686,-16164
44,60,-72,-28374,20055,30453
-75,28,14,-15386,3685,30883
4,115,-58,-10100,1650,-32704
-48,87,103,-5929,29012,-32704
-107,56,-1,-2354,24113,-32704
-92,55,-21,-26,10147,-32704
16,-44,-75,8142,31160,-26200
E
29,18,23,26209,-29407,-21151
-51,-83,91,-26018,29543,28259
115,-44,-47,12991,-22918,-32704
76,-64,-97,18244,4817,-32704
-32,-20,-53,16621,29788,-32704
72,84,-31,-7497,15283,-32246
64,-114,41,-951,17375,-9595
88,-58,46,-3512,-2446,3816
89,-125,-66,-4779,935,4524
-91,-115,-105,-8263,-27517,4969
125,25,89,-4463,-11768,-1292
-115,-117,43,5143,31593,-241
55,-101,41,-3311,-17215,610
-80,-94,-92,-849,7585,-328
-11,-53,-113,-13,8604,2660
9,-12,-48,-2179,-8149,3210
69,103,49,-5384,-8716,8061
-107,-83,-115,-6879,-7573,10705
-86,15,-11,-11987,-14430,20436
-126,-66,-50,-11850,-10171,28523
-7,73,-3,-14553,-13904,-30732
9,92,-49,-13192,-15745,31061
66,-99,-64,-12754,-29867,-31870
-107,-86,-122,-13334,2178,-32701
-121,31,104,-19239,-7986,-32701
109,20,-122,-11602,24322,31791
82,-36,57,-6332,-21773,-32353
96,-70,-70,-2641,-413,-32701
-105,70,102,-6780,-8022,-32701
-50,-64,-111,6854,-6185,-32701
-100,45,76,4756,-17457,-32701
-101,-37,116,2239,-25630,-32701
43,76,115,-9076,17332,-32701
-107,-1,-52,-7952,-26792,16140
-42,-102,-108,2945,26583,-6501
79,-28,-104,8266,-29549,-31001
27,51,-10,2887,31220,-1021
-66,-81,109,1643,-10649,935
-55,-108,106,-8505,15645,9623
-26,-97,21,-9428,2501,4287
E
-87,-61,19,-7885,-936,-8827
-107,-58,-20,-5098,-1631,-8730
61,103,-53,-11545,-5371,-23534
42,54,-44,-12116,-4402,-21467
108,-30,-58,-14021,11067,-23393
-98,-43,108,-13261,5893,-21115
125,-127,3,-4815,29737,-22751
-113,95,77,-1707,18448,-25150
-63,93,53,1490,18900,-29683
-29,-116,76,2860,19986,-31129
-35,72,126,13276,25439,31505
92,53,-43,16017,17543,-32701
-14,-48,93,15420,-26391,-32701
-44,115,115,24765,31400,-32701
55,-18,-113,30150,25468,-32701
-107,-82,-74,32502,9402,-32701
108,34,-71,31756,9543,-32701
-31,17,-4,27231,9762,-30622
24,54,82,15698,-1129,-22936
-76,109,-20,8039,4503,-19487
86,-121,98,-716,14237,-6909
-15,76,91,167,3664,-5111
91,48,-17,-1916,11072,-2726
-88,-33,22,-7889,-28188,-3798
-1,-50,55,-1776,6124,1677
-2,-114,-41,-4453,-938,3171
127,102,104,-7563,-2689,8646
-95,24,-109,-10776,-9505,10638
-56,76,-50,-12175,-22402,20766
118,-104,-11,-9781,-16648,22593
71,-32,125,-7952,-14928,26783
27,84,-36,-6440,-16706,30652
117,111,102,-7316,-4793,32196
106,-93,-7,-5308,-158,-31791
102,-88,50,-7089,-22039,-32697
110,-28,28,-12216,-4019,-32697
-94,52,68,-9368,-8582,-32697
-26,-27,69,-5696,24975,28486
94,-81,-53,-4115,-25847,-32049
30,59,-91,-3080,-11288,-32430
E
-56,2,54,3088,-3927,-32697
-116,-62,-19,7061,-4094,-32697
-120,-40,-19,11274,-11371,-32697
-51,35,125,4314,-2503,-32697
-47,19,-74,6641,-11582,29092
-54,-99,40,4181,-11558,8646
-60,110,58,-1486,8727,4501
-45,40,-121,-6976,-2638,-6946
5,-47,-111,-4251,-2807,-8402
115,72,-80,-5439,-4960,-10682
-90,8,-98,-10803,941,-8715
-109,44,-18,-9792,17293,-9094
108,-58,119,-10146,10296,-11973
9,42,-119,-7789,8335,-22907
0,113,71,-7324,8650,-21579
102,-108,48,-4541,11132,-23357
108,107,-88,-79,12404,-27266
99,26,118,1819,7749,-27705
40,85,79,1116,10712,-26596
-23,-5,7,3014,10670,-28669
-43,-26,60,5473,1317,-28605
-123,-74,62,5840,1476,-24782
-1,118,94,5551,8301,-23425
-36,-87,115,5610,13892,-26901
66,7,100,11419,1893,29500
18,110,3,11214,4042,-32700
-122,-76,28,9713,17427,-32700
-110,-31,-40,6730,21963,-32700
-90,-84,37,12985,-26124,-27429
47,24,-8,11981,-2040,-20105
-124,60,-47,-2937,-403,-20267
-47,-22,-127,-8255,-23001,-16504
19,84,22,-3728,6192,1943
-45,41,-111,-2928,-14485,-252
67,123,-79,4004,17186,-1077
-9,52,94,-1819,-3457,-501
-62,14,-17,-1656,-11195,-2755
38,33,-75,-2776,-5120,-656
48,71,-81,-1387,-3312,-1310
60,-100,-55,-3055,-3939,2059
E
122,-24,-21,-140,7547,7967
17,65,-16,-2124,-4742,16192
-46,-82,61,-8098,-16825,22966
-30,-45,108,-6566,-22417,28839
-57,-63,-103,-3176,-7513,-29148
-36,-99,94,-5923,6706,-32698
-42,93,-76,-10801,-6488,-32698
-26,59,26,-15465,30116,-32698
-111,-6,95,-15571,23868,18370
121,-72,-3,7474,26916,15635
21,37,92,9722,-19508,28750
-60,-87,107,11229,-30827,28677
108,-33,-40,25957,-10560,-30042
-37,-45,-39,13444,17135,-32698
41,73,-75,-18533,25927,-32698
90,-106,102,-7664,31525,-32698
60,108,105,-2520,-2323,31492
38,-65,62,3027,18740,-5281
-52,39,90,1476,-9602,-15220
15,-117,-33,880,-23315,-17853
50,-45,-81,-651,-11383,-3508
80,-58,127,-3192,11092,3052
-15,-20,66,-6754,4636,518
-92,-42,-45,-7657,5357,769
-78,-33,-75,-7578,2523,-3618
-23,-78,96,-17851,-1286,-15569
125,18,-51,-20719,3276,-19221
-30,-117,110,-20062,16448,-22792
5,-7,-51,-18841,15373,31570
95,-91,19,-18312,14851,-31933
27,93,-21,-9434,18854,-32526
-46,29,-70,4224,14731,32519
81,42,63,365,30140,-32699
31,105,112,2794,17195,-32699
60,-105,-85,761,10757,-32699
60,110,-53,705,-26704,-32699
-55,-123,-82,3843,-31865,-25689
12,31,-128,14672,32611,30501
24,73,-109,16906,25348,-32699
-87,32,1,256,13936,-32699
E
25,-94,10,6048,22687,-30342
90,86,113,3620,8842,26
4,-71,78,3928,17933,-9670
80,93,-27,-2802,-3642,-1238
-39,-55,-38,-9950,28148,1391
0,81,-87,3833,-20723,1069
-115,-20,-68,-5318,-15086,-39
-96,-46,-117,-2547,-6326,366
-115,-96,-69,-706,-4930,-217
-79,-68,-44,-2156,-13251,-967
89,26,-46,-5196,-9361,6095
-29,76,-39,-6893,-7357,12427
-29,12,-26,-7539,-2588,19541
-13,98,27,-9813,-12306,22170
-77,-49,-60,-6064,30867,26918
-115,-99,-13,-12881,29317,-31598
100,21,110,-8918,-27336,29638
88,-88,45,-3932,-10335,23973
0,69,35,-1561,-10888,22082
18,-33,62,-792,-25488,21499
84,-79,48,5654,-25343,25886
95,17,98,7677,-26134,31663
-61,94,-66,8765,-15875,-30937
41,-30,-26,13012,-17872,-32696
-35,-111,-42,20302,-3350,-32696
-116,-6,74,21251,-27237,-32696
-11,-125,-67,-30840,-24493,-32696
-104,-88,-96,27804,3117,-32696
-23,-59,-40,13272,-18473,-32696
-95,85,114,-17499,-11006,1353
114,28,-55,-6557,15242,-5264
18,-36,-24,-12454,24185,-23463
-21,-127,-98,-14312,-25117,-22222
55,-111,-57,-2691,3921,-8673
-1,-20,76,-6435,5062,-9184
-28,79,-15,-7162,15327,130
81,18,-43,-2933,8423,-4887
-13,-109,74,-6830,9510,-8135
2,117,-2,-3609,6395,-13704
-5,70,-2,-10573,9439,-21151
E
38,-120,-37,-9020,23297,-24524
-62,-33,10,-14543,12906,-28390
-68,-116,121,-8227,17987,-28378
77,-24,-12,6871,22053,-31297
-20,112,9,1492,9705,-31505
-107,22,-18,4177,10270,32009
65,61,47,1178,12887,-32697
-106,57,90,1422,25471,-32697
110,-74,82,23432,22487,-32697
18,-66,81,23224,15060,-32697
-49,38,17,-26892,18200,-30037
-78,-26,15,32718,18022,-28664
-128,10,-15,23727,-2240,31200
-105,-79,72,11932,7098,-32697
-63,-123,-6,-4736,21014,-19635
-119,-67,-86,1725,19330,-12620
39,-67,96,-9611,-31694,-931
-106,33,-122,1827,16692,-3152
109,-96,91,1026,3375,1942
55,126,7,849,-334,1293
34,78,-94,1558,287,2008
-9,71,-99,-218,-5551,1806
0,72,-14,-2897,-15386,-6
-70,67,47,-893,-3528,904
-75,82,50,-1386,-1182,2217
45,-120,84,-3854,-5160,8165
41,-55,122,-7413,-16707,14657
-14,122,46,-5394,1486,17384
76,-42,114,-11863,-23964,28388
74,23,-82,-10452,-30281,31179
-121,-101,109,-16623,-19486,-30713
61,82,-40,-13349,-24765,-32686
19,95,-1,2789,-6230,-32695
124,-81,51,13861,15206,-32695
-119,55,2,1420,-23262,-32695
63,-63,41,-5308,-27125,-32695
-105,-69,109,10422,-6861,-32695
60,46,26,-21633,24320,-32695
120,8,-96,26005,31090,26224
20,10,29,24025,-27788,-30490
E
-82,-101,-84,8728,-12734,31288
-9,-98,-103,2548,7361,24559
-126,79,21,-7043,16376,10260
-68,-103,76,-4374,23236,-828
-10,6,-34,-8193,-22601,-10589
87,3,-5,-4455,-15580,-8300
-52,54,71,-6806,-2686,-6900
-103,73,-124,-3378,-3764,-7767
103,-95,-41,-11902,6579,-7018
43,-92,22,-15948,335,-10501
-66,67,-26,-11883,7981,-7255
82,5,66,-10438,11608,-20779
-22,12,-62,-15489,23497,-21999
-114,-124,-43,-10959,19407,-29670
-47,28,72,-6374,-1424,29742
91,-36,36,-3249,5482,-32697
-64,-46,28,-1732,2235,-32697
125,-25,-75,-2273,-1266,-32697
-6,17,85,-5260,4075,-32697
37,74,62,-3086,11546,-32697
48,14,122,1938,17460,-32697
5,-31,-97,5441,22171,-32697
39,-22,75,10847,27294,-32697
-59,-12,110,12131,15109,-32697
114,61,-117,10162,11070,-32697
50,-45,27,-881,26307,-32544
-114,-96,-64,-4357,10167,-23130
93,-8,-107,-7620,-6372,-12158
-104,26,106,-10501,10997,-1196
31,-48,7,-4335,-27363,5347
-55,-106,50,-2299,-10011,959
37,-41,8,4352,-2242,-545
53,-29,39,2314,-19041,-2226
-93,-63,101,-437,-3865,1159
-31,-30,77,-1726,-8912,3510
-86,60,86,-3966,-3768,9569
116,-68,95,-3930,2569,10623
48,-27,110,-8146,-7221,15640
-34,-80,79,-9922,-29498,18874
-109,64,-10,-12062,-19793,31302
E
2,-38,-65,-10991,4412,-31572
-9,127,-22,-9164,994,30345
90,69,46,-8320,-2540,-31639
-34,98,-44,-5106,30243,-32694
18,-76,94,-3994,28227,-32694
-112,122,101,6947,4070,-32694
-120,110,-119,235,-23061,-32694
54,-80,-93,9468,-27905,-32694
-118,98,61,17292,30648,-32694
62,-51,-50,-27933,31884,-32694
-85,-121,-84,6970,-159,-32694
100,-121,87,-25368,9262,29936
103,30,95,-12547,-15306,11059
-124,-85,41,1375,15408,-22981
-66,97,45,-1927,-24940,-19150
109,-69,111,2382,-13450,-2147
-60,-109,55,-15849,10230,-748
35,41,42,-14833,-4959,-5409
77,65,110,-16049,16151,-11539
111,8,-65,-15289,6055,-20498
-72,-121,67,-11611,1008,-28447
46,-51,75,-12516,6306,-26468
-42,-34,-16,-7694,16910,-26504
-88,7,-127,1335,25255,-28479
-8,108,-100,731,5951,30365
-122,19,-23,5120,8694,-32696
-47,-70,-70,12254,22568,-32696
-50,-33,-27,15851,24528,-32696
47,36,91,8418,26938,-32696
-17,-16,-68,7867,-29334,-32696
-83,-67,21,18646,32612,-32696
68,-5,92,13725,-5712,-32696
127,124,-27,4134,14682,-32696
-32,-120,-71,10750,30361,-32696
-30,-38,62,4975,-21197,-14867
80,116,70,-1666,9218,3306
1,-105,-68,-736,8514,96
42,-24,96,-6642,-14431,-228
41,-77,-60,-9878,24210,-8499
-63,-26,20,9039,-1634,6990
E
80,79,43,-5516,-28023,-3508
13,-123,9,1221,2116,-1816
55,-100,-74,544,-7853,-1156
71,29,-100,2793,7459,2470
41,6,18,839,2455,4853
102,35,76,-1019,-9180,8987
-53,0,5,-2513,-1710,13411
-19,-85,15,-6483,-2412,18461
-88,-77,-70,-8283,433,23132
-29,100,123,-10036,-17216,26276
-124,3,-59,-22654,-31188,-28496
-85,-40,106,-2368,-15336,-32694
50,-56,94,-2193,31546,-32694
-65,-49,80,784,-18675,-32694
0,18,114,-3972,12094,-32694
-2,46,66,-7936,27789,-32694
-11,-48,54,18292,-16333,-32694
-96,92,68,10946,-15712,-32694
-125,-88,1,-25736,24585,-32694
-5,-125,-80,-17664,19549,-32694
-48,51,-61,-8582,-16841,23617
111,36,95,-8780,18827,-16472
-105,-124,-48,5535,-24843,-23050
-18,113,123,-7259,-911,7916
-25,55,-8,-5720,8024,5918
-85,-52,-127,-1739,-4505,58
-111,-53,98,-1339,3633,-3306
-39,59,75,-5652,-3082,-12409
-12,96,59,-18557,1404,-14069
67,-48,121,-6020,-4208,-6807
24,-97,-90,-15390,9763,-13135
-60,-88,-72,-21286,8068,-24523
-50,56,-57,-17534,16474,-25896
117,-78,57,-16749,8436,28500
-111,37,126,-13744,239,-32693
127,-121,-9,-13287,-3109,-32693
-30,-66,9,-12810,-23798,-32693
85,-78,-20,-10868,14235,-32693
40,123,99,9565,-25951,-29177
84,120,36,14644,32612,31671
E
105,49,115,8098,32612,-32693
-55,63,-60,-12315,13923,-32693
20,28,34,-2509,32704,-32693
-110,82,113,-4875,26611,-17564
25,-64,-68,3549,-32028,-3735
123,31,54,3863,11354,1321
80,-26,88,-2647,9273,1976
9,-60,101,-4265,-13686,695
120,-28,90,-579,129,-834
-114,106,48,-231,-8067,-957
-37,102,-92,1518,14837,2562
-104,95,39,-864,-10355,-845
118,119,111,-3124,-21467,-1650
87,97,106,277,18397,1262
37,111,64,-1102,7809,3132
-39,-52,98,-6955,-12280,5616
94,-73,-45,-6919,-10754,7285
92,-69,45,-6761,-11901,14646
16,-121,7,-6258,-7411,16051
-87,-82,-54,-6604,-26147,17893
-117,-96,6,-3712,-9788,20478
-117,109,-65,-22814,28203,24341
14,115,96,-4916,-27198,-30150
48,-73,118,10605,32640,-31837
-5,38,27,-8123,-12304,-32690
117,-90,42,3299,-19960,-32690
36,-114,68,21300,-25565,-32690
23,-83,-15,18060,31393,-32690
27,-31,55,29680,31452,-32690
87,119,-97,-29161,-11463,-32690
-80,-101,-113,11286,-25198,-32690
117,92,55,-12930,26596,-32690
75,-107,-59,-6999,19066,-9114
-61,-126,95,-1046,-21174,-31909
105,94,83,1414,-26173,-22415
-28,30,0,-1202,-8362,3013
-89,-43,0,-4946,8967,10196
3,-104,67,-9896,14557,9459
-71,61,-82,-10523,-8038,-5348
51,113,92,-12506,7487,-12424
E
123,92,-121,-19281,3230,-24031
-111,-55,90,-20295,15928,-26836
110,1,26,-17395,15956,29255
38,113,56,-16999,14695,32625
-14,127,22,-9734,18732,-32691
34,-72,-29,-11424,11207,-32691
77,-43,-106,8755,19827,-32691
101,77,-120,13184,26960,-31227
2,33,103,17613,20072,32357
-88,-115,-99,16260,18410,-32691
-62,-107,86,-24638,-32539,-32691
96,-29,67,23358,-30850,-32691
117,-74,115,-11334,19265,-32691
-14,44,-88,5424,12592,-32691
-57,-90,31,3814,-5046,-29106
37,34,-53,-14929,15114,-14203
-115,111,-108,1829,6529,2016
32,-67,-56,2555,7287,8272
114,-107,-29,1306,2897,5259
113,-15,24,-1249,-3022,2358
-117,-10,45,-2701,-3858,2897
53,-94,36,-4221,-8492,3238
78,-50,43,-5073,-9780,4486
105,56,58,-9669,-2704,9663
96,48,-25,-6673,2092,10122
-67,-71,-116,-5675,3953,9204
-114,53,21,-8167,6609,10210
78,-25,-109,-15426,-16641,10485
-111,28,68,-10147,-10274,8695
-76,106,86,-9662,15062,15860
53,-110,58,-12800,-18140,19094
-19,55,113,-9794,-13302,18817
-39,127,49,-8885,-27009,29550
-29,-38,64,-7691,4574,-31045
112,31,93,-6364,4972,29523
109,30,-115,-28044,-17984,26139
-3,-52,34,-1856,21827,29819
-95,-113,-107,-5086,-27733,31841
-57,39,44,13836,30877,-31721
-117,-54,124,16934,-25660,-32689
E
-45,15,-123,20158,-29260,-32689
-9,10,29,-27823,-14485,-32689
28,66,79,11620,25785,-32689
103,-14,-67,-2591,793,29058
51,121,126,-18503,-25121,6409
62,-31,-78,-8230,-1302,-16602
-51,-77,58,-7637,-23982,30995
105,98,34,-8209,-23437,-25076
-71,45,-101,-8765,-155,-7893
93,-12,70,-14658,5417,-3514
-18,-45,-106,-17903,12235,-4241
1,8,-103,-18086,7867,-13990
92,76,-76,-16596,8793,-18002
-76,115,105,-16982,4697,-25374
117,-70,-88,-14809,6642,-23497
95,105,43,-11054,12118,-22491
54,53,21,-9658,19331,-23506
-1,-45,5,-5189,18816,-23752
18,115,-47,-4816,16798,-25050
-30,-13,-51,8056,24188,-28410
-123,25,-121,14565,12530,30062
73,100,-37,22058,-7871,-32692
110,-98,-48,20936,21802,-32692
58,-109,100,-30019,18236,-24247
-38,69,39,-11663,-25121,-23615
-112,70,-55,-12841,19057,28880
-87,82,40,-4462,18062,-32692
-96,-114,-128,-5971,3855,-32692
19,-31,-58,-7449,-13897,-19622
-29,81,86,-1952,14078,-16343
-10,-45,-80,-617,-10188,1815
16,60,-14,5641,4109,4463
-50,-90,-12,7309,4743,5297
-71,-50,-108,457,-5848,-3667
73,-64,-110,-3214,-17765,-4378
52,-88,-47,-3769,1876,-3093
58,-30,76,-3885,-13029,-1012
90,89,102,-3953,-8331,5036
-35,-99,50,-4335,804,10543
-46,-41,80,-5752,4782,21371
E
-53,-106,121,-6158,-958,22148
10,114,34,-9562,-19063,25077
86,-39,26,-10086,-9848,25508
-119,63,3,-13837,-6066,28452
96,-89,42,-12898,-10292,28988
12,-35,-122,-9618,-30619,25272
-19,-81,-97,-10769,-28485,-30755
-127,22,-106,-9651,15579,29362
103,-45,36,-18756,-3047,26841
-48,-35,112,-7170,-6020,31906
-69,-5,87,12809,18411,30491
-114,79,50,7561,-29393,-31530
-31,-99,-53,31770,20204,-32690
-124,-43,88,-28172,-20473,-32690
-14,-44,52,32722,-12913,-32690
-67,77,-3,32722,6171,-32690
-104,-80,109,8872,16221,-32690
-28,105,44,-15836,-25945,7001
-121,32,94,-4001,-24332,-24283
-77,89,5,5748,4776,-31310
-77,-45,27,-1697,15014,-19285
34,0,-67,-5017,-25685,-2799
33,20,-117,-9425,-18252,2664
31,61,64,-19751,25737,-3145
18,93,-21,-28174,-1698,-20475
-65,112,13,-17773,2894,-30036
32,-42,-25,-7479,12874,29757
-15,62,-35,-8998,7135,32568
12,29,-99,957,1966,-32691
-77,-59,120,4586,7358,-32691
77,25,97,-6715,-22395,-32691
114,0,-97,2972,25606,-32691
115,2,4,18480,20369,-32691
50,-30,9,16818,17164,-32691
-104,-66,-40,26674,21583,-32691
-51,-47,-112,10268,19907,-32691
-119,88,103,4752,20476,-32691
61,110,85,9778,-1365,-32691
3,-96,0,577,8865,-32691
-111,-38,-41,-2809,-23008,-32691
E
-124,-39,122,-1840,12919,-9604
119,123,-4,2099,145,3030
46,37,25,-878,4293,1145
-23,-38,11,-4941,5059,1717
34,47,55,-3807,-9746,-727
39,48,13,-3615,-11718,-895
-58,-66,-47,-1616,841,-1378
-30,-20,-24,-2744,-9251,-1618
15,46,70,-2328,381,2043
41,61,28,-2228,-227,2008
103,-124,14,-705,5553,6986
-61,55,35,-3259,697,10666
-54,20,59,-5770,-2992,12944
85,71,-108,-10006,-17872,23329
85,-26,122,-10268,-15828,27137
-78,64,-33,-11278,-25582,-28711
125,7,-75,-6166,2350,-32633
-41,-16,-55,-12484,-4680,-32688
-33,61,-84,-32719,-2137,-32688
-122,113,107,-4349,17698,-32688
-51,33,111,22680,32609,-32688
-77,24,-100,3568,-4368,-32688
-10,-29,26,20550,-9156,-32688
90,107,-113,-32548,9130,-32688
92,72,122,19600,32469,-32688
101,-90,61,23709,29615,-32688
-103,66,-58,-6971,-1718,24866
-110,47,98,-6598,21401,3456
38,82,65,-3,-19922,-20691
-20,-25,-18,3662,-1756,-16413
90,51,38,-5007,-2032,2818
116,58,81,-5134,3205,3183
6,107,78,-10227,14869,6937
-50,87,-46,-11801,8530,-1454
-20,7,-50,-15015,5933,-13934
36,-110,14,-13799,19744,-20562
90,-15,-11,-12979,8557,-30425
-73,-19,91,-13362,4709,31914
-50,25,8,-5651,3917,-32215
-85,80,2,2474,-2908,-29870
E
107,-16,10,-13430,16305,31765
81,76,-56,15532,-160,-32688
-54,0,-9,-30346,32609,-32688
-73,76,37,22839,2372,-32688
120,60,35,9300,-9040,-32688
14,32,62,734,26018,-32688
-96,-46,87,9571,-24982,-32688
-84,-127,6,10965,25023,-32688
-82,-74,41,849,19627,-32688
-67,-94,-120,1542,-4229,-14517
55,-27,89,3453,4936,1103
-123,-100,-45,-2100,4662,2285
-34,62,-58,-6491,-9027,-1521
47,114,-120,-2709,3402,-1493
83,78,104,-2406,-6580,351
87,76,80,-3338,-231,1635
79,106,69,1343,2361,-92
91,109,52,97,-2150,975
-124,-48,107,-766,-539,4132
-98,-28,-108,-4380,-13511,7240
109,83,-110,-13580,-24250,21197
-116,122,-95,-11426,-12658,27426
40,-6,9,-12132,-21740,-28085
12,-120,83,-12339,-12459,-32688
-49,-119,28,-23986,-2685,-32688
41,68,79,-28363,-1299,-32688
10,49,79,-931,17702,-32688
112,-125,-48,-6316,-13848,-32688
-19,110,-93,5668,-28073,-32688
107,53,-35,-27781,28874,-32688
118,51,-45,26471,32611,17654
-122,-113,-25,-29549,-158,-27633
101,-108,-117,-15839,-156,9360
123,50,109,4304,-23098,21553
-105,87,53,-3117,2188,-10713
104,-25,-86,3373,7771,-18904
84,9,-123,974,-5564,-12853
111,26,93,-2059,-2715,-3157
-71,59,54,-4265,6589,6886
67,-124,32,-5762,11492,5903
E
106,-118,77,-6147,8877,732
99,-109,-78,-4271,-2025,-6523
5,-81,-36,-4734,6061,-12659
-82,-22,23,-10217,-997,-11954
-105,14,-92,-14502,17697,-24590
4,82,65,-12023,444,-26947
21,7,28,-12068,1122,-27985
-72,58,-37,-7677,4522,30265
122,-112,-105,-2786,8575,-26763
104,-49,110,-8104,-15774,30831
122,-104,43,2994,29219,-32693
-40,118,33,1879,-5356,-32693
-11,-128,-23,-2260,941,-32693
-84,8,92,10871,-17267,-32693
-64,-60,82,12081,32612,-32693
10,122,114,20950,32612,-32693
34,68,-104,12480,-4380,-32693
-41,-117,-31,3394,20736,-27047
75,33,116,-1545,8986,-7860
-78,85,-125,3536,6916,-1812
-128,-107,-119,-435,-9930,1282
-50,-55,113,-703,3995,2547
-97,-115,46,-1870,4445,1343
54,4,109,-2087,-7024,-436
66,35,71,-3034,-2571,581
79,76,87,-6265,-15538,2049
95,123,-117,-2480,-3926,630
80,116,-43,-3685,13855,2718
127,31,-99,-11988,-29341,6892
-105,4,-72,-6566,-8347,5957
-44,100,89,-6796,1983,14443
-40,86,35,-9442,8672,14867
-79,125,82,-14051,-13486,16985
-71,89,-21,-12555,-9255,16565
53,67,35,-16794,-19343,25972
-60,117,68,-13302,163,25623
-86,88,-97,-16925,22983,25272
-104,8,-87,-12617,31188,24324
3,55,22,149,32609,32381
69,-110,-97,-369,-27651,32095
E
-71,-17,-110,-10030,-6996,-31930
-41,-105,7,18983,-19217,-32691
-74,36,76,19234,-30430,-32691
-34,-7,80,19773,-4330,-32691
56,-18,-50,19297,21952,-32691
-28,53,74,-229,32610,-32691
18,-103,-94,11639,-23558,16027
90,-33,2,-11453,-25127,21166
104,-19,51,-1845,-22538,-24147
-16,110,115,8298,-27875,-22458
125,-90,120,-3489,26494,-4151
39,-113,-17,-7826,2628,-5163
-97,34,69,-9150,17790,-3064
98,6,81,-8534,3650,-10109
-22,-11,-111,-8173,6681,-24110
59,107,40,-4357,15466,29079
-4,101,-49,-15779,-32024,-31049
41,100,-8,-3549,-8484,31942
100,-82,-15,-9212,6063,-31492
107,68,-21,-2567,-2795,32444
11,68,4,-828,9522,-32692
-120,93,-124,-758,8970,-31739
30,-62,27,435,8579,-26070
-34,78,60,3004,28776,-23429
-72,-22,2,-1754,18022,-30850
-79,-73,-123,-9232,15286,30944
-60,-104,-67,-7388,26852,-32692
-50,83,-45,-4662,30085,-25111
-118,-49,43,-1722,24037,-25965
-30,-99,-5,-6294,22409,-27080
127,-30,40,958,16156,-12096
85,-110,59,-2186,5668,3034
51,61,83,-1842,-3426,3865
1,-62,121,-564,3051,3462
-112,90,119,2946,-1152,251
65,-23,90,1128,160,-24
85,26,72,184,-5822,-270
-117,14,101,-1434,-3131,4076
-56,54,122,-3482,-7667,8051
-113,-114,-86,-5813,-5688,14246
E
103,86,-20,-5919,3719,17766
110,36,-47,-7368,1903,20908
9,42,-113,-12662,-503,27484
-109,17,83,-12434,-3318,27015
24,-83,2,-12580,-28171,26712
44,-110,34,-11201,-19951,29906
-38,-24,93,-8242,-8733,28958
73,41,115,-6258,-23554,26976
-110,-55,-101,-1116,-31871,29292
-10,-10,40,-3864,-21831,-30634
120,18,19,12028,-5007,-32690
21,127,43,2188,-23426,-32690
-4,93,115,10982,-11341,-32690
-27,-90,120,31099,2135,-32690
45,-81,-63,26664,-22326,-32690
-22,89,118,31535,-2768,-32690
29,-75,-42,-19727,30702,-32690
-110,76,-57,-8965,18217,-8871
9,75,-83,-875,8462,-23703
13,60,24,5460,-8875,-29426
-84,97,76,2448,-19708,6852
-126,-60,69,-698,57,4231
-16,51,85,-13428,27905,8898
-104,109,110,-13788,-3002,-2599
-30,123,-109,-7582,12113,-23075
3,53,110,-7916,6415,-30636
4,74,-122,-8462,296,-28926
-61,92,127,-7252,-14003,30393
-102,63,-93,5061,4097,-25558
-93,10,61,-1773,3303,30468
-27,-119,17,-282,13001,-32691
-37,-51,117,11663,9280,-32691
59,-8,114,8770,2560,-32691
-21,12,16,5240,10394,-32691
32,109,-8,5835,7394,-32691
-8,43,-89,4631,15105,-28692
-99,-119,-89,-435,1405,-28676
121,2,-88,5188,16461,31063
120,109,-7,7812,2396,-32691
74,70,62,-6430,-22831,-32691
E
114,-74,94,-16195,3489,-31060
-48,70,3,6566,30990,-14976
90,-30,-18,-1697,4033,-8148
123,-61,17,2020,-882,-2250
99,48,4,-2075,-2348,3267
80,19,-22,743,8857,1395
-1,58,-33,-4905,-6788,3471
-118,79,-59,-3515,-3415,1075
65,88,-126,-3377,-2253,394
83,-93,-112,-4279,-3783,504
106,65,-55,-6125,722,6672
-112,81,-53,-7301,3421,8637
-63,-94,111,-9899,4720,18673
-63,113,100,-9602,2459,17111
44,70,80,-16870,-19731,28920
-56,-9,35,-15132,-26991,29519
2,-20,16,-7159,-13832,-30229
-23,97,-105,-8951,-11872,-32689
-98,-43,-19,-14343,-27811,-32689
-99,-20,62,-9604,-20918,-32689
45,-30,39,-2366,-16258,-32689
15,3,-63,2187,-27420,-32689
-13,9,-121,-895,-31657,-32689
-16,-41,-47,14204,6829,-32689
-76,43,-38,16016,-23345,-32689
-58,-45,-42,23576,-27710,-32689
13,-15,68,10978,6412,30009
119,105,8,12628,-16438,21110
29,-95,-48,-8573,9837,15898
-112,115,2,-6431,12607,9678
-25,-29,-59,-3306,3516,-14425
-80,13,-27,-3515,-595,-12497
-18,37,-4,-6283,-387,-9581
-34,41,-3,-7652,619,-8032
-67,81,125,-16812,4727,-4371
-106,85,-65,-18105,7340,-3632
14,54,111,-17909,14698,-12919
62,112,112,-8888,3225,-19697
3,-74,114,-3943,12390,-26785
-37,97,-123,-7582,13714,-23106
E
-37,115,-88,-4203,7002,-28161
-108,41,55,-2961,10319,-29433
-32,41,119,514,20314,-23904
116,-97,81,6769,21185,-23746
25,-93,107,14497,18719,-29556
-92,28,23,19170,20237,30403
-46,-44,86,19007,-26552,-32691
-125,-112,-13,27448,32604,-32691
36,-41,72,15534,32604,-32691
95,-11,95,15739,32604,-32691
-57,-18,90,12638,24094,-32307
-32,78,-54,10266,4993,-15801
72,85,68,12474,5674,-9497
110,48,-112,8454,2828,-7842
-32,-98,48,21,-9087,3061
-100,-115,3,418,-6312,1717
32,-110,27,-6034,-4504,6431
-117,101,57,-6540,-16667,1524
112,-32,0,-20531,22511,2097
125,74,123,-25172,-32665,13651
-104,-27,-128,-26098,1113,28322
28,45,-22,-26293,-10329,31346
24,-91,-96,-19957,-20387,-30410
-11,12,-103,-12672,-21141,28382
-72,-36,-49,-9681,-18453,20192
101,-88,93,-5942,-31349,15457
-126,-22,-5,-6441,-29756,18046
107,7,99,196,30585,21452
113,-4,10,3007,32601,25715
-15,21,-20,-1678,-8512,-30573
55,46,35,20923,-27908,-31907
-114,-107,5,13948,28214,-32689
121,-46,-68,30442,-7542,-32689
61,-122,81,17630,-11801,-32689
21,-12,126,10477,-31379,-32689
115,127,1,-8696,-21294,-32689
61,-119,45,-825,14370,8113
98,120,-57,-1697,16376,-2031
91,7,62,5217,1789,-12735
37,0,90,3509,-349,-9458
E
39,123,127,-2474,16589,-14226
-46,105,97,-10131,-10051,-14245
10,24,-1,-22205,12372,-14707
93,101,53,-16054,15864,-25473
2,-23,-61,-4875,15446,32748
107,-50,112,14297,28882,31057
49,99,-74,11673,18299,-32691
-73,-71,-107,13790,1723,-32691
-124,126,78,12882,7104,-32691
-54,-48,49,19003,5050,-32691
-83,-28,32,14007,-17648,-32691
-110,-38,70,21192,492,-32691
-34,79,-107,18622,19447,-32691
-97,98,72,19945,4094,-32691
86,-83,39,19311,13271,-32691
-58,96,-65,15189,16820,-29703
-103,16,-117,10253,25734,-23650
40,-78,28,-3058,-27702,-24096
-116,80,-13,8189,32598,-30257
113,-13,-25,17132,8989,30707
-5,-55,-65,-18941,29546,-28079
-85,-61,65,13540,-21303,6888
-3,96,35,5421,11379,6923
12,-59,81,-532,-11482,5646
-62,109,30,-531,-4853,1660
-83,52,45,-1993,-3728,95
-67,11,61,-3318,-5693,-543
23,49,-97,-4901,-9929,651
54,80,-104,-4889,-8257,2670
-94,92,107,-5404,4101,12132
101,108,-119,-6338,-1388,11505
-119,86,117,-13904,-18500,22962
-39,36,-106,-12135,-18301,25010
17,121,114,-13246,-14832,-30863
33,-42,-80,-14911,-14215,-32388
-63,-34,63,-22248,-26331,-32445
100,30,-121,-25465,-16637,-32690
84,18,78,-14558,-21746,-32690
-26,-61,113,-12585,-19487,-32690
22,8,78,449,32581,30647
E
-45,1,-108,-2026,-26409,-32727
41,96,-42,11928,-22817,-32434
-75,124,-2,16463,-2408,-32690
-73,-19,-41,22484,6557,-32690
-66,-104,40,10066,-29357,-32690
94,101,-95,12089,-6258,-32690
-128,-46,-11,-2550,7403,29775
-3,6,-33,-11310,-23282,18242
-78,-2,33,-8295,-7545,7405
27,-113,-63,-1573,-25436,-10025
-25,17,76,3795,4770,-29143
-91,-106,-124,2399,1969,-22624
-13,80,42,-3093,-11835,-16136
-85,-12,0,-2092,1388,-14670
74,-123,76,-12471,12015,-18594
34,-124,-112,-10358,2325,-22327
94,-39,11,-2902,-9486,32395
98,-126,17,-1384,-12051,-32284
42,-36,118,-2457,20975,32182
16,101,-48,-5986,-22569,-31636
85,-58,-57,2600,8247,-17488
123,111,73,1024,8258,-11353
-86,-2,-32,848,2540,-9605
114,-12,-34,-473,-4341,-10184
44,-71,39,-5285,1469,-4091
35,-119,37,-4307,3383,-4663
67,100,2,-7281,18086,-3733
46,67,31,-6646,13195,-5981
5,-28,-37,-6123,21258,-4148
3,113,-64,-6681,8750,-9896
74,122,120,-6398,10497,-15667
108,8,-66,-6089,18152,-15961
-52,116,-25,-11,2894,-18200
-56,-9,-22,4645,-4498,-17232
-97,-23,-33,7832,-2393,-16887
59,-55,-12,5584,-6972,-7740
23,-24,-85,11029,-3636,9888
-93,-14,-76,6860,17015,18899
-84,124,75,9225,2991,13987
-54,23,-94,17069,-9816,30103
E
22,25,93,1377,4109,25999
-29,-12,95,1275,25615,-32693
77,-109,-117,9628,-29832,-32693
24,-128,-48,2692,-13047,-32693
72,64,76,1252,14458,-30786
39,21,-25,-1927,14141,-16475
-68,120,117,-4410,4701,-5758
2,-68,-45,-4028,-8050,6313
-8,8,35,-3626,170,5810
-111,-116,31,-5833,-1756,7732
18,-90,27,-5863,-14852,10147
46,121,-61,-7406,-10508,13150
-95,39,-40,-12193,-15877,20310
-50,117,126,-12624,-32035,32293
-26,121,-103,-13660,1221,-29943
-13,-51,-11,-13297,-17800,-32691
-29,-54,-56,-16212,-28539,-32691
15,3,-81,-17419,14946,-32691
-13,-106,-37,-4033,25296,-32691
57,79,52,-8157,22422,-32691
122,18,8,-12804,-729,-32691
70,-58,-46,6324,23994,30976
95,-46,-86,5446,-31764,-32068
59,17,57,3645,347,-32691
-57,107,-105,31800,21392,-32691
-42,-64,46,4629,16920,-32691
122,-122,-103,2613,-25939,24391
20,-31,-76,-3223,-13278,-15784
-89,-62,-106,2593,19556,-10752
-20,-44,46,6382,23747,-21222
-77,41,85,-918,-7533,-10380
-63,93,-55,-6887,2541,-7040
-119,17,-43,-25226,6975,-4817
-7,38,28,-18993,2084,-17001
117,72,103,2839,16133,24769
46,115,-52,-882,13007,32318
-40,46,-76,4580,127,-32693
36,58,68,2219,-8017,-32693
-96,-48,39,3109,-29224,-32693
8,-1,88,4409,16658,-32693
E
98,51,25,6913,15369,-32693
66,-98,-47,2439,7906,-32693
56,-67,-50,-7901,12561,-32693
-116,-68,-64,19689,7746,-32693
-125,-50,-85,3241,8693,-32693
75,-98,53,-23312,19379,-12231
69,96,-103,-5832,23473,-1930
-98,-6,0,-3162,-6082,757
28,111,108,-2232,-2422,1669
92,-96,91,-5170,-4445,4483
31,104,0,-3910,-5870,4905
-110,70,46,62,-7610,3217
43,-118,77,-214,-3290,2977
90,-79,93,37,5561,4709
-88,-73,-94,-7795,1029,14227
-40,-118,-79,-8486,-16171,22240
65,84,-109,-9695,-19111,-28317
108,-57,-63,-7832,-18514,-31748
-107,47,40,-9345,6911,-32689
-56,-118,-128,-19274,-23552,-32689
-71,-91,38,-567,-17851,-32689
-99,-36,82,-24374,2608,-32689
99,-67,74,2781,30283,-32689
69,36,14,4290,-23395,-32689
-98,88,-54,7181,-11283,-32689
115,126,-110,24829,23871,-32689
-5,-45,118,-4180,17214,-32689
-72,26,52,-25209,-3833,16410
-71,-80,93,-6569,17326,19240
-107,-53,-85,-695,32329,-14995
-123,-46,12,1173,22478,-8545
-84,122,105,-4796,-7223,-7267
-98,-51,-119,-6243,-7268,-8104
12,-61,7,-12362,8895,-6076
81,-76,-35,-17498,13992,-10347
-127,-5,87,-14840,11177,-23188
34,36,36,-6144,1952,28527
-26,46,115,-5771,4379,31921
124,93,-25,-4591,-14251,-32690
78,-47,10,-5742,-24817,-32690
E
83,-85,28,6374,-3189,-32690
-47,-75,116,1508,-30700,-32690
-36,-38,-66,10463,21039,-32690
79,-8,127,7154,18131,-32690
-28,-6,-50,4555,20974,-32690
-75,55,62,2466,-25991,-32690
-117,-106,-101,-1709,17559,-32690
39,-47,29,-1090,-2875,-32690
-62,-88,66,-6657,22746,-32690
-47,-28,-38,-10886,-11149,-22770
-1,36,-7,7379,2845,6133
44,-101,32,2557,94,537
30,108,-49,2637,-5683,6622
-68,-72,-20,-1135,-4956,6474
-8,-114,120,275,2665,1605
22,110,124,-50,-8559,1875
-33,117,95,-2311,-4877,3250
-48,-58,-25,-4369,-5738,4226
-78,-16,-5,-5698,-18625,6998
-122,104,-98,-5457,-2771,14208
-43,-89,-81,-8912,2200,21081
6,-29,25,-12512,-18335,26687
-105,-50,-34,-8769,-15230,30759
-113,-95,-41,-3746,31329,-30479
-84,44,23,-3411,-26433,-32690
28,-113,98,-1659,-21662,25421
106,-65,86,3844,-16110,-30868
-73,49,76,2731,-7593,-32473
92,-126,66,6102,-12166,-32690
21,59,-36,-3851,-7169,-32690
108,-40,21,10025,-1602,-32690
97,-96,-114,23254,-9129,-32690
-103,106,86,27272,6192,-32690
84,-35,-3,27763,-2002,-32690
-7,-104,-1,12453,-10877,-32690
-9,-83,-72,-17584,6960,13665
-36,-97,6,-2363,-30398,-13288
120,42,7,1722,5197,-27397
-98,-112,65,3338,-27787,-17653
-77,-108,-66,-3530,-4406,6047
E
49,-118,41,-2787,26758,3756
62,-98,26,-7343,6031,-3162
-86,-82,-73,-8711,-7257,-13361
-105,125,-59,-6081,6955,-21562
-2,-78,118,-7930,5637,-30679
-25,44,-127,-7295,1018,31160
-91,68,2,1031,2754,32340
-15,-121,-20,3161,10834,-32691
121,-20,-58,17758,11116,-32691
124,51,9,3002,-2221,-32691
72,50,57,9349,29052,-32691
69,-98,64,9824,-30794,-32691
79,46,7,30589,14037,-32691
32,74,120,27239,16857,-32691
-124,-99,-65,-2235,-2100,-32691
92,-30,-47,1895,-5504,-21288
101,-77,61,3183,9520,-2050
55,-107,-112,1814,18322,-4377
79,34,-95,-2974,-10112,1831
101,47,70,-1275,-2626,376
-79,62,-100,-437,5390,1496
-54,31,117,-539,521,14
-102,7,-94,-3044,-16838,-951
95,51,-12,1341,4205,-1543
107,73,46,407,-1511,-202
110,109,44,-823,-4698,1322
119,-102,53,-3022,-7769,5803
-97,-70,71,-3932,-5513,8317
-60,-22,120,-10785,-19180,14185
-35,117,65,-12510,-15594,24690
-34,98,65,-12064,-29707,26129
-47,-115,-66,-5538,-26932,32736
-91,-88,-80,-9774,31277,-31211
-127,41,-98,-2558,-7054,-32687
76,87,-92,-7083,-1932,-32687
73,-56,-79,-11327,6626,-32687
-14,56,-60,7527,14986,-32687
-88,83,88,30075,-26734,-32687
7,91,51,-23423,14171,-32687
-38,89,-110,28982,-27151,-32687
E
-82,21,-65,13385,30331,-32687
86,-91,-37,-4186,-353,-32687
-69,-18,-92,-9911,-25246,5007
11,89,-108,-3042,23362,-8700
-94,33,-113,4627,223,-22566
98,-61,49,1877,-6426,-17504
-1,82,-7,-3027,-9938,-12041
-36,41,-58,-7309,7527,-9046
13,-62,-23,-12903,17216,-11342
54,62,10,-11788,4947,-19055
21,-97,10,-6693,-4511,-31934
-46,-76,-87,-4759,8604,-30294
7,33,-14,-3537,-955,31063
-12,65,9,8408,9006,-32137
118,-112,-12,9015,-4386,-31695
-71,36,14,2698,26273,32456
38,44,3,5116,7101,-32688
120,-79,110,14282,-21875,-23349
-113,115,108,18086,3456,29735
83,34,25,11697,-7188,-32688
-67,-40,7,13373,30707,-32688
76,23,-57,16672,15061,-32688
121,-89,-124,6496,-291,-32688
-122,116,52,4903,12071,-32688
56,15,-102,3011,6216,5841
-109,51,10,3556,-737,-592
-15,-57,-17,-2824,9100,7874
62,56,-36,-3531,-1027,1628
-6,112,-45,-7171,-19967,-1914
-34,-105,95,-993,5074,-732
41,-60,92,-550,-4711,613
21,36,-73,-1207,-17176,1332
63,124,75,2780,22277,8528
-7,-85,-65,-3230,4085,12062
11,51,95,-12308,-20078,19397
16,-104,113,-11575,-13718,22048
-75,-86,-61,-8626,-13708,26835
-21,-44,122,-9877,-24800,29133
94,120,-79,-7946,-17404,32150
19,43,49,-5516,-11322,32747
E
-127,-18,115,-7065,-19434,-32283
-4,85,92,547,-24473,-32685
-42,-52,9,-12754,-8087,-32685
100,50,-126,10647,-13689,-32685
42,-5,44,17946,-30367,-32685
-112,124,83,6578,-2856,-32685
3,63,1,27437,1445,-32685
35,65,37,25146,5436,-32685
-17,-47,97,618,29635,-32685
-117,109,-17,1477,3365,-32685
23,-109,84,-7545,-26769,-21266
-47,-28,2,1081,7008,-14116
124,-6,47,4211,-16533,-14841
58,-8,15,3194,-11843,-9410
69,22,-86,-2095,11587,-845
54,54,-78,-6373,7811,-4785
-89,15,-62,-17405,15666,-17099
82,2,-92,-7161,8426,-29197
-99,93,-99,-3674,-10154,28641
-43,-37,-29,-5364,6962,-32767
-76,-75,60,-3609,7675,-32685
-67,82,48,-2316,-28178,-32685
-79,-3,-36,4383,20355,-32685
93,-28,-26,25679,9803,-31893
-128,27,126,15629,-21235,32587
52,69,26,21559,32602,-32685
-121,19,12,25103,31668,-32685
82,45,-35,11298,9359,-32685
-12,23,-38,6410,6326,-32685
26,-84,-52,3146,13660,-32685
-4,45,27,1084,29974,-23394
-67,3,105,-1869,-586,7814
-61,88,22,1571,1270,1139
-10,-91,-95,-1418,4321,9648
-101,-25,-105,-4710,-9710,4543
-84,-52,-70,-5452,-17887,521
-85,-13,6,-881,12719,1978
19,73,122,-3974,-8277,4689
32,108,65,-5820,-10125,6925
94,31,-40,-10970,1830,20498
E
72,-8,-15,-10644,-1752,20005
21,89,-96,-14326,-17819,31923
-24,122,-103,-12940,-14396,28558
-101,21,14,-10747,-25462,-30352
-127,65,72,-8815,-12853,-32682
-43,-67,42,-9790,-20822,-32682
38,-59,106,-14735,-21342,-32682
94,-25,80,8303,-22167,-32682
-84,-83,43,6764,7707,-32682
-72,-37,-113,7555,17173,-32682
-22,61,-30,-19805,12992,-32682
-6,18,44,21044,-15904,-32682
113,-70,-24,-28936,13686,-32682
-55,4,-96,-21358,24657,-5329
-75,127,50,-754,7590,-22503
62,-126,-85,9282,-15499,-21464
19,13,107,-3246,-10107,12316
42,101,-48,-7749,21287,14009
12,74,84,-3709,26397,-425
60,39,-104,-7231,-7004,-14905
120,-35,-113,-13097,-8564,-19589
-63,-112,125,-9538,19199,25262
-106,60,-31,-10227,-484,32609
-59,23,34,1619,15757,-32683
-12,-36,121,69,17800,-32683
-36,14,68,-7331,8260,-32683
124,-57,124,12597,-29062,-32683
-33,-78,32,14891,-5580,-32683
-41,64,86,3088,-9114,-32683
-29,-45,56,13245,-26713,-32683
-80,25,-57,5248,-3899,-32683
-86,89,-56,-2178,320,-23687
-120,-29,54,-3991,-20333,-23186
64,14,-30,-4314,15897,7895
-118,112,17,-4489,-290,-1927
-103,108,-45,-3073,-9797,2516
-67,6,-22,-6005,-21742,-46
34,7,82,-3307,5118,-346
44,29,97,-3344,-6322,-1434
-11,107,44,-234,370,470
E
17,100,65,593,-2224,868
99,-104,21,3213,1436,5390
-90,-60,79,2373,10091,8859
14,127,-67,-4482,1485,17917
31,-113,-127,-6078,-5012,20544
85,-43,44,-12399,-21424,-30430
78,18,20,-10080,-6073,-31036
-23,-22,16,-8671,-13197,-32682
115,41,-42,-14901,-30256,-32682
-33,94,65,-9586,-9988,-32682
79,-84,120,-4889,1856,-32682
120,-98,-55,11999,-25227,-32682
54,-94,-124,2409,-10810,-32682
-25,-123,-120,21449,23530,-32682
54,54,66,18364,14039,-32682
-71,41,-78,17725,-32341,-32682
-6,51,86,20981,14603,-32682
-34,-10,-83,544,-10233,-32682
-115,1,34,-10430,13774,-3479
-128,-37,109,-4436,14614,-151
86,124,-85,3047,1224,-18165
54,-34,-68,-313,-10948,-10501
-32,-95,102,-9009,4110,-5447
-27,-69,71,-9645,15288,-4963
-61,33,75,-18093,13931,-12281
-63,49,36,-15254,2336,-19699
-48,-120,-105,-2251,3748,32337
63,117,116,-4438,-1870,30329
40,90,-2,-4002,2910,-32682
-68,75,-48,16471,13574,-26406
-22,-117,-61,2789,4802,30762
-125,51,7,11496,9688,-32682
114,17,95,4054,-5763,-32682
-26,-49,-44,323,28605,-32682
116,-85,-50,4452,-31828,-32682
2,-83,-5,11659,29952,-32682
54,76,-73,12734,-196,-32682
60,-47,-87,5055,-854,-32682
0,-58,81,424,23929,-32682
-9,-69,44,-6472,2678,-14386
E
-8,51,96,485,6843,-3282
-7,-97,108,1850,9904,4013
-60,19,-88,-45,13119,9776
-123,-12,64,-2020,-3232,6505
-12,125,101,458,-10742,3709
-69,-32,72,945,-13702,-3199
-34,36,11,796,-3423,-3915
41,98,-34,-2368,2880,-446
62,-118,43,-2770,-1179,858
-43,69,-111,-7641,-2550,10841
19,-96,-20,-10667,-8011,15498
-36,13,-107,-13018,-26696,22085
-51,-94,45,-8399,-21152,30755
-3,-25,40,-6718,-10026,-30656
-118,-80,-119,-9709,-17428,-32352
-81,-42,77,-18533,-21046,-32681
-46,20,124,980,-13659,-32681
122,74,110,-6614,-6139,-32681
59,32,-72,2899,-26411,-32681
122,-102,-35,24370,26485,-32681
78,-19,-14,23340,-15877,-32681
-113,-66,82,28618,-27727,-32681
110,-86,-6,25957,30840,-32681
90,-82,96,6973,11636,-32681
-96,-78,43,-6473,-3085,21188
26,94,-35,-3496,-30333,-18066
117,121,72,7469,876,-23541
-37,-62,12,5140,-25035,-8997
-33,-43,-71,-5506,-15325,5311
51,-5,-121,-5330,-25698,6797
-104,8,-11,-6963,21798,-2669
-39,8,43,-7571,-8946,-15095
13,10,5,-5137,-5446,-20547
28,-91,40,-2963,7914,-31830
40,72,83,-7823,-5969,30508
-16,98,40,-6002,-778,32676
60,-9,-109,-2005,6952,-32682
-40,53,-27,19191,5515,-31600
10,-43,65,-9256,-22947,32494
52,85,76,6397,28362,-32682
E
-52,35,-30,12988,16385,-32682
61,96,58,14085,4341,-32682
15,-5,123,11385,5877,-32682
-18,71,65,16839,16547,-32682
125,-8,13,4153,5333,-32682
-98,-111,60,1847,23289,-32682
-92,-54,-112,7389,18591,-32682
-26,106,-24,-4286,32497,-21390
-5,-128,-52,-1470,-28811,-6243
-60,80,-78,-5940,6883,7489
-50,77,21,-5803,2763,9695
-123,119,-47,297,2685,8573
89,111,-32,1421,-11773,7383
120,-115,-48,-67,-16095,365
-81,-34,-35,-102,-10236,1567
-122,-60,91,-8072,-7055,9460
-40,-29,-125,-7768,-7741,11001
57,-81,12,-21144,-23748,27601
-39,74,91,-18850,-20780,27199
21,-120,113,-18363,-22662,30675
-64,-30,60,-26044,27026,-30701
31,41,-108,-15627,-8324,-32680
90,-2,-116,-14077,12827,-32680
113,11,9,-7752,16357,-32680
50,33,-106,16735,32022,-32718
15,-39,-70,29781,-5503,-32668
27,-81,120,28924,-30688,-32680
-56,-36,-14,-29854,-15325,-32680
-44,-42,69,8451,-4000,-32680
-99,-21,-20,12471,18152,-32680
97,-122,28,-11032,4645,-32680
-69,81,-15,20252,19957,7249
-7,40,-35,2424,-21974,-29193
111,121,-116,10926,9702,-23765
16,10,37,-5364,22839,-7936
99,121,-68,-708,7871,-4499
-81,52,-101,-4303,2859,1237
68,-23,-43,-15076,8036,-2671
-82,-113,73,-19958,-16016,-6530
84,31,-51,-11783,-32709,-20262
E
-51,88,-128,-7584,16683,-30679
50,-34,-79,-2825,-8351,31742
115,-58,113,-1,3680,32643
-49,-56,-117,22,-10462,32652
-15,62,33,15645,-1516,-32681
110,28,-88,2104,-777,-32681
-126,121,34,11288,2285,-32681
-29,31,74,16594,17804,-24894
1,63,119,-31137,16645,-9597
19,47,-31,24061,22330,-25564
-66,37,25,-1902,-10735,27844
99,-85,-21,16278,9555,-32751
121,-124,68,17990,14290,-32680
-65,-18,7,15439,11708,-32680
-118,-81,106,13088,-12192,-32680
67,84,-82,1604,9944,-8807
57,127,50,-1597,30675,-18266
-12,38,-28,4428,29273,1811
45,-3,74,-2659,-5187,1607
105,16,-121,-6215,-8576,6780
2,78,-37,-1317,-4358,3691
34,-88,127,-1493,21122,-647
39,-41,-11,-4987,-16073,-2743
2,-1,122,-6895,509,-548
78,68,69,-6672,-2272,801
-9,-56,84,-14429,-6655,12374
60,-73,-42,-18042,-3606,16999
-69,2,53,-30964,-16121,28838
-58,31,-102,-32712,-16859,32429
51,-8,-10,-18570,-14957,-31047
-82,-102,-96,-19004,-22631,-32678
97,124,-99,-7906,-30161,-32678
93,-41,-45,-8459,-2390,-32678
-65,31,77,-20616,-5605,-32678
87,-20,-51,13531,28280,-32678
-53,-37,-114,18160,-21118,-32678
-35,-97,-17,21643,-2428,-32678
117,94,121,5293,-20942,-32678
28,124,-69,-1745,24670,-32678
110,40,-51,6751,9938,-7131
E
15,-38,-94,5176,29486,-3162
39,80,45,5257,16836,-18860
106,-97,-125,-4262,-9197,-6562
58,-71,-57,-6431,19887,-4708
-82,-124,105,-9942,13538,-3364
-5,60,49,-14262,-1476,-7892
122,-18,-126,-12821,-1588,-10056
-46,16,-31,-6748,17530,-18478
69,-128,88,-5878,-795,-23514
108,-22,122,-6777,-793,-25416
76,84,-94,-4744,14193,-24147
2,-56,-94,-4505,6889,-25481
-113,-85,-59,-4396,7982,-25039
40,-125,11,2681,244,29030
-59,119,4,11553,-6382,-32680
25,68,37,-2931,28722,-32680
42,24,-42,13168,29548,-32680
34,108,21,11404,18717,-32680
-48,17,89,13680,19649,-32680
-29,77,16,14349,18121,-32680
56,-8,-33,18086,11886,-32680
-13,110,124,4209,-1977,-32680
-61,115,-3,-8256,-3721,-32680
-122,-53,54,-7568,15775,-9262
104,-47,-1,-386,11487,-1756
69,-28,101,-372,-6819,4368
86,-66,111,-1182,-8013,4371
-37,35,-96,4843,7515,2187
23,57,67,2763,-12909,-609
92,-85,74,1364,3787,-4040
-67,-36,2,-710,-6639,-621
36,8,-122,-348,-2209,-900
38,18,-60,-3855,8807,5801
-122,57,-42,-12460,-21184,14045
103,65,49,-11397,-8232,17759
2,93,96,-10223,2525,-32648
10,45,59,-10858,8699,31624
-79,-53,-45,-23115,-20991,20110
90,118,-127,-11819,31704,12438
84,-67,-100,-5909,-26101,19042
E
19,11,26,-2953,-14113,28023
-38,-91,-102,-3693,-26229,25777
7,-28,-18,1042,32304,26301
10,85,-59,5802,-17171,32600
-38,-88,65,1420,-6670,31360
7,39,-40,497,5302,-31951
-110,-86,66,16751,15238,-32617
89,-124,-43,13279,-23204,-32677
122,119,108,21025,1246,-32677
-31,1,78,14732,-12802,-32677
56,-34,12,-9559,25861,-32677
-124,55,126,1277,30746,3220
-9,78,-116,-1942,-12909,-6470
107,-35,51,3304,15219,-19285
99,72,-15,-2983,30233,-5675
-33,106,57,-4878,29966,6675
-128,-33,-117,-2046,11815,5147
31,96,88,-2354,-996,-1380
63,115,39,-2696,-2888,-3245
-41,-104,-34,-4276,-749,-22127
29,-77,-51,-6107,21603,-21834
1,59,-101,-2610,-2788,27604
36,45,94,-555,1977,32447
42,12,126,1151,4843,-32678
-81,-107,80,1652,3975,-32678
76,47,-40,5518,12391,-32678
-99,117,-97,10646,5065,-32678
127,86,23,16631,1921,-32678
-71,121,97,15009,-2851,-32678
-50,95,-8,18543,-448,-32678
-69,126,8,1509,-11470,-29364
88,-72,83,17616,10366,31754
-62,79,99,13586,-10975,-32678
-45,-84,-27,-2922,109,-32678
115,-62,6,-233,-2935,-32678
87,-21,-31,3105,-26680,-32678
-63,114,82,1499,16356,-21242
-112,-81,-11,-883,-1984,-5515
-69,75,79,-5930,-23637,-2183
-88,85,-19,350,9185,516
E
103,88,27,-351,5350,444
33,-97,23,-909,-2102,1185
-10,108,86,-2117,-4718,-123
60,38,38,-4234,1185,-106
77,59,51,-4161,885,913
-84,78,14,-7239,-4577,8604
-44,-123,-66,-6206,4273,15210
54,99,35,-9381,-3007,27650
-43,94,55,-12364,-8850,31689
23,115,-83,-17874,-9047,-30557
-31,80,41,-17566,-16242,-32677
113,-77,42,-15413,-7256,-32677
126,-30,42,-13500,-17382,-32677
61,85,-74,-14765,-21015,-32677
-77,88,-97,9133,30320,-32677
5,88,14,12166,12849,-32677
-39,-102,-107,1088,-22158,-32677
-106,106,90,19502,-8035,-32677
4,-56,80,21276,-17501,-32677
111,61,-35,-31475,-24276,32308
-1,60,-95,6209,-17315,-32494
13,82,-58,-5596,32730,17494
-54,11,-56,9853,30621,4126
-74,4,-14,4283,16417,-3760
-120,85,86,6516,-16973,-2850
-116,87,23,2588,-14349,1517
-99,74,-53,-2190,-624,-512
-128,17,-91,-15938,18575,-15688
-1,-2,-27,-15058,7304,-19386
7,0,37,-12299,7843,32382
-86,-35,-55,-10275,3459,-30281
90,-92,-76,-3096,-8491,-31740
84,-111,-58,-5501,-5691,-29338
56,-46,-6,-1152,12481,-31100
-92,45,-99,-3820,-373,-32078
5,112,-27,-1367,6865,32328
19,30,-78,-125,8344,-32678
111,81,-124,8912,-16389,-32678
92,-72,-31,-803,-2434,-32678
36,-66,44,2318,-19548,-32678
E
124,125,-100,6476,-31227,-32678
-61,-63,43,19067,-3703,-32678
-100,68,-99,14079,2034,-32678
107,-59,-53,3356,13,-32678
-2,-87,-85,3757,29604,-32678
-51,18,85,2379,11300,-5501
14,30,-36,1165,8123,-2959
91,-85,17,-3916,-1547,10862
-67,-92,0,-3677,-10168,6381
2,108,-123,-2711,-4368,2104
5,44,78,454,-3952,1917
12,37,125,493,-9472,3902
79,-96,-33,-665,-10805,10145
116,53,-115,-6005,14550,17138
-82,-35,-20,-13601,-19660,29763
116,-21,58,-10650,-6119,32610
22,97,-11,-12741,-20927,-31207
30,12,-19,-11080,-1214,-32678
-92,113,-100,-6544,-4922,-32678
-67,13,-107,2040,18820,32300
20,-88,72,5143,32596,-32492
-25,65,-42,14101,-10473,-32678
-120,-106,-80,-5571,9761,-32678
12,37,99,19930,3046,-32678
-94,28,82,16003,-3895,-32678
38,-56,99,22171,-7414,-32678
-45,123,124,18961,2619,-32678
-51,113,21,14130,-22513,-32678
-51,-127,21,1206,-24624,15711
45,119,-92,-406,1806,-2976
-118,11,9,6477,10598,-1606
100,69,38,1665,-1357,2684
-119,91,110,-3575,588,317
92,-9,102,-7713,10824,-10205
58,-119,50,-7246,7525,-15093
-6,-44,117,-9060,3128,-22959
-22,-14,33,-11948,5821,-23104
105,22,72,-15761,22230,-27132
49,42,35,-12923,20444,30752
62,54,-123,-9756,-8089,32341
E
52,-103,64,-4804,-5535,-32680
18,88,97,-12513,19473,-32680
117,-102,117,-2958,-1800,-32680
103,-99,29,-1615,20552,-32680
-78,-106,90,-5685,6740,-32680
51,119,-119,1411,-26689,-32680
117,30,-128,-2110,-10372,-32680
27,-49,95,1851,4809,-32680
-98,-102,78,3665,6478,-32680
1,74,97,-2718,7584,-32680
-56,125,18,-1402,2543,-18560
-61,74,124,4327,24008,-1105
17,-88,-44,707,-12223,6406
116,-54,-66,-2131,1892,4563
-41,-117,-80,-1819,-503,3725
37,14,-15,-1508,-8158,1941
123,18,24,-1904,-5435,1245
-30,40,6,-1296,-2886,4566
123,-74,21,-650,2999,11996
104,-15,33,-4358,-2455,15907
-40,-86,-88,-8757,-18299,-29085
-112,77,106,-8607,-19877,-30680
-34,18,100,-2218,-21537,-32679
-7,20,54,1298,8593,-32679
99,-98,106,-3201,16150,-32679
-47,-89,94,-12497,-21857,-32679
-99,-46,-56,-4149,-169,-32679
4,-103,95,18082,-18865,-32679
43,61,-52,27871,27907,-32679
6,59,-20,-27450,-11872,-32679
-55,-83,-78,22856,-17651,-32679
75,-100,46,2685,17311,25598
22,108,-9,5318,27033,10685
1,-109,53,301,13761,-17294
-61,-71,83,2404,17502,-6848
111,-115,-79,-2391,-7376,54
127,104,44,-1620,5841,-3094
-48,121,67,-6081,10624,-7574
-84,14,45,-9757,2363,-15554
49,-125,74,-8770,5428,-19596
E
-46,18,0,-11436,3044,-25684
-25,-91,84,-16094,3516,-23336
9,-52,-26,-7713,12781,-29646
-109,-63,-127,-6296,1738,-26322
4,-50,-23,-205,-16487,29871
-119,-43,-121,8000,-3688,-29040
90,-8,-70,-6972,-16779,31642
35,-53,42,1428,-22832,-32681
19,37,52,7779,23230,-32681
-68,-46,123,7881,-2867,-32681
115,-34,108,7540,-988,-32681
-45,-2,77,8926,-4913,-25778
14,106,-91,16962,-1507,-9563
-88,85,26,3337,-142,25603
45,-10,-106,-1627,-12500,32448
88,-76,41,-3588,-28680,-32681
103,45,76,-2023,14453,-32681
29,-40,59,2402,14779,-32681
-16,81,78,7625,-32165,-29531
-114,92,110,7902,-30345,-6588
75,34,-5,-3379,10406,3230
-128,-98,-52,-2683,-16380,8299
40,51,103,-2323,-20621,6810
17,-76,-67,-3248,-7836,944
10,46,-20,344,-2796,-4978
127,103,25,-761,5370,-4742
-109,23,102,-1714,87,-512
125,40,66,-1873,-1335,282
-28,-78,123,-7527,-3451,9040
-92,7,98,-12083,-5962,12917
-41,55,-6,-19588,-10476,22955
123,68,-7,-21068,-11911,27596
-94,25,-37,-23351,-14778,-31110
-1,51,-102,-22626,32122,-31839
-10,-65,58,-17877,-18166,-32679
48,4,-76,-10990,-17699,-32679
-42,119,116,-7591,-3311,-32679
27,63,62,-4130,-18438,-32679
123,86,69,4174,18363,-32679
125,83,-52,3806,26981,-32679
E
-87,-29,107,471,48,-32679
50,-28,64,8921,12710,-32679
76,78,-37,19739,12903,-32679
-31,-4,-15,9978,-7231,-32679
105,20,91,-2625,-9796,22747
-78,-92,-55,3513,2011,13481
18,-27,-127,-948,30732,-2922
81,-45,113,716,1810,-8852
-128,11,15,-970,-12577,-4537
104,-57,80,-6044,-1829,-5434
48,-64,86,-8468,5718,-8384
82,-100,-127,-17591,6736,-18007
77,117,113,-17902,2357,-18269
-68,40,19,-15197,5016,32756
35,-73,25,-12859,210,-30992
23,66,41,-7900,6146,31431
69,-116,-91,-9033,694,-32682
37,119,9,-6288,30120,-32682
-48,-74,-126,6500,18482,-32682
49,-110,-116,7404,12332,-32682
49,-73,33,7675,4692,-32682
-98,-65,-100,9917,3688,-32682
53,-81,-114,9181,8122,-29202
-97,-28,-104,4344,-21872,-18381
19,67,-56,3415,28898,-29385
16,-107,115,7576,3163,30038
122,-123,119,7630,5618,-32682
75,125,69,1166,-6036,-32682
-59,59,50,5414,4660,-32682
7,50,-107,3797,-32477,-10758
-66,119,-45,1659,12379,-2956
21,-64,74,-1397,-3051,526
3,86,31,-6353,-6246,7330
-58,83,-71,-1455,7388,6819
-84,94,-30,-2797,-5500,7126
-62,-30,-60,-2940,398,9583
-37,-4,-42,-6184,-2503,10772
118,-121,-51,-11975,-7899,19901
-123,-90,17,-13802,-1277,31002
10,-123,61,-16545,-9653,-29357
E
-41,-38,47,-14013,-24212,-32680
108,-111,112,-8240,-22855,-32680
-42,118,-3,-5464,-20892,-32680
-79,99,35,6803,-6238,-32680
-126,-79,-64,1153,-9365,-32680
37,-3,48,10610,-23840,-32680
-126,-31,25,16903,25730,-32680
-76,120,-101,10184,16202,-32680
26,43,-43,22450,-22670,-32680
54,-111,51,-18811,1863,-11228
1,-78,29,-2127,-4180,-3257
4,76,-12,1873,7087,-9799
65,19,-39,-432,-26277,-8766
-44,15,27,-3612,-2192,-2800
-113,-30,20,-7849,11659,-801
-13,-96,117,-11228,10423,-191
34,5,22,-14625,10410,-6220
5,-57,122,-12804,11176,-8398
62,127,-120,-9917,8190,-17236
-28,-52,101,-8661,3104,-21288
-8,7,47,-6083,11843,-23608
-48,-5,-39,-6672,5732,-25196
-101,-111,68,10821,14398,-25317
97,-87,-13,11899,-14390,30658
-8,-47,-4,6213,-9040,32293
93,72,93,18925,19419,-32682
-91,60,-3,15672,13116,-32682
-14,-47,108,17348,13676,-32682
-111,36,-72,23866,14167,-32682
32,7,-86,19944,-6914,-32682
-94,-84,-125,21912,17956,-32682
-95,-13,5,9998,1751,-32682
117,-59,57,7612,-3596,-32682
11,107,-3,-4423,-22266,-19009
36,97,90,-5429,9101,4712
-84,-25,-6,-5096,1124,10639
108,61,28,-2111,-4258,5528
59,-37,22,-7315,-20266,-3414
62,-70,127,-3229,18728,-3386
87,-21,-99,-523,11174,1296
E
104,19,116,-1812,-15357,4060
-46,82,-3,-6144,-2067,5032
-95,122,-77,-6124,1189,6952
39,-4,-59,-7650,-857,8705
65,12,-76,-6985,-142,9619
31,61,-77,-5961,-8801,17129
20,47,-70,-6041,-5970,16982
13,59,-20,-6026,-18207,24140
31,-100,57,-3057,-18016,26429
-7,92,41,-1815,-19257,-29693
-8,71,-97,-4155,-17062,-32329
-57,-8,71,5232,-18053,-32680
-81,-63,-103,6884,15942,-32680
69,115,73,2191,4081,-32680
46,-78,-22,4147,-1000,-32680
55,100,-88,14168,30364,-32680
114,36,15,31528,27719,-32680
-26,-2,-61,-28766,-18781,-32680
-114,22,1,-14915,31130,-32680
-41,97,-126,-5026,28044,-17901
46,9,29,-3101,18518,-24973
78,14,-39,-2986,-21570,-14050
-95,-89,-72,-5643,-4998,17445
51,-45,42,-2495,16851,14981
-1,48,-67,-2643,17898,-2758
40,72,51,-5284,-7719,-14340
85,-113,-91,-5829,-4831,-13612
-3,-60,-40,-10720,9860,-13321
90,-94,119,-14060,9511,-15194
-96,18,-104,-17183,27192,-20422
62,-3,-119,-12336,725,-30045
-65,-77,-3,-8421,-3188,29600
117,119,70,-2149,1260,-32681
95,-23,-35,8745,12400,-32681
38,-104,-33,-3253,27268,-32681
80,112,87,2327,-13888,-32681
-45,102,-3,4386,5768,-32681
99,55,21,-4496,20130,-32681
-83,22,-15,631,31444,-32681
13,92,47,5106,21707,-32681
E
74,-1,-73,4081,19350,-32681
-30,-37,-70,-4071,-9846,-28617
4,-82,-58,1832,22478,-21324
-43,101,-116,-4187,-25861,-8998
-87,38,-43,-8127,-13287,739
-60,126,97,2170,16854,5200
112,63,46,3536,14088,6445
56,9,36,-3980,-14804,3233
109,-51,-18,-3831,-17611,621
90,-54,108,-403,-3660,-844
-48,-1,7,-1445,897,2745
-16,67,-101,-1860,-2729,4097
-70,44,-80,-3241,1139,17115
35,-76,-65,-4948,-6635,22213
-113,115,50,-5766,-12242,28383
21,89,0,-4493,-19314,-31200
-42,-20,41,-3081,-24301,-31902
86,108,-78,-475,-10078,-32677
-83,84,61,60,-10062,-32677
53,-76,-58,740,2661,-32677
-33,-48,-62,1722,-11656,-32677
93,90,-12,9200,-27229,-32677
23,46,-68,8135,-2789,29227
68,14,-109,9243,572,25996
81,-99,47,5863,-2551,23719
108,-59,104,365,-1602,19400
-56,-4,-123,-827,3681,14937
-116,-118,-12,-3385,11266,12336
78,6,46,-4748,11125,8364
110,-11,76,-4273,9182,8396
73,70,-4,-5746,-1023,2144
107,89,0,-3864,341,2452
-99,124,-22,-3812,440,2580
-4,-82,-70,-2917,5580,2938
45,-74,-41,-1927,3962,1995
85,-69,-12,-1181,1454,763
124,-47,26,-2141,485,-965
113,-41,30,-2090,-139,-1196
-123,12,38,-565,426,-2087
-124,10,34,-629,-330,-1982
E
-124,29,24,322,-9966,-3709
67,27,-4,1348,11714,-262
105,17,39,-212,-4437,-2612
54,33,4,273,-1121,-2558
54,29,-11,-114,477,-932
15,23,-11,-1563,-9065,-781
-22,11,-3,1131,7577,814
