0,0,0,0,0,0
34,-83,88,7303,2667,-3823
34,-83,88,7303,2667,-3823
57,111,-71,9045,1765,-3841
70,72,-7,9897,-372,-4426
78,19,41,10884,-910,-5654
-93,120,-21,11332,-1195,-7417
-46,-127,40,10341,-923,-5506
27,123,-62,7684,-2993,-6139
65,-115,-38,9135,-869,-7504
119,-67,36,8040,-2383,-7429
-70,75,108,6412,-6955,-4899
-50,120,51,6773,-6830,-3816
61,-65,-79,4828,5130,-1696
61,-73,-60,3076,11054,-756
0,-106,-46,6501,3572,2373
-53,-102,-33,7883,-2892,3449
93,-114,-32,2501,-15692,1218
-10,89,86,1116,9500,979
-13,82,-89,2837,10764,784
-85,30,-91,1135,-90,2578
98,24,-33,-946,-5299,1385
-124,-4,124,-1669,1708,-1111
-49,-21,48,-462,10302,-1786
-69,-5,-122,4296,8267,-896
66,45,71,10399,-10149,4665
59,62,39,9302,-14480,4331
55,-124,-121,2650,-8212,-4561
-36,-86,106,1652,8079,-4099
-31,-49,-20,156,6100,-6094
-61,14,93,-3817,-1769,-4008
-68,105,66,-6184,278,-1728
-72,96,41,-5755,5189,-4775
119,-94,-103,-6626,4444,-8850
89,-51,-55,-5524,1871,-7989
44,23,-6,-1006,12,-6294
47,20,-16,-1407,204,-6603
0,83,6,-529,-3621,-7831
6,83,-4,-450,-3118,-7681
2,-100,-72,-527,-42,-5358
E
-11,-80,-89,-731,-406,-3650
-33,-71,-118,602,274,555
-36,-82,-114,566,-615,-33
-88,-104,121,-413,-2593,-645
-83,-95,126,-534,-1998,-364
-74,-73,80,-1091,-318,3695
-41,-83,65,-1660,2399,4926
32,112,44,-1995,6235,5219
20,97,71,-1553,4986,5917
11,-38,-83,2535,-939,796
4,-4,-109,1348,-118,1920
13,2,116,-317,934,-473
44,19,79,-1913,4605,-469
53,34,122,-1946,3798,-224
44,27,-119,-1271,1924,-63
44,31,-86,-1367,1249,926
57,28,-104,-1779,2510,633
45,8,-79,-1174,2017,-438
39,16,-70,-784,1507,157
40,22,-60,-1133,23,542
47,19,-69,-1370,621,316
67,11,-74,-1192,2285,342
64,8,-63,-1395,1083,249
55,6,-50,-1779,-1310,263
72,4,-76,-1896,139,393
87,1,-91,-1807,1260,617
88,-2,-89,-2321,1110,451
87,-9,-82,-2642,1131,674
94,-26,-69,-2217,1206,961
97,-28,-70,-2544,1503,980
105,-75,-46,179,2179,1092
101,-67,-46,-396,1953,918
89,-79,-23,-992,621,79
93,-77,-29,-826,1703,259
90,-86,-18,-673,3630,109
77,-83,-1,-845,1975,464
51,-90,33,-1777,-53,-385
50,-94,26,-1948,402,-462
51,-91,15,-2305,1417,-224
38,-98,23,-2805,1307,-240
E
37,-100,29,-2693,662,-278
43,-114,34,-1838,1401,-596
53,-114,25,-1300,2319,-310
45,-118,44,-400,797,264
45,-114,47,23,510,479
59,-108,38,684,-873,204
61,-103,35,645,-887,645
92,-80,0,1324,1089,1929
103,-81,-13,1548,801,2149
104,-81,-14,2060,-858,2387
-117,-89,-67,5376,-2114,4222
-86,-95,-127,6875,72,3662
-75,-101,95,6197,-1568,1878
-79,-88,35,3488,-6383,902
-75,-94,16,3453,-3880,694
-24,-126,108,1323,4668,-42
-31,-113,-98,862,2516,611
-48,127,-25,20,1630,-1546
-62,-119,-10,-4403,-2815,2036
-56,113,-53,-5107,1970,-526
-65,-127,-29,-8782,-732,-485
-68,-95,-12,-10975,-1790,3859
-48,95,-43,-9197,1904,778
-112,24,-20,-10724,15081,-14917
85,-112,52,-32672,-6812,-30408
14,-113,-38,32425,13703,27668
111,123,27,-25246,8050,-32418
-120,52,24,-11541,3970,-12102
60,-127,-64,2861,-27304,25046
-92,-112,87,13551,13202,26757
-94,19,13,21632,-2319,-27468
-86,-14,27,15186,-2494,32479
100,-87,-112,2130,-15996,32479
0,-53,88,2515,29327,25813
-80,-99,-101,-6566,-1941,-12107
-110,-2,-94,-18431,2160,23488
-13,0,-114,-17498,-4502,29755
-27,-97,30,23448,18255,32479
-52,-54,-98,12024,-8241,32479
-30,20,-84,-135,30074,32479
E
-5,-115,55,-1990,2293,-24972
-105,-6,-29,3317,-12149,-17366
-119,74,-44,-19786,21281,3793
-69,-124,8,1451,-28383,21801
-86,63,81,722,14528,-28258
91,-15,-108,11872,27017,-31420
35,-60,-95,806,-13510,32480
-82,15,52,4511,-15385,32480
74,90,104,-4757,26061,10179
-110,120,-74,16937,2498,-17275
-119,-113,52,-9136,-4255,18775
-62,23,49,-13951,-22695,32480
-41,-75,13,-15465,-6243,32480
-112,-24,-25,-3553,-32572,32480
42,-78,-60,-11750,197,32480
-61,110,68,-26121,-32572,32480
-28,69,11,-18664,-30767,32480
3,72,-92,-20715,-18581,32480
20,-40,64,-16914,541,32480
-120,88,121,-6834,22789,32480
-8,-87,-104,-13383,-17250,-29613
-114,108,-51,-15033,-1411,-27387
15,-72,80,-20557,-5179,-4822
-121,4,71,-10082,25101,-20177
98,35,88,7922,30906,-29816
-64,44,2,-17867,9928,32480
35,82,18,32111,-13973,32480
-115,-6,-73,-2950,-32573,32480
94,-91,53,-21738,196,32480
19,114,-94,-6055,-4916,-14956
-115,117,28,12066,23744,16307
24,-2,104,-897,194,2079
-13,99,-32,-6420,28775,-10113
-114,-54,20,-9423,32416,-2068
-31,-20,-28,-10407,9784,-4706
-121,-116,18,-9320,12147,-11507
-22,-103,102,-12700,-6952,-11000
122,103,-93,-8794,17063,-15465
-95,61,-111,8188,29493,-16985
8,-28,-42,6758,30285,-17712
E
97,109,101,-9254,-3980,-14234
83,82,-27,-5352,20098,-7754
38,15,78,-5264,21208,-7110
-122,-10,65,-8853,2571,-11277
-126,127,-8,-4940,3435,-66
-123,-104,-44,-3251,11736,2845
13,-31,-106,-793,2426,21286
-114,-59,81,5043,13690,23042
19,85,-54,8662,-21447,-26902
-41,5,-78,-12747,5759,32481
57,-77,70,3262,-24393,32481
36,-111,-76,-5636,13948,32481
85,12,-13,-14370,-26134,32481
-91,21,101,-3893,7728,32481
-64,13,1,5308,30455,-9702
-29,-87,65,-15059,196,-29210
31,-30,-59,18522,-27727,26133
22,-22,-28,-31157,20428,-9819
-18,102,-38,-507,196,28733
62,-25,81,6151,1613,31106
-77,42,-77,5683,-22050,32481
-76,-55,89,-1859,-13490,32481
-125,-120,13,-1153,2506,-31414
-92,-84,41,-4226,18821,8002
52,-103,-63,-4392,-10300,31169
-40,3,-38,0,-14359,-26318
-86,-119,-125,5674,4777,32481
-61,127,-39,-26527,29262,32481
-40,125,-68,24931,-3942,32481
-38,20,57,-32493,15653,32319
46,24,107,3701,5968,21
76,-64,99,-21768,-32571,-12606
88,-91,-89,-21311,-15283,24790
61,24,-24,-19669,10895,30336
83,-126,63,-20816,-5920,32481
71,21,98,-26093,23466,-22400
54,90,74,-13987,196,28930
119,-20,-59,-20436,-32571,-22844
-124,93,-43,5194,198,29078
-117,-8,-24,-3881,-9666,32481
E
19,113,94,-6185,2570,-31913
-43,122,30,-7762,-25961,32101
94,-91,22,-4363,-32353,-30425
-126,-10,-21,-9681,-4344,-31819
-26,49,14,-28486,15478,-4226
34,-125,-20,-6771,-30768,-29185
-128,73,71,-8612,21640,-1352
-7,-77,-109,-7081,-30028,-8980
35,-39,-119,-20440,-31001,14977
-77,34,25,10541,22039,-20315
96,1,-18,-18168,-32571,32482
43,42,25,20037,-27262,32482
58,-35,107,22276,-26677,32482
94,47,93,-2875,1284,32482
110,43,-107,-12298,-3556,27965
114,91,109,-6748,5181,-16445
119,-15,-80,-13288,964,-13556
95,95,2,1335,23488,-14363
14,119,-81,27,11084,-12048
-50,88,-14,4552,-11408,-6176
-120,23,-108,6497,-7529,-11375
-93,-58,49,7246,22552,-12106
-55,-8,-74,1596,-2673,-7671
48,12,-48,4954,-6313,-1769
70,-25,-109,3011,1717,851
107,124,-126,5930,10157,4204
-88,64,-91,-1307,-437,7268
25,19,75,-6314,-16107,4573
-57,75,37,-6361,-16583,6029
-116,-46,-67,-1497,-31331,3623
46,-34,60,-4413,-5015,10932
31,29,64,-4097,649,16538
34,-43,-53,-2524,-25691,30486
-105,5,38,-3469,25025,-29295
58,46,101,-28046,197,32484
4,60,-73,25463,10826,32484
-23,-14,50,23783,-25190,32484
-5,-124,-33,-13818,-16402,32484
63,29,-85,16215,7075,32484
-90,28,-54,12115,-18455,27694
E
32,-125,42,1516,199,-15072
-24,104,-101,22497,-14735,-10468
-81,-44,-26,-3449,-1670,19495
72,-108,-74,-16177,20685,-15775
42,80,37,10650,197,16257
-14,100,-16,4365,-32570,28651
20,-68,119,4108,-12927,-22550
-33,-39,47,11064,1952,-14228
124,-62,114,11573,11512,-12627
52,-59,115,6036,-16252,-16775
-93,-16,-102,7149,3191,-13271
-117,35,-7,5284,22243,-2158
88,-4,33,-10433,-5267,-475
84,-104,125,-23077,-9328,1764
-85,-63,85,17929,-18497,-17002
28,3,-14,-9665,-25714,22191
117,83,27,8318,29158,-29619
-10,-56,-56,-4185,3331,-17039
-82,54,88,16115,-32569,-16388
-102,-56,85,-2686,198,31005
0,-38,-102,-28362,200,29321
-94,12,105,-10467,-26399,32485
57,-86,115,-8749,84,32485
87,-73,73,-13644,-10320,32485
119,-122,-103,-17710,-3660,32485
25,-28,57,-18129,-668,32485
-95,-32,-27,-15614,848,32485
-48,12,123,-9964,-6484,-31573
68,-77,-93,-11762,-15765,-20971
123,28,20,-13721,-7756,-27931
-52,37,76,-32555,-597,29383
-10,118,-114,-1291,-10771,16039
-51,-57,43,-12592,20848,-16646
2,106,-92,32113,198,32486
-68,-103,85,32113,-32569,32486
123,49,-30,32113,200,15
83,-94,-8,13580,-11443,11296
-108,20,89,30870,29992,-18306
117,-13,-120,-19770,-1564,-25380
10,76,-120,-10974,-29978,-6597
E
69,-112,-17,-9200,-4833,-17902
54,56,-35,-21867,-8868,-19636
22,49,-93,-15942,18748,-11119
-25,-11,-55,-21348,10686,-26148
-32,-16,85,-17277,3288,-26890
-55,-14,92,-10515,1515,-23692
-21,-126,13,-2654,-16577,-18888
79,104,-98,7583,-6049,-15601
50,103,52,5481,16068,-8248
-76,98,-121,7715,20035,1821
-26,9,4,15586,-2423,5201
-54,18,21,20653,11664,12691
-20,-50,-48,30125,-25744,-30011
64,-55,29,14121,20539,-30201
-72,40,54,1091,-826,32489
108,-17,89,4337,5444,32489
23,-97,26,12638,29150,32489
-73,38,25,6412,-26056,32489
-128,86,-35,15583,-24343,32489
120,12,67,8828,-25686,32489
102,-26,-73,-29955,-32569,32489
81,43,-70,-9079,650,32489
91,65,-128,-29109,-32719,12743
-49,121,110,-9721,198,-32178
94,-93,15,1551,-28077,23471
-47,-97,-107,394,5439,32489
106,-4,106,-1636,4732,32489
-71,-110,117,823,1870,32489
-76,-26,72,1282,-13896,32489
-15,122,79,-5373,-10153,-28118
0,52,46,-666,11095,-20287
59,-28,-77,2493,8551,-18507
-24,-122,31,3922,-8424,-4826
-13,6,46,-829,-14054,5239
124,38,3,-296,-10831,20793
107,-77,-25,-13951,22035,-23764
-8,70,25,-27957,-7680,32489
-78,62,-50,29840,-8099,32489
34,13,79,-22650,-15775,24744
31,71,104,11336,16446,21200
E
-2,-22,86,9875,14283,26190
-20,111,114,31056,17349,-31114
75,12,62,15810,197,31844
116,90,-68,16937,623,32488
104,82,39,18706,10980,32488
-61,-121,38,339,-14296,32488
-15,74,28,-5495,-14753,32488
-20,-23,-83,43,12064,32488
33,52,31,-5800,-13438,32488
52,-90,42,-6649,20937,32488
124,98,100,-10308,3224,32488
20,25,-27,-7112,-13010,32488
-106,-123,-46,-18636,-18916,-22153
-103,36,-34,-25041,-249,-8621
-72,96,105,-28366,-23885,-28561
74,64,-68,-4296,30114,-26738
84,-126,-71,32113,31427,32489
-17,-62,-27,-9196,197,32489
2,100,84,15772,-32570,32489
92,55,35,-26402,199,-22102
62,-120,-56,2463,25102,-6938
25,116,73,-14467,-6717,-21332
63,-70,-99,-8764,11612,-10293
101,-60,-73,1087,6094,-11445
-77,81,-44,-7548,28863,-15923
-114,107,-17,-16117,27847,-19741
22,-35,94,-11317,-477,-28470
88,-51,-12,11042,-32344,-5615
45,-120,96,6458,-1298,-14110
69,-116,-54,-717,13495,-16928
22,38,53,121,-31089,-7437
-87,2,-1,3673,-12991,-11883
55,123,116,4687,6370,-1786
114,-116,-94,3298,2184,-1327
-56,120,8,16363,-28583,11950
-2,-118,104,1984,-15571,28566
-101,-27,63,-29239,7246,18395
126,69,-75,21455,-13981,22562
93,62,-99,2196,23064,-27555
-102,-114,-82,274,-3710,32491
E
34,24,-71,19346,-26691,32491
-93,123,13,-29991,3293,32491
-38,-53,112,7281,-21597,32491
81,-2,82,4492,-32568,32491
-49,16,-13,-21248,201,18986
-117,112,6,32113,-32568,10077
-60,18,-6,-24871,199,8695
101,45,82,18340,-32568,-11775
28,105,4,-15512,16850,-28502
-63,123,-88,30091,-10024,-22423
75,58,-44,-9455,-12856,-26890
-76,-20,-57,-3287,-31653,-20946
38,-72,-110,-6778,6670,-19994
-45,-26,-51,-1126,10115,-16266
125,-95,-123,-60,4008,-4466
21,-123,92,-1321,17932,-10976
-12,54,-65,-7768,-13437,-13704
-73,-40,-19,18499,30047,-32359
58,61,29,4968,-3511,32494
2,-125,2,-22256,-32567,28483
-77,-38,115,-5087,202,-22323
86,-43,-67,20187,-32567,-28182
-54,85,48,31781,-32567,-8049
-92,36,71,-204,200,-25945
-29,59,-124,-1267,-32567,26651
-63,-93,85,-12729,-23512,32494
85,-58,-44,-4633,19029,32494
88,-24,-120,-24144,-2288,32494
55,-94,-35,-9013,-31737,32494
-30,39,42,-7597,-11176,32494
112,-9,126,-11585,-21807,32494
57,16,115,-6470,7383,-32167
18,-68,-78,-10199,4213,-21576
125,-40,45,-18860,7968,-17505
-60,95,-24,-14165,11105,-13667
83,-102,-115,-9989,4396,-8376
107,81,-2,-8235,28307,-9742
-65,-118,34,-4637,28079,7179
-6,-51,46,-14264,-32567,-17500
126,6,-106,32113,200,32496
E
88,-40,-80,5452,-32567,32496
12,-33,71,18321,202,32496
82,-31,-50,4237,11946,-1716
79,89,-65,1662,16340,-10951
27,117,-73,2295,11968,-6296
31,-43,-115,3637,3332,-31
-53,-127,105,16163,19237,22008
54,-97,31,-12927,-13179,-3020
-36,-7,-60,-10370,25889,5044
-98,12,-61,-4957,199,21689
12,11,106,-3840,1340,-2150
38,-24,-95,-4813,-17534,-9163
-46,-28,67,-11595,12340,-7793
-31,70,-46,-14816,-26064,-647
-17,17,-46,-4800,-27154,-18007
-65,-11,29,5324,26976,-17718
-66,-21,-29,-4319,13525,-17123
70,93,-126,-3503,-5083,-9715
4,-122,111,-1268,-1530,-10510
-1,-5,-87,8519,-4028,-18391
-65,71,-69,8424,20040,-15282
120,-64,47,846,4665,11801
111,56,65,-5522,11212,19310
106,-111,98,-8189,18339,22016
-82,-85,25,-8421,29185,-26425
45,-81,-117,-7578,7724,32497
-76,-62,-114,-29748,-25369,32497
-43,67,38,-30057,-2572,32497
-5,-31,20,-6282,21045,11072
-124,122,-79,-6717,26022,-14503
21,-74,91,-11154,-17533,-20975
-42,-71,-76,-27707,6113,23569
96,-5,-91,-90,200,-13124
84,-59,-73,-1356,-12531,28159
-75,68,-89,6578,-1803,-27981
-128,99,-82,8591,8180,-28587
-53,80,-81,3545,-15335,-18708
-5,113,42,4208,1292,-14708
-31,-5,-100,-526,-7499,16440
-13,65,-37,-11450,-22272,29810
E
-94,100,52,-13618,-3652,-27602
-48,-5,123,-14798,-21083,32496
59,3,-74,-4375,-7721,32496
-86,-67,67,-29748,-32568,32496
116,111,76,12639,25133,21326
58,-12,-127,17633,24658,30504
124,112,46,-24302,199,30761
-65,-123,89,-6156,-32568,32496
-122,-71,36,-5631,-32568,32496
-115,22,43,-12262,12479,-29741
50,-12,-93,-13975,-30775,31397
-70,-104,-69,-11948,1563,32496
40,-22,117,-9351,23764,32496
108,107,25,-1766,-27054,32496
-90,-28,96,-13315,-17255,32496
-11,114,-76,-7809,885,32496
-6,-74,-16,-5418,18077,32496
-96,-46,-23,-11585,21014,-25568
110,-40,-42,-7496,14771,-21361
-115,-92,69,-23989,16029,-4554
47,-10,-108,6216,-32570,-11950
-14,-3,31,-16316,-32570,32698
-112,54,78,32111,197,32496
72,-83,110,-656,-32570,32496
-15,80,75,-8331,199,7273
101,-103,69,2965,-32570,-16808
-114,32,-96,-7060,-20617,-12226
74,50,-2,-6746,14004,-12205
-119,-22,-95,7029,25927,172
-8,-53,-83,1550,12704,2381
99,-69,115,3275,31584,9345
1,-85,59,1337,-314,9434
-37,-76,125,421,5425,7421
9,55,22,4603,29696,-3426
-67,27,78,3306,-21296,-616
-49,-7,-96,4369,-23075,6288
-63,-80,-34,-1227,5014,-5309
-112,72,-102,-7675,2146,-15159
-8,-37,66,-17984,19208,-19268
-27,-34,-90,-3119,28225,-26778
E
-26,118,-57,-4612,16559,-18745
-100,57,18,1598,2463,-9726
-81,19,102,5755,6754,-6168
40,4,-127,9122,10342,-529
79,2,121,10900,11652,634
61,-123,104,15339,10204,19736
32,-104,-83,11616,6476,20084
11,-88,12,2760,16315,-25639
82,28,96,-622,3539,32500
32,92,38,-18959,-28400,32500
-65,112,63,-4261,-10582,32500
74,63,-90,-19358,-17068,32500
17,107,98,12307,198,2291
53,-19,-17,-11394,-32571,-20997
-27,23,-122,-24503,-32571,-14938
-70,47,88,-7049,196,-26387
-18,25,32,-23590,-32571,4782
31,-5,-41,8418,-28690,-30174
43,-116,62,-13947,-22938,-17558
22,2,59,-4426,-5680,-12583
-1,103,41,-1104,-21380,-22932
-5,-7,-42,3832,11704,-13346
-61,97,-99,9151,16228,-11150
114,-128,-97,-8632,-7334,-404
-37,11,-18,5683,-15557,-14544
27,115,-123,-3660,-32571,32501
76,50,-46,91,-16540,22926
-79,18,29,-14842,-16070,22994
-1,90,97,8206,198,-32029
49,-35,62,25480,-32571,27544
102,-62,126,-28090,-32571,-30935
56,-28,-125,5684,196,-20299
13,-86,-27,18320,20713,27840
43,91,84,-13504,-32631,32500
99,-14,-55,-31229,23424,32500
-79,13,95,-32203,-31454,32500
-96,25,17,-4052,-17465,32500
84,-11,-12,-15665,-2939,32500
37,21,-112,-16465,-5880,32500
-78,0,127,-13907,-16320,32500
E
107,-83,-33,-10467,-896,-23869
111,-50,-19,-11409,2119,-17368
81,74,119,-3481,-7554,-9821
17,-59,107,-3371,-15421,10021
90,11,117,-9001,5026,17000
103,61,-34,-20964,25209,-22822
-90,27,104,-9146,30227,29437
46,110,121,32109,-5502,-32015
-95,35,24,-16083,-30673,32500
-58,9,10,10562,197,21041
37,-73,2,-11877,-32572,-10232
-88,-40,125,-13534,-7493,-15375
-52,34,-30,-26218,24605,11890
-35,-7,-126,2826,-13708,-7049
-10,89,91,-8509,4832,-2788
-42,86,-97,-10051,-32571,-32264
74,95,-128,21066,196,8293
-24,90,-38,12100,-32571,-2241
-107,77,-34,11274,-19789,-5651
119,-111,64,8549,7046,-496
-39,-94,73,23124,-30073,10882
-58,12,-20,-17118,21531,-228
-98,-96,-33,6610,17324,-2213
6,-96,-92,4283,23544,-14591
-35,-7,70,-5005,-10883,-23948
110,-33,35,-5668,-17692,-21978
69,-107,77,-10513,-20589,-11737
115,76,-91,-376,13827,1073
-102,35,40,-4492,-2251,5387
-26,4,-37,-3226,-17052,27170
-115,8,-66,-734,-11714,28733
33,99,-65,7448,-26924,-29501
-104,77,-126,20570,-21941,32502
64,113,41,-24962,-5138,32502
113,-122,9,-1854,-32572,32502
-70,36,-10,11083,197,9814
-56,78,69,1781,-32572,7280
46,108,75,-17113,-32572,-27344
42,124,-27,-25653,-8215,23325
115,-58,-84,11512,-7924,-28443
E
-38,-39,56,2994,2822,-27603
104,64,-112,-18973,-26965,-22912
44,114,3,-2857,12175,-11938
60,45,81,-7306,-8491,-12401
-119,-27,-57,-3164,-6067,-10546
105,-29,22,-6307,-5243,-14650
-125,19,60,-4180,-23327,13064
-73,-76,-116,-15032,26224,-18867
75,1,45,1843,-21932,32502
-113,77,122,-1344,-32571,32502
-104,127,-7,5985,198,-24362
-94,42,-30,-13195,-32571,31135
93,-82,-105,-15909,-8498,-22410
1,-100,-15,-12477,17929,29276
-47,16,-66,-30359,6176,31936
-38,44,-12,-7887,196,32502
-116,72,-52,-22834,9347,32502
104,-4,20,-9981,-19961,32502
-91,-88,104,-6625,6242,32502
-108,19,32,-6443,-25788,32502
-34,34,-90,-13994,30738,32502
-26,-54,-96,-24108,-128,-30826
37,-100,-49,-25193,5976,-23760
112,-85,-93,-17492,-7709,-18458
-101,89,-25,-23394,-26443,-12732
39,-48,92,-16698,26303,26714
49,86,-14,-8123,-32570,-23100
-1,-31,-115,32111,197,32503
-126,-8,103,32111,-32570,32503
-128,6,8,32111,-7252,30299
81,-92,60,19664,-19164,-32299
92,-68,-57,-19264,12271,26436
-43,-57,85,-21710,3518,-7691
49,37,-128,-20646,15626,2874
97,110,-62,-8272,28221,3688
76,-97,-58,-3480,-9203,-840
38,-86,-95,2527,2006,6411
42,109,-17,-4065,14868,-7204
-119,-128,-56,-16269,8893,-3683
55,-73,111,-23591,1425,-13603
E
-6,-127,-119,-18062,10356,-15023
81,51,22,-25153,-3712,-19595
113,125,5,-15773,-8786,-10130
-100,84,75,6534,22593,-5631
68,-1,-40,4572,-354,-13357
-38,-94,-75,12062,15576,-340
116,-5,8,12245,-11878,1938
112,14,-8,10908,24448,12467
72,-34,4,9832,-24142,17591
22,100,88,9197,20188,13348
-105,-122,-81,14843,16580,8444
20,-24,-7,7644,5706,4247
-2,29,-62,152,-19189,14561
83,72,8,3399,-15761,17866
50,-107,102,15032,6681,-24701
-56,-17,94,-23975,10972,32503
81,-61,-88,25162,-24397,32503
118,9,-124,-25413,-31017,32503
-52,48,24,-13443,197,-13744
123,15,-28,-658,-32572,-17618
21,48,-45,7435,195,26463
45,-90,-6,14219,-2426,23594
65,30,-30,-28731,11993,32503
65,-82,66,-5123,30853,-21852
33,16,-66,-1405,3395,32130
-123,-61,109,417,-16554,-26828
70,115,1,6386,16755,-19088
-86,8,-67,7487,-29644,-3428
-5,-43,-43,-408,12105,23009
-15,114,-91,2183,28115,-32377
-97,42,9,-9009,-17229,-29855
84,40,-53,15828,18356,32503
-70,71,73,-15783,195,32503
-112,-53,-53,-16629,10335,29687
25,48,-38,-30298,-12865,674
-39,80,7,27764,17987,-12315
-89,75,94,-6862,195,25597
60,18,7,-8860,-9564,32503
81,-81,-3,-23084,-2225,32503
-64,79,95,24948,16652,32503
E
122,-4,-70,-8435,195,32503
99,77,-118,-8319,26856,32503
5,-82,34,-17571,-24196,32503
-123,-106,-54,-15597,-24634,32503
-73,69,51,-7627,-27075,-16984
15,69,-93,-11209,-19955,-19744
74,118,50,-12157,27371,32070
39,47,75,22133,-32572,-24037
-15,10,83,-22793,195,32503
30,-75,18,32110,-32572,32503
104,-126,1,-22639,-32572,32503
58,61,64,4726,197,17827
-90,-95,51,-21551,-32572,-18753
-23,-74,-14,455,31295,-23276
-29,70,-12,10061,-21094,-26340
45,-77,-42,4746,6297,-21047
-69,58,12,-4936,-30167,-31009
18,-24,-81,7407,-17378,6610
-61,106,-31,-30344,3135,25828
116,-58,-26,9262,196,-27157
79,-31,4,41,18697,32065
23,-61,-46,-6030,-6109,32449
79,83,22,-6033,1622,-30815
110,-58,-87,-3350,9474,-28477
116,44,14,3125,1531,-16653
-17,15,-31,1120,-778,-12533
77,-62,108,11471,28654,-1160
-38,-122,-12,10124,14923,-404
-45,83,117,8656,-12932,25411
36,36,-90,4846,-15546,-24878
52,101,81,11961,7148,32505
85,52,-49,10492,13908,32505
-117,32,41,2277,-22213,32505
6,17,13,1723,28802,32505
-63,-9,-49,-26720,7451,32505
102,-59,-33,-9856,9215,32505
-78,-2,-26,8204,197,32505
28,-19,-47,5319,-32570,32505
97,36,107,775,199,-20631
-101,-100,59,26506,-28614,-16304
E
-16,126,-66,-17836,9802,-23307
36,59,-96,25546,-32570,25733
-126,1,-70,15485,197,-17701
-52,43,66,9002,199,-30203
110,-98,-104,-13083,-32570,29859
123,-110,-33,1766,-22789,-3335
-24,-82,-38,-11742,-28641,-13835
-43,-34,-19,-18957,23439,12514
101,4,-92,-7335,-15397,-21479
125,-49,-27,16621,-23422,-32096
-13,-79,-2,31961,-11937,32506
-78,69,-27,2517,-30988,32506
-34,59,-67,16136,-24374,-13958
-24,-14,53,-24356,19313,-28229
35,11,30,27431,198,-9263
-124,121,84,-4604,-26355,22131
-34,89,49,-5001,-26156,32506
-72,-11,-73,-8188,25382,32506
-107,-9,53,29784,-12197,32506
-55,-76,24,-15016,-30741,32506
-48,112,-68,-19271,-11467,32506
79,-32,31,-18322,-19857,32506
65,-99,-117,-15125,12613,32506
-29,29,-109,-20123,-31897,32703
6,11,-99,-19340,-6119,-5435
-101,23,41,-18442,-27237,-12333
95,-60,118,16711,-20609,30682
67,43,77,31953,-31116,-24823
-34,-114,28,-28841,-9819,32507
-104,-95,84,32110,-8193,32507
-1,120,-40,27236,-32571,32507
31,114,125,14804,198,32507
117,-11,-112,12117,-23508,-6942
-12,15,93,9840,7500,-15897
-63,-24,117,2412,26220,-18291
-118,69,-101,-415,17657,-13801
-22,-31,-88,5375,-9978,-6986
98,-85,-83,-18954,17143,-29927
8,94,-57,-10974,195,-25765
103,63,49,-11605,-32572,-21494
E
-52,-128,-11,-26138,197,27303
-5,-17,-11,33,-23271,32507
9,-56,-54,2143,4522,-31329
-106,2,28,4117,11666,-22699
28,17,48,-2279,-10618,-16581
-123,36,-117,1618,24240,-7816
-79,-36,-28,3215,23326,-8105
-65,-21,-44,1804,24850,12059
95,-18,-30,256,21945,12374
-97,35,-44,-1921,-24816,-31576
-102,-100,-89,3522,2766,-29741
75,-16,-40,3639,-5016,32510
85,-125,29,3680,-926,32510
117,-65,37,7301,-13014,32510
-31,-48,24,-23709,7314,32510
-5,-66,24,7504,-16978,32510
-128,-72,113,-3889,6755,32510
32,66,43,4078,21538,32510
-58,123,77,-8990,9629,-15273
-1,-70,86,-7836,17410,-27100
115,-114,-15,18812,16003,21228
-63,-111,-106,2945,195,-17599
98,-127,-120,16302,-32572,20497
33,-19,69,1138,808,-30309
-94,-68,68,29522,-16669,230
-107,23,113,-20417,27596,-31809
-33,58,-54,-1030,11796,-1716
72,37,116,-7447,-9941,10609
-67,117,31,-8559,516,22925
-116,-128,29,24470,15788,-28624
-91,-11,-75,13560,8620,-31840
43,-64,3,-32350,-20594,29495
64,69,-103,21172,18288,-11873
-107,4,80,13441,26935,32705
-61,84,86,471,-1544,26568
81,14,69,884,-31991,32511
-2,43,92,-10837,26326,32511
-90,86,-97,-26197,-14147,-29188
57,125,-90,29781,16639,31232
-72,-112,-64,-10498,196,-11513
E
-81,70,98,-17498,-4786,26898
80,85,-16,-18318,-24573,31992
45,-54,50,-17615,12509,32511
1,-5,112,-9919,-10805,32511
85,-3,28,-15181,-567,-30679
-95,-106,-45,-14736,-12700,-28528
29,5,-126,-16774,-180,-18926
9,-70,-99,-22559,-5063,-9438
-117,-110,12,-27560,-5329,-10191
-60,84,-21,-575,19195,-23352
58,-64,-30,-12989,-32572,-28932
-69,-24,-70,32107,195,32512
86,-96,-48,-21043,-32572,32512
122,-88,4,-10111,197,31298
-98,-33,-117,-13850,-32572,-7809
76,-63,-113,-6935,17515,-24217
-4,-53,-35,626,13993,-17755
-43,93,98,10001,-24783,-12169
90,-15,25,8713,-15137,-18547
-50,-24,60,-2496,23944,-31972
116,-83,-3,10509,13141,30374
-28,-111,-48,4942,26662,-2508
-21,-102,26,3020,-25595,-10688
-115,-29,15,-1508,-13742,-7397
-32,-86,22,-880,-28931,-4772
-87,117,40,-2945,28479,-3277
62,87,-5,-6714,17723,-1496
-46,119,-67,-9664,-26278,-1487
-118,106,68,-8188,-32572,-2096
36,-79,-105,-7470,-25814,-5262
32,126,-104,-13222,32000,12015
-78,19,-98,514,19738,2127
16,-112,-107,-10095,14604,15877
-59,65,-85,-3142,10446,22193
99,-61,-83,-11610,28428,-26130
-56,-39,17,-7994,11515,32513
-62,2,65,28259,7498,32513
-92,-56,-94,-25397,-18590,32513
114,-31,120,-16642,-31236,32513
-78,117,30,27768,7017,18557
E
88,9,-90,-18107,-32573,-30712
11,124,-10,29970,194,22371
30,1,42,-15613,-32573,-2514
125,-17,26,-3251,196,22344
92,-125,69,-11925,9030,-29135
121,80,-65,-6568,9317,-27029
-28,101,78,-3120,-5562,-22217
-3,-87,-3,-9596,-25283,-17815
-86,83,120,-18582,-16418,-10157
-30,-11,-95,31072,3364,13047
-14,-79,13,-680,4071,-30052
83,105,91,-12493,-17649,-29299
12,98,-23,4068,-10473,32513
-13,55,16,30080,-32572,21069
-38,-15,-54,-28967,197,3238
-1,-9,71,-10554,9010,13569
-96,39,-26,-5205,-13665,-11293
2,69,-84,-21313,197,24958
72,116,-42,-15165,28672,32512
-45,-36,-107,-24679,-13983,32512
-106,3,-12,-16670,-5349,32512
64,-86,-39,-16419,-13213,32512
-64,75,86,-26856,753,32512
84,101,-128,27175,193,-7746
36,108,-35,842,32347,24086
25,113,-38,-18784,-9693,32512
-124,105,-31,-21061,30876,-26919
114,-43,-39,-20233,-26991,-17659
-125,56,-100,-7643,30505,1409
-83,-105,36,-22421,-24845,9778
98,-33,-90,-7955,-14526,-18994
-28,-100,96,32100,2761,32512
104,116,54,5718,-14686,32512
-35,109,94,-29285,-32572,32512
63,-31,-27,-811,-31148,-14083
-32,5,-25,-11256,-26486,-10114
120,84,67,2200,-16437,-27854
118,74,19,-6267,21179,-11698
5,41,-12,6450,-22544,-6173
22,93,4,14267,1231,-5717
E
-10,38,-33,17898,-2269,-10517
110,-68,-8,21925,23157,-11332
96,25,37,10045,13710,-10156
-27,-22,54,5261,9680,-12035
109,41,59,4748,7990,-11591
87,-114,-116,633,-4284,-12806
-31,122,-120,-717,-4180,-15461
19,116,127,-6721,-16432,-16891
20,44,-13,-4065,-20124,-15800
-50,-74,-37,-1586,25631,-9271
94,84,-89,-1101,1976,-8183
122,100,-51,1398,7636,-11802
-29,-12,9,-7694,-21624,6280
-10,101,115,14049,27002,-2765
-103,-57,43,-6513,20642,30172
-69,59,45,-10961,12185,-26548
120,57,95,7230,26381,32512
-30,-12,-29,13883,13005,32512
-99,12,118,-22376,11687,32512
-96,-43,58,26645,-22672,32512
27,-124,-13,26708,-32572,32512
-55,-58,-113,-11907,197,15065
127,-86,-94,22087,-32572,5560
-103,-92,34,16612,195,32512
75,-44,111,-926,5767,32512
-59,7,-61,-15318,9262,-31180
106,7,-111,-23944,-32572,-17427
-20,-69,38,-8578,-20612,-23572
-13,57,-7,-7920,-396,-12474
-7,-121,-24,-14191,7441,-10502
-36,82,-122,-1153,10118,17096
-88,53,14,-27560,24829,-20407
-116,74,25,25887,-29264,32514
57,-51,59,2813,-24073,32514
126,-57,104,22566,-32572,18558
54,64,114,-19333,197,-16203
12,103,-63,32102,10964,17536
97,-38,-6,25432,-14317,32514
-7,74,103,27417,197,-17542
-23,72,126,-17108,195,-32737
E
-60,-30,-40,-15932,18894,30699
2,-19,-41,-24643,2363,32514
-23,57,54,-13548,-22763,32514
-6,-42,-128,-25647,-13936,32514
58,30,26,-25477,5671,32514
-39,110,58,-24797,-10376,32514
-39,-100,-102,-15727,5880,-24536
125,-88,80,-14970,17863,-18465
69,57,13,-16314,32221,-6299
-44,-87,14,-21386,-32573,-32261
-107,86,-49,-29386,19401,-28446
-83,95,108,32102,-17130,-32194
75,-81,-108,-665,-32573,-1090
-65,-46,-23,-6174,196,-21820
44,51,100,-17038,-2571,-21067
119,-96,-126,-1516,-31672,-9073
-8,-29,-31,-10962,32351,-25605
30,-47,52,-14039,22246,-13651
95,-69,-60,-6620,-18008,-11864
81,-116,-57,-10977,-2260,-14870
112,-82,-36,-9691,28934,-20392
-91,97,-5,-13740,-7285,-17563
43,-55,58,-40,-31653,-21837
-86,50,-100,-2266,2413,-18210
32,67,35,2196,3508,-18312
-56,104,97,-1478,-14535,-15789
-103,-58,-22,-2798,7513,-6538
31,-25,95,1706,15262,-2264
-64,-4,-52,780,2484,3966
-113,-5,-65,6434,22841,4274
-59,-20,101,9073,-27831,23605
56,4,-23,7996,19717,26161
49,90,-18,4221,18276,-28282
-40,-30,120,1839,5360,32517
-19,55,37,-707,10330,32517
-103,-115,-70,2883,25468,32517
49,-85,-19,-16242,-5576,32517
123,-126,18,-729,16069,32517
-58,-116,89,-16266,-8027,31933
113,43,-45,-25945,17394,28416
E
115,-59,-28,30721,-32574,12391
-70,76,-21,-11654,193,16554
-76,-27,-128,-1119,-30295,31738
-12,-20,-2,-6975,4616,-28136
44,1,96,-8468,-15777,-30846
34,124,98,-6166,-19643,31686
-36,25,-88,-11963,-22524,-25761
-30,125,-76,-23155,-6338,-227
18,82,26,-28889,26491,23443
74,-83,47,-9230,20382,-22989
3,-78,-9,-19952,11655,32518
-3,-96,58,-30137,17142,32518
-106,-116,-20,20907,-24115,32518
48,75,47,28434,196,32518
-17,63,-29,15808,-32573,1388
-35,-109,-71,-547,-32573,31973
-62,-5,91,-23551,-1248,32518
76,115,-34,-23526,22522,32518
75,32,-114,28852,-32573,32518
9,53,108,-76,-17886,32518
-94,85,-102,-7263,31744,32518
-24,-2,117,-16905,-30613,32518
117,93,-59,24725,-16590,32518
-11,57,-96,-6293,-29581,32518
67,-27,-15,-17443,18323,32518
45,34,-30,-18349,13866,-23044
-85,-23,93,-22729,-30756,-28833
-128,-77,-116,25915,-121,5613
-16,-54,11,32098,21944,-13961
-28,77,-80,-671,-22750,32519
54,-41,-68,32098,24061,32519
20,103,-43,32098,-27057,32519
125,-89,78,20075,-32573,32519
120,16,-62,3338,-9468,32519
-50,-15,11,-3279,14339,15852
43,17,-16,8571,-32573,1271
-53,63,-126,3808,-3339,-30929
-122,49,-114,-4889,-24799,9197
78,-121,37,8242,5279,6802
3,-11,-3,26947,-32573,22158
E
91,-29,29,3784,194,22423
-66,5,21,6768,-1929,-32079
-24,99,91,-6721,-1840,-19366
114,-44,14,-3925,9304,-20025
-111,-96,-59,-3042,7757,-16750
102,66,-36,1963,9912,-18601
9,-83,-55,736,-1487,-19913
-103,25,-13,-1708,-15142,-19526
21,-36,-75,-9522,-22229,-11288
122,5,-74,-6637,-5679,-10955
-84,69,-25,846,10856,4388
76,-100,-27,2111,13799,3005
-1,63,9,1994,2162,23385
-38,17,6,13704,8301,11055
120,-77,73,11004,-1137,31461
-76,95,50,15853,31331,-29369
86,-2,-79,13494,-1437,32520
-55,116,108,27176,19035,32520
-22,105,-110,11706,20925,32520
-127,-27,97,-2009,-25526,32520
-73,121,5,-27855,-32573,32520
125,-58,41,-727,196,25185
92,-22,-75,-14261,-32573,20320
-100,13,-46,-26769,194,28510
54,-113,102,8584,2874,24562
39,81,-66,-21248,32071,32520
71,96,45,3383,-1451,-18754
26,127,-77,-6435,-3255,-15264
96,6,52,-9441,-13928,-23643
11,122,-52,-6571,-13356,-19866
117,112,51,-11869,7989,1345
65,-82,118,-10005,-5893,15400
-1,-35,122,-29617,905,-20901
92,-68,72,7154,15628,32520
97,-64,-30,26693,-21212,32520
115,37,-128,-20184,-32572,32520
-58,-58,-86,-22967,197,32095
9,-71,-25,-8995,-32572,21740
72,47,-17,-19197,-32572,-2695
32,-42,77,7729,195,22413
E
80,2,62,-4124,5175,32520
-6,-11,95,-2701,-12312,32520
-110,-45,124,28529,18376,32520
77,88,-4,-12083,-18057,32520
26,119,-59,-18113,-7541,32520
65,36,-46,-8973,-30945,32520
10,-82,30,-5792,10857,32520
88,61,-2,-13384,19579,32520
-93,-21,-18,-16215,32461,-30389
-75,27,-42,-20424,31968,10151
13,-36,46,-28839,-32573,-14929
-95,-116,-64,-26538,194,32520
27,-2,0,5149,-32573,32520
51,86,-48,7412,-32573,32520
103,-114,-118,2533,196,3405
98,38,-81,-7648,-32573,5961
85,10,18,18765,-32573,26916
79,-42,-102,-19488,-5153,-1565
-17,67,124,-10101,18274,4748
50,-56,85,10381,-19801,14141
-77,9,61,5939,13960,-3975
-122,-42,86,8318,28375,-7830
14,-104,-65,-6498,-18764,-3251
98,-52,77,6352,28360,-13756
-30,-120,-37,28478,194,29554
-35,-63,124,20560,-3828,-5037
-67,43,-68,6989,-21008,11019
60,-106,-50,13223,14975,9811
120,10,-46,4924,15059,10444
-126,-35,-45,-4568,21592,-2552
69,4,101,-4309,16401,-6842
105,107,-112,-9186,10308,-19189
76,-123,16,-12319,7094,-17554
-8,-5,0,-2973,23693,-13310
-122,85,13,-1863,15783,-2050
-16,26,107,-12228,-6247,14533
56,-49,89,-9504,-21936,-20578
30,35,85,-28487,-27222,32519
-21,27,-5,26428,28110,32519
116,-35,-3,-29794,195,32519
E
62,-86,-70,-23184,-32572,32519
2,-21,104,17174,197,28750
-24,-18,4,-17236,-32572,22853
-7,-50,5,-14803,30418,-10537
-101,-17,-45,30278,11968,25025
56,38,101,23418,195,-2120
-98,-92,-59,-15351,-16976,26503
22,30,-91,-12991,12297,-21775
-35,107,61,-12511,-8273,-23721
87,-70,32,-10403,2967,-19219
13,23,94,-3482,16716,-11757
118,-22,-88,-11485,2793,-4915
126,-81,-7,-29254,13830,-12656
-118,47,-104,-6031,-32574,9681
98,-71,76,6305,-15655,-25403
-24,75,-79,-14852,-27292,32520
113,122,-17,-20240,195,5194
78,-95,-126,-10764,193,-9749
14,40,-109,4688,-13648,29861
110,-25,-61,5088,-932,30621
119,109,76,3,8975,32521
-104,121,-119,-512,29382,32521
-120,-57,108,-15260,-26885,-15147
-83,-36,-109,-7436,14903,26565
-60,-93,-11,-6061,-31504,32521
-63,114,26,-3382,7703,32521
106,-89,4,-2546,-9051,32521
76,105,-28,-2667,19615,32521
15,-24,37,-8124,192,32521
113,28,-58,-18281,23607,32521
-111,22,-97,-14849,-7709,32521
65,59,77,5256,14790,32521
-43,-32,22,-15838,-32575,-21762
87,-103,-113,-22379,3097,28325
62,0,-119,-14827,25160,19202
-15,47,-40,-25103,31598,-24886
-80,-113,87,-28187,192,32521
-97,24,116,-17968,19605,32521
-45,110,93,22321,10855,32521
60,-3,89,19515,-23032,32521
E
45,-44,50,-12595,7245,-16862
87,-93,85,2157,-9321,-7522
-27,-1,11,4520,-1045,-17815
-47,-32,75,15570,7245,-1913
-109,-121,-42,14767,15323,-18114
45,89,-69,7062,-18705,-18333
62,23,-5,-494,17400,920
39,-6,-113,3730,2468,-3295
-51,88,-57,8518,25088,-1476
8,116,-33,11913,10916,3551
79,47,62,12299,15885,3050
2,46,-38,12827,931,4625
-50,-77,101,20320,-7191,-2516
-17,-31,3,3246,2184,-7288
-73,-122,115,-1407,10860,-4739
-79,-103,-31,-4406,1496,-4498
25,-54,116,-7381,-1060,-15020
80,116,123,-12228,9691,-11409
-7,117,104,-13452,-2075,-14333
20,93,-87,-2239,26354,-5010
-73,57,1,-3509,6206,-2339
-74,77,-126,-2434,-1287,2358
-96,-92,65,-8657,-2786,16583
31,-117,-118,-15213,-29981,9067
54,-92,106,-1237,-8352,-21629
-83,-73,-54,7303,28530,32522
-103,122,38,-12350,29827,32522
-13,13,-65,-286,30604,32522
-100,83,37,-14445,-9405,8664
11,75,41,20624,12405,6313
73,101,41,-671,7044,-2548
50,10,-111,28395,-32576,17006
-112,-65,-98,10345,191,-517
-103,56,67,597,193,21493
-23,-99,-81,4708,17635,-24855
-104,-87,40,10180,-545,-20414
124,75,62,5838,-30456,-15115
54,-39,50,10969,1477,-16367
-20,-52,-84,4508,7177,-1805
45,-45,92,972,19499,8314
E
54,76,52,-7548,7839,-18392
-112,-120,-98,-9157,-9598,32521
-15,-125,5,-7414,-14543,32521
-82,113,-95,-18963,-32576,15073
99,-19,71,-9830,193,23225
-128,113,66,-4419,-32576,31910
-71,96,109,-7426,32736,30763
42,29,-120,-13251,11190,32521
61,85,-29,-8032,-22171,32521
-50,71,-34,-21445,-15668,32521
58,20,122,-15702,5688,32521
-20,89,-34,-19706,-15458,32521
117,95,-28,-6702,15529,32521
0,-20,-30,-12970,29443,32521
-86,63,94,-13812,-11093,32521
-77,116,-127,-5491,6930,32521
-29,37,-116,-13374,-8069,-14839
7,-11,-52,25179,-24289,532
-101,-9,126,30763,-32642,8602
99,-70,-41,-24155,30555,-18520
59,-2,-83,-25614,-12500,32521
28,-2,-105,32095,-6501,32521
25,-115,42,32547,-32576,12677
-102,-14,114,-26693,193,14017
-89,-22,-108,-17658,20026,5392
-97,122,-57,14247,-28026,-8981
-48,-18,-106,3620,31354,-9610
67,-121,-66,7785,-1825,-2933
101,-63,115,13553,-19465,-14728
22,-24,-65,1552,16775,-5112
-57,-60,100,3731,2989,-4629
48,-100,61,-607,9670,204
25,-127,90,-1531,-3773,-2543
56,-59,-23,8875,5412,-9225
78,-10,38,16038,2411,-7047
75,49,45,25161,1628,-5866
99,44,-66,23614,-7890,9918
75,15,104,28566,-8923,9759
59,34,-101,25993,25088,19441
126,91,84,-430,-25129,27443
E
-13,28,-18,232,29016,20972
14,-98,-72,-556,-25739,1061
-25,41,56,-4725,-5273,-4840
85,-69,29,-16414,-29132,-7112
96,-103,127,-18766,-19160,-12378
-95,79,61,-18695,2129,-10950
11,-86,-42,-20209,-3007,-3980
64,-31,13,-25950,-4468,-3697
-19,-96,117,-31822,27091,-29762
40,28,-16,19233,30100,-27925
-32,-12,7,-18951,19499,32521
-37,-88,-69,32093,-17168,32521
-43,122,-12,-6037,11819,21398
-66,-94,-52,18122,11122,-6447
-5,-28,87,-13914,17101,-24406
-77,-52,-61,-30608,-32577,-28201
-89,76,-21,12562,190,27899
61,-12,-19,-24330,-32577,-2985
-45,112,31,7077,192,-27354
-28,58,-88,15464,-32577,27298
110,-88,-97,-12646,-7191,-2165
-74,-83,50,-2805,32131,-25967
-34,96,-100,3634,-13990,6477
-38,7,127,-4849,-12814,18996
64,17,-115,-31844,9279,-22612
6,-115,38,23737,26864,32523
-92,85,-82,30418,8713,32523
-38,-85,-92,2390,-22328,3745
-32,-104,-127,-15569,192,-193
3,-22,90,12616,-31726,-26621
88,36,117,-3401,-21939,24170
101,-21,-90,-31792,32345,32522
-11,10,-2,-1223,22772,-16190
-70,-11,-48,22917,25501,26914
11,46,-60,-15464,-13989,32522
28,0,93,-14498,15966,32522
50,1,-23,-16970,31752,32522
76,12,-123,-11234,-23934,32522
-21,74,28,-15129,-30735,32522
-41,-7,-22,-6085,12147,-28425
E
77,-1,-123,-7263,1066,-21757
-61,106,40,-23103,28294,-7452
-79,109,111,28956,-22067,-10449
17,-33,11,-9584,28146,-11081
55,-8,107,-9136,-15014,32523
-54,68,-10,32094,16517,32523
-111,-41,-113,32094,-18124,25036
29,108,60,-17891,23365,27656
-71,86,67,-8001,11195,7627
-27,124,-15,16635,30360,-22714
84,78,-44,-819,-31898,-7405
126,120,81,3154,-27321,8132
118,87,40,-3951,-18176,1399
12,46,-81,7148,-7062,3906
-126,35,70,4042,-25237,-1541
23,-50,101,12372,21833,7509
-34,51,-24,6511,10258,11370
90,87,-54,9761,-254,6569
-97,49,-17,11375,120,9703
-29,99,-27,15726,3417,11984
16,-43,-85,21362,713,8922
67,3,-127,27061,14163,10437
-48,67,-84,14359,31554,-9345
-95,-41,102,8275,15637,19964
-53,-79,127,12146,7405,-5340
59,-45,-109,-2160,-7186,2215
-47,-94,-113,-9818,-6413,-9825
50,-106,94,-9920,-7833,-5103
-106,56,-118,-12284,6097,-7060
80,-58,74,-8994,1475,-12695
17,-6,26,-9039,-10348,-15224
-64,-108,58,-7606,795,-19439
-5,47,73,-10944,-18235,-19972
-18,-10,123,23647,-23128,-9427
56,16,72,5347,-4979,-14691
86,-25,-50,9435,21607,-31587
-61,72,-96,-19398,24358,32524
-15,-83,-90,32094,-18785,32524
-87,103,0,16179,194,-6134
38,77,-4,25168,-32575,-5124
E
-58,86,5,23071,-32575,-1083
55,61,-23,3736,-32575,29202
5,0,31,2773,192,28314
-22,49,-53,20371,-32575,11748
-37,17,-83,16754,15827,23904
26,-26,-89,-20417,27750,-15314
118,-21,29,-21158,-31008,-20266
-120,-107,-45,-3003,-14086,-22445
-5,95,76,-7193,-870,-10967
36,79,84,-8248,4658,-14384
-101,0,-93,8541,-6092,29567
3,-82,-42,-32620,28389,-24201
40,-85,-63,28959,30466,32524
-94,38,96,-15821,-21940,32524
4,43,82,330,194,-9608
-27,-47,103,31549,-32575,13801
109,123,-8,12139,192,32524
104,76,-108,15121,-32575,-15363
-78,-87,-39,-14031,-26208,26641
65,23,57,-11190,19917,32524
-36,-19,60,22522,-32575,32524
115,-98,63,-18340,-19601,32524
-97,24,-50,-21710,-30864,32524
73,-12,-29,31003,-18644,32524
-37,-100,101,-23035,12139,32524
28,116,-13,-13816,6740,-28561
-125,113,114,-15220,1671,-25997
41,32,-85,29958,15236,-9182
111,53,19,-19055,-32574,12472
62,63,101,-6197,18249,-18366
123,65,-87,32095,-31102,32526
21,-43,-7,6989,-27790,32526
24,-14,100,-20823,-32574,32526
-34,64,-30,19756,195,-22241
-26,-46,-85,29018,-32574,-9707
41,-107,87,-17553,6209,-13148
-65,61,65,-13457,-12734,-979
-46,-6,67,-390,460,-6850
76,-63,21,10081,11029,-18722
-78,110,77,-18161,-32574,23269
E
-64,-124,-90,8381,193,30501
-114,51,-14,10756,-17570,-8959
-49,80,-9,9911,14095,6166
-77,71,-88,18108,5543,-560
39,-64,-46,25321,17865,3028
56,16,-37,-28357,-9391,-11086
-20,65,1,32097,17032,-11558
-103,83,9,26761,22162,2151
43,98,40,-3589,23348,18156
85,-50,23,9201,-7535,-223
-31,94,26,-14384,-28052,6450
121,7,-47,-5401,-15645,-2630
118,59,-56,127,-28921,-2370
77,72,20,-7543,-4579,-11874
-10,92,82,-7251,-10663,-14477
-32,35,-88,-11227,2037,-9199
89,124,4,12289,11477,-8478
-65,4,-4,-31373,-8741,-7299
-27,46,-43,-26063,29880,-12805
75,78,108,-15053,27615,32523
-120,116,-98,-8407,26177,32523
-89,-80,35,32097,192,32523
-1,-60,-115,28063,-32575,32523
-74,-80,-100,-14748,194,26296
123,45,44,8022,-32575,-26629
-66,70,-32,-8211,31741,-16526
-32,-39,116,-3374,-8137,25336
73,-39,23,-13613,-15100,-27295
-90,123,-4,-20377,194,-2022
-70,-94,-87,10175,-4022,28784
72,106,-64,10254,-10812,-31893
-102,100,-29,-19421,-20583,-19491
118,-48,89,-12267,-22932,30237
-45,54,-2,-8816,11660,-22961
-34,29,-97,17932,16897,32524
-110,-117,58,24638,5752,32524
81,61,10,26306,28048,32524
35,-124,46,1378,5767,-243
126,-47,-114,6761,21388,32524
-14,-14,-29,19858,-31663,32524
E
-69,26,60,-26806,-28296,-28701
-36,-11,-84,29245,7591,31087
-105,-41,-26,-18928,193,-29412
-96,83,79,-30840,-6371,31324
107,-104,-124,-23886,158,32524
13,96,109,-26330,12497,32524
-81,11,-7,-20090,16524,32524
-83,89,-34,-17100,6744,32524
34,111,-75,-15714,-1489,32524
-48,-9,-35,-25214,-26686,32524
107,-88,-40,-26397,25228,-18326
-102,28,47,-4860,-15878,-26985
-64,-88,-61,32098,-27215,32524
89,0,-74,26354,-32572,32524
123,-82,-117,-31448,-32572,32524
101,123,97,-26782,197,-11815
-14,2,-44,-31277,-17497,-14326
-82,-107,-101,-15032,-24012,-4757
8,6,-63,-7497,-11159,-2760
78,0,-124,-4958,10803,518
37,-6,80,7456,24627,8972
27,32,-90,3876,-11238,9355
-86,113,-15,7852,-769,18235
-77,74,6,9219,-10374,18424
24,-57,2,25203,-17519,20670
103,-6,65,29532,30635,19675
98,112,-45,-30493,25512,13150
-20,0,21,32099,-10042,-193
-14,6,-25,24314,-6504,-2538
71,23,64,14874,8094,-1026
35,-36,114,618,9712,-10887
-18,49,-71,-6879,4064,-18593
-90,73,-127,-24854,-5767,-28559
86,-43,24,-23641,-21787,28020
-120,36,29,-18919,7967,-31134
12,23,-122,-16311,-11588,-24486
-99,40,16,-9312,-4231,-20546
15,-53,-60,-13464,-16012,-14384
-97,16,-9,-24679,8276,-1222
34,15,-33,-28174,20708,13490
E
72,-66,47,-32742,-22056,-20157
-48,-30,76,12895,21643,32525
-75,6,122,-16622,-5732,32525
69,-55,-98,13004,-8753,32525
-102,70,-55,31553,-8475,12422
112,-70,-24,13363,7167,-10333
98,106,83,-6759,13398,-24173
60,-26,34,14620,-32573,24163
-66,-61,-55,2308,194,-6761
56,104,-82,-10261,-16272,28356
-86,108,-43,-5156,25976,-24485
-3,-50,44,-18797,29840,-28722
-83,19,121,-2583,10177,-11612
-35,75,1,-19496,-29330,-7237
102,-31,-70,2079,-29736,-26954
30,20,84,27683,30073,-29916
105,-89,-43,-26002,25037,-32325
123,-46,85,-32294,-19010,32525
89,-14,-109,-2480,195,-3972
-25,-5,104,14981,193,11923
-124,-64,-23,11264,-32574,-30046
58,92,-50,-5171,-32574,32579
31,-79,7,-15175,-32574,-22484
-42,85,-123,-11936,-32574,26473
55,-117,-125,1974,-32574,32525
27,39,-96,-18925,14213,32525
3,86,101,10545,24947,-24288
53,15,37,16622,4949,29618
-84,124,-97,-14013,-1981,-22093
50,84,-82,-19752,17380,28887
-15,-43,-23,-23721,-13952,-30499
-81,-71,-24,-13285,22608,-23299
-77,-99,-32,-5373,1094,-12731
102,-82,31,-7432,-9240,-17280
-34,-103,82,-5600,-5823,-12200
2,-57,-112,-22139,19423,-10140
-21,-3,127,-19950,-32576,-25061
-55,-33,124,-7923,-32576,-28341
39,111,69,32099,-9673,25118
34,-28,-67,32099,-29288,-30540
E
-57,125,20,31996,-32576,32527
94,-20,-60,-4318,9543,-18424
45,-116,-114,-1190,29844,-19058
-92,-11,-126,26352,-32576,-1408
-88,-90,90,640,-32576,26866
98,-6,84,18740,191,13362
90,-57,-75,11820,-26448,-1479
47,26,-9,5047,7316,7800
-28,32,27,7679,-5045,-813
-115,-49,31,13815,5404,9428
114,-52,-1,14344,4146,4643
82,-36,10,-31248,-2747,6673
17,-13,-40,32006,-8784,-4280
12,49,79,11057,32303,-1865
68,13,-71,4489,-12568,-27037
48,48,28,1905,19307,-16449
61,-117,59,-967,2799,-23196
101,46,-99,-3049,-6128,-21250
-75,49,-10,-4927,-15502,-21904
-22,118,88,-8722,1212,-19627
0,125,-114,-9142,6565,-14087
-69,15,89,-15715,8418,10461
4,-28,-122,-17942,-28494,20264
98,105,-81,-25147,22887,-23765
114,-25,-100,-14283,2824,32527
-60,28,27,15125,-13261,32527
-128,-49,103,19428,-2217,32527
-78,83,-101,17595,-14435,32527
-74,-93,18,3127,195,16226
51,-89,-85,1433,-30249,-25118
-101,55,-106,-21080,32187,28227
-68,118,17,-9256,193,-16392
-1,-64,-33,-5464,-32574,-20577
-20,91,120,-9405,195,28267
93,25,123,-18591,-32574,-16574
-52,-92,33,-4397,3905,-27638
-109,-95,-5,-14976,-5269,-22361
49,95,31,-20764,-4863,3865
-47,118,111,7829,22464,-14124
-128,113,8,-16990,-12373,32528
E
48,-12,65,24419,-6887,32528
-31,-8,-101,3067,13914,-20065
21,47,-106,-22908,28389,17292
-121,39,15,-32503,193,32528
49,-52,116,27806,25145,32528
113,-75,41,30052,20790,-11573
80,37,71,-20812,-5803,25383
-64,113,1,-19130,-32574,32528
-124,8,-59,-20518,-32574,32528
-31,70,86,-11188,-5975,32528
-91,-34,-54,28307,-19595,32528
-104,-69,-77,-24617,25832,32528
-107,14,36,-5398,-19543,-29520
63,98,18,-28036,25770,-22608
-65,115,14,-23457,-32574,-23828
99,96,112,-21000,-32574,9150
49,25,-7,30014,-32574,-24312
107,-91,-6,-23767,193,-30670
-31,79,-56,32100,-32574,32701
-97,-49,-94,31351,-32574,32528
80,-103,-41,32293,195,3449
123,118,-42,4610,-32574,-18456
-117,-6,-110,-23509,-32574,11368
127,-58,77,9439,15284,12036
-88,-123,-106,22222,-15759,9916
-124,102,-102,6644,195,-3524
85,-124,-53,14405,9300,14179
-90,78,-17,12548,5323,14201
-126,126,35,7365,-5934,11639
-62,68,8,14253,-8137,19302
-46,92,-31,16736,2332,16109
109,-113,91,21877,-17509,5673
67,-102,-85,15858,-17693,10773
8,-125,-45,-2553,-8215,8663
101,103,18,-6492,29114,3273
-13,-72,16,-23233,29462,-19563
-101,-78,94,-14109,7692,-20217
56,117,34,-5178,12654,-29577
69,-92,76,-4496,2730,-27072
85,-62,-100,-2364,-3485,-22128
E
-107,94,126,1120,-5309,-16747
-60,18,26,7243,3026,-10588
-77,79,97,5529,-9593,-3940
76,30,-60,19461,3850,31579
99,110,100,23752,-26564,-26089
114,-41,101,-27756,-17744,32528
115,-106,44,-666,-29103,32528
-52,-29,-45,32101,5353,32528
-36,12,-53,13850,16180,24213
36,2,125,3333,-29450,-26120
75,-11,-108,-5566,23884,-32399
27,-18,61,16975,-32575,-19749
108,-53,-65,17601,192,-14537
-49,-127,-106,-6027,24785,17410
-101,13,-109,-6186,-2139,-19112
-64,-69,101,-4045,-9867,-21858
-114,68,20,2971,1271,-15630
30,9,-33,-1259,-10719,-8497
-103,69,-119,23617,118,22007
-108,122,-51,-25144,-23012,28790
-22,-82,74,32101,-8001,32421
-34,36,35,32101,-32575,-31348
-96,-115,39,5604,194,-238
7,-64,-15,-339,192,7888
119,-43,-66,-9887,9937,18898
-75,71,-13,20343,29714,32529
-70,54,71,-20029,-15094,32529
-16,120,-22,-27562,-18066,-31085
119,74,94,-15337,1004,31889
-96,-59,81,-30068,30405,32529
-41,-41,-39,-4073,-4249,32529
66,-86,65,-9275,-7799,-28154
9,74,-5,-14461,-31534,30912
1,-62,69,-13612,-7248,-27221
28,16,-25,-6683,-3225,-16177
-112,-69,-31,-15164,29694,-14897
-80,83,86,-17917,29602,31502
50,72,-62,-9233,-5183,-24449
-62,-114,-102,32100,-8938,32529
-89,95,57,25616,-32575,32529
E
-104,93,32,3285,194,32242
52,-42,-116,-3254,-32575,27734
-66,32,-71,-3124,-19995,-12652
-7,-79,99,-3902,2649,-10836
97,94,-116,7042,15849,13044
88,127,58,-2786,-17493,-16131
-33,91,45,1031,27567,-9514
-21,109,2,4928,-32575,-19044
25,52,-56,5332,-15701,4954
58,87,27,7408,17120,-621
-67,-80,-61,5489,2796,267
-40,-65,65,5069,9473,896
-17,-113,-18,9015,-290,-810
-19,36,-65,13378,2408,-2585
15,-13,116,10960,1146,825
50,-100,-115,10106,2236,2946
117,69,109,9871,6035,5825
-121,44,-119,11169,-1518,6934
39,-34,40,9629,-4073,10080
-35,52,80,6044,3216,13773
124,-106,100,6280,-1963,10962
-14,-89,-56,5783,-62,-157
-29,-114,-72,3932,3875,-1163
-82,-120,-80,-4057,1219,-5232
-41,-123,107,-4401,4499,-4981
109,121,-19,-5348,-2431,-8661
-63,109,-50,-5173,-5343,-9316
-102,102,23,255,-1477,-4263
26,63,-65,-85,-14985,567
-3,126,-98,-7945,29048,-16215
-69,58,82,6265,-9426,-11085
12,-64,-37,-28167,32323,32528
32,127,61,-1395,-3501,32528
79,-127,77,-11229,-15508,32528
-116,31,109,-18365,1007,23131
38,-124,19,9140,-32575,-4226
116,-13,-110,-24819,-10448,15468
-55,121,123,-1511,-29029,12306
51,85,-88,-10102,-32575,32732
-74,111,-60,-7081,24698,-18527
E
113,95,93,-10060,-2626,-27135
44,-76,-72,-7257,-14930,-29997
-30,-46,-14,-6568,1135,-10978
-51,10,20,-22867,7965,-11504
-98,-81,43,-13883,24005,11397
36,-3,115,-9829,-23890,-18329
-117,14,46,32099,-28913,32528
-66,-110,59,-261,-26613,32528
-81,-43,9,-805,195,201
-72,-66,-85,32099,-32574,-22267
45,-93,46,-668,-32574,28899
63,-19,39,-31830,193,32528
117,-56,-33,7155,-32574,32528
93,-94,-101,-11108,195,32528
-67,-60,115,-16670,-32574,32528
87,-76,3,22506,-32574,32528
106,-73,-22,32099,-21445,32528
20,66,-74,-13016,-27312,32528
45,-79,58,-17783,11353,-26117
89,57,35,-13844,-17713,-8119
-70,12,98,-7175,-31860,-1430
-96,78,-9,-12734,28527,-286
45,-98,-1,6336,-21741,-15663
6,69,-40,-17534,-2471,32528
-105,-30,-40,32099,-11045,32528
-26,8,109,-15331,-64,32528
-70,104,91,11480,-4054,20895
-45,40,-3,16908,16203,-140
-99,-80,-32,17822,-32574,-16135
80,-107,83,-25333,-32574,-1583
-100,-46,-33,2335,-15505,2833
39,120,83,-2360,-21721,-6801
33,62,-19,6993,9837,2283
64,76,-29,4300,29544,-113
88,38,-45,6871,30430,5903
-76,-80,-101,9957,10452,4185
85,124,-78,7494,28659,8781
10,-41,65,7999,26631,-1893
5,12,-5,4416,-16760,-13190
3,4,-56,959,7168,-10854
E
-54,54,-114,3191,6501,-15880
-25,112,-108,104,11558,-17021
-87,83,-64,-996,-6279,-17741
-41,80,72,-2933,-15240,-6962
-54,-55,31,-5252,-4101,1907
-125,95,-17,-3684,14339,15602
-93,-74,-47,-8060,3485,14815
94,120,112,-2677,9388,13316
86,-22,27,6276,-29005,26719
43,-53,-77,3936,-20066,-27861
87,125,79,-19177,27511,32526
34,-2,-97,-20904,-2688,32526
-12,103,18,19898,-32574,32526
57,17,37,-18991,195,20282
-72,115,-20,12981,-32574,30545
97,6,124,31834,193,30906
116,34,127,20014,-32574,32526
-15,-13,-40,-11281,2257,-28289
40,60,-112,11782,-22800,-7832
89,-112,62,-15729,-20412,-22351
111,-91,-115,-6743,-11319,-15617
-82,72,-79,-3248,63,-7281
-35,51,7,-2201,8312,-9051
-114,7,61,-8216,2394,6007
-109,76,-97,14284,27669,27902
86,-27,-111,21926,2318,-26184
20,-32,76,-897,-31377,32527
-26,54,-63,26344,-28822,13841
58,-116,126,-24823,198,-23333
100,-126,-27,-26466,-20304,-15623
-95,64,62,-25504,-27597,28980
77,-102,-91,-7629,-2825,-23597
89,11,93,-7801,-20173,28693
-24,110,58,-14063,17910,32527
-5,-102,-77,-6767,-24049,32527
119,-58,-93,-15669,4191,32527
-126,51,-110,-16469,1305,32527
-11,-57,124,-14336,-5830,32527
-49,-34,47,-13722,7209,32527
-12,-70,-48,-11550,24514,32527
E
70,37,-110,-18749,29700,-24849
-34,-34,30,-29097,-32572,-11750
-24,-103,-44,31843,-32572,-25532
4,-57,-50,-2005,-26306,-27244
94,-59,-67,32096,-23739,32527
32,-88,125,32096,-32572,32527
-95,117,-21,-22405,9521,31556
-40,-110,27,-22799,29856,-6363
-19,-116,-75,-20398,9436,2637
27,-68,-110,-6382,4132,-25108
41,89,35,-11725,-31354,13199
111,101,68,-491,-14379,4813
91,-108,-82,4438,-26606,-3196
-29,-106,48,7446,9679,3232
25,12,-37,10956,4176,1152
14,59,-126,6934,4960,6061
-57,38,104,11387,-9573,7695
-20,-61,-108,21878,8069,5892
31,41,-78,26040,-12904,2752
16,25,82,20945,16613,2652
-97,-48,48,29700,7497,3825
-75,89,-112,29931,24839,2336
65,-128,-81,3031,-19551,587
124,10,-15,5053,-13229,2217
97,104,-98,-2311,-2418,-6643
-85,-114,120,-2280,-10299,-6095
-48,-124,14,-8276,1922,-5780
-119,-95,61,-7187,5365,-2389
-54,-10,-7,-2936,-16131,5734
30,5,31,-4294,-13408,4692
22,66,-56,-10464,-3041,964
-69,-71,44,-15953,9298,-6353
106,-4,-124,-16029,21349,-5921
47,-53,23,-27178,7590,-17814
82,-1,-54,26959,12739,-30449
98,-66,114,3873,19957,-4335
73,-55,116,-14563,-22051,32525
-66,-75,-81,-18245,-4335,32525
-42,84,124,23003,-2313,-5440
-25,112,80,-3220,11958,-27129
E
-58,-60,-3,-16495,-32570,23861
-73,23,-115,-31112,13422,-12642
-17,-58,111,11326,-15133,25736
26,97,122,27926,-32570,-2449
41,104,124,-26976,-3616,-20031
117,-65,9,-6351,26869,-8671
-58,124,-92,-8350,478,-18444
116,-65,23,-2928,1338,-8544
-63,76,-114,-5377,-5646,-16288
-3,52,21,-18843,-11769,-6115
-118,-75,52,18833,8080,31508
12,-58,-44,-21292,-19920,-25761
25,127,-84,26156,-9862,32527
12,41,-85,2246,-32571,32527
-18,53,-44,20090,198,-240
-36,-125,-15,-29987,196,-4290
-106,86,-24,24961,198,-29889
-59,10,-119,-12864,196,-27967
-59,116,-34,32438,198,29436
36,66,-46,-3078,196,-27768
-71,62,57,-13379,-30065,30780
1,-93,-81,-854,25695,32527
-110,-3,40,-380,-31240,32527
94,91,60,-2127,8727,32527
37,-85,50,-4478,-22626,32527
-39,-29,58,-21578,30075,32527
-22,89,-30,-16624,1131,32527
-64,-122,-108,-11225,7425,32527
45,81,-115,677,-11819,-28017
119,34,127,18066,19474,-6326
-27,13,-102,31843,-32571,29799
-107,-99,-39,-672,-32571,-24327
40,92,123,32097,196,21318
-121,33,78,1206,-32571,-29272
-34,124,73,-19390,-32571,32528
-62,-44,-119,-13486,198,-18030
126,-73,-83,16396,-32571,-28628
47,-65,32,20202,17241,27127
75,-54,-48,11200,-16408,-7275
54,-57,105,5761,-32571,10666
E
8,-17,14,19070,18515,-8736
50,-19,26,-24286,-22131,1206
-31,-96,16,6288,20362,-2127
80,71,21,15923,28277,14068
109,123,64,20957,-15200,4145
109,6,-34,19469,27608,17741
-128,104,-72,10072,-22301,8887
-17,-126,44,8982,-26942,3116
34,-82,-113,-3521,14072,-6404
-25,-11,-30,-9015,-10110,-6903
36,-98,105,-10126,22146,-14370
-76,115,88,-8593,5695,-20592
104,-101,-11,-9917,5084,-24185
117,66,-92,-15686,5035,-28950
-89,-81,30,-22099,2945,-31845
29,72,-12,30766,-5658,-26120
88,-76,-1,-16443,5921,17146
30,23,35,25520,15125,-17888
116,19,30,-22428,-32571,32526
-91,4,-24,32096,-1993,32526
49,62,44,14087,-31842,32526
85,116,7,13575,-32571,682
35,-57,51,-23465,198,-11778
-95,-117,-88,-6916,-22666,-16544
17,64,3,25363,29664,-24674
-8,-93,-64,4662,196,26311
-23,30,95,31024,-32571,32526
35,5,-94,-24485,198,-20009
-15,-104,-89,-14023,-23241,-32144
-120,-4,72,-2313,-4488,-16555
34,-42,-111,-5708,-3969,-25518
-11,102,-8,-17371,-11684,-26087
37,21,62,-14321,-12209,-24823
-122,5,-40,-10869,-20355,-1501
-88,21,-70,16159,28360,-19352
96,-99,77,-20792,-20507,-30585
-101,65,-70,32095,-26002,32527
-36,-73,-110,21054,-32571,3226
-117,-28,85,-10186,198,-14132
112,-92,99,-26276,-32571,29287
E
126,-35,-31,19037,-32571,28954
-74,4,-4,-21670,196,-28203
-26,-93,-15,-18518,198,30925
-91,-106,-56,25813,-19180,32527
-79,4,125,14399,-26245,-12819
122,118,-123,16149,11104,25797
-81,93,28,32095,-15065,32527
39,-96,26,32095,21185,32527
-95,-111,-70,-26218,-28865,32527
41,37,-36,-32753,9693,-31627
87,-47,-50,-21399,-16181,-21155
-49,-83,74,-31649,27503,-9301
17,-112,-23,26354,-32570,-9512
-52,-36,-86,-21288,197,32527
-30,-28,57,32095,-32570,32527
-36,36,-115,30866,-32570,32527
41,-6,61,-8725,199,27965
-109,-56,48,-28035,-26304,15804
83,118,-45,-11122,32307,-27862
-99,-68,-102,-3007,-22124,-4705
-19,-16,74,-732,1209,13851
83,-52,90,12826,6736,-5565
16,-115,90,6078,13861,2771
-55,-104,-47,2682,10657,-350
-62,-63,57,12166,-32570,-4871
-54,65,-109,-5336,-4428,15780
-38,34,-10,5981,-9183,-5900
-12,115,-105,3802,-32570,-2807
-48,115,56,-15371,-30979,-22096
-107,74,15,-8724,21482,-15911
100,70,-41,-11068,11507,-13824
92,-127,30,-16097,17994,-14082
-24,62,-127,-13943,11857,-18891
18,-31,24,-4318,-31921,-18003
-19,32,-6,-7836,17000,-14596
32,69,-104,-1396,-29999,-23388
-48,60,86,-1423,15748,4499
-45,-1,127,-15279,13642,26262
93,49,120,-5475,-32568,22886
-120,-9,-22,-13753,-2641,-27073
E
-101,-83,123,32095,-15193,32528
-14,-80,-53,32095,-30763,32528
-126,122,23,-652,-32568,32528
120,92,-24,14979,1263,32528
109,123,-44,-31742,32614,13962
-30,-44,69,-15878,199,5949
-16,122,-125,-617,-32568,32528
5,-35,-41,-10447,30376,32528
23,88,91,-7926,88,32528
-50,-121,-88,-10367,10362,32528
70,18,-54,-13235,-9301,32528
97,-87,90,-19065,-11652,32528
-63,-68,-124,-20220,6084,32528
-80,-123,-99,-20669,-12241,-15947
-21,60,-72,19237,20572,-11084
-7,49,-52,-20454,-18924,9184
-52,110,49,32093,11591,-24654
-125,57,-108,-9066,-23317,32528
4,127,73,13045,202,16348
73,-51,-28,22804,-32567,-17051
-50,34,93,-21494,14677,27944
49,52,66,-6373,-19398,-27771
127,-119,-93,3022,-9439,30494
-10,-59,76,-20968,-32567,-18014
15,-113,-31,783,-32567,27528
34,-75,-127,4026,12210,-16562
-68,-65,120,23836,-28179,27044
11,-11,57,-16685,-20225,-26491
-14,20,116,-21772,-26690,-26093
56,-100,91,-23439,28764,32223
39,111,58,-19574,-1072,-22645
85,62,-117,-19617,-25011,-14628
-65,-15,-5,-13519,-11229,-22102
32,104,-23,-15120,-10723,-15541
51,18,108,-9746,22532,-8098
-13,-119,68,32093,-32566,32526
-43,-66,-56,32093,201,32526
114,78,-11,32093,-32566,32526
-85,40,59,9810,203,29451
21,-87,-59,-25285,-15376,-31985
E
0,-17,-5,24024,27706,-30872
118,77,-41,-30584,-28410,-7691
-91,-91,30,-8699,24252,-11899
-74,-65,-91,-24053,20914,-1827
79,-16,97,-1529,-32387,270
74,73,116,9713,-27646,6870
13,-57,75,9042,-27043,2243
21,-77,-118,10488,-4735,3356
72,-89,2,7946,-317,6735
93,-108,-1,10705,-949,3168
38,6,110,19531,24144,-2286
-10,111,8,8649,7660,-9904
-72,-95,123,3050,31045,-11537
-24,-120,28,-13946,1617,-11249
88,-35,-33,-12137,11766,-24732
-81,8,-101,-3986,-19096,-13824
109,79,113,-6311,-13230,29559
-73,36,84,-10051,-8786,-25844
-108,-46,12,-8929,-12357,-25014
7,16,-1,-7397,29839,-12415
-99,24,-124,-2706,15166,-2503
47,111,93,1062,11280,8911
-22,113,117,-3777,21361,21097
-92,14,-12,8003,25096,-24369
-40,-38,27,-19596,8571,32524
-112,26,88,32097,28614,32524
-120,-15,28,5383,31952,32524
-44,-6,17,28875,-8797,32524
61,-121,84,-22115,203,-21836
-23,22,110,6369,-32566,-21499
-91,-111,58,7906,-32566,32741
-50,40,46,-22007,201,-20495
35,-113,32,-23072,-28596,27358
-74,-1,100,-21267,15668,-23527
123,-40,61,-16964,158,32730
123,-4,65,-17244,-11401,31400
-63,-28,54,-18425,-20326,-29998
23,-8,-43,-23394,-6240,-20423
72,-50,-25,-16591,-3716,2061
-102,32,80,-2729,19496,-13447
E
63,-95,-88,-16444,-12265,32523
-22,123,120,-32435,24122,32523
-18,69,110,18050,-20950,32523
-86,-97,93,-22176,17245,7155
-1,125,106,29429,-5479,26271
23,-79,5,-871,203,-27921
-123,44,59,27706,-32566,28820
-16,-97,-35,-29496,-24803,-19026
94,121,-112,-16534,-24232,27862
-11,-126,-125,28097,27881,32524
-58,-126,-51,31223,32488,32524
-111,110,57,-27981,-26998,32524
40,-3,-50,-30487,-31753,32524
36,-111,-19,-6213,32047,32524
20,-91,50,30803,29376,32524
102,36,-35,-26365,-26683,32524
106,-34,-11,28817,30229,-11896
-102,-27,-52,-9559,-32566,-27863
45,-67,61,-8630,-32566,-26152
-7,-27,87,32098,201,32524
-39,-70,-43,32098,-32566,32524
62,-49,13,22703,203,32524
-116,-40,84,-7736,-32566,19267
73,111,-58,-2901,-13031,-7064
-80,-4,12,32354,26459,9877
42,-82,83,18600,23410,-9488
-37,-42,28,15337,-18457,-7900
49,-65,108,15085,29768,-141
-95,-110,124,20362,23115,-18454
-121,-24,-69,7481,-26471,3728
31,-120,-86,21887,-23676,4500
-39,117,-51,17060,-7952,11100
1,-81,-22,13064,13843,450
-4,85,-116,8279,-32566,-9122
-57,-70,65,16648,11056,-5773
109,8,52,2766,13421,-3502
2,29,51,-11328,577,4824
31,-29,-127,-7434,-5963,4865
32,14,-123,-9412,-14590,1469
-1,-27,-96,-15999,-4686,-17237
E
-119,50,-6,-7281,-20014,-25052
5,-44,49,-17036,-32566,-15269
88,58,-13,-28500,-15266,-27260
-91,-99,14,-22692,-29663,-10300
-23,108,50,-8199,2301,2481
2,87,119,-7835,-26829,962
108,126,-64,22373,-25023,18736
25,51,21,-23247,28285,-22917
-98,-86,-35,32097,17281,32526
-60,5,98,21453,-16414,32526
-85,59,119,31842,-32566,28314
124,-88,4,4801,203,-10245
107,109,-119,-3024,3397,-12811
94,105,-65,19632,20983,25404
-30,87,-75,-3799,201,30651
-115,29,-102,-17134,-32566,4073
16,-6,-38,1055,203,20165
122,-118,-61,-8835,201,-10971
27,106,12,-3658,-24380,25179
117,-55,-46,2269,1944,-31811
29,107,13,-8721,26719,-32139
-36,45,-101,1033,-30421,13821
26,82,79,16055,-4993,31295
32,100,108,-31865,-9356,-26930
-10,59,30,-30325,3584,32525
126,90,78,32099,-19577,32525
-115,22,52,3359,-31482,272
-75,101,-2,26919,203,-5294
97,-31,66,-21973,-32566,15948
-61,-95,20,31412,3833,15051
2,19,71,-13680,-11932,21754
81,8,1,-6310,-32566,30776
-17,-80,-96,15188,183,32525
-75,113,88,14166,11132,32525
-124,94,-36,32167,15509,32525
-116,-118,120,-18658,18597,32525
0,4,81,-24990,-23228,32525
98,21,16,-24680,-343,32525
31,-52,-97,-23112,-20675,32525
-82,-14,87,-21054,-25395,-20598
E
10,30,55,-20863,-10037,-17739
-54,64,126,29411,27775,-9488
90,7,-3,9653,31608,-10240
-3,53,-3,-15410,-8872,32526
-18,-77,-25,32101,621,32526
-70,-42,70,22327,-13496,32526
-47,87,126,-22379,9981,32526
92,66,125,-10702,7864,10320
-17,-8,-15,12518,-23066,7900
-86,-121,-79,-5012,-24813,-8293
112,78,-126,8470,-20780,4227
-15,-60,-126,4250,18117,-10322
-67,-6,64,-2972,-32568,-788
-4,-112,-10,8943,-18914,4876
-108,-23,53,4426,17334,947
97,111,74,2876,-25233,8601
43,-69,-88,3571,5898,-4378
-105,-68,28,1068,-4992,-2749
1,-92,-10,5207,19860,-4859
-17,-114,118,-2446,-9528,-2065
43,71,55,-5205,-23020,-6592
-112,-61,111,-2952,27525,-1318
102,-86,-100,-11452,27195,-5797
18,106,88,-7653,29801,-27745
103,-9,0,-10930,-31125,-27691
-116,24,124,-5272,3174,-28590
-96,104,-63,-3034,176,-26333
99,95,113,-1276,20515,-22743
38,1,124,2137,9585,-20046
4,-78,22,-5943,-3923,-10459
85,105,-119,-7919,-32246,-9696
-93,-33,-127,9107,942,32527
32,51,72,-19334,-13129,32527
47,114,121,5504,29758,32527
-114,79,-27,394,29028,32527
-83,-96,6,-676,28661,32527
-39,57,101,-5154,2191,-25262
48,95,120,30598,-32571,-5573
67,-13,92,27533,-32571,-27888
-115,27,-53,-15551,196,-8541
E
35,17,111,7015,8719,22286
101,102,7,-10763,8280,-28652
-124,-105,-45,3440,26265,-18007
55,122,76,-19147,-21548,-28564
27,68,-69,1790,-32484,-30732
-103,53,8,-11205,20799,6842
-70,-51,101,4177,28595,-27506
23,66,91,-17361,-30026,-28557
93,-82,3,32100,-22497,32526
40,127,-37,17152,-32571,32526
9,108,44,20562,198,1209
-13,-123,4,18187,-32571,6390
63,-6,102,8234,-32571,26801
71,56,119,17416,196,5731
-30,4,16,-19507,-32571,32526
23,79,56,8881,-25546,32526
-12,-25,-76,11172,19701,32526
-39,86,-5,25642,19136,32526
-7,-8,100,-31235,18020,32526
-46,100,83,-29620,9697,32526
74,-10,-124,30055,1295,32526
-115,6,-127,32099,14470,32526
-119,-105,-37,32099,-32570,32526
110,-46,-120,-25986,-32570,-14257
55,-81,-14,-24695,-32570,1013
-109,-122,91,-4411,-32570,-13667
-88,23,74,32099,197,32526
110,67,-14,32099,-32570,32526
-119,-19,70,-28072,199,32526
47,65,-55,10136,-32570,32526
74,-36,51,-9848,25491,-17682
-62,-117,53,19370,13613,-8329
67,21,108,6737,-13191,-2355
70,-73,-14,-1733,-32583,10475
-106,-98,67,16666,4403,6464
53,-19,-86,16927,-23433,6513
21,-86,20,7648,-20861,-3155
-26,17,24,10842,-18711,-7174
-84,-45,-20,1138,32594,-8853
16,-87,65,12821,28156,-3116
E
-19,75,40,1997,-2160,-6112
-115,103,53,-1210,-19171,-7133
-60,-106,84,-8815,-8292,-4810
21,109,17,-8140,-5748,-4188
-4,113,-12,-5295,-12571,261
-72,9,92,-12175,5435,-9377
120,-35,-105,-12996,1238,-16249
-69,12,-109,-16257,-8277,-26797
36,104,111,-21032,-23219,-30867
-49,-5,43,-9881,21773,-28045
68,-9,-113,-4436,3459,-19094
-18,15,-121,-1073,5368,1757
36,-26,-116,-4526,123,29452
114,-40,-118,-17566,-28768,-25530
-13,109,-23,-10862,-25821,32529
-93,57,-55,32095,-3912,32529
-23,-21,-104,-8054,-10886,32529
47,-103,74,-30987,-13458,5677
-50,97,94,-7831,26827,-6881
-75,98,79,-2839,24455,-31876
-84,-100,106,-1834,27279,-19136
84,39,-1,-10176,195,-24036
-73,43,103,-22942,-32572,9859
116,-61,77,-17075,-1446,-32498
65,-4,21,-6958,22490,-19034
23,-89,88,-9276,5842,-25245
69,-26,84,-7269,5330,30525
92,9,-98,-25613,-15030,-24263
-64,65,-102,-6683,-4804,-28150
121,82,43,26721,-27402,-24777
125,91,68,-24461,21970,32529
96,115,-128,32095,-3142,32529
61,74,76,-6686,16404,32529
4,-54,-76,16682,-32574,-238
-109,-76,-18,19526,193,11362
120,-78,53,-10562,4924,17740
-1,-83,-67,-10406,-16116,32529
-52,71,76,-15851,26854,32529
9,-53,40,30066,4521,32582
55,-62,-2,-31089,16805,14079
E
-42,-10,48,19425,-28504,-10526
60,19,-25,-13402,-30765,30852
76,122,81,32042,196,31194
10,-120,86,-19315,-23664,31747
-106,-31,83,-3932,-20732,32529
90,-43,74,-15709,6121,32529
63,36,30,-20784,1421,32529
111,-96,87,1200,2118,32529
90,38,-20,-3070,31077,-29167
-21,60,-87,-29356,-2712,31249
-41,-61,94,9600,21245,-12292
-62,115,-107,30215,-32573,-9103
53,110,102,-9679,-32573,-10509
-120,60,-65,-30438,21087,15059
126,-31,-84,32096,-17692,-27183
77,72,-82,2580,196,32530
84,34,63,-29084,-32573,32530
78,-122,-56,30586,-32573,27063
-78,126,84,-4497,-32573,-23440
106,54,13,11756,-24030,-12212
4,-99,89,7607,-11582,-16933
20,-28,-103,3681,18778,3066
127,-50,-55,4041,-16009,2272
121,-10,-91,9033,-11915,11719
101,68,-12,4861,1403,3587
50,-88,-73,3029,-5279,5580
-5,-36,-103,5724,-4903,-34
7,-54,-96,2421,-21980,1864
-117,18,11,5545,-15219,5761
-32,31,66,5442,23880,7196
111,-84,49,-498,10775,3050
-78,-82,-38,-3052,23940,4823
117,-106,93,-1796,12103,-8257
-59,-95,38,-318,4095,-7620
93,-60,-77,2622,7668,-10263
-20,-119,46,-22781,-21389,-1318
-51,18,120,-8220,523,-5522
64,60,25,10858,1235,-7979
116,24,-36,14069,7886,-2353
86,-75,41,13594,19761,4548
E
-61,-68,-18,7106,8895,11150
-102,-107,-25,20361,-15466,-20747
-74,44,124,-25700,287,32530
2,69,75,32096,-22883,32530
-1,49,-32,4753,-29974,32530
-71,-28,-86,20042,-8549,5630
90,44,-43,29784,14032,31433
15,9,-1,26724,-32574,12286
-98,10,103,4980,193,22353
-80,-36,-112,398,-29861,30049
-28,-41,-91,27512,21136,-31502
-90,127,104,-3563,-8382,-7985
109,119,-12,-6473,-14339,-27386
-20,-77,20,-5835,-5581,-24906
53,-117,-109,-2745,-7983,-23053
-40,-29,95,-12738,-25847,-15043
96,-94,33,-4098,-15932,4437
63,91,63,2792,-10951,-21938
-37,99,7,-17320,-12092,-30772
31,12,-41,32097,-31003,32532
-100,-61,30,14689,-26348,32532
94,-43,-120,30684,195,-9705
-38,3,-62,-14010,-32574,20108
-59,123,-108,-26981,193,30444
102,4,90,-16795,-32574,32532
-86,-14,-93,-26285,-32574,32532
-65,-13,20,-32689,195,32532
-55,74,70,32765,-32574,32532
-121,20,122,-5055,25488,32532
16,45,-51,-17198,7855,32532
0,57,-100,-4603,16927,32532
77,-2,-15,-8951,-21598,32532
-34,-24,-106,-23022,21590,32532
95,-50,-3,-14441,-13819,-24044
99,-1,90,-10055,-1151,-13776
111,41,-27,-26088,-10268,-11247
-43,43,69,29256,22720,26227
-52,-33,-74,18531,32503,-23218
-54,-54,25,-18349,-20084,32534
-69,31,9,32097,-25815,32534
E
7,-16,-16,8071,-32574,32534
-28,-89,-39,-16564,195,17931
-23,-70,-39,-12476,-32574,-57
-97,-111,-91,-25304,-17342,3277
95,-5,-63,10179,22920,-14090
-41,-54,-6,14615,29330,-858
121,7,-69,2688,-14238,-4047
111,20,-79,9235,26630,-26342
41,39,5,8139,8895,-16366
-32,28,-104,10357,-14098,10733
-34,28,-64,7548,19588,-1911
-19,-11,-3,688,29949,-10449
31,51,-113,4721,-4794,3657
30,-12,-27,-3067,-15286,491
18,-23,48,-2724,-21271,-6834
53,-78,-41,2780,-28469,3121
-70,93,-60,-1422,15932,-6731
-40,37,88,-9563,-10273,-10412
21,-90,-61,-6363,-5196,-10609
14,-125,123,-5257,14622,-12583
-40,-102,80,-4102,316,-16396
-3,-107,-6,-882,-897,-15833
85,14,-43,1451,-1849,-16625
-14,-18,69,3944,12162,-13262
-122,60,104,1876,8244,-21057
1,73,66,-13276,25321,2784
113,-34,-116,-9190,-6919,-14535
-75,20,109,29288,23515,32532
120,84,97,-25679,17182,32532
99,-119,96,1480,-17260,32532
53,74,32,-4096,20611,32532
-107,109,78,4484,4310,-19259
-3,-106,-21,-21238,14867,-27308
-2,96,21,-127,28348,-12833
-113,-74,55,17593,29228,23453
-3,127,-44,-791,192,-22763
14,24,31,-15995,194,7273
116,84,-71,-5898,-17061,-17274
96,-92,-12,-7144,6528,-28639
-73,121,31,-4986,-13640,-26741
E
-18,21,15,-7528,-5059,-8534
36,-78,25,-10853,-8003,-1411
26,52,-112,14402,3974,-21051
-15,-77,78,31205,-18147,-30600
-128,23,-35,-28860,-10096,32532
-25,48,79,-25715,-32575,32532
-116,9,-51,-7508,194,-235
94,-59,37,-1068,192,-8509
-52,42,-28,-18586,32656,24367
-97,80,-37,-15001,-32120,32532
92,117,0,-22982,-25411,32532
119,12,126,-15546,194,32532
-74,-3,-9,24131,192,15512
-100,14,-70,-29163,17284,16360
-23,64,53,-13244,-5504,32532
-107,-3,75,-8322,-11811,32532
82,97,92,-28625,15118,32532
-36,-38,4,-24586,20452,-23165
-31,100,-9,-26738,8969,-24100
47,-114,104,-23627,-7977,-26686
0,-49,-12,-23484,-14216,-19564
69,-113,-43,30446,3292,-24191
64,-80,84,-23925,17324,30417
-52,36,-76,-18744,-32575,-29281
-74,112,-90,-28592,192,-30903
-69,44,-37,32096,-32575,32533
-43,-11,-57,30645,194,32533
73,-56,16,-12129,-12121,-22858
74,54,108,-14531,26143,-11026
82,-45,94,25171,-473,9917
23,92,1,-12797,4494,-12564
38,24,37,20748,17194,-1459
-58,112,110,21640,-11805,749
-97,-69,-7,-6619,25210,20472
107,5,-44,12783,-825,-10589
58,-83,-61,19346,-12428,5894
78,62,-51,3946,-3122,-9187
-112,33,-104,2917,557,-114
-41,-62,-84,2657,19721,-3821
20,-87,-19,2189,7245,-2820
E
120,-19,-99,-3476,4291,-15378
-58,80,58,-2957,18290,-9489
-32,65,62,436,23398,-14249
7,114,-30,-7393,-6539,-16379
-80,-67,89,-6914,1553,-14845
-18,-55,-25,-6994,8329,-19284
-5,-46,20,-6239,-8204,-20642
-7,-22,0,-2582,-10911,-25479
32,-64,13,-3186,-15977,-26171
127,23,71,-11185,7503,1675
-101,105,18,-9632,2040,3983
86,-5,-47,-1678,6706,-16848
-104,71,8,19974,8829,32531
66,-82,22,-23348,29941,32531
107,94,-63,30853,-22208,32531
-85,7,-4,14663,-27001,32531
112,37,-37,8085,195,-6939
-47,-45,15,4684,-32574,21760
62,-54,84,30543,-32574,29585
-17,-31,55,13094,193,32531
48,34,-101,-14134,-32574,2517
124,-18,-68,3906,15272,-31070
-107,92,99,-19787,6091,27940
2,122,-69,7429,29154,-12892
93,73,-117,486,-22316,25828
102,-21,73,-13750,-17348,-23454
105,-20,-40,-11221,29530,24043
28,-66,-46,10886,-24474,-31421
29,48,-52,-19274,27585,-29303
-35,1,45,32096,-20949,32531
-5,18,-109,23778,-32575,-2977
20,34,-3,26920,194,13210
114,14,118,-23974,-32575,14676
-55,-31,28,-10112,192,31022
-118,124,117,-17775,-28377,32531
-76,101,-45,-21599,-12129,32531
88,114,-66,-19001,-32575,32531
-70,33,112,-4186,-9905,32531
-10,78,39,-30550,32317,32531
9,-98,87,32761,12372,32531
E
110,71,-63,-21068,16281,32531
-126,87,-101,30735,11021,32531
-23,102,-30,-31774,-32575,32531
6,-38,-5,-14021,-15874,-15204
118,92,-73,-21977,27394,-10832
77,99,55,-19971,-32575,3778
124,53,-61,-7193,-32575,-15621
-44,32,96,32094,-272,32531
123,-81,39,32094,-32421,32531
-88,-69,-16,16461,-32575,32531
103,88,-44,21034,194,-9466
68,-5,110,-12448,6788,-2325
38,3,-11,-23002,19840,4294
124,-82,-41,-14936,-32575,14604
98,-31,94,18045,-13562,6403
25,46,103,8357,4778,-5230
120,-57,116,5,-29884,4352
110,-59,4,3905,-31938,163
-77,-2,15,2132,12259,8212
-38,-127,-56,1072,-225,4867
-47,69,100,-2561,-7744,335
39,-96,-12,8937,-26967,2339
-119,95,-16,18181,340,-5377
101,94,72,10807,-12998,20877
113,66,72,-2783,194,-5014
-70,21,-128,2220,-3603,11708
41,37,-98,-7640,-31771,-15573
-35,80,-93,-6179,19735,-13538
27,85,7,-7845,-14878,-20766
-109,125,-31,-3361,22098,-24271
-109,-14,55,-7621,-5077,-29748
-2,109,113,-8984,-7490,-31299
-57,-108,-68,-19584,-17575,-31696
-42,-55,-100,31388,-3971,-22266
-98,126,3,29385,11794,8213
-114,-46,63,-19940,-3081,-15278
-8,-7,-62,-5177,16785,32529
3,-35,116,32093,-12659,32529
-17,15,116,32093,25527,32529
-33,83,66,5187,-21388,32529
E
-63,-120,49,-24475,-32575,20512
-61,-10,34,8732,26812,28508
49,58,41,28957,11691,-8248
66,71,-53,7573,11282,21527
-6,-41,87,-11061,31856,-32307
-52,107,-86,-27770,192,-18985
-47,-3,-30,-14041,25504,-29122
100,-9,-90,-11034,28774,-13410
14,29,29,-14939,13811,-28850
34,18,51,2820,-31432,-2592
-62,26,-77,-334,17711,32073
-100,-12,18,-30618,-32718,-25744
-78,-94,126,31176,31374,32529
126,-36,64,12379,192,32529
-13,121,101,-15091,194,5388
92,-62,29,-27006,-12903,19830
69,43,-71,-20002,28027,31696
-113,89,-26,-596,373,31583
34,-123,23,-10682,3674,32529
-55,25,115,-19085,21548,32529
123,-68,-32,23309,8572,-31480
-27,107,109,-6131,191,14694
-77,-41,-8,-22220,-31614,16459
-105,-63,-88,-13734,-11052,-23850
-102,-44,67,28321,-32576,29476
-116,71,56,13726,193,-22243
8,112,-46,-12052,-24365,28941
5,-94,-2,-20690,-2546,-5260
37,-109,-105,1992,17682,24435
-76,-8,-25,-22648,-23874,-27032
33,-5,55,-11451,21127,-20944
-42,119,-38,-22987,-20813,-21936
80,-98,-25,25242,22536,-28071
3,-14,3,6023,-32575,-29590
-108,-99,-117,-13832,-17284,5347
37,126,-54,32092,-4905,-21063
81,58,-60,32092,-32575,32529
66,42,89,-28315,194,8272
40,29,109,21840,-32575,12102
78,-82,111,-11671,-26805,-9389
E
-8,-70,77,-4459,-23576,-15050
94,-79,25,-2060,16373,-5519
57,26,21,6132,-23668,5872
45,-1,-53,9857,-2200,11121
-56,-53,83,-29962,21248,-30968
95,-128,61,15711,4569,-6637
-18,80,-59,23446,15252,10776
7,86,16,26885,1435,-752
0,100,-11,-30031,27640,7359
-47,-59,-47,2828,596,-3821
-9,-85,-56,2465,18464,-28093
-112,113,11,-2813,1803,31901
-5,8,78,-17573,8405,-19985
-58,102,78,-24276,-22033,-23494
61,-1,56,-23536,18874,-25888
23,68,-103,-21765,6112,-29404
117,-65,102,-19567,8982,32427
118,-13,81,-18106,-2129,32057
40,78,-33,-17879,-11960,-29291
-32,10,101,-20879,-10089,2849
25,20,45,-26014,-26285,-23779
27,28,-51,12787,-16818,-29285
-40,-109,-82,-17659,8500,32530
-53,5,50,18524,30774,32530
43,84,-102,-25241,8338,32530
103,-8,-2,2327,-23084,32530
19,67,-11,-28169,-29208,-3094
-82,-54,30,-15333,-31475,-32225
24,-94,81,16416,28578,15988
11,75,20,-7955,-23492,13790
-15,3,21,7464,-2837,-30859
114,-110,2,-27080,193,10706
38,-25,-71,-23653,-107,-13504
-16,106,67,-15100,-15553,-21987
-91,-48,-28,-15570,-12220,-8382
-122,-70,-116,28413,23080,9945
32,0,-4,-24173,-27564,-18612
91,-82,-35,32094,-1481,32753
37,-13,116,-673,-32577,32530
-107,23,122,32094,192,-2956
E
125,-86,72,-30344,-505,-10364
121,-49,101,-26044,423,-31410
68,106,15,-20803,190,-15349
-72,94,77,-11036,-32577,24851
-51,92,-115,27777,192,32528
-24,-124,102,-31058,-242,32528
-95,-111,58,-31475,-7250,32528
87,47,124,-27364,3025,32528
-125,115,-91,30307,-28603,32528
-24,51,-127,-25994,-319,-29177
-106,-104,-86,-30542,-9843,-29524
-114,111,-42,30278,12631,-10055
-44,-89,-53,32094,13896,10040
15,-83,-62,-2942,-32576,-31693
75,-95,-78,-10841,-32576,-28216
-88,76,6,32094,-3010,32528
-76,-10,-59,32094,-31509,32528
32,75,-55,9073,-32576,32528
-28,97,-91,-7885,193,-17790
-56,-86,-12,31641,-32576,23509
-112,-66,-64,-23441,191,-3461
-121,76,111,-8472,-32576,4529
-9,-74,124,6208,193,5198
25,-18,-65,-142,-32576,-23006
-57,53,34,16895,191,25488
119,-47,-64,12676,-32576,4104
-105,-45,68,8196,26263,9447
52,-78,-91,10020,-4009,8274
11,32,41,22916,-21147,10353
75,-101,-114,26180,2176,1331
-28,-121,-31,-5769,-24226,20190
23,75,-1,9106,-18612,-3881
25,-56,52,3241,-1316,-12226
6,-72,88,8057,-8926,-15953
69,-64,-119,-17973,19997,-29282
-123,-42,-64,-5470,-28385,-15257
46,122,48,-12522,8416,-21607
17,-14,123,-12933,-4729,-23899
7,77,-79,-18958,-9757,-24782
-48,120,-39,-20660,-4167,-23653
E
-83,79,-63,31131,-8013,-20191
85,-60,21,-25315,30095,6886
55,117,110,193,7804,-15475
-111,39,-19,-13019,-32576,32527
22,73,111,32091,191,32527
-125,-52,90,3448,-32576,32527
-27,24,11,-26693,193,20820
112,-18,-83,2262,-22472,-18709
-44,1,41,-24780,29592,7779
-46,93,-31,-14781,-8295,16563
88,-92,-16,-8399,4913,32527
102,8,115,-9058,19914,-28558
117,-106,85,-3407,-23443,31044
85,40,-109,-3332,2131,-24638
-87,-94,36,-9191,2924,-21285
-69,10,83,-8465,-7252,-6304
-103,-61,77,26985,18897,-13208
60,74,80,-25041,-6199,29110
-107,-104,-45,32090,-8602,-31596
10,19,-47,-677,-32577,3819
-56,106,83,-16252,192,9330
-50,27,118,-19182,190,-32087
-63,-35,14,-23246,192,32221
82,-5,-78,25554,-11672,32528
-14,86,119,31586,4146,32528
-111,-36,-45,32090,190,32528
-43,-18,105,32090,192,32528
-79,-54,109,32090,-14803,32578
-98,54,108,32090,-6273,32512
30,-126,89,-29630,9755,32528
-40,-34,74,2823,29831,32528
1,126,108,19577,-6778,32528
-16,104,57,32090,19799,-17670
-84,87,-37,32090,4886,-22919
39,5,-30,-19112,13697,-11518
81,-37,97,-4846,-32577,19055
-62,17,-101,-11805,-13264,24016
-80,62,-45,32090,-28093,-26015
108,122,-73,27590,-32577,32529
-95,38,125,22039,192,32529
E
112,-38,-69,-17329,-32577,-6222
-23,-113,21,9719,551,-13563
39,126,-124,-3584,-10852,11753
-10,-77,-115,-28644,19203,-15003
82,27,73,-20440,24271,12107
-13,-10,-40,18640,26463,10168
-118,-18,41,2256,-32576,-11791
1,67,-62,-4166,-32576,7076
-107,-36,-72,11297,191,-1261
20,-74,22,4721,25905,5153
46,114,-18,2055,25185,-4609
69,-27,-79,1931,-32475,-426
-36,-100,79,-569,7462,-7909
-41,-13,-119,-2691,11443,-4876
40,-6,-47,-618,4310,-9000
-22,-77,122,-4759,-12644,-10974
43,48,81,-6246,-5116,-6162
-46,4,-110,-1129,-23194,-4936
52,-50,-61,-3628,20781,-20248
-9,-124,13,-1878,4678,-17170
-69,-128,-91,-1659,-25598,-25480
-78,45,124,824,3890,-17777
-91,-54,21,-2785,-8008,-14138
28,97,-77,-11708,6169,-6694
-32,13,-14,-18513,-2851,8970
-36,29,93,5168,-2517,-18107
-3,-40,52,18414,-5234,32529
104,-68,10,-23270,-18435,32529
99,124,-86,-1200,29695,32529
12,-41,79,31480,8524,32529
-33,80,-59,31090,-26983,-17924
-31,4,-66,-5799,23063,23206
112,29,127,-23401,-32577,7160
-1,88,36,-19301,190,2442
71,31,101,-4920,2330,20568
113,-91,-23,-7679,-24620,-12808
121,95,28,-7531,24486,-27333
-53,-123,-51,1695,12537,-14280
-53,21,64,-11231,-28876,-20771
24,-101,56,30841,-22033,1432
E
75,-125,-61,-13548,27342,28138
-26,33,-36,-8582,28616,-25187
88,-59,123,32094,-20207,32528
3,-110,29,2764,-32577,-3903
68,114,82,-10312,192,-15238
-98,-1,2,-7367,190,-16282
-54,90,-59,-15182,5827,25143
-22,-99,-32,-14755,-24751,31708
31,124,7,-21849,-32211,32527
4,-20,69,-1034,-10719,32527
93,-19,-70,-8866,-32577,32527
92,124,-114,-22260,-4628,32527
124,-115,-64,-22353,21717,32527
-102,-100,102,-26268,-2808,32527
-77,68,101,-5297,-14340,32527
22,-103,-31,-11231,-16677,32527
30,-108,-93,-14237,10860,-28740
-22,-65,-79,-23890,14826,-30749
-1,-117,39,27151,-32576,-8632
1,16,95,-26911,-32576,-8776
-104,21,56,-24875,-32576,30694
-88,-51,74,32094,191,-32398
-84,20,-1,32094,-32576,32527
69,-12,-12,28174,193,32527
34,89,87,-3548,-27249,-4114
3,-42,-61,-32294,31185,-17950
-115,1,116,-15453,-32576,-29927
88,6,-102,1202,-1722,21475
-60,46,96,8121,-15231,15844
-97,-35,99,-21,16469,-10346
-67,60,-104,7762,6745,11744
-38,-108,41,3392,15219,16275
-17,-88,-35,6025,29192,19075
-73,26,-54,11604,-30905,1328
-54,-83,-107,15624,32200,15923
64,37,-83,28608,-5801,6517
118,124,-123,23214,6655,4655
-117,6,-1,8464,17621,783
-15,-91,54,6434,6484,5797
79,117,-82,496,-1523,-9443
E
94,85,-112,-4494,-10195,-9884
-39,94,79,-15499,-5430,-9196
62,64,-83,-2884,26654,-8536
35,-114,73,-1034,7732,-7743
52,-55,-21,-3299,5514,-8912
-74,-109,-55,-8112,-7788,-11766
-60,-111,-41,-8838,-1570,-16255
-92,-60,-7,-12919,11985,-24749
50,-101,32,-14738,9463,-30196
-84,-31,125,22169,13363,29634
-41,29,-122,2606,-22007,-29026
3,-11,-8,-18679,195,-23419
58,49,-37,-31445,-32574,32524
-123,0,116,13812,193,32524
-42,-127,-90,-29052,195,17393
85,-39,-49,-9738,-13197,-23029
-6,81,-28,-13150,3867,-19553
-68,28,4,29554,18662,29858
67,-18,91,3078,193,-9073
-35,68,106,-20264,-10531,-25196
-102,109,0,-10343,27062,-15109
-30,30,-116,-9732,-10352,-26898
-65,102,-61,-13439,-4674,-25629
89,-90,-76,31158,-12717,-7992
-69,-21,-111,-10435,21457,23414
7,79,6,-19372,-32575,-22277
-87,119,44,-30120,-26165,32525
105,-96,-16,-673,-23790,32525
37,13,85,7187,194,22413
-18,-69,-89,-13742,-32575,24974
-51,125,86,-13838,-32575,32525
48,88,-110,31018,-32575,-29169
-36,65,124,-4593,-11268,31245
-68,100,-86,-17332,3317,32525
-82,70,-3,23179,11348,-23723
-91,9,-125,-14924,192,-11061
-54,119,-43,-31474,24447,26313
-53,-54,-94,-16987,-29737,31813
-4,110,-51,-19721,-11384,32525
58,-49,6,-28186,-32394,32525
E
-91,68,-114,28106,-19473,32525
-56,14,114,21585,-29505,32525
-23,-96,-126,13751,22528,-28952
21,-12,-9,-13023,-32575,18750
107,-111,82,-7482,-32575,-17948
-55,115,11,32093,192,32525
-117,67,127,32093,-32575,32525
53,-66,-95,5853,194,32525
60,107,109,6471,-32575,11717
48,90,-84,-4452,-32575,-17787
122,23,117,-20709,-32575,-28894
-9,84,-98,-2028,-20163,956
-81,-46,-26,1543,-6213,-1721
-117,-23,-117,-2802,22550,-2747
-118,-57,53,5327,30616,-5914
50,-128,75,18486,192,19951
11,33,-23,22877,-32575,-1432
-51,-4,-87,-29045,9753,1840
-98,-97,-34,32696,6549,-6957
3,34,-53,28422,6354,196
-87,-90,23,21785,-12074,-4643
125,-77,39,-29600,-26342,3641
54,25,-8,12439,-13219,-16054
-31,-77,119,-5711,2552,-12552
-100,-52,-7,-1826,-20005,-16702
-96,27,33,-10637,19766,-20485
121,-28,-109,-11941,-8970,-20983
122,-33,-16,-15030,460,-21355
-122,-13,-84,-17686,6670,-24992
-119,-43,-115,-28082,5075,-23520
-53,-23,-94,27443,13430,-10793
126,-118,-11,32091,22436,13437
91,-77,105,-27602,24163,-18723
61,-73,-93,3133,27388,32523
-93,91,61,-13519,-32574,32523
13,-71,79,32091,-6451,32523
8,-110,77,-1448,-30360,-7160
-49,-112,-127,751,195,-20073
-71,-103,93,18194,31778,-11072
-119,-35,108,25923,11512,-244
E
-96,-59,110,6508,193,1934
126,-69,-31,-15912,-32574,20874
-36,-66,-46,-1124,195,-29143
125,56,118,17785,6297,-31304
-61,-29,83,9171,-31746,-3830
103,-11,10,5275,23572,-15162
64,25,-79,11064,-31489,10939
81,-71,39,1872,21971,2317
113,-119,-104,13113,-27640,17221
126,44,-91,32091,19444,5500
-30,94,-74,32091,-30277,-20629
-36,-71,-52,32091,22776,32524
20,-53,104,-27510,-32574,26558
114,-10,-94,26601,-2539,23591
78,10,-106,478,-9818,32524
-83,53,-74,-19477,-14459,32524
96,17,68,-13948,16002,32524
-120,-29,-90,22558,-32574,32524
-74,107,8,-24946,-7108,32524
-19,21,58,-27060,-22438,32524
80,14,-53,-28819,-24566,32524
34,-121,-64,-21676,-11609,32524
-52,-126,-22,-20931,-13604,-26643
9,29,117,28052,-17885,-11853
-121,-120,93,31517,24916,-4484
-94,-6,-110,-4515,-32574,-12341
97,-84,-31,-32166,193,32524
-56,-69,-16,32091,-32574,32524
59,51,-95,9403,-32574,32524
-67,58,-72,-18430,195,-5732
38,-113,79,988,6909,1692
109,114,98,16211,-7651,18873
-54,-80,29,-5848,4465,-1170
-45,5,-50,796,25517,423
66,97,-120,5595,-7616,845
-82,88,52,13970,28517,4960
62,-87,63,13507,28908,652
-121,-23,87,21449,-32572,-559
-67,47,-7,13016,112,-1223
88,-36,41,22219,2682,-8374
E
104,-69,103,20371,-6862,-927
16,121,105,-7906,21946,-10681
93,-86,24,-1426,-30786,-24192
-82,54,62,-473,1451,30003
67,-121,-76,-14303,30405,-23347
-100,66,73,-22327,-12267,-31310
-86,10,102,-22329,-1966,-21979
-60,-6,-80,-25636,-8059,-23477
51,-106,-65,-22264,26108,-20594
7,-63,-50,-19912,8958,-17808
-61,52,125,-27940,721,-12763
105,-27,-111,28167,-27311,-9315
87,48,-4,-16343,25085,32523
105,112,14,-6376,-32572,32523
-68,-35,97,32093,9104,32523
17,-37,6,17209,-13697,-5876
11,-22,-86,-6618,197,-20315
2,5,82,23375,195,26303
122,67,-49,22739,197,-30172
66,19,4,-3579,-30140,31058
-107,-59,46,11513,32154,-1260
-127,-83,71,-14342,195,6777
-30,72,19,-16519,-32572,-6795
94,120,72,-20253,26497,-25795
-58,86,21,-13807,-15746,-5520
2,-124,73,-12803,-13464,-14042
-13,80,114,-24520,-7887,-9757
122,60,-49,-32543,-26490,21641
-111,-116,65,-3070,26360,-31187
-21,13,92,32093,194,-30010
-74,-37,60,32093,-32573,32523
-100,13,50,12189,196,-29942
126,77,-31,-26809,-32573,3587
-101,2,-119,23672,24900,16341
-22,85,-111,-18396,-18963,32523
77,-68,-56,30839,196,32523
80,-97,56,29936,-32573,32523
44,-75,-58,-15430,12553,32523
-58,-96,96,-26899,22818,32523
23,116,-80,-15321,29606,32523
E
-94,-90,-82,29941,-28358,32523
-1,46,5,-7125,196,32523
-38,2,-107,-22573,-32573,32523
-70,126,6,25350,-22100,-28579
-63,62,-93,32093,2918,31684
-55,-13,-58,32093,-16435,-20252
54,-16,-13,32093,23253,-11038
102,8,-39,8017,-32573,-30857
33,-66,-49,-14496,194,32523
-117,-21,22,32093,-32573,32523
52,-89,107,-16926,-32573,32523
-93,49,24,-8823,5350,32523
-44,105,-112,1874,3650,-2663
-75,117,-7,-3262,-24344,-6553
-4,5,77,-3790,6023,739
97,-19,-8,-4840,-8990,-3471
-38,37,-88,10266,23717,3420
-123,-58,76,11719,28801,4467
110,77,-23,-11940,-31306,15507
-46,-39,-88,4445,-19884,3888
-15,0,67,9582,27894,-9274
-52,-127,-92,-20821,195,7599
-8,-72,112,11093,11584,3790
-5,-31,7,14623,-416,2370
102,-11,19,2065,32320,7072
18,118,-9,17943,-10789,7508
9,93,74,20465,-22226,2969
109,105,-46,20828,10277,9023
70,-21,4,17667,-23556,11571
-34,-31,67,15797,28598,7895
89,97,-14,15180,-29530,-3475
38,19,-106,9198,-5527,870
-94,-27,33,-1311,-9943,-29380
-65,76,22,1703,-14925,-12984
-64,119,120,-13610,-6619,-29767
-68,38,92,-9660,-3220,-25790
-102,114,-81,-14734,-8385,-28605
74,-54,0,29793,-19213,31238
-119,10,0,29433,-21202,-3252
-93,124,-54,32091,-31785,-10327
E
-53,14,-93,32657,5216,32522
-60,-3,126,17435,6054,32522
1,-68,91,-24483,-13114,32522
-10,47,68,-14404,31505,21954
25,-19,-97,22159,29703,25837
59,21,-88,32193,10511,29298
-55,-22,-32,6005,15378,-19331
-106,-100,-108,8979,-32573,22571
81,-14,100,18501,194,-15890
20,-10,95,483,-13956,20078
54,-105,2,-4653,-19323,-13933
-82,-83,-63,-1422,-14513,-23154
65,106,15,4960,28635,9964
-30,52,41,3676,23141,29732
25,-115,-27,5140,-29987,27440
-95,54,-8,4661,-31318,-29162
82,72,25,-11095,-32573,32522
51,-38,26,32355,10688,32522
-25,109,85,29819,-14643,12854
63,99,-9,-11471,18539,-30572
33,-51,80,-11070,-4204,22971
-88,-104,108,-30683,-9263,32522
26,87,-78,-17319,-32574,32522
5,59,-94,-8794,9716,32522
58,89,20,-13093,-21605,32522
29,-13,5,21784,-3432,32522
-122,-18,57,-29674,21479,32522
120,-69,-41,-15893,-32288,32522
110,21,41,-10893,28761,32522
-26,-50,-113,-14527,16867,32522
86,-20,-33,30955,8869,-22718
29,40,-1,-4594,18977,7983
43,112,-89,9278,15506,-15056
64,12,111,-18434,-32575,32522
-46,-106,20,32091,-23897,32522
-29,-32,2,32091,-2700,32522
-115,80,-118,1768,194,32522
-13,-46,0,-3093,-4103,26262
121,9,-46,30775,-3407,-3411
-23,116,-7,-1367,12793,-8478
E
-49,-9,-99,-16065,-32575,25577
89,91,-59,2241,192,80
-53,10,-69,9008,-32575,27594
113,-115,12,20164,-23559,6945
-75,-115,-100,14831,6642,13498
-48,65,3,18530,-16299,-13845
111,89,26,19383,-11607,13172
7,69,-104,17165,-26707,16996
-99,-73,8,20340,7623,4903
31,-116,52,12199,-9113,1630
43,-32,44,11682,13232,6120
41,62,-40,4425,-6004,-5370
62,20,-41,3898,31040,-6833
-23,120,93,-11101,-11449,-13575
-93,-42,-32,-7477,17175,-14805
64,-10,31,-8860,-10837,-28645
27,59,3,-16777,26489,-32486
-90,-28,9,-15462,-26999,-32435
-95,-69,86,-26933,3694,-17589
87,-48,-115,-31493,-670,-19444
34,0,-53,29685,27796,6456
-80,-126,-76,-620,-24922,-15774
-58,79,71,2269,194,32611
-98,100,1,-32329,-32575,32523
96,-105,116,-8977,192,32523
-90,-59,116,-14595,-32575,8793
-82,8,89,9436,18470,20931
50,-34,101,-10154,-10033,-17359
-95,43,-115,13615,32540,-26332
116,88,-29,12510,29920,-15088
-108,27,18,1629,192,25065
94,-102,-11,16591,-32575,12595
-54,-106,69,-840,16904,17458
125,120,118,-2516,-22097,-20161
-44,-118,119,-4729,28866,-31647
100,24,94,-15871,-22080,30637
-17,-85,121,25213,-2797,-4228
82,-61,-24,17744,9042,-9839
-78,-67,75,18168,7136,32524
83,-20,-98,27589,8941,32524
E
64,53,-126,23181,-20039,32524
-48,-66,6,20964,196,-15977
0,-51,-78,123,-32573,27191
-103,45,-90,11716,17386,6923
-59,103,-118,16573,-16459,32524
116,-66,58,-27783,196,-23851
-104,96,-37,2795,17770,29471
121,-121,-20,-11536,-8737,32524
97,-73,-30,-30501,-24917,32524
-42,37,-73,28669,-25988,-27307
11,-126,-92,-13117,-4356,30623
11,-50,46,-1417,21944,32524
-33,-12,-116,-25663,3869,32524
34,15,117,25179,-32573,-22995
7,-91,61,-22699,32499,-22962
-18,19,45,-16960,613,-20478
57,26,-12,-11193,-8346,-18337
-127,-77,-84,22490,18790,-7025
-31,-121,-4,-22544,-32573,32524
41,-116,-128,32087,-29109,32524
-97,-128,-96,32087,-22806,32524
50,-109,-73,32087,31093,32524
-95,-49,17,-680,22664,32544
7,-25,109,-27321,-32573,477
-51,-96,-50,-13850,18522,-5572
14,-113,-30,-22090,-16837,3452
83,25,124,-4738,196,4385
-54,52,-127,-310,-32573,8270
62,117,-82,-9062,-32573,12080
-106,83,112,12137,-32573,10266
2,-93,0,-4411,194,19578
92,37,-87,8344,9030,-4415
-52,-90,120,-5958,18774,15108
-29,116,78,23387,-17903,2703
-54,50,109,20345,-11372,2637
-7,99,127,20175,-20825,2345
17,-63,31,26082,10851,-492
-125,-36,-68,10265,22875,4132
-25,96,-17,2872,25157,4062
110,13,-1,1789,5584,-7209
E
81,94,-99,6138,-32573,-508
107,119,-104,-1073,-16491,1263
-67,105,112,-9851,8111,20958
-40,100,37,-6790,12424,-18193
47,32,23,-12402,-21911,32377
-55,-57,111,-12704,-18908,32559
39,-127,93,-14818,-9669,-29707
-118,54,6,30320,-3943,31224
120,-11,-118,-19536,12352,26428
-18,-73,39,31313,13651,-20055
12,-112,-88,-24113,-2466,32526
16,-47,72,32086,-31689,32526
23,-115,-7,-23410,194,-4941
100,55,-67,9638,-9536,-4131
-7,47,122,25702,25282,-10755
38,2,11,27841,-32575,19883
118,46,20,28746,192,32447
79,89,94,-22442,-32575,-10294
43,-39,124,19488,-32575,27398
-15,16,-86,31094,7523,-18727
-83,-25,93,-20880,30518,-24281
-109,99,13,-20833,-2815,-30860
87,-14,-31,-15833,31624,13488
103,61,-115,13941,30100,-27002
57,-91,-112,-19412,-2602,-29506
-100,-67,20,32086,-9799,32526
14,84,44,-681,-32575,5620
76,4,-62,-20429,194,-24042
-36,-63,-100,5901,192,-2227
-51,-24,48,32086,194,11342
-80,-75,-10,-23886,192,-19859
1,3,49,-12647,462,28141
-85,-96,86,24089,11027,32525
-44,49,-81,-20159,192,32525
54,110,108,-19813,-31727,32525
-43,66,52,-29769,18049,32525
109,-91,30,-22574,21703,32525
53,-50,61,27382,29844,-10700
118,86,50,32085,-32575,27538
-62,-2,-126,32085,-11716,-19505
E
36,-90,107,-11489,26008,18100
-71,83,82,-29850,-32575,17475
-47,-83,33,32085,192,-23280
106,-123,42,32085,-32575,32526
-75,-47,-64,942,194,32526
-90,38,-20,-334,192,-6647
82,87,52,29709,5863,19867
123,112,37,2062,31072,918
-85,2,-3,-17660,-32575,-3308
127,25,-75,18267,-21509,6984
-19,-17,56,15921,-21009,-5381
-127,127,-127,8131,28795,10610
127,25,-88,9141,-2634,4184
48,-73,-3,13907,877,-2347
24,-53,-90,13128,-11665,-479
20,-70,-111,15640,-13289,-2504
95,62,41,27195,-717,-8416
121,-111,63,30248,4927,-3955
116,91,-29,-31330,23169,-679
-27,119,114,32086,11586,4478
-54,-88,-117,14026,19351,22190
24,-37,49,24562,-11640,5823
-30,120,89,-365,-13153,-3644
-64,-41,32,-12108,-24771,28
58,41,114,-26221,-30619,-19539
4,75,-116,30878,-551,-10989
98,117,-112,-30772,19225,-16387
-34,22,112,-7377,-17698,-21600
109,-5,-98,-10939,-9246,-28199
-91,-35,-90,-13495,-28379,-23758
-25,-119,79,27236,30622,-4198
70,97,-115,31285,31418,-14940
75,-2,-108,27560,-29736,-31803
44,3,-119,-21128,12619,32523
-85,-25,105,31816,-15186,32523
-115,-48,-25,23099,3392,7560
47,-58,67,-18931,12837,26230
-82,74,-32,11788,17470,26472
-10,103,-35,19410,-32574,32523
113,104,-7,-3632,193,-683
E
74,65,113,-5285,-32574,27732
107,112,87,-171,-23563,30528
120,-78,-23,-2309,-8781,32523
-82,-109,88,-8739,-8139,-29381
-116,31,89,-25456,-4818,31313
-112,-18,-73,-13659,-15733,30390
-12,-71,-110,-9659,22893,-21379
123,113,22,32085,192,32524
47,-98,-116,25818,-32575,32524
120,-52,44,1407,194,-243
-89,-2,63,30592,192,32524
15,115,60,10738,194,32524
77,-11,-16,-6313,-25773,-24705
1,-79,-10,-13287,8849,29755
108,-99,37,-23576,-32575,32524
-4,50,-36,-18247,-8286,-31806
-51,16,73,-21818,27221,32122
54,64,108,-25039,-9042,-11139
-123,44,-31,-21398,15814,25233
-86,4,-88,2352,-4885,32524
72,-39,-9,-14503,-32575,32524
-65,-128,86,-25060,194,32524
-79,9,-61,-25167,-16567,32524
75,100,-99,-11938,-26377,-24850
-88,-35,-58,-18905,-17037,-5541
-79,-97,25,-22293,26501,-14527
12,76,-56,-7088,-2436,-31605
-109,105,125,32085,-21772,32525
40,51,-105,32085,-28601,32525
94,50,26,32085,-32574,32525
-20,-68,-127,-22640,195,32525
-33,77,67,-10703,-2947,-13341
-16,29,-96,-4792,-23352,-12249
38,112,22,-4896,1249,-1841
-49,28,7,-5653,-1480,1745
71,64,-26,3970,17323,10889
97,123,-56,-17056,-32574,17895
-121,-47,116,22773,-52,5094
-93,109,-38,13997,276,2325
88,9,53,15551,-4585,-5731
E
38,-103,114,17166,-30982,1432
48,-21,63,24759,-23964,4298
18,52,-4,15558,-21543,-141
-47,123,46,16048,-2054,-10877
61,-45,20,9319,-1611,4008
33,122,18,9776,20988,11307
-97,-104,64,-27611,12370,2905
-52,49,17,-15934,-27197,6950
-113,101,2,-4162,-9118,-26197
10,71,79,-13493,-32574,12246
-104,101,-76,-16068,21550,-27308
14,80,96,-12093,6832,6910
-80,109,-23,-16525,-22271,-9248
-90,49,16,-17795,29273,18085
79,80,-74,-8060,25180,-31863
66,-106,-125,11354,18225,-29617
-22,-10,-28,31766,-6334,32527
-92,97,91,11002,-9952,32527
-94,61,89,-16591,4287,-415
-127,31,-46,12511,9756,29496
-100,61,-88,-24722,-32572,-25020
67,-26,47,-6281,195,27780
110,2,-71,-23656,-32572,32527
-36,77,-43,22133,3328,32527
97,-56,85,-10995,10075,-27837
122,-9,86,-6427,-32753,-14774
-101,57,18,-946,-19614,-27296
118,-14,3,11654,5860,-11848
-61,-7,54,9728,2284,-18952
21,69,-55,8145,32296,-9803
-3,93,-109,8815,27260,29376
122,24,31,17403,24638,-24446
-113,78,54,-24652,14249,32528
-52,9,-102,-681,-17715,32528
116,-71,3,-19578,197,-17736
0,57,-46,24037,19693,16515
-114,-1,-112,-9702,-17226,32528
104,68,-109,2192,17991,32528
34,-106,99,-15168,19506,32528
107,72,-13,-15097,3803,32528
E
97,-69,110,-23028,-2980,32528
121,-121,79,-19552,25080,32528
41,-126,-44,-23706,-32071,32528
43,125,42,-29000,21402,32528
32,-23,50,32453,-3569,32528
12,-38,-125,-26433,-24400,32528
-51,46,7,-21072,2308,32528
-57,-27,39,-27624,-3420,-21213
-85,64,74,-11288,1051,-31183
-52,86,-70,-31715,16110,-12100
110,67,86,28640,-32573,27713
28,-114,-106,-685,-32573,-23016
35,-52,-14,32084,-32573,32529
88,-29,42,32084,194,9718
-43,-57,-40,-17749,-32573,-25404
-118,124,-44,5337,-32573,29238
126,100,46,22460,-32573,-5094
-127,124,116,7983,11616,10259
-16,25,64,-10727,15523,-3426
-117,31,-115,-16468,15814,23327
90,104,86,1951,11068,6627
80,-99,-53,14966,-32573,16478
-18,11,-9,10506,-29434,19963
-32,-125,-128,9269,-5343,6950
-10,101,6,6034,16256,3061
-50,113,43,9162,194,21020
78,30,51,10833,32702,-15284
111,37,91,-22439,15003,-20273
-126,103,5,-722,-16230,-4990
115,15,10,10825,18804,1844
-48,58,64,-2293,-7511,30193
-71,84,44,-5484,16750,-7294
-35,-23,9,-10334,16480,-7121
64,-53,61,-9940,-21180,-17135
-11,43,59,-7958,4776,-16229
-31,16,100,-12327,-13075,-14723
11,-70,88,25403,21019,-15329
81,60,102,-9117,16452,20573
-13,77,-85,9274,16622,-21063
-45,50,-5,-17801,21998,32529
E
62,126,-42,32082,-17995,32529
74,-95,3,-685,-32572,26191
-15,119,-121,-30881,197,24493
-1,99,117,24249,-17423,15088
-60,50,-56,-27489,27915,-24504
36,-87,32,1775,195,1445
-41,69,-76,-25445,-32572,-13610
118,-24,44,-25806,197,21863
103,-115,-35,27941,-32572,-25225
-82,125,65,-26243,-3451,-31576
-18,-95,42,27542,-32505,-26892
91,123,-99,-5434,29706,24527
70,100,52,-15558,-32572,-29628
31,-33,-123,-31620,195,-29881
-4,-107,63,32081,-32572,32528
-23,90,107,-686,-32572,32528
-57,120,-82,31261,197,15528
88,-56,32,-4576,-32572,27273
5,-66,125,15264,-32572,32528
-117,14,-120,-25106,195,-23961
-78,-4,-74,-24602,-32572,29513
-54,-20,99,-25882,26095,-32550
-106,69,1,28264,24332,32376
-54,42,-74,-14733,195,32528
93,-107,120,-29328,-2409,32528
102,-97,115,-30364,-16873,32528
-38,-72,-108,-19847,11297,32528
-68,-59,42,-32024,14266,32528
-8,-11,96,29851,-32572,4438
70,8,55,-687,-32572,-12723
29,16,82,32082,195,32528
40,84,89,32082,-32572,32528
-118,-73,2,21797,-32572,32528
73,88,73,-18415,197,29313
-113,84,81,-16522,-7499,-12024
-54,123,-60,2089,-8162,-17801
-80,12,78,15669,5984,-13788
17,32,-127,-1823,-13734,17753
0,43,122,449,27070,10544
35,102,-22,-2877,26925,11045
E
-43,-95,-50,-21258,-27775,-4380
57,104,-73,-9176,-23848,19961
-37,-118,43,-15708,26410,-8345
105,-88,87,6445,-15545,-12046
-100,10,-91,3014,23481,-6191
72,-16,-5,4227,20166,-2795
60,-47,97,1172,31397,11229
-4,-2,-29,9411,-12539,14430
113,87,43,23296,-7065,11055
83,-52,91,14298,8623,9497
96,-12,-15,11052,18390,9935
91,77,101,597,23848,-7521
2,76,95,-2517,16637,-4908
74,41,-47,-13849,-2880,-20811
117,73,-95,-18620,28152,-13306
5,101,102,-21802,14668,-16680
-51,5,-8,-24222,6420,-23093
-27,16,-122,-24357,-8682,-27429
-84,-104,107,-22786,12443,-23770
1,-17,-70,-29888,-9743,31761
-93,-30,-5,-11878,-4747,17990
90,-112,79,27117,18932,-17646
53,-37,-116,-23598,197,32525
119,58,-127,32082,-32570,32525
-50,-96,123,11285,-32570,6803
-70,-106,-15,-821,199,-23820
-50,-43,99,1463,-14899,21397
-124,-21,55,7339,-6515,32525
53,76,-127,13249,15036,32525
57,82,-30,15008,197,-14171
-115,60,59,-16359,-9913,26245
-26,101,69,-11912,20184,-19228
29,-82,25,-13227,-6555,-31262
-100,87,-5,-13635,-762,-28350
-6,-66,111,-11210,-6354,-25093
97,-24,115,-20981,-14047,-14408
13,-123,23,24334,22086,9413
-10,-9,-70,-688,-32571,21991
-88,43,73,32081,26432,-8068
102,61,-46,32081,-19471,-16511
E
1,-113,113,1017,198,-241
75,74,-62,9668,-32571,32526
-76,-39,-41,-24499,-19021,5857
-118,-51,70,-11721,-30473,19571
8,80,-25,23840,1633,32526
15,-101,85,32080,196,5891
-72,78,84,-13003,198,19559
-39,-92,126,25263,29915,-22983
37,32,71,-22093,-20632,-13233
74,46,-111,-26521,-24293,-32471
98,119,25,-16403,27268,-30405
70,-91,51,-15938,-24310,30741
-52,-47,41,-9402,-32571,32525
59,-113,-36,-10049,198,32525
-51,-53,-2,-23227,-32571,32525
-61,-61,23,24879,23943,32525
40,64,-31,32081,-29647,-27218
67,115,3,-9398,25711,-2175
90,102,58,-8707,-18870,19270
90,58,81,32081,-4371,-6748
-32,-44,116,-686,-32571,32525
21,100,-36,32081,198,25548
2,-84,12,-23572,-930,31743
122,103,56,14102,-10351,-9961
51,-72,82,18461,28206,22620
125,23,-20,285,23629,-4041
-27,64,13,-20481,-17561,20029
-119,43,121,1139,-8809,22143
120,-99,-12,9848,15336,-1968
-9,-93,113,18508,7803,6179
-63,-10,74,15639,9668,9079
121,-125,38,16554,1679,4162
-88,-101,-16,16660,-3819,6944
-3,48,-101,21962,-6752,2616
9,118,-108,18702,13545,6002
-44,113,58,21199,10447,7571
-53,-56,48,4855,-11954,8321
50,39,78,7479,15460,6724
99,81,125,12852,4873,8016
46,-55,62,7711,13603,-6878
E
-92,-79,-5,-3235,21148,13711
-16,-56,-100,7227,-17713,-23620
-125,-58,50,-16850,-32573,27867
41,58,-78,20806,-27285,-25387
-3,94,46,-3352,10688,2881
-6,31,62,-2655,-15277,-4255
40,-122,-99,-11131,-3087,3542
0,122,23,792,3466,-4425
50,100,109,10170,-12144,959
-31,127,-39,-13724,-11177,6581
-118,-44,9,57,3424,-4390
-18,126,75,2193,2721,-3641
-10,-113,70,2208,6841,-3029
82,114,-63,1534,-3528,-5828
74,105,-88,1571,822,-5791
-90,105,-77,-747,-4818,-3808
-52,116,-115,-1396,-1976,-1786
-50,122,106,-2125,-753,-782
