0,0,0,0,0,0
-4,12,60,-287,-112,90
-4,12,60,-287,-112,90
-9,17,122,-194,-29,-26
-10,18,-111,-40,-23,-21
-11,19,-92,80,74,11
-12,20,-80,-36,-20,42
-12,22,-72,-97,438,12
-12,22,-45,270,42,-141
-13,21,-48,305,116,-117
-13,17,-37,194,266,-312
-11,17,-38,33,-523,32
-17,20,-30,-202,2065,932
-1,24,-46,-629,1478,90
21,26,-43,911,10208,2514
85,26,-30,-1154,-9921,-1510
47,26,-38,164,1124,-259
49,18,-21,292,-404,471
21,27,-29,-976,-87,902
26,30,-33,-996,628,813
28,50,-47,-905,1523,976
32,45,-49,-393,1311,926
29,40,-48,463,-812,562
23,39,-45,345,-692,406
10,35,-56,414,802,403
17,36,-61,341,1018,362
32,19,-56,1497,-200,180
23,15,-44,1430,90,31
16,-5,-31,1108,-1151,102
15,-2,-28,1008,-710,109
4,-12,-21,164,204,30
8,-9,-27,194,788,103
11,-1,-26,-351,65,365
8,-2,-27,277,255,265
7,-11,-29,693,-129,161
5,-15,-25,34,-188,303
6,-14,-28,-230,495,497
2,-18,-24,-79,-20,292
-6,-23,-20,-81,-321,-28
-9,-21,-26,-226,286,-21
E
-7,-20,-31,-28,31,-75
-11,-21,-27,-40,-435,-213
-13,-20,-28,-75,56,-234
-10,-14,-34,-180,405,-321
-9,-15,-38,629,-98,-570
-10,-18,-35,537,-310,-488
-3,-16,-33,-276,505,-158
6,-11,-37,-184,713,-44
10,-9,-36,39,659,-77
11,-9,-33,68,379,-29
11,-6,-34,-129,794,56
18,3,-42,-201,1222,-22
16,0,-39,-81,891,-204
22,9,-40,-824,976,-770
23,13,-38,-1479,372,-911
3,67,-27,-2705,-1849,-2015
-3,96,-32,-2416,-1064,-1146
-12,-113,-38,-2432,841,443
1,-109,-39,-3339,1226,1223
30,-54,-6,-4602,2420,8
29,-66,-4,-4167,1885,-31
53,-36,13,-2884,2358,-90
99,-37,46,1227,2310,852
102,-53,48,1638,1653,1342
-127,93,110,802,-402,1385
107,49,-104,-2680,-2245,965
96,-26,-95,-1523,-3256,1874
105,-37,-110,332,-1941,2627
-125,109,117,327,-1760,1948
122,-104,-123,-712,-1655,2402
-26,77,16,-2712,-27783,3763
-116,90,48,-3990,-23611,3498
-87,2,-32,-28076,-9614,11433
-19,6,-114,-29688,29485,12792
78,-97,-26,29654,-2881,20521
-82,-122,98,-25952,2204,13296
-107,-119,-11,6995,-5759,-16339
0,74,-24,6043,19509,-7259
84,123,-84,21787,23795,-3369
-119,-77,100,20684,8629,-7169
E
-81,-58,98,15806,23607,-7174
-34,-35,-78,18203,23769,-6103
24,93,47,19340,10300,-4158
-118,-8,54,16715,8131,-2900
-78,32,-18,10462,13208,-7185
-42,66,39,12129,19653,-6407
122,-89,117,17834,-14770,4349
-109,14,-103,16863,-14998,5103
-67,-61,-126,6381,13679,4807
-37,58,115,2296,4631,4291
-58,-65,-28,-5369,-14131,602
-13,-113,-54,-3694,-17269,-5574
95,-58,-75,-3539,9579,-4689
107,-48,-67,-2344,-5072,-6116
59,-58,121,1405,-1085,-4986
32,-70,-100,1495,-9578,-2435
-25,-82,-119,5190,-9409,3733
6,-28,-46,3500,-8577,3241
-41,-52,-97,3186,-11814,2678
-61,-105,-71,-16571,11412,5222
121,102,-56,-23537,3041,7515
-12,1,-109,-15687,-21413,6205
-76,-43,106,-9746,-19544,3262
111,-98,17,-31498,-22121,9425
76,-6,-42,-31859,-1119,13531
-64,-102,24,-7695,-1404,2543
-83,17,115,7613,9515,-9211
-46,95,109,1297,8248,-6328
-64,33,-79,10727,-31776,-4591
-102,118,-88,9867,28452,-4529
119,-65,-94,19521,5673,-6353
-38,117,-107,17517,16948,-6082
-87,68,5,14587,3613,4230
110,50,-30,16275,9928,540
95,116,89,12335,8008,-6022
109,-72,107,5253,12104,-748
-92,31,-18,1635,-10373,4705
26,-54,36,6878,14700,5217
-21,38,-49,6231,16268,12773
122,-23,59,-230,-6152,12592
E
-69,28,-18,677,5754,6651
-50,105,-126,-923,4559,6429
-47,-45,35,-3516,-3778,-2827
-64,7,34,-4375,-6931,-1520
-94,63,71,-5566,-10840,-6962
-59,59,-57,-1930,9334,-1987
-86,57,-71,-674,2519,-4065
103,50,-51,-1229,-1600,-3965
113,18,-60,1889,608,-3171
105,-57,-80,5659,-1314,-3428
85,-119,-2,4646,-4728,-3722
74,29,69,4821,-1845,-5686
47,27,7,-864,-9478,-10437
84,16,18,-1789,-9344,-7781
-127,-4,-116,-824,400,3410
76,99,119,-2037,194,3305
49,-9,52,-18713,9091,5082
-20,17,42,-24129,-8078,3867
-9,77,103,-16668,-21161,8935
80,73,98,-18555,-428,8189
-48,-17,-69,25627,19338,507
108,102,30,-32721,-31598,10982
121,0,100,3435,11287,1851
111,-50,-117,1439,3043,-3733
-79,14,-119,29530,20551,-9520
115,-47,103,28696,21186,-6426
13,-60,98,23849,15429,-6956
-72,126,4,22935,18402,-4065
-79,93,-84,16627,8179,-2930
-40,57,95,23409,6827,-3358
10,26,12,25926,16696,-119
109,-83,-106,21200,-1161,-5138
87,76,-95,9899,6769,2286
99,-83,96,13826,14090,13409
-61,85,-29,13950,-2646,11789
-59,-119,-48,8361,7015,7607
109,82,-85,-22589,-6158,2189
-108,83,19,-18012,5946,4772
-96,87,4,-15219,1411,3228
81,11,3,-9581,-4071,-5110
E
89,-32,4,-9814,1530,-3349
78,-55,-15,-2617,-1390,-4590
84,-60,-23,-1607,1279,-2351
86,-96,-42,469,2421,-1735
83,-104,-44,3205,2447,-1638
70,41,26,7277,-2077,-2867
84,49,32,5391,-1596,-2931
117,-11,-103,-4973,916,-126
111,-61,-75,-6318,-2157,-752
-126,49,-9,-3570,-364,-667
-125,16,23,-7385,-3993,-2435
-66,20,-88,-16193,7271,961
-89,38,-94,-15258,-2724,1288
114,-110,-121,-13339,-3341,3150
40,-51,30,-16473,-28755,-1573
-21,-122,-17,25609,-3723,7320
-37,-79,45,32353,-7033,8401
-71,64,-80,-25749,25293,5370
-101,20,102,-25427,-11637,12694
-51,114,23,-7824,5633,1921
-62,63,-65,7285,17003,-8520
112,115,-103,32684,15580,-10119
10,-53,119,25815,21423,-6144
-117,113,4,23994,12730,-3870
100,-115,-85,27260,1388,-3844
124,5,-97,24714,7660,-1499
116,75,37,22211,14012,-302
80,6,107,20222,14552,3224
-120,-100,-111,19398,2787,1383
106,-124,39,15077,-8624,17116
19,-121,124,11235,2709,14494
40,80,75,515,4177,6124
17,107,127,2129,-4283,7276
105,-106,-33,-4736,-18452,-2283
95,-29,35,-6180,5658,-5175
-75,50,-37,-5027,4757,-44
-60,125,-69,-3781,-929,-2948
-97,-88,-100,391,-3307,-5611
125,-102,-73,-333,-5208,-5815
-109,-115,82,1689,10805,-2125
E
-59,101,64,3724,7725,-600
32,71,47,-405,-3664,-877
-2,80,86,672,2885,-420
36,49,44,1918,3427,1143
38,40,48,2535,1851,1000
36,-19,102,1155,-2205,741
16,-47,117,1269,-940,-1003
2,109,-106,2972,-373,-4310
3,92,-97,-8,-5300,-8460
-19,-23,18,-6276,-6691,-7869
-1,4,23,-7552,-1353,-3511
101,9,-117,-2294,13502,-354
-21,-34,63,2929,16519,-1978
-67,-44,-71,-1660,3611,-1683
-67,88,-62,-11428,-1001,628
120,-39,-41,-12376,-22077,505
-37,-77,-108,-20875,32314,-1696
11,-60,-66,25223,8799,6493
4,-86,-32,-32724,-5226,7070
13,8,45,-32724,18909,8129
-95,81,-48,-32724,-30686,7153
-26,-79,36,21629,26383,-7697
-28,65,17,31698,20728,-5284
-34,78,-121,-27470,8528,-8286
-86,-17,-54,31721,12730,-7749
-30,-60,55,22175,21227,1588
33,103,60,21674,3191,209
-58,42,27,10978,9032,2250
78,27,-30,9141,17841,865
-53,-124,95,-2551,-5041,2007
-83,114,79,-2586,-6947,9800
110,24,-66,4423,605,5852
-126,90,119,9707,13256,3997
17,119,51,10187,-2947,9701
122,38,-71,7703,-8147,1602
43,37,25,8105,22622,-9853
-94,101,53,7726,19298,-6227
-25,51,90,6135,-12752,-10169
-45,76,-68,6348,-3868,-7818
26,-44,-15,-6065,-4706,453
E
-75,-94,-1,-6486,-2440,1750
124,-43,27,-9849,3546,3129
61,-96,43,-4002,-2290,594
15,-84,-17,-1370,-4790,614
-52,-54,98,1611,-2004,1466
-64,-124,113,4932,-2652,1280
114,47,-88,691,-4321,138
114,62,-113,-352,-3522,-68
62,12,-117,-1115,-2002,-125
36,-21,-95,327,-3464,1730
34,-17,-116,-300,-2275,1839
-7,11,80,-8154,4260,4137
6,22,85,-5215,2110,3612
2,17,84,488,2124,4093
5,-5,115,331,-1648,3266
-33,10,-125,-3777,-11197,-1937
107,-68,48,-12942,-6351,-2575
-103,20,-27,-19772,31970,899
9,103,-23,-30299,6489,7309
79,109,-65,-26168,-11760,10019
11,-8,124,-14193,28750,4486
-92,-6,-32,-18515,-11623,10262
-48,-15,-38,-10449,10987,7876
34,-57,98,-691,125,-835
19,68,-97,25878,1360,-16042
-77,-42,7,20751,10892,-6655
125,116,-101,22289,17481,-1147
-43,-78,-88,17907,8120,-4829
-124,-4,-62,11144,17552,-2113
-85,-117,85,6203,8070,1495
-45,-114,-3,6946,7553,-1087
15,56,-56,6076,12744,-1146
-92,-122,-85,-926,11250,408
-85,122,-49,2157,8176,-2535
-120,86,16,11932,-6011,10896
117,123,-67,10665,891,10654
-38,-103,-74,7988,12985,6561
-65,-11,69,6696,3462,8154
56,87,-61,3464,2747,257
62,66,-83,2229,5596,-2500
E
111,-80,-57,-2591,-1592,-4104
-80,68,86,-1524,-2862,-2474
-102,89,41,-2997,-10769,-6558
-92,-89,-107,4749,8008,-2304
-85,111,30,5589,-2636,-4676
-72,-86,71,-3781,12141,-1328
-42,-85,-98,-5440,-18433,-3663
106,48,3,10087,-15747,-11938
29,69,-48,-1069,-4291,-7422
78,77,-110,-16501,5673,1193
126,-58,-17,-16788,8652,2997
-112,-31,-81,-1940,4016,-1120
43,-98,5,14842,28647,-3437
16,98,-25,-7520,-22650,6063
-88,-27,-4,-27905,22215,15740
104,30,7,26148,21859,12552
83,41,49,-32727,-30453,3795
100,-122,100,1562,-5510,-9005
99,41,-128,31327,26534,-7055
108,6,-35,-31608,20300,-3280
74,29,97,21079,-3207,-8581
-95,-119,111,8462,-30680,-4826
4,54,105,13498,30751,338
31,93,75,-3321,-8249,1720
58,116,91,1627,6299,2290
-53,6,54,6282,18725,1885
-123,76,-108,1738,4635,965
-108,-69,-44,6591,-14241,2276
59,0,-104,11016,4800,7849
57,-8,-79,10515,12169,10782
-9,120,108,3930,-5234,4519
-52,-57,46,4678,-8229,4293
-101,-72,87,-770,599,-1724
-42,-5,47,-1535,4330,-862
-27,-116,-21,-3012,-3813,-2561
-56,-48,-98,-4190,-5787,-2559
-80,102,-68,-4763,6561,-3504
-52,-115,-5,-2317,7774,-3700
-69,-33,-99,729,-897,-3199
-78,-14,-109,680,240,-3005
E
-73,6,-115,932,1726,-2167
-80,4,-56,875,-1044,-962
-84,-14,-55,112,-1341,-1385
-124,-78,-22,-4629,-4246,-778
-128,-79,-32,-2789,-3180,-1753
92,107,-58,628,-4917,-1100
104,123,-66,-948,-3949,-340
86,-55,-42,-12043,-16,1863
80,-67,3,-8834,-4662,1531
123,-27,-1,-7973,10576,3025
67,-40,-99,-3790,-14712,3363
-81,-94,98,-26307,-24429,1824
44,-40,110,28882,7007,5739
-70,-127,68,-20605,29566,6125
-66,42,-62,-19651,28907,-772
-113,-2,29,-13582,14161,6297
-124,90,16,2791,12406,-3734
-121,-26,65,31800,12161,-11644
-82,-88,-77,25220,9770,-8612
-7,-47,45,16228,20159,-3803
34,-118,-128,22459,25100,715
-16,-27,-83,18377,-5523,1986
52,120,-14,9798,13620,4534
-30,17,51,11741,32353,8487
-104,21,-50,11834,2198,5031
110,-74,3,4390,-25621,2915
-122,-65,54,6128,-16618,2244
-70,-50,-69,3551,15592,6360
35,-66,-101,-4177,14478,8976
-40,-64,-3,-5032,-10782,4542
10,123,38,7578,3317,-3485
81,-108,-63,4106,-2417,-3778
94,125,51,-3972,-3113,-5649
98,112,53,-586,-3697,-6512
112,55,-79,-43,-5942,-5535
91,123,90,-338,5961,-2629
-92,-76,-111,683,6537,-1327
-99,-98,-67,1601,8452,-972
-75,-84,127,249,-2256,-270
-88,-85,50,451,-194,235
E
-90,-113,54,534,2975,762
-88,-121,66,-331,988,917
-91,108,113,-2504,-1988,2866
-124,68,56,-3463,-2026,2112
126,66,40,-2806,-58,1297
91,23,-13,-709,1473,-314
97,26,7,-18,535,-474
107,14,33,1122,-950,-1101
103,-11,54,2728,-1936,-2429
-122,-77,43,4263,576,-3190
-105,-82,69,-1222,4597,-3170
-85,-46,-63,-12314,670,-6964
-118,25,-41,-14791,6929,-7676
112,-122,-124,-8946,9697,-6837
44,100,33,-6769,-2584,-4370
-30,-24,-42,-13563,30181,1216
68,-97,-55,-25228,28266,8395
-61,47,-92,26803,-28141,25924
57,-51,69,-9577,20604,12434
97,2,-46,11132,29281,-13133
-53,6,-61,-5142,-16191,-3201
11,107,-108,-6780,-22247,6773
116,-60,101,6361,21058,-5446
-51,-96,-37,18084,-2723,-8389
-15,108,-76,13704,16425,-3778
25,80,-77,21628,28456,2564
86,-107,-78,15217,15879,4917
-74,-64,-89,149,9461,7017
-35,48,48,2136,5715,4107
-35,-87,35,2715,2470,6502
-26,77,122,2373,2664,3171
55,-54,-63,-986,-8831,4458
-70,-20,-66,-5511,-11162,14017
126,0,-12,-14391,5389,10811
27,29,-5,-10846,-12405,-3447
109,-79,-5,8375,-2600,4277
-118,-41,51,6010,-692,3536
-88,-121,-83,1560,3978,-7361
-94,-106,-32,276,-236,-5819
-94,-88,-42,465,-3020,-8883
E
-91,-111,-37,1645,-3795,-8738
-24,-26,71,7956,-2585,-10146
-51,-52,87,6267,-2618,-8104
-97,-127,-2,3658,-1998,-5427
98,-118,-63,3212,410,-4968
93,117,-44,3584,-218,-3054
26,105,126,461,6077,-5
50,92,-121,866,4241,-936
41,80,125,-440,7490,1000
32,11,-101,1004,652,-628
30,14,-103,650,743,-279
33,-14,-124,-716,-1214,1115
45,-30,126,-1567,196,509
53,-79,116,229,5280,-1092
56,94,-113,4392,-3063,-1229
41,49,112,3044,-1397,-1319
34,12,74,-1355,5768,-3871
9,-63,110,4174,905,-3671
3,-75,119,4646,-876,-3638
57,-107,-1,2694,14857,3632
-92,-47,-5,-5780,9132,3263
123,-55,22,-9662,-11783,-4781
-46,46,-110,-14361,-31048,-3089
36,109,-17,-27126,15988,4097
-44,94,58,-13931,-23688,3489
98,-68,1,-29086,24003,3897
-26,22,-114,-32193,5199,21379
110,21,-38,427,-15623,7237
97,-36,-103,8058,-4858,-9417
105,65,-99,12017,13426,-7082
-15,-72,111,16360,14336,-2277
-112,-116,109,18170,11407,-4393
-33,-103,99,22124,16492,-7444
-128,20,107,18686,9160,-1814
37,-73,-109,3075,21187,1683
-31,-32,1,11544,21918,1957
-87,61,-71,18885,-2455,-2276
-13,14,-3,18290,-5420,-4858
73,77,-125,21051,12652,2172
116,-108,61,19308,29411,9558
E
-88,-17,-127,4705,-19190,1081
85,-19,-43,-11102,1117,3471
-46,-128,31,-9175,9822,739
48,28,-86,-7143,1801,-4078
25,50,-80,-7013,-664,-3651
-41,-95,-26,-8284,-3368,-4698
-48,107,1,-6262,475,-6043
-116,-18,-6,4433,-1369,-5513
-125,-35,-26,1138,-541,-5050
80,-23,34,-2953,-3587,-4018
84,-27,59,325,-1031,-1303
91,-47,87,902,-567,474
83,-53,93,-916,-1820,-93
22,-39,-64,-6263,-6270,318
15,-1,-71,-5081,654,2465
30,24,-68,-4930,1417,2172
74,70,-73,-5198,-333,2421
62,75,-31,-4280,-2575,1812
52,102,25,-1659,-1170,577
61,100,-2,-2526,963,1131
106,-123,-17,-2820,3657,2417
114,119,19,-498,1350,2004
118,80,33,1703,1501,506
106,37,52,2349,-3316,-2161
45,-35,124,1508,-7179,-2814
34,-54,-127,-817,-3917,-2277
43,-68,-94,-4014,2460,1158
56,-45,-98,-5079,3414,2421
-105,56,-99,-9057,9805,3051
113,47,-61,-8251,289,111
-67,1,51,-4740,24182,-9525
35,25,87,-10046,-4185,-101
-19,107,-83,-17046,14462,8126
37,80,29,-23902,24133,-2777
23,93,25,27840,-18199,4864
8,80,-91,32452,-7801,16651
99,23,11,-13366,-6016,3042
-25,-77,-105,11498,3285,-12904
45,-48,64,21319,22240,-1093
68,-2,-98,19837,22330,493
E
-14,86,-10,-30336,14895,-7548
-113,-89,-9,30577,12335,-5849
72,88,28,25009,19272,2893
40,-43,22,19412,5182,2953
-120,17,113,12944,5034,6004
67,25,-122,9395,13894,-51
-39,103,-81,6261,10610,-1852
-28,-54,73,-790,797,15781
-97,-60,91,909,-2239,18678
-84,25,-90,9264,-3716,146
-80,-86,-73,5416,-8786,2421
2,97,44,-13202,-6715,4982
-6,19,97,-15468,2569,1965
52,-42,-49,-10155,8618,723
-109,-83,-35,-1146,1634,-2095
94,-87,26,2859,-8572,-5952
-121,-9,-22,3476,-9404,-7287
116,-3,-114,1838,1924,-5388
-84,-21,127,721,9502,-2379
11,-59,-42,229,1044,-4054
-14,-77,32,45,-1670,-4030
-19,-85,51,-1605,-2716,-1621
3,-61,25,-5686,4423,1972
19,-53,20,-5806,3484,2054
81,13,86,-8768,336,1787
63,11,85,-7527,702,1681
55,64,111,-3886,-2238,1854
29,60,-122,4036,-4032,-843
-13,14,117,5084,-4479,-3056
-68,-18,125,2059,-5629,-4143
110,-105,-96,-1117,-4094,-3137
115,14,-72,-1107,5375,-1525
-51,27,-118,-3458,10430,746
17,69,-75,-3952,-852,1556
-38,112,98,-5309,-6508,206
-36,-83,48,-5345,-2814,1868
-82,36,-108,-10961,-13982,3012
127,113,63,-26914,-3319,6285
-114,29,77,-20223,-20645,4124
-26,120,-23,-12902,-30454,2540
E
-125,-128,48,-18624,-23851,7882
71,3,-34,-19143,15554,11504
-43,-105,-126,-12061,3674,2052
103,-113,-101,19601,22112,-11371
-55,127,-118,24579,19322,-1916
-121,-127,-74,30055,6033,-7728
-100,95,11,25981,2011,-8166
-19,12,-101,13099,20939,2045
49,121,-45,11320,20683,2453
51,87,52,8643,-13274,8382
-60,122,49,9699,-9524,6009
86,99,105,-6118,-9040,1082
-108,-84,-41,-9388,8064,2857
50,-56,0,-2844,6596,10577
17,-124,50,3,3413,8435
54,-126,101,5822,-463,6599
25,62,117,6286,2230,10466
-33,-89,-60,5168,3682,3682
-24,70,58,4206,-2106,3305
-40,126,49,132,-1241,3310
109,11,-111,-12017,3265,-3163
-97,34,104,-6580,5151,-2247
15,26,5,-982,2674,-3246
-8,4,45,-2985,2150,-3132
9,94,30,1027,-390,-5403
19,125,12,5028,383,-5770
27,-78,44,4069,-492,-4455
25,-86,51,2549,-1868,-4393
18,-121,96,5179,5262,-3544
23,117,100,3859,8212,-4244
54,65,58,-5075,-3208,-9241
44,113,45,-5078,-9835,-5392
15,127,-108,-4183,7592,-182
54,78,-20,116,-3625,350
17,45,9,-3694,-6880,-256
-53,-92,9,-13211,-8971,-1354
45,49,106,1753,-11513,-6681
-122,-81,-123,11303,-25671,-5889
25,68,-45,1183,28047,5167
-5,-6,76,-19792,16863,705
E
-83,116,47,22522,30889,15709
60,-29,-11,-28112,-24577,31236
-98,-43,72,8989,14772,2475
19,48,-86,6754,30822,-18708
-60,-24,-102,9173,-17275,-4996
113,31,-110,18565,31437,-6295
13,30,-67,17032,7992,-10466
-119,-114,90,19954,17036,-5293
88,5,-48,11332,21429,2345
-89,-29,14,12500,21512,1614
33,-85,-101,6965,9642,105
-47,44,-92,7859,18047,4819
101,-116,21,5486,-14402,3618
30,5,-110,1676,6037,5070
115,-25,81,-10720,7256,10259
-2,39,55,-12305,-439,11118
120,85,-72,-7484,-1283,5686
-38,-61,34,-2334,-29854,-4075
-59,11,88,-2870,22056,3968
51,-50,40,-3423,8545,-5316
-94,-30,113,2801,-4345,-6934
-120,-26,-75,4353,-3447,-9248
-113,-23,-64,2076,-5425,-7954
-46,-57,-63,5552,3080,-3795
7,-96,-15,3292,691,-2395
17,-113,36,-2003,-1152,-2298
26,-105,33,-2600,1265,-231
38,-91,-6,-1613,1903,574
30,-100,3,-296,-650,910
21,-100,0,-155,3548,2138
47,-116,-8,-1587,-1421,1004
35,-111,-11,-2183,-275,2931
15,-117,-37,-109,918,1255
-25,65,-10,3399,116,-1034
-13,52,4,2820,-136,-702
-16,-35,84,1309,-2041,-2166
0,-82,120,1517,-4496,-2100
13,113,-85,1613,-5480,1613
-4,118,-91,-1531,1795,5028
-18,-98,-105,-14709,1865,624
E
-102,-87,-53,-16244,-4082,-1164
9,-64,-68,-3701,-16761,-1161
105,95,45,-10816,-7136,1041
-99,-96,-17,-30741,23306,1208
30,-80,6,-24005,32171,8995
-36,23,-38,-19984,19683,11168
-92,-82,17,2286,8430,-7922
19,21,13,10916,4577,-8211
-33,-87,53,19105,22334,-5400
78,-82,-122,16080,25054,-3930
-19,-38,-126,19279,11079,914
5,-100,18,19176,12788,-58
82,67,89,8532,14147,4769
-28,-42,-83,-1390,3797,7815
38,17,100,4864,6707,643
-110,34,52,8299,-1512,-1073
21,92,95,5275,-4721,8987
21,-87,35,9216,7803,13133
-63,-35,78,26020,27287,12655
-84,-52,-85,14375,2373,1120
20,8,112,2449,-24594,-5403
39,95,-22,-1088,-14088,-4971
-105,7,73,-4430,19794,1508
-88,39,-19,-4597,5591,-2402
53,-35,94,-1032,10414,346
36,-55,-109,-3563,-10015,-5724
31,102,18,-2607,-12223,-4639
0,95,34,-2359,-8641,-6323
57,-75,-91,268,10813,-820
97,-94,24,-1960,-2260,-2961
95,-58,67,-4233,-6199,-2629
66,-17,39,-7059,-1922,369
31,41,20,-12497,-1751,-1161
-31,-79,50,-13560,-3842,-536
-67,-6,90,-12374,-1653,-882
88,104,-20,-14723,-6901,-3786
36,-126,71,-15027,-4435,-2804
-30,40,-18,-8723,-563,-4500
-44,-49,-12,-4080,-2932,-5869
-90,63,92,438,-8790,-10473
E
-44,45,107,35,-3912,-8323
7,61,-62,-6863,-3076,-914
98,84,-5,-8169,1092,3915
67,47,-35,-3006,-1622,503
25,-57,116,10822,-11454,-6481
-48,114,-108,-2339,2368,7069
-121,-38,-85,-3359,-20553,6144
-103,-106,-39,-16399,-20698,10463
-78,-3,85,28002,-3678,15957
100,-82,-8,-23723,-11232,482
-9,19,-77,9456,5683,-14435
-126,86,48,15352,12372,-7940
16,-40,81,32331,19861,-825
-127,34,-32,26659,10503,-1722
1,-79,80,23968,11264,-390
27,91,64,20094,17897,757
76,24,-14,2984,17581,7992
80,90,3,3120,2447,3658
-112,121,-59,4385,3984,-53
-71,-14,120,804,4063,-2136
29,29,25,-4934,3489,1854
12,60,91,-2621,-498,11026
69,72,79,14894,8665,2584
29,-73,-49,16677,3334,-9685
32,-106,-86,8753,-22177,-11566
23,-15,-23,-2618,1109,-3252
105,116,77,-7431,16205,-4270
-97,-102,120,-2194,7477,-2131
-86,-24,-116,-169,799,-2889
122,-44,-104,1894,-3261,-4580
41,-80,-128,5067,-3736,-2613
38,-100,65,3080,5550,-1615
82,103,89,-655,1944,1238
87,115,79,11,10554,1812
36,73,45,-4099,-8272,-608
-50,88,54,-1543,2263,2215
-22,69,72,-1967,-3523,2013
-60,63,114,-4786,-5000,908
-88,82,123,-6812,-2127,378
-83,124,-111,-5909,-1842,2710
E
-109,-89,-13,-4900,-4007,-493
89,-66,63,-4118,-4602,-1314
101,-85,68,-1754,-3323,-1521
104,114,-127,4246,-6511,-629
108,122,115,1994,-5115,177
127,113,117,283,-3767,1017
116,102,125,2250,-2875,-231
95,40,-120,4391,-1878,-734
97,64,87,-2516,3267,44
109,79,95,-2310,1444,1231
-88,23,96,1033,5238,4054
-63,19,63,1905,4578,4705
103,46,-29,3791,6728,10964
-94,24,-16,-2160,2271,8591
-122,46,121,-8383,-16121,-456
-33,-122,-37,-9871,-30316,498
-27,-64,84,-16327,5472,1977
-23,100,80,-18086,-9352,3396
31,-60,-64,29636,28371,7229
2,99,62,31178,7227,9974
-113,-69,127,-18808,8895,1443
-50,-33,23,23111,10339,-10851
-13,53,16,27180,12362,-6615
93,-48,17,18654,8053,-6816
4,-28,-20,18508,2759,-6659
-12,-28,52,26088,13328,-2181
74,-16,90,17868,21496,51
-74,-122,-65,7461,4773,-1383
123,-124,125,982,7428,5559
114,76,-105,5317,10559,-1053
-79,36,47,-427,1040,-8502
122,-27,54,-2444,-11968,4244
-31,-18,88,9304,3026,8380
-37,-40,0,13620,13849,-5801
-10,88,41,880,-11415,-6527
-36,73,-104,-3361,-593,-3398
93,-10,-38,2006,11309,-3205
107,-46,38,4814,6344,-3448
117,-110,-86,-800,-8266,-5856
83,-128,-116,-3081,-30849,-11308
E
-32,-13,-80,3800,22550,6122
40,-97,47,2141,9185,1240
116,116,-76,-310,6215,-3890
127,-96,22,-3211,-3279,2024
-127,-97,-66,-6194,2489,1714
-62,-60,-73,-7544,5521,4006
-40,-97,-18,-4892,1725,4241
-53,106,12,-3911,-3188,4226
-79,14,-46,-2195,-5155,3641
127,-19,-82,-5304,-6118,4539
48,-68,66,-6748,-1579,2431
44,-120,70,521,-2290,-1844
31,59,80,6670,-5214,-10699
2,102,88,2132,-2445,-8737
31,-87,82,-703,-1337,-2811
36,-80,108,-6570,-1977,-191
-32,16,-51,-10470,-8133,233
113,97,9,-8945,-18553,1160
28,70,-12,-13823,31,7923
64,108,69,-16502,-6812,6711
-68,51,65,-22893,-28631,2587
-75,122,-24,-13555,7143,12342
70,122,-46,-21661,-19793,7047
114,31,103,-21452,25727,2320
127,50,-73,-11478,-13636,3864
-13,37,-58,-4426,11139,1438
10,-73,83,3807,8598,-4911
87,58,-56,22802,13560,-9545
13,118,38,25302,21041,-5934
-24,90,87,20474,11147,-7039
122,-65,72,24770,21371,-3390
15,21,-26,25807,25395,-1887
-116,-106,-124,18300,7415,2509
42,23,-55,13751,12936,2379
37,-40,96,4080,10403,3609
18,-57,-84,9681,5904,5393
116,84,-29,11384,-12862,-5111
100,107,106,-2867,23397,16697
-100,105,104,-8191,13813,25984
45,93,120,1642,-100,426
E
-69,109,83,-80,-8501,-1766
-120,54,-46,-9221,-15239,-1717
102,52,-71,-5254,10268,-9591
-30,116,-55,5572,5406,-11852
62,109,95,6098,-5446,-8046
40,-71,51,4249,-4822,-7726
34,-13,-7,4749,-1941,-4353
29,-40,10,3364,-3051,-4644
-71,-48,58,-977,-3718,-1336
-67,-49,39,-524,-2350,-1934
-85,-41,44,-6059,2594,1963
-72,-26,57,-6101,310,349
-52,47,75,-4131,-1397,2817
-54,29,75,-608,-2121,4394
-35,-99,27,4078,3572,4075
-27,-100,48,883,2860,3884
-19,63,-110,-5426,-85,-219
-32,54,-94,-3494,-177,-150
-36,30,-71,-4127,-1896,-345
-57,34,-55,-6955,-351,-1186
-55,42,-40,-5123,436,-1664
-62,62,7,-1044,-1333,2082
-32,90,-48,603,7117,5483
-82,-116,-69,-6872,9692,5152
96,-61,-25,-20749,-22719,-3007
93,-50,23,-20521,-24592,579
-75,119,44,-12200,10833,4526
-89,62,9,-22944,-16577,-7972
51,-103,69,27216,22096,-5375
-46,119,-16,-24508,-23128,9507
-99,-109,-89,-6284,8373,14690
-116,-98,99,-11802,-14872,-1740
64,-126,78,395,-3385,-7048
-85,8,-72,6173,9028,2505
29,124,-38,19334,22089,-238
26,39,0,16403,9840,-3900
-39,-15,-119,14573,13181,86
-75,62,-38,19125,25755,1310
97,-41,-36,21868,8280,-1885
11,89,-123,15583,-2156,-5655
E
70,-5,-40,6287,24782,1343
58,115,-67,6727,16021,714
59,34,-54,3842,330,-2057
120,-19,-115,2711,-3857,-132
-66,35,-44,6739,13614,-3005
25,126,-107,12405,11117,138
-105,-84,-47,16391,-21380,8501
-92,-92,-58,11200,-26147,1132
23,-8,-63,-2588,4252,-1948
-91,-97,98,-10677,9904,4719
64,-89,-33,-10025,16763,3082
-85,-60,-48,-2478,13846,-1951
-23,27,74,3914,-10155,-5657
112,39,25,2078,-9783,-6783
29,52,-93,3872,1617,-5367
63,31,-91,3038,1623,-3419
-112,-25,-121,3165,3942,-2365
-68,-91,-32,-1260,1828,-2118
-52,-91,-32,-1325,2403,-1196
21,-102,-58,-500,4136,325
22,-101,-49,-970,2841,522
-127,-122,-43,-403,4173,2543
123,121,-42,-526,4474,2959
-61,108,-36,-416,3991,2726
-50,93,-15,205,2324,1844
-60,75,3,1505,546,35
-63,54,0,2193,1189,-478
-41,24,3,2218,2299,-731
-7,9,15,8,3846,-589
28,16,55,-1368,2461,-58
40,0,82,-105,-235,-921
30,-48,97,973,1528,-2631
44,-64,117,-297,-3578,-2904
38,-16,72,-2923,603,1250
65,-44,22,2589,2826,1303
69,114,60,7974,1494,512
77,27,100,7901,441,246
121,22,88,1879,6154,1071
-97,72,-109,-9618,-366,4884
57,-60,116,-8859,-10216,192
E
-90,-93,46,2801,-20912,-5147
-124,5,-72,-721,-5380,1142
0,-43,106,-11108,11891,6517
19,-126,-5,-16355,-20076,6147
-34,-3,7,-14232,-16422,6614
-16,-125,80,-16720,-13791,6995
-75,-63,80,-14573,1064,14577
-105,-123,105,-11152,-11007,11211
118,24,-127,8757,1332,-3545
90,116,54,6293,11250,1448
-17,-49,-99,12192,10263,-331
-43,-49,-66,10327,1540,-1516
-98,98,92,3212,7746,-4255
-83,81,64,492,12368,-3800
-118,116,4,-388,14460,5242
110,86,93,8333,-3980,8594
-90,0,-69,7137,8607,-4446
-90,-53,-8,1374,19355,-6577
-113,-2,90,163,-1786,1579
-56,126,73,3564,1252,-5209
-51,124,16,2413,2652,-3582
-13,-124,-21,3117,-4750,7187
55,69,-92,5449,6742,7799
-91,-35,92,-818,15906,5200
-10,-84,29,-7421,1543,6652
25,106,39,-3209,6314,6783
72,5,31,2659,11453,1017
56,-90,106,4927,1149,-2111
-1,-102,-84,6277,-6269,-3221
22,-64,41,7540,-1315,-2352
56,-66,-120,7958,3733,-2881
16,-90,-93,8679,-2991,-4220
-88,70,-120,11880,-7911,-9556
74,-126,-57,10718,2325,-9943
-97,55,-29,-822,5198,-6064
-67,117,-31,-2272,3938,-1838
124,-90,73,9754,-7544,-10889
43,97,-117,3718,26355,-18583
-87,9,67,31309,-4312,6477
48,120,-102,31240,26877,13240
E
-72,25,-69,-17155,16678,7236
116,118,-47,-8807,30601,-554
108,10,94,-17190,26735,7062
-19,69,-59,-14919,12801,6594
-81,86,13,16290,7174,-10371
-103,95,-46,-1391,15679,-5187
85,-76,81,3911,9635,1832
2,-63,60,12836,1985,2108
-27,-50,-54,18558,15538,-9358
-45,61,101,15552,2537,-9250
55,119,-109,12336,693,869
-39,-103,48,16205,16659,5080
47,-99,95,15327,-50,-3319
110,-54,-3,-1800,-6505,341
-114,79,54,-10481,1842,19382
56,-82,-103,-5853,11373,15074
35,-100,71,-2404,2237,1098
5,1,-47,-5549,-10726,2601
-36,-110,-68,-12651,836,1934
46,122,43,-5577,13056,-1803
47,119,84,4975,870,-3433
-9,105,72,3442,388,-9592
-46,116,19,-3561,4577,-10107
39,111,-33,-412,7681,-3796
110,77,-80,737,5513,-1741
109,0,-45,-500,-1064,-4155
104,-1,-36,325,-575,1169
102,25,-58,1702,7102,3541
-61,-47,-117,5806,1609,77
44,83,26,-4110,-12752,9356
-16,-113,-5,-9295,-8894,14416
10,-65,-107,9072,12794,-1057
84,41,-63,13319,-5426,-7840
56,-21,-2,6767,-5219,-3265
-88,-51,-44,-776,3407,2733
-48,-96,-65,534,3281,35
-48,110,-56,3470,-1697,2113
-96,118,-85,-386,2068,2591
-93,-119,-83,-1976,3860,1925
-90,-96,-76,-2138,-154,349
E
-86,-95,-75,-1708,354,1267
-50,-8,-128,830,4027,3676
-37,-39,120,1596,2277,3009
-24,-56,-109,1836,-2173,3549
-52,-69,-113,1437,-551,2329
-54,-81,-127,-1226,-898,1334
-57,-53,126,-53,8,1489
-50,-40,101,1872,1724,1380
-37,-59,107,2795,1242,1028
-21,-108,127,2276,1441,745
-4,-126,124,1921,2620,638
9,109,-116,685,1552,69
12,102,-101,27,749,-136
16,116,-102,-70,943,280
36,-123,118,108,3509,-381
42,120,126,761,2591,-694
65,88,-99,963,127,-1533
68,89,-103,559,984,-1090
92,70,-89,-2431,-54,-2164
92,84,-102,-1477,758,-1916
-114,118,109,-7,1893,-1703
-83,111,117,2402,423,378
-86,88,-115,1889,967,544
-70,63,-96,-172,-2449,-290
-50,58,-65,-4244,-5546,5373
-95,97,110,-7197,-1751,7369
30,99,45,5321,-334,577
17,64,95,4978,-2948,-1384
-52,-119,-103,-1410,3954,-5323
74,-90,-102,-1655,5005,-3168
-74,-104,-7,-3560,-5136,927
123,-100,-65,-4462,-277,-1233
102,-15,127,-7296,2226,2861
95,70,-127,-7530,2815,2024
58,-97,-104,-7030,564,-1963
30,-87,-75,-4069,62,-3901
24,-78,-69,-155,797,-3292
38,-37,-42,-3566,1084,100
45,-45,-46,-3798,855,-1013
22,-110,80,3737,-3592,-565
E
1,113,53,2733,-3789,-2278
-112,-14,-120,-3790,-9880,-5933
108,57,-73,-10925,-4701,-1307
36,20,39,-2118,-4234,-4273
6,-87,50,3121,-2522,-6245
-49,-41,127,-6492,-8957,-2902
-84,4,53,-9104,-16898,-2398
-21,-96,14,-4272,-5456,-4281
3,-52,-73,-14264,-6100,-5174
-8,-128,-52,-25301,-16557,-3069
-125,-104,97,-16357,-16358,-6735
-70,87,23,-12889,567,16986
-35,-79,115,-16259,-11908,11277
92,103,-8,-5666,-27820,-6662
-14,42,-15,-5819,-11764,-432
66,-88,-122,14936,22250,2347
71,-126,22,14371,10508,-1683
-12,-88,51,19081,9158,-8943
2,30,7,13250,12620,-5583
59,-21,-119,2063,25780,2899
-105,-87,127,13933,11693,-583
102,-119,6,13645,3896,-5135
-84,-64,-13,10929,4585,-1805
-23,-23,-21,19434,8612,2831
-28,95,-17,16059,3024,4726
-8,-20,-34,3699,-8745,9263
-72,94,-121,6467,8425,21656
-29,50,-17,11168,17862,22135
38,-63,-12,-6131,4952,14201
73,66,-60,-11019,-3551,12491
-102,-9,-47,-12366,12901,855
90,-10,28,-12799,2065,-410
96,-33,45,-6456,-283,-335
-123,-102,-91,9130,7594,-4112
80,-17,-90,13835,2468,-10111
37,98,-65,4183,-15540,-10503
85,-116,91,2198,-2634,-7459
37,124,-44,9167,1878,-8503
-39,124,-17,5639,-2003,-7567
-115,-95,45,-7712,-8806,-4042
E
-55,-74,73,-7857,4368,3007
-18,-96,58,-5706,2517,1010
83,118,127,-19307,-22523,-7387
-115,100,-113,-17783,-18577,-4967
61,114,29,-14144,237,4747
-51,-77,10,-19219,-1549,1882
64,41,-61,-17716,28371,-2990
110,-7,-102,-19753,-31399,1092
-39,94,-82,-16429,11202,21326
39,55,-40,4388,2152,-5571
-81,48,-3,11226,4446,-13040
85,23,111,19067,2597,704
8,80,104,23058,15906,1001
-30,85,-32,18066,2980,-5290
20,-46,-125,9717,13735,-2207
5,-6,-54,11723,21205,-447
-9,-128,-55,14861,1152,1479
-75,-107,-77,12626,-398,2956
-40,-22,83,9681,22317,538
79,18,38,5826,3102,949
103,42,45,2112,-90,5201
-80,-32,-35,-1635,2771,3959
24,-120,55,-827,5585,10110
48,-101,117,-2482,-609,12955
-78,-121,117,-13089,7699,13212
-63,73,-126,-9892,10715,12066
46,52,36,996,-8494,-6007
46,50,56,2054,-10929,-11143
-37,-70,-15,-2465,-1828,-6309
-42,-54,-45,-2679,7099,-4763
94,-76,-8,3354,1560,-4213
87,-67,-3,856,-30,-4502
25,-63,-27,-1274,1378,-5679
13,-94,-31,3711,-2158,-3026
23,-16,-118,-187,5138,-1946
-9,16,-102,-10838,1465,-3727
-24,-80,-61,-12271,-21766,-1788
-63,57,67,-7863,28,-1145
-49,59,-76,-15612,-1665,-952
-81,48,-3,-973,-30398,-12278
E
-64,14,-101,-3911,-25469,-10439
32,-36,40,-29320,13867,19599
33,93,-49,-23176,-5489,9870
40,88,81,-42,-30429,-15777
-53,-46,21,-6056,-12798,-5923
-8,1,99,-5667,19844,14632
112,-90,23,2709,15684,5353
-97,65,41,15702,-6173,-10865
114,63,61,11713,8369,-3862
52,71,-27,13543,32674,5992
-122,-14,-72,22312,18809,3821
-105,-45,56,21173,2263,-5659
-123,77,109,9348,16073,-366
87,59,67,18240,15278,1783
-51,-104,21,16188,17953,2259
-65,87,-108,14150,-8477,-15885
-107,92,-85,6566,-11281,571
1,-97,104,5183,10630,9428
-110,-109,-11,282,12399,19822
73,124,-119,2066,8799,16238
-116,-74,12,-3754,-7022,-3804
112,-5,-95,-2776,5235,1726
-39,125,110,-5362,1128,1151
-88,104,-101,-6290,418,-261
76,-49,-73,-4839,706,-7378
46,-7,-116,-1817,-651,-5733
-38,116,-95,-2730,-6701,-4838
-48,-102,-122,-1930,3914,-2069
-81,110,-71,593,9041,-1395
-117,-101,-16,-7445,-6652,-3069
-77,104,-74,-9355,2537,2151
-40,53,-126,-5740,-917,1539
-58,-38,6,-6885,-5552,275
-20,-69,35,-6411,459,1787
1,-111,-10,-3062,2553,3187
-33,76,8,-1362,-1312,1968
-35,92,32,-1206,-462,1855
-1,67,18,-457,1864,3687
-1,55,-18,188,3248,3340
-42,33,-1,2312,1998,1635
E
-79,22,20,1689,-1450,-747
-93,-19,44,-299,-1061,-939
-86,-64,35,718,1339,-1513
-128,122,57,-144,-4143,-6684
-124,-36,74,4096,-12239,-15457
-4,-6,44,3425,-8707,-12527
-53,-104,-62,-440,1130,-2208
-67,-35,-108,-2147,1202,-209
83,-89,37,9356,-8329,-8310
35,-10,90,-5050,-28355,-17842
-69,-22,-124,-24868,249,9849
-83,76,-110,-16872,-4513,10265
93,5,71,26519,27817,6594
-74,-58,68,32274,30088,12240
-84,-33,117,16304,-26704,-12801
109,4,96,29034,17920,-5889
77,40,-1,31205,16474,-5221
-2,-56,51,21254,19111,-6849
108,116,122,24859,30551,-2611
31,-115,-76,20021,7657,-4835
98,96,87,16316,9920,5973
-62,38,110,17075,9821,-182
-39,-35,39,13415,-4887,-1962
0,63,-102,5561,7562,6852
42,96,-4,2691,13371,16392
30,112,31,4466,14591,18149
60,-40,30,-2718,-2179,7358
-45,-19,94,-3664,-10972,2762
42,-116,-75,-6209,585,7158
3,-49,31,-5580,5138,4452
-2,49,-49,-9383,3354,-5937
-30,85,-84,-4873,-16424,-9203
82,-117,-117,3436,539,-7155
119,-91,-22,4635,4294,-6362
-99,123,75,3273,2520,-5898
-75,52,-75,2729,-6479,-5796
-98,49,-91,2558,-3870,-5469
-72,-35,-60,-167,3549,-1266
-54,-14,-64,-92,945,-1040
-36,-20,-31,-2089,-2376,944
E
-71,-12,-34,-2303,1139,587
-64,-16,-74,-699,1292,484
-69,-21,-37,-2103,-1962,572
-74,11,-49,-3007,727,2354
-67,65,-81,-1585,2763,2411
-59,22,-84,1634,597,16
-72,-27,-56,1350,-2113,-394
-102,-53,-27,-3449,-1918,476
-86,-37,122,-1012,7489,87
-47,-110,-97,2868,2303,-1817
-97,-49,58,6499,-14435,-7926
78,-86,-116,-3112,-13593,-8732
-109,79,-117,-13834,-243,2937
-93,-40,102,-8398,-1330,4167
-94,38,-31,-13765,27088,-9062
46,-123,16,-18060,-9666,3591
34,-22,90,-25817,19800,24452
74,-88,-48,32585,-24781,10335
-87,114,88,31244,23574,6068
-110,109,-49,-14286,-4121,5361
90,72,10,21203,25678,-4853
-109,82,90,-32532,20049,-5426
109,112,107,-28550,12213,-10883
-37,1,6,31303,8364,-9062
-22,-59,75,27404,12882,-5226
95,106,-31,17161,19332,5676
-79,-4,-18,14096,24549,9201
121,76,70,-1738,4865,7285
34,-89,114,1233,5925,5467
-62,-45,-107,-4723,-1476,12018
-101,-46,97,-11742,1446,17456
-69,56,-120,-17787,14293,18816
-58,72,94,-16192,-10264,11266
26,-15,66,-9257,8034,3793
59,12,63,-317,2049,-9635
118,23,74,4063,8762,-5453
-109,51,48,2868,10785,-3447
-8,-14,-67,6752,-5012,-11585
-62,-44,-101,6238,-476,-8546
-22,108,-56,-7689,27867,-11690
E
-114,90,-124,4040,28972,2261
5,21,-57,3383,13869,1977
28,22,6,1048,9895,-1600
40,-37,-123,-2684,-10170,-1867
-3,-25,44,-62,-1347,54
-14,-38,38,-954,-214,849
-37,-13,40,-3488,-576,1499
-35,-3,37,-2489,-198,1412
-26,19,15,646,650,1530
-22,2,20,937,-404,1131
-32,-9,16,1510,-2166,373
-49,-23,3,1657,-1947,369
-56,-61,-17,2296,1011,1136
-62,-127,-30,2173,-27,-356
-101,69,-4,1951,-2930,-3317
96,-4,-12,1340,-3256,-2945
101,5,-9,981,-2736,-2716
61,-43,-22,4867,-1074,-4011
23,114,6,7018,-5652,-6546
-65,-66,103,2138,-5303,-5396
-20,-50,118,-3280,-398,-1236
31,-13,90,-5056,-459,1255
7,-38,86,-416,-3361,-2271
-37,-11,-72,5106,32210,-12660
11,33,-4,-2929,-21121,-9025
-83,-25,-51,-28902,16636,12393
21,-40,-6,-27135,-19489,2504
-121,-86,99,32516,-19210,11195
-77,14,-66,-20474,-19173,9503
57,95,66,4966,-1347,-4439
86,29,-104,353,-4915,-1923
-13,89,-88,30649,23050,-5773
-95,90,27,25194,8604,-8154
-100,-120,27,22362,5274,-7170
-82,-1,-55,12827,25193,4550
121,-64,96,13262,18436,2081
-83,-96,-97,11146,2981,-619
-36,91,-2,12718,5327,929
-119,52,35,6800,15230,5937
-15,0,19,3634,11657,6411
E
95,113,2,11169,12312,11003
-42,-31,54,18735,16781,17451
-122,-93,-91,14636,29350,14738
-97,-65,125,-3971,25432,-14855
2,99,43,-2551,-1604,2330
47,-123,-51,-1784,199,-21
-92,-35,-6,-9521,9081,-8061
-37,64,9,-12874,-9536,-8243
9,105,122,-12500,-16719,-6427
-54,5,-43,-16911,-20777,-3919
87,56,19,-10447,10852,1707
-107,57,-67,-7110,6711,415
-49,-81,-96,-2446,9982,-1202
6,-88,-59,-3070,-2967,-35
-1,-59,-79,-3105,-814,2088
-48,-62,58,-2968,-3195,187
-59,-70,34,-1486,1643,2139
-42,-87,31,-3401,-513,2293
-74,-82,-68,-11322,-12896,2908
-94,-71,4,-10356,3103,2344
-68,55,-74,-12789,-13106,-1834
-120,32,102,-22799,-14601,-8117
11,-119,56,-29086,-567,1374
60,-16,-50,-18737,10639,2979
-52,-54,-88,-16517,-2628,-14491
-90,99,-9,-28409,-23309,-5213
60,85,-19,-28407,-19716,-4232
-80,-4,-84,-26696,-15319,-31027
32,49,52,-24229,-26265,7021
-74,-78,66,-3227,-9162,-18232
6,-43,82,-11071,-30324,-18119
96,-94,-30,-32733,-25576,-12409
-41,-50,55,-32733,12628,-6836
-3,-45,103,-32733,25243,-1113
-3,-51,-18,-32733,17257,482
100,-77,99,17098,8633,4315
-69,94,66,20075,8604,-2625
66,-27,-90,20488,7467,9046
50,12,-110,16146,-10570,7817
27,22,-21,4054,20283,11090
E
93,-98,-117,773,8348,6639
115,35,52,5977,9413,11521
19,22,115,3607,-25487,2483
42,91,-14,5602,-28480,15937
57,99,-9,1577,335,-2069
-44,14,-44,1915,112,-2067
-11,-2,-26,-311,-4750,-4919
62,-85,117,-1236,661,-1810
64,-109,103,-437,-2110,-2551
-95,-67,94,2897,3746,-3475
-97,-80,-114,1551,-976,-2823
-49,-32,-53,-2322,-3040,-1402
-17,6,119,-2844,4459,379
-18,3,-122,-2151,2116,520
-35,23,-117,-3987,-4275,-790
-60,60,92,-4623,1646,700
-54,108,-7,-2288,4054,565
-42,98,24,-2580,-650,33
-77,119,68,-6718,-5383,-3085
-97,-76,0,-9501,760,-1045
-42,52,-82,-6943,9977,-745
-7,2,39,-4114,2184,-5080
-57,50,-68,-13599,-13020,-7839
45,-54,30,30655,-10703,-6482
59,35,-117,-20494,5999,2446
8,50,-14,-17651,-9473,-8827
-41,118,-48,-19441,31794,-18331
-87,-126,-63,-23828,-3464,-4662
91,0,116,-25709,15589,9934
80,-84,25,-28004,-30145,-4773
-116,46,124,-9610,-24534,-893
77,-54,4,-14253,27779,8487
-128,-37,122,-17219,-11934,25113
-2,41,117,8067,30076,-6180
-98,13,-115,15005,-8318,-6389
-96,-16,109,-21324,32326,-13885
26,91,-88,-32735,-29318,-5074
-11,67,-14,-32735,18278,-2076
-117,-18,49,-32735,18576,-3285
102,104,-87,-32735,8738,-868
E
40,100,-61,21785,13716,6493
20,109,50,4326,-9667,4634
-27,-109,-80,8908,-934,4312
18,-4,0,9041,20839,14177
22,121,39,1600,11240,13321
-58,-7,-86,-14003,-443,12189
123,21,61,2743,11349,8654
-75,68,119,13690,-2956,6245
4,30,-62,5001,-12499,-2616
-94,59,124,-5472,-148,-7719
43,-6,-89,1553,11836,-2771
-102,-14,-38,10469,4380,-3768
-94,-6,-90,3203,-13077,-10700
-103,89,57,1297,-6059,-7899
-80,-92,7,988,-174,-2584
-74,-60,-74,2698,12606,-1891
110,-32,72,-1506,15048,-416
-125,-54,89,-656,11825,205
-70,-64,24,-2043,-6513,449
-118,-37,-119,-4315,-8004,-819
96,-5,22,-5652,2906,844
109,1,75,-5303,2792,1293
100,36,85,-8570,-1480,-461
85,-100,88,-12268,-897,-601
77,-13,116,-12150,-1964,1300
37,65,-57,-8912,-5484,-294
24,57,-44,-12054,-7445,-950
113,-10,-80,-21436,-11201,-190
-103,-28,-128,-14547,2100,2057
-117,9,-84,-10035,-2552,-7068
59,-12,73,-14323,-13761,-6727
15,114,39,-14748,-2547,-1727
75,29,-92,-9180,6048,3336
-63,89,98,-9856,-27742,-9761
-91,-128,-103,-5962,-3260,-2857
-21,-72,120,13378,13731,1776
-127,96,107,6780,13394,2504
-3,-27,30,-18402,22457,-4820
-63,21,63,-15042,29142,-3956
-55,127,-90,-7683,24409,9870
E
-98,-79,-71,1647,3051,2370
76,-111,62,20901,-5573,-7825
-105,9,100,-32731,8507,-10300
48,-15,-96,31364,16946,-6808
-15,-11,122,24453,17485,-4099
60,50,15,21023,-31264,558
-3,107,25,21658,5924,989
-23,47,-119,11468,9383,5523
37,-86,100,7943,-5146,-6016
-103,-57,119,4205,4425,-1329
50,-48,98,-3352,13677,8991
-40,-31,48,-7957,-7416,7038
-10,-88,-15,-5927,-1706,12661
122,-47,-67,788,391,16885
88,-71,-72,-494,3843,14328
-42,-27,127,-19066,-324,7648
-90,38,74,-14373,-149,6212
-7,27,55,-5130,3659,-4003
25,123,57,1306,1758,-1573
23,2,48,5935,-3075,-5770
37,1,19,5670,-593,-5531
101,-102,72,6473,1315,-5194
-118,-59,-127,4412,2576,-2589
-105,-36,-34,634,-654,-2843
126,-35,-50,-1052,-598,-4027
120,46,-49,-4407,-515,-864
96,58,-55,-6871,587,-1485
90,82,-58,-6826,62,-3576
93,119,-29,-4342,2663,24
97,-105,36,-8691,-3506,-781
67,-78,58,-12002,-6702,-2912
44,-34,81,-7015,-6511,-1555
57,-40,44,-4535,467,88
90,-53,59,-10,6002,2138
115,-48,83,-289,4755,1990
-127,-86,-120,1259,5424,2437
121,101,-76,5462,5883,1931
108,70,-61,4315,3897,-51
78,54,-18,2119,-2379,-1988
67,28,-43,2831,-2554,-311
E
73,8,-60,5085,-4101,78
44,-125,127,401,-4190,-4116
25,-57,123,-8167,-1553,-4038
25,75,-78,-6253,7387,4374
52,40,-121,3039,10384,2145
-17,67,-88,9179,-10946,-5841
-93,-34,32,-13265,18894,-13062
-98,-44,-52,-29703,14283,2426
103,115,60,-7590,-4356,1164
119,89,86,-595,28240,-1555
0,-36,79,-12383,-24519,2421
41,6,73,100,14679,10504
114,122,39,2751,-4774,6236
-19,-7,116,23087,-13160,856
67,33,-117,21940,9217,1723
29,32,1,19329,9609,-2691
-47,-81,-56,3975,16647,-5644
-91,14,42,5884,18838,-1762
70,42,-39,9132,5078,-612
28,46,-27,12177,9642,-468
48,17,-51,12584,10072,-299
41,-81,-113,1119,13753,187
68,-79,-116,1130,15150,709
-126,-5,-19,3333,2132,7512
-54,122,-30,8181,980,9452
89,67,-101,-639,271,12062
-47,-115,94,-8289,4264,9906
-82,22,-90,-5955,5831,7950
109,-73,-68,2408,-166,6902
-11,45,-113,4243,-5296,-1911
29,125,58,727,-3103,-4676
85,-15,-27,-2337,367,-3756
127,-108,-71,-1904,-1603,-3650
110,-63,-109,2075,-520,-5434
76,77,125,2416,-8479,-5891
65,-105,85,-457,-2723,-5058
84,8,-3,-2855,8186,-4281
86,-17,47,-498,7461,-3256
59,42,-64,-1385,566,-529
37,50,-57,-4426,-335,-1726
E
61,39,-41,-3392,8006,1931
69,17,-31,-2165,8012,2505
36,-99,100,-2618,5888,2226
-10,113,-81,-6139,3324,1829
-28,-24,-21,-6361,1716,-30
-38,-81,-6,-2756,1470,203
-70,-115,12,-2344,602,-1807
-108,88,51,-257,-4711,-2219
-62,103,18,4595,-5176,-2665
-36,-69,-99,8430,-558,-5976
-47,27,115,5037,-2922,-3221
-43,71,51,7166,-6579,-3505
-49,53,-115,14342,-2833,-8261
-126,62,95,10950,-6283,-6588
51,50,-35,-4439,963,-5901
-29,95,-58,-13028,-21264,-8537
-92,87,108,-22951,-28907,-12824
-124,80,-89,32085,21239,5647
81,79,98,30603,-907,6045
36,-76,-62,-32735,-13117,8373
92,-2,-82,-24065,2529,11603
25,28,-113,12440,27269,3227
-127,-17,112,2868,-19117,1981
55,76,74,17673,29133,-5318
0,-102,119,16142,16416,-3709
-108,90,88,21350,15103,-1145
94,-80,120,25588,6052,-1890
114,39,-105,19517,17399,3175
-126,32,-38,14455,9687,2813
-68,110,-96,5546,-1723,6923
-61,-120,91,866,1850,9558
-35,76,-73,3289,12034,4073
-123,-91,37,3086,5111,5540
-43,-121,82,860,2633,9662
26,117,77,-5895,17512,10727
-86,-50,-22,-10878,19487,14955
-36,86,34,-12879,-6469,3211
-112,-110,-77,-19426,-3651,4156
60,-15,20,1504,10666,4566
57,-64,71,5047,9994,3539
E
62,-8,-78,-1056,-4069,-7252
14,106,-61,-2766,-6205,-7788
25,-3,19,3712,-2962,-5036
-31,44,51,-299,-23243,-11183
112,-111,-121,2349,3929,-6210
81,110,-77,4921,10217,-2774
88,38,-68,42,6192,-4377
78,36,-42,-1362,-6607,-3018
-62,-55,0,-3498,-1782,-4067
-56,-87,18,-947,-304,-4982
24,47,-116,-4284,-12175,-9218
-19,42,-65,-3156,-6680,-5216
-6,-44,-21,-1016,-6647,-3497
-1,-118,-51,5471,12673,-6129
-10,32,17,-12796,17632,-18290
99,-112,-44,-17482,13113,1838
112,28,-94,-4060,24250,7598
19,125,47,-6239,8747,368
-60,115,-61,-19527,-32606,-702
-65,-2,-57,-4614,21822,11963
-110,105,-92,8106,14315,-7432
-83,-37,-36,22167,4427,-7001
-30,-102,16,17763,12753,-3907
4,-9,0,19894,22647,-1131
-52,-76,-86,20023,18790,-685
112,9,-38,29644,2839,4721
-35,-70,-63,23959,8461,7443
-61,-76,-84,12027,19618,11569
87,-41,-121,1074,15294,6963
-80,78,112,-1941,16509,16034
-125,43,71,-5736,-29797,15473
-43,-23,106,-10082,17899,7063
-1,-112,-6,-13773,15418,13434
-16,111,-113,-12204,-8031,15316
36,-69,30,-9575,25513,-5376
-92,114,-28,-3426,25940,8917
-78,-91,82,-2083,14521,6749
-21,43,-51,2701,13174,3039
15,60,34,1813,15407,2020
7,104,72,-4202,-20362,-1391
E
65,64,27,-3301,32010,-12640
-66,-112,97,4187,8064,3983
-73,-112,5,1824,195,-2760
-79,-94,44,1652,1584,-2558
-89,-87,66,979,1096,-2765
-101,-63,87,1175,50,-3716
-108,-59,86,649,-437,-3403
69,-16,70,613,731,-2703
83,-25,58,626,689,-2927
84,-24,44,2344,4085,-2994
70,-19,55,1324,301,-3275
62,-23,51,1298,1664,-3671
62,-52,27,1596,-131,-4317
48,-75,30,1874,2320,-3556
49,-105,27,-233,-27,-2551
17,94,35,-1254,200,-4126
22,91,30,1094,2257,-4835
-13,-41,45,7735,-3060,-8946
-81,-122,105,382,-11419,-11023
75,-128,28,-13135,-10006,-10874
-98,-122,-48,-4595,-1038,-7872
-28,105,-106,9326,13958,1980
90,106,22,2221,22553,938
-65,116,76,-11883,-5489,-6989
101,-36,-36,-9743,31190,-4929
50,-22,-124,-8618,24011,-2408
-119,107,-120,20772,12324,159
-47,-13,45,-32737,-7712,27500
109,9,-74,4888,20622,10083
13,78,124,19042,-21243,-20049
-107,-95,-3,-30702,-30346,-5587
-1,63,0,-31865,18834,-9188
-26,21,-119,23049,17785,-7799
18,-39,5,21960,14689,1597
74,-94,76,22275,13209,6316
61,94,18,14942,15867,9319
-49,-93,37,13361,-54,3528
-47,-1,-36,3380,3440,14643
114,37,-119,3704,-2460,9666
55,-37,-112,-6940,7728,5534
E
80,114,-43,-32436,-26522,4518
93,23,101,-20968,-30335,20642
127,-93,2,-15158,14142,7372
-106,-17,-97,-14307,-5826,3244
122,116,-81,-5601,-5937,-1821
-107,44,42,-3877,-1053,-2659
106,-111,101,12870,7086,-8208
85,-90,-113,7310,-3495,-8942
38,-36,-81,8921,-14586,-7049
56,-68,-37,7148,-17703,-9580
93,-102,-13,6544,15225,-3718
76,-118,-92,6409,9647,-3330
24,22,117,-1116,-4376,-1577
39,40,-122,-670,-1163,-1464
49,-35,-116,-1710,4454,-202
63,-54,72,-994,3855,1493
65,-63,36,-1710,1606,1432
70,-60,37,-1407,2161,1638
81,-56,30,-1794,-3455,4121
80,-33,58,-2745,-4824,4336
80,-82,93,-2082,415,-2845
73,-106,93,-804,108,62
77,107,-111,-5310,-1066,2218
71,120,-123,-6923,6799,-327
84,44,46,2055,2956,-2083
59,-22,98,4511,-2926,-3608
44,-58,-121,3139,-7093,-7499
3,-97,122,-19473,-13093,-9996
37,-78,-111,-18944,-1879,-5789
99,-63,-26,-1022,-6825,-5640
-104,-6,111,-5918,-9649,-6751
-64,-8,26,-26349,-30746,666
-88,5,-34,-19769,28294,71
-94,96,97,-6797,-11848,18550
113,-25,98,-6702,26016,11590
-100,-80,117,12563,-32602,-9067
-25,-56,-60,11379,11077,-2152
120,92,-36,3987,24523,-4193
-41,-84,-110,1531,-25104,-10547
35,-26,29,5708,-32143,3844
E
-29,22,100,9172,-32601,6144
-41,109,17,8768,4981,1513
-68,124,-67,13561,-1121,96
100,87,-21,11747,-5568,5970
-22,123,86,1974,-8976,10820
107,76,47,609,11992,8480
103,-46,-90,7590,8275,8210
116,-7,-64,7521,8080,12457
-54,-60,-64,-8314,-11588,11484
-51,-87,-9,-4392,-8319,-3766
35,-49,100,6832,18047,6564
19,-29,61,268,13310,3512
79,20,65,-5227,312,-9896
-64,47,-32,-749,-1018,-8309
-2,-125,-72,2135,-651,-2032
-23,112,-61,1392,737,-4427
16,43,-79,4190,-2304,-9026
22,38,-36,3983,-3944,-7035
49,18,15,-768,-1588,-691
67,7,-25,759,748,-1540
96,-34,-34,1534,4497,-416
122,-62,-6,-1594,121,-181
104,-33,5,-6219,1166,27
108,-19,-29,-5348,2576,-133
-103,39,-112,-3536,2735,-118
-84,61,-122,-3364,-899,-1307
-98,67,-109,-3823,-1547,-2072
-80,91,122,-2791,1238,157
-67,87,120,-3294,3374,2359
-34,-74,-69,-10083,2839,1448
-37,-76,-82,-6670,5395,1534
-27,93,25,3257,-713,-9446
-50,89,24,-1479,-1834,-8573
98,-102,109,-9033,-4966,-9733
75,-60,105,-2172,-4725,-5805
33,-115,9,8843,12321,-4182
14,102,6,-1305,4113,-13097
-94,-72,78,-19703,15782,-18820
49,-83,-21,-28617,-2931,5085
63,-80,113,-15945,-30272,16689
E
-52,-58,74,3755,6953,-5481
113,115,44,2619,-27143,2613
-88,45,98,1741,-28794,-109
-75,-34,-41,12532,22825,-127
-42,115,-84,23810,-13563,-7132
-128,-105,103,17432,10802,-3460
-4,-64,103,16128,26301,6167
101,-46,-101,19690,-8420,7647
24,-18,96,14299,1955,-302
-69,-33,50,9947,14195,3234
-60,10,74,8760,2310,9568
-59,-67,-64,-824,-2705,16756
42,9,-109,159,756,17430
32,22,-113,-1144,1105,14815
74,-36,-48,-8574,13271,14400
-74,84,-48,-5548,-4374,7809
-96,11,20,-7627,-18370,-1780
-99,-89,36,-3776,529,2107
-77,-83,49,-391,5416,4050
-15,-16,-81,1180,10105,-6875
-61,3,-81,-270,10232,-7395
-105,96,-79,1130,-10024,-11428
-125,57,-74,3241,-6211,-7934
49,4,-121,2397,4323,-7307
47,-71,-106,555,2179,-7133
100,37,66,-2214,10284,-6139
121,29,58,-2848,7276,-5740
-13,112,5,-4433,3497,-1549
-26,-119,1,-3334,4819,-2204
58,84,-48,-519,225,3227
44,72,-38,1626,1421,2945
34,0,-30,5358,-3001,39
10,-93,-15,8249,-4974,-2491
-63,28,79,2232,-6762,-4100
-75,27,97,-1599,-2228,-6005
-38,-24,71,2940,1450,-4365
-16,41,-97,6540,-3796,-5635
9,3,-36,-1985,-2285,-9267
35,57,69,-12754,-23691,-7241
-7,-3,11,-9543,9530,-799
E
6,99,-89,-3872,-1827,-5515
-75,13,92,-580,-27531,-1554
-31,78,-127,-27610,-22026,14939
22,-77,61,-21488,-12678,14630
57,-97,53,669,-22931,-7118
-9,51,66,7608,11040,-10327
-37,93,-36,18277,27247,407
19,-76,-16,26876,20291,-574
15,-113,44,23376,1691,-1607
70,-110,63,14485,3911,1053
38,92,-63,3544,21532,1174
58,10,-57,8131,15849,2655
21,83,-56,6272,-49,8328
-28,89,-2,2881,-2355,8305
-64,18,-4,-2175,7222,9391
-41,55,-93,-3682,3661,10813
61,-83,104,-7454,3370,19865
70,47,101,-10575,2322,20869
-15,12,106,-19316,7115,21682
81,-10,21,-17859,-3513,17327
-62,49,-95,-10332,-7854,8827
17,103,38,-7350,3333,19642
-37,-107,101,-6318,5163,7564
54,-85,126,-6301,4384,-11012
100,76,-44,-1744,-4239,-7229
-27,28,65,4762,367,-10127
-7,-95,65,2097,1458,-8950
5,16,77,1227,2644,-7918
-4,100,97,210,3475,-6466
-52,-70,-113,224,4688,-5210
-103,-67,-105,1552,4181,-5118
32,-62,112,8367,2217,-6395
29,-50,99,7471,1728,-4974
-120,-51,-102,7240,3253,-6323
-102,-67,-90,8191,3687,-5895
86,57,-40,7543,3067,-2632
107,50,-20,6892,3138,-3480
-124,-114,-119,5675,3977,-1921
-85,-88,59,11512,2887,-1028
-90,-125,80,11708,-2264,-4468
E
-109,-74,-75,16531,-2180,-5385
-47,97,4,15406,252,-4656
15,-26,-60,11836,-899,-6431
68,112,42,432,-19907,-16259
-61,-76,-68,936,-8900,-9811
-116,74,27,-4421,3334,-4387
109,92,46,-2806,-1123,-3715
-22,18,109,3238,-26233,-5963
-77,27,69,-3223,-17224,-3025
110,125,18,26865,25701,12028
-117,86,-10,-24223,-10835,7399
99,-81,65,-2220,-22667,-2893
66,-42,41,-10988,8022,4722
-58,-28,-126,-7802,13980,4897
-98,115,-125,8264,-5656,-2490
-69,24,3,17247,1758,-4842
-47,45,-51,11768,5133,-3645
0,-73,-3,-7910,10373,8923
-17,-99,88,-2863,6576,9693
123,68,62,-3026,8330,7819
-55,-25,61,-5914,10529,6449
-3,-62,-58,-12729,-10875,13436
33,-4,83,-8410,8106,18194
114,59,3,-5566,2205,21113
-88,0,54,2770,974,24597
90,-70,41,6324,8153,18288
-7,-1,-87,8044,10226,5230
-48,113,62,3989,7725,4088
-36,-61,-69,1757,-4908,3384
30,13,-119,5793,7265,-3561
44,37,-74,8825,2985,-6328
114,-93,-3,8797,-1144,-9594
73,-95,62,3746,-8220,-8859
-51,-11,22,-478,-24042,-10882
-68,-94,-38,5650,12000,-7715
77,-39,-101,6957,6336,-5432
-6,105,16,964,-1528,-6216
10,71,-22,-2,-790,-5035
18,62,-28,-1798,323,-396
6,-2,-31,-3236,3500,-908
E
-42,-56,0,-6266,1732,-1749
-86,114,39,-4625,-4521,-3782
-48,90,6,3132,-10921,-5606
25,112,-80,13434,-15756,-9241
107,7,116,16101,-11465,-10566
47,59,44,3278,10796,-2225
89,56,-120,-7097,13382,1269
91,106,-90,-19360,-3534,-2639
24,25,-121,-10734,-16052,-11008
102,117,-47,-16449,-1757,1055
27,-1,-79,-16338,-26925,-192
-17,-84,-58,-25393,-2734,5106
-72,14,13,-13730,-5731,6823
12,73,-57,14284,-1651,-10670
115,-69,-53,16509,10887,-5926
-121,-87,-50,28529,15910,-2541
33,78,74,27068,2747,-3064
62,57,-79,16786,5389,-4166
96,94,118,17350,16924,-607
125,-114,96,7906,11252,6476
105,-82,-85,7689,12596,4753
88,-47,93,814,674,9849
22,10,53,2309,1810,9240
22,97,23,-10139,-3725,13312
-61,47,84,-16939,13833,10028
-126,-50,101,-18060,8273,10288
-38,-124,-100,-16124,-1327,12435
33,-116,109,-9409,-10875,6996
3,-69,-11,1948,14987,9843
-61,-99,-77,2359,-3031,1857
-112,-84,-74,1885,6484,-799
40,-47,-81,3882,14286,486
-73,-21,-124,489,-6389,-5865
-86,23,100,-2799,-15054,-7226
-85,-85,-114,-1601,10123,-2745
20,-80,-109,1527,9094,-3112
92,-69,66,4128,227,-4700
66,-74,60,3887,-100,-5238
109,-46,91,5128,958,-6528
-102,-22,96,3818,2617,-6002
E
-55,25,-74,3887,557,-5688
-68,12,-80,6421,583,-4795
-88,-24,51,-2003,-3054,-8484
-92,11,21,-4816,-833,-7859
62,-99,95,-11475,-20804,-13855
114,16,-83,-9931,-6812,-10143
40,48,-37,-7342,-4294,-8798
-29,-105,26,-15990,32256,-22086
-27,12,67,-30646,15575,1352
113,58,-57,-8548,-5132,-9119
108,-118,-93,-831,-19751,-21155
70,33,-20,19033,-26600,-29138
-124,-108,-1,-6228,12784,22498
-32,-4,-13,-28225,-25661,29810
1,24,-72,24424,23244,-996
3,-56,59,31480,-32012,1324
-119,86,46,-30656,22932,-6627
-93,-25,-124,-32742,13409,-4350
-38,-65,-117,19964,12687,11141
-118,-97,86,18479,15486,6710
-110,-77,104,18043,15570,6035
124,40,-126,6632,-12599,7214
108,-44,-125,11275,2215,2520
-23,-97,54,-613,12273,4108
-29,-40,47,-3552,3373,11514
120,-121,79,-9232,-134,11066
-93,-116,-1,-9485,10855,12131
-66,51,124,-12867,-809,11157
-62,-30,-59,-7973,-903,3104
-23,68,10,1573,-10454,441
-45,60,-2,-2500,-6568,351
-64,127,-8,-8784,2303,-6250
-71,117,4,-5435,3403,-5394
-124,97,32,1448,-1555,-4879
106,92,64,-286,-4160,-6117
105,69,105,-686,-3812,-5559
-102,19,-118,-597,-216,-2910
-99,10,-103,-1855,3,-1278
-112,-41,-69,-4264,21,-896
-115,-48,-77,-3284,-859,-563
E
-125,127,-63,-2236,-873,270
-120,-109,-70,-2955,-927,345
-106,109,-94,-2299,1020,1405
-111,115,-92,-2042,252,1491
117,101,-93,-1059,-42,1563
117,104,-87,-2069,60,976
100,70,-86,-5113,-717,668
97,64,-85,-4903,-363,1095
43,-74,-82,-4205,-1478,-970
48,-81,-71,-3950,-1327,-1213
53,32,-40,-6609,-1877,-1361
74,-28,-60,-6627,-1287,-2919
72,-101,73,-5083,-21388,-12229
-3,30,-8,-6220,-286,-11929
43,-108,-115,-3348,-440,-5998
-128,48,-47,5144,-20462,-9505
-45,-117,-51,-794,13081,-512
-119,6,94,-15451,-15311,3370
-29,88,-95,-21690,-28642,7985
110,43,69,-2450,20308,7045
112,126,-109,23027,13811,-10043
100,37,-89,27978,18320,-10084
-115,57,94,26484,13200,-6360
40,-119,-92,17793,22696,-4067
117,-26,44,16585,9832,-3469
101,-2,106,12585,14036,4735
29,84,118,9938,25526,4547
-81,-118,-93,13757,7460,6744
-104,89,29,7563,-32358,3487
34,-22,-9,-674,25072,15757
-86,70,-97,-2387,5517,11689
-6,-20,-78,-11834,-10953,6805
-54,27,117,-4028,-1227,10538
-27,17,40,610,-4783,5898
-47,19,4,-2594,5243,7504
-8,-116,-113,-4224,10308,1980
-3,105,-35,5345,-1342,-221
-59,96,-46,3652,-11515,-6148
81,-56,84,-2578,-5980,-6637
91,4,15,503,8894,-3722
E
-106,40,0,1644,3517,-5195
-61,34,99,318,-5206,-5612
-112,22,-101,186,-1168,-4186
45,79,74,-1299,2932,-926
89,72,80,-2223,-466,-2546
104,99,125,-4074,3823,322
107,100,-88,-1043,1361,930
91,93,-69,-2285,-1271,355
66,106,-60,-5424,530,-15
80,120,-58,-5858,1197,462
88,-101,80,-3264,-7573,1491
29,111,-102,-4552,-7168,112
18,117,-71,-11320,-663,1753
25,114,41,-16948,-3322,2393
91,42,109,-24983,-11642,3227
-72,-90,108,-8269,6148,7031
-71,52,-95,-32176,-21754,-4276
39,-124,70,-29777,-11993,-1627
-102,-81,35,-14610,15784,-484
97,-48,-53,-24819,-25875,-7396
-56,-2,-39,27897,-12193,-31678
82,-9,-64,-23702,30008,15376
-116,19,99,9120,12782,-12002
-108,-51,-89,196,-29219,-7263
126,57,86,27001,-15432,-3323
10,21,-120,27248,22634,-3118
66,-27,-62,-28383,11090,-16146
23,18,-77,-32742,26114,-10972
-58,-58,111,-32742,15212,-4920
-111,-88,-39,-32742,11344,-8106
-16,-70,-69,19715,26882,-3218
-95,-28,62,2386,-4032,-4996
-115,11,-2,2313,-3875,6679
-4,76,99,8171,-997,8324
-5,46,68,15409,4494,5971
22,-39,116,5352,13721,7806
16,23,4,-231,-13885,6736
0,23,-107,24936,29783,4526
-78,-17,-21,16966,11824,6935
-63,115,34,5502,-1816,-270
E
-18,-82,-72,10857,8381,-966
-76,-117,-26,11569,6683,-1785
119,8,63,1591,-3255,-3693
-88,41,20,-7610,-2371,-6512
-17,-16,-127,-1243,7388,-9334
-77,18,-104,-1289,-682,-2980
-66,78,-52,-9628,-3351,-2931
-31,-22,-83,-4496,1432,-4070
-45,-93,90,1669,3959,249
-106,-52,-54,-495,-3943,1583
-22,-74,-46,-1446,-4890,2427
23,-120,97,2785,2828,903
-33,-109,125,474,2298,-603
-76,119,-83,-2368,-584,-2097
-77,77,-112,1261,1888,-2854
-115,96,-118,8659,-376,-321
-97,-100,-98,910,-5416,684
90,-94,96,-27969,-16721,-2429
115,47,-32,-25834,-6612,-4803
-17,117,30,27999,14792,-5181
-62,-93,-97,-32742,26152,-11378
-106,91,97,-32742,-15117,-11755
-44,34,-125,-32742,-26694,-3628
27,-87,121,-32742,-18644,-13422
-69,-108,13,-32742,-30602,-3560
36,-54,-49,-8898,-2194,8548
64,-104,3,-230,-5499,12739
101,-14,-25,6053,-12758,3868
4,-49,-23,16792,-9019,-8209
-97,-114,-58,25497,11070,-2858
-8,-105,-25,-26826,-29686,11899
13,-127,-78,-32741,18969,895
-10,-127,107,-32741,11540,465
-92,17,31,-32741,17828,5625
80,-30,-32,-32741,17606,2797
-111,-122,-34,-32741,9720,-4340
-49,-72,-38,-32741,19958,2332
103,-66,-122,30465,7389,7888
-116,-75,-9,20828,15628,5653
54,-125,-34,19565,20244,14116
E
-20,-9,49,5399,5395,18752
-88,-58,-116,2359,-8716,11215
122,49,38,4910,28437,-2230
-36,114,-113,10469,17329,5188
-78,74,68,6597,-22735,-4333
-99,116,19,5959,-1389,-1688
63,64,-108,7400,2634,-5056
58,66,-52,8247,721,-3925
104,31,85,4772,-11830,963
49,42,113,3103,-6079,-280
4,27,-121,-1672,-328,-3285
30,35,112,867,-593,-2227
59,48,118,488,1425,1279
45,52,-120,-1495,-814,512
0,81,121,-3605,51,1162
2,84,91,-1057,1338,1366
-19,98,21,313,3814,1895
-8,98,16,-1066,2570,1774
-26,109,25,-1296,-580,1363
-36,-114,-15,-393,-40,1093
-38,-116,-6,-714,-588,686
-42,-75,-23,-781,247,-393
-35,-79,-26,-1282,152,-673
2,-39,-64,-801,3313,-862
8,-42,-60,-1058,2091,-984
52,15,-48,-3652,2260,-1545
55,23,-61,-3823,2704,-1391
64,119,-46,-4698,-2299,-706
12,-107,-42,-4132,-3853,-1019
-40,-32,-60,-6472,-2431,-1973
-59,13,-58,-4439,-1948,-2007
-111,51,-13,-3055,-6543,-778
104,54,41,-7693,-7150,-393
30,101,122,-12353,-3864,-2622
43,119,-128,-3337,3388,-286
31,-68,-62,1932,-5481,8271
1,-39,51,-8702,-16322,953
-13,-15,109,-16848,-5013,-3090
10,-43,-33,-5112,4671,2960
-12,-26,95,-2912,-3348,9092
E
-58,5,29,-15894,17627,5428
62,39,-36,-30727,8745,-657
-5,-83,-9,28679,28271,-19875
107,113,12,-32746,8038,28605
-123,13,71,-32746,16326,21478
-40,-45,35,-32746,22074,7674
-116,3,-110,-23168,-25748,-20477
101,-101,-61,20420,5700,956
-34,-18,-2,8713,3710,-2623
127,33,63,23763,381,-8239
-51,-80,-59,29557,22361,2035
-43,20,21,27413,-6816,-4083
-79,23,1,-31204,15226,939
-49,-92,-24,-32275,20729,8362
-4,19,88,-32746,3065,13960
-42,-66,99,-32746,7771,-366
84,-84,101,-32746,30857,-7801
112,-7,2,-32746,15788,10101
86,43,34,31731,-2074,7303
-12,-115,106,23264,13122,9759
-77,-80,-2,28829,-10995,15994
19,90,-22,24519,12776,8294
-88,-39,98,17550,13052,12953
-29,89,25,20662,-14062,6100
95,-28,-116,24978,5510,2473
22,-78,-35,14498,18712,-3419
121,55,36,6263,12231,-6182
41,4,96,4352,1773,-3723
44,41,94,6487,580,-2034
-125,10,-99,4947,-4676,3190
70,-16,-98,767,-3116,2240
38,-26,122,-2070,-1593,-757
12,-19,48,-803,2253,-1406
27,-4,36,-2121,1207,-1650
30,19,25,-3190,236,-3132
69,63,-31,-2017,4382,-3891
85,65,-21,-1731,4528,-3143
-94,123,13,3649,-842,1795
-120,94,11,2326,-173,939
-116,44,14,59,725,420
E
-116,51,12,-35,611,288
-126,48,15,111,-39,-177
111,46,-5,2310,473,-318
117,41,-2,1989,331,-461
-126,28,4,1603,-223,-501
119,30,18,1147,-190,-870
-124,33,14,1613,1842,-1866
-89,46,27,-62,1308,-860
-70,70,52,-2270,48,-423
-55,118,35,-3055,1555,-1305
-53,120,21,-1594,2403,-1407
-1,-69,24,-2195,3179,-510
-8,-76,35,-3140,2027,-702
-3,-19,47,-3042,1096,-1774
13,-5,26,-182,2393,-1644
16,13,38,1248,385,-51
10,4,45,45,-359,-524
6,-5,42,-1082,218,-1261
1,-1,43,-963,1156,-2359
0,1,40,259,2960,-2619
6,6,69,70,1585,-892
-8,5,92,-1790,-3745,-486
-102,-11,92,-3007,-525,-2677
116,-10,53,1932,135,-4566
121,-10,65,2286,815,-3860
-112,-1,81,-2835,1437,-1568
124,14,-100,-7732,-7392,-3946
48,115,112,-861,373,-2434
71,127,82,-827,665,-999
52,115,82,-1207,-3844,-1747
20,125,53,3061,-2103,28
28,-125,57,3418,-2833,1111
-30,121,49,-1114,-2889,613
-35,-127,61,204,-4158,985
107,-119,117,3229,-4714,2156
93,120,-108,3881,-124,6742
116,-89,-23,-10419,5292,14777
-73,44,82,-5069,21665,18065
-76,-84,103,19073,32009,-17441
-78,-41,-30,-32751,-31262,19590
E
-31,-17,7,-32751,29909,31629
121,34,120,-32751,1751,-21430
-115,55,124,-30610,21473,-19959
70,-97,-21,-17068,-32228,-32345
-56,-114,-85,20148,-20361,16777
76,42,102,12183,-28477,4311
73,4,55,-7192,8049,-811
85,-42,109,-5871,-2952,7363
-9,-23,26,-2343,11176,9103
25,-23,26,-1284,-128,4364
-96,46,101,16981,-573,-2470
-57,-81,34,19277,5782,-2061
-33,18,-58,23442,13332,-446
-38,-24,72,23410,8517,-3912
11,91,-38,24420,1950,-2760
-123,-98,8,22159,7612,-3136
0,58,113,20153,6020,1991
-10,-6,41,23192,4785,5575
-112,90,126,-32073,6806,-6072
-53,-36,-25,-31257,12381,-6515
81,-90,-89,-32751,7500,6336
38,-20,-23,-32751,1290,2333
-114,-54,10,-17122,-24785,32180
-38,-72,-81,-16116,3471,-2016
107,-124,31,-32751,13233,13612
68,-71,68,27430,21370,1198
-6,76,-61,23338,19624,2119
86,-13,-127,16672,17085,8135
-86,-127,108,4295,1364,1833
-54,66,-124,-3362,2569,-2482
24,16,21,-6200,6902,-4548
23,28,3,-2867,2367,-850
12,54,-81,-312,-4662,2076
8,24,-98,-2554,-2250,-1248
62,-32,63,-6334,1473,-5245
71,-21,59,-4825,-390,-3105
121,-11,-60,-1875,-1758,-897
107,-15,-41,-1325,-1864,-1997
-106,-10,-94,3365,1475,545
-118,-8,-69,1917,-608,445
E
125,-10,-34,6502,-1956,1463
-128,-16,-9,5797,967,1855
111,-27,57,472,-2082,748
94,-34,56,548,-3612,754
28,-27,120,5397,-5017,509
59,-18,-123,3559,-1206,-1005
47,123,-64,-6932,-3419,-6666
61,95,-94,-1847,-3307,-4327
120,123,-86,3453,1553,1346
116,-125,-90,-984,7067,-3332
-70,120,-108,-12441,-9899,-5017
112,-35,-102,-10829,-11053,4874
-18,-106,-99,-20561,-381,-6262
16,-65,76,24933,-12805,31647
110,-12,57,-32749,21432,28313
63,-73,-38,-32749,-32612,-14812
-121,112,21,-32749,15096,-27795
-27,22,14,18178,29048,15675
-65,14,5,12441,14132,-7927
-50,6,75,-24876,-9090,4088
48,47,-1,-31358,27391,-7134
44,22,45,-15452,-26182,3678
115,-74,118,-10167,21843,19816
-36,117,-43,12261,-292,1837
-27,-109,7,12184,4068,601
-36,-17,15,9209,-330,2695
-30,7,-22,14818,2037,5201
-31,-13,-18,16969,-1844,3923
-56,98,-42,29425,7539,3070
-53,84,-67,26137,4609,1084
-43,24,117,-29206,11144,1215
-10,-66,36,-32748,19839,5555
65,20,-61,28699,2584,3326
92,-4,78,24530,4334,4857
51,12,-25,20060,-15812,3695
111,39,28,23808,15787,-1309
90,-97,25,14432,8565,-2839
66,-124,-92,18697,2686,4669
68,88,-42,23095,5303,3605
-65,-53,64,13686,6370,4344
E
-62,-44,90,15548,7298,5158
-36,80,70,-32348,7345,12718
-72,-50,-90,-30953,8550,13513
-128,-108,99,27600,22155,11870
86,-93,-77,24073,3396,6279
25,-74,0,29470,18045,5187
31,-36,-54,24256,29814,7236
33,-26,-105,1130,-7548,3073
37,-18,-20,-6570,1791,-930
68,6,-108,1808,5301,-437
100,36,40,6741,1678,3768
19,42,-118,-2935,-2764,-1480
29,1,-121,-8813,-1818,-8577
79,-2,90,-10930,-551,-11098
-98,81,24,-14961,-3397,-8522
-93,-97,9,-25805,-8932,-12879
-119,93,0,-24104,4074,-10061
126,116,98,-20822,-12386,-14935
-3,-24,-87,-14312,-1731,-6222
25,-39,-86,-16535,-3782,-6544
53,60,-43,3145,-2775,2849
64,104,-76,1799,351,1394
77,-108,-32,-383,-3954,2488
76,-74,62,-8798,-3571,1576
65,-84,126,-7373,-4011,1328
85,-89,-104,-6441,4002,6271
44,-27,-89,-10229,313,7301
-8,-57,35,-27644,-16333,536
87,-84,120,27128,-7995,-8989
-14,-45,-109,-32751,-19574,-26210
-67,92,-69,-32751,24626,-27984
-97,19,66,-32751,-7780,18358
-17,39,-128,-32751,-16771,-12731
33,-50,-44,14003,510,5006
-2,29,116,13455,29556,21552
28,-116,-63,19663,32350,-21742
0,98,-96,11909,24685,-25284
-19,-30,-54,-23983,29911,-29524
-28,35,55,-2998,374,9821
100,-86,-88,20907,-11558,-12030
E
15,121,53,13396,4442,-1462
125,5,-111,16525,3301,2116
-64,62,86,29868,8582,6299
-88,56,-114,32144,12328,5083
-13,-22,-2,-31242,-2907,-4513
53,-115,53,-32750,2648,123
15,60,-70,-32750,7670,16190
110,86,-77,-32750,10042,9047
-61,30,-62,-32750,919,11407
91,47,-90,-32750,-17327,4248
-51,-106,47,-32750,16026,5929
116,96,20,25788,15249,8446
37,-81,-55,30367,-1366,11428
-88,109,-34,-31167,1672,13157
34,-59,63,-32750,10799,11707
-91,-121,99,13595,3829,3613
70,-124,102,15828,-84,-198
-67,42,30,10065,20652,1384
-79,-106,114,9798,10795,2414
-73,84,-102,-3843,997,-2218
-47,99,114,-6134,1633,-2860
-33,-128,47,-7420,-375,-5243
26,-95,-42,-1579,5546,-6328
110,-6,-105,4452,3077,-4894
100,7,-25,5410,-168,-3931
-114,35,-23,1679,3659,-4057
-106,-120,59,-3008,-4807,-3706
-121,-49,-66,-1630,892,-5352
114,-37,-75,-2804,1713,-7736
50,118,-70,-6873,-1118,-6079
60,-120,-91,-3928,-2239,-2616
-31,-45,100,-4851,-5065,-1720
-60,-48,-113,-7626,-6761,-5471
94,87,-107,-10804,1366,-5215
64,-111,3,-11018,-10669,-2409
8,108,94,-10109,-6614,-5522
-21,77,-110,-9331,-4719,-4843
-38,69,-116,-9072,-3563,2247
-7,41,-19,-15035,-11014,-670
-113,66,-84,-13017,5176,-2835
E
-125,-35,-37,25068,-8455,-10045
-25,33,123,32073,-32204,-26930
45,-105,-71,-32752,-25171,26639
-127,57,11,-32752,-984,-7822
-114,69,59,-32752,31650,-17542
-54,-19,26,-25826,20889,-2903
92,-34,64,-27313,-32453,-3871
-24,118,17,-2973,29709,-3542
-61,-17,-83,-14204,26265,18998
-118,-100,50,-6892,503,2650
20,-10,11,1170,-15950,-2496
8,47,-99,6159,6156,5556
-116,68,-96,9404,5874,4113
127,-13,-24,5849,-2335,-552
53,-123,-56,8943,663,287
101,-120,-115,10629,2721,3414
-51,36,81,23021,10269,3362
-63,14,-96,19876,4884,241
-26,37,-36,26532,7061,2229
-27,56,-52,27291,13979,4818
91,60,122,24656,587,7572
93,103,38,24609,686,4388
62,29,80,29737,5895,2808
65,-52,-1,26124,5257,2351
-30,-49,36,-9921,-5670,-13802
-27,-81,90,-6151,-2193,-1676
-69,76,-41,19112,19493,10565
27,-78,-123,25072,6511,7291
-64,-103,20,22275,2027,25316
-108,-9,98,-27215,8056,21540
84,-13,105,-32750,17756,16330
-32,-16,-94,-32750,16597,26648
33,32,-80,-32750,1037,24062
108,-43,-70,-32750,-10419,4586
-28,84,-38,14121,22124,2729
-35,-44,-98,-7225,-7883,-9697
-71,110,-24,-20008,8603,-14513
-53,94,23,-7958,-1334,-11007
-113,62,37,-6148,-1966,-7179
5,53,16,279,-3262,-4853
E
21,15,18,-1368,-2376,-5785
-69,-61,21,1756,-4876,-1686
-113,-78,54,3144,-4496,-2928
96,88,47,5698,-592,-3836
100,85,49,2964,-1351,-3777
27,-33,-120,-1316,-5309,-4684
43,-16,-125,89,-3116,-3799
63,-44,-63,-2182,-1756,-1111
70,-35,-77,-3706,-2489,-1073
71,-11,-23,-5462,-5025,-523
75,-15,-38,-2751,-1954,-1028
108,8,-65,-1105,2601,-1141
104,10,-52,-8702,-1126,-2180
89,23,-27,-11384,-4817,1410
52,63,22,-6102,-8379,2227
56,82,80,-6128,794,878
45,67,67,-8522,2594,2447
-11,115,-100,-5784,1291,6866
42,95,126,-3131,-16774,11331
-89,-33,-124,18528,157,11778
-106,-41,-49,-32754,-32612,-14732
-107,-38,18,-9964,-7224,15172
51,56,14,-17506,20042,-31313
99,78,61,-32625,12382,1765
116,96,-73,-29731,-21633,10848
81,90,-101,-31841,25521,511
-112,87,88,-29758,-2373,27650
110,66,-100,6135,6959,-3070
-92,-6,-64,118,-8903,-3875
123,-35,15,-814,-5538,-3540
13,90,-122,-2626,10350,10266
-66,-111,51,-290,1910,2262
113,71,96,219,-5723,-5092
122,53,-104,1740,-410,-2904
-11,79,75,6250,4103,1914
-2,73,120,9367,6001,1197
8,18,-42,11935,3018,-2429
21,-4,102,14261,-16464,-13194
62,36,-64,28052,17956,595
52,-105,106,27872,10852,594
E
94,100,-78,28409,7716,2804
71,-23,5,27908,5714,1663
91,-1,19,31152,5662,548
124,-123,17,-31380,2159,319
-52,92,51,-32749,10298,-1734
51,97,0,-32749,14830,-2724
-121,-79,90,-32749,7133,662
105,86,-94,28143,6514,4905
-7,89,-65,24084,2920,-1237
-23,58,64,27535,5952,-695
-3,66,-49,30555,14171,4375
95,-118,-31,-31042,17204,12218
-109,71,41,21351,18780,-3578
-128,0,74,26838,5850,-2713
-44,52,55,19102,-30564,19721
-79,119,-53,-4837,-10643,-659
-12,-53,9,-787,3813,1496
-10,-104,40,-6349,4980,-4607
40,-91,-48,-7039,-20,-5531
-101,-79,35,-797,2696,-3207
-56,-20,-31,2852,3884,1549
-78,-20,36,-642,-5809,1187
-114,-14,0,-5779,3909,-2443
-69,54,-73,-3520,1195,-3642
-16,-115,123,-851,5858,-3130
35,-76,-98,-1752,-1415,-2754
42,10,-84,-5674,-4042,-2582
13,60,-108,-6613,-308,-3401
10,-120,-119,-9481,521,-3160
-49,96,-62,-24173,-9581,-2996
107,-13,17,-19752,-7680,-5113
-85,-109,-22,-27171,-4327,-8296
-121,7,54,-25649,-5020,-4695
-61,33,41,-22889,-7268,-4390
-121,-117,68,-10075,9113,-773
30,103,95,-2023,-6159,3437
38,58,-73,3113,-11014,2831
-113,95,126,7603,3957,5040
54,-91,97,10636,-234,9715
-64,65,-83,21858,-21435,16564
E
-68,83,-96,21791,-23009,22155
103,70,-80,23828,-9973,-918
-1,-94,-36,26921,1452,13513
-101,69,102,-32750,-999,28
-93,-122,-82,-32750,-10382,-32739
22,58,-113,-12019,23843,27375
-22,54,20,-31737,24960,8518
101,51,-56,11052,-15606,-5276
-4,-60,-120,-7024,-9756,194
-102,-112,-109,-16880,5378,14397
103,42,-82,4123,-5408,-1202
64,110,85,9852,-11538,-2872
64,-13,-80,22630,18056,7587
42,-25,92,23531,12493,5480
-14,78,44,-29299,2509,1628
36,-117,-80,-32006,4083,1987
28,103,57,-32750,9559,2282
106,-108,1,-32750,7787,647
-40,62,70,-32750,-4424,1781
-56,-20,-12,-32750,7076,-2307
-102,-83,41,30389,18858,-4927
101,-110,-66,29776,-4341,1468
116,-23,-49,24473,-1656,4141
-98,52,70,18035,16731,445
84,-95,-72,20282,21588,4193
10,-115,-73,24829,12791,5435
120,25,-24,26147,14479,9596
-104,-39,-11,24459,29149,13014
113,-43,-16,11936,-6496,-5699
124,90,-64,10640,6203,-4429
-33,-6,-91,-2741,3074,-1425
-50,22,108,-4363,-4688,2319
-20,-11,53,-6708,-4124,2141
34,-75,43,-7759,947,-2869
25,-52,58,-7544,127,-3145
4,-26,36,-8411,-1606,-1848
-19,19,-59,-5002,-3211,-2318
-17,60,-109,-2130,906,-1637
-41,112,-87,-2830,-747,-2190
-55,-127,-68,-2842,-1684,-2814
E
-87,-96,-54,-5097,1485,-3901
-104,-60,-9,-7917,-750,-1587
88,-59,28,-3584,-5998,-852
94,-81,-37,2275,-2018,-908
92,-84,-57,7646,-268,1314
84,124,127,2963,1662,104
78,116,95,5671,-4436,1092
-69,20,-54,22433,-1294,9785
18,-119,117,16087,11696,4034
-79,-34,103,-9335,2960,2936
111,61,-114,-22913,-1132,4324
76,-49,55,24181,-21918,-13960
-97,-46,-15,-32751,23807,23760
30,47,22,-32751,-32612,-19995
115,24,-28,-32751,-32612,17631
-111,97,28,-32751,-23105,9388
-49,-67,79,-19247,-16096,-28286
87,-106,-128,-13000,32156,-182
84,53,91,-1766,18098,16380
29,-41,-113,22073,12968,-2368
-32,-70,-122,13175,-10868,-4352
48,-95,-92,-1870,12570,8705
-49,55,-86,4690,939,4065
106,-22,-91,11166,-829,1567
92,88,-88,11066,2651,3011
56,-30,-43,9575,3634,5251
-20,-108,-43,21598,589,6958
-11,-100,-48,28630,-855,4971
10,41,83,-31067,11577,2107
10,-99,17,-32010,9944,4235
-54,-119,-37,29789,-565,6722
-78,47,-76,24423,-1150,5398
-24,34,94,10707,16848,2028
37,-14,71,19526,11326,7071
-120,-112,85,13535,-616,7753
60,-50,-124,1149,5691,1792
4,-60,50,1721,17793,12641
-100,-51,40,10204,13068,13127
84,-49,5,27168,-12378,4297
35,-35,-62,24627,-2075,2915
E
-82,41,27,-28022,11068,8803
103,7,-3,-32751,18610,15367
-113,117,75,-32751,21487,11751
-99,-19,31,6139,-10688,-5227
32,-70,-103,-3675,-3076,-5070
-68,54,20,-16366,-1632,-9961
6,-126,62,-8101,363,-8248
64,-20,-40,-3239,-2042,-2887
49,60,122,-4412,-7566,-550
-13,56,52,-3897,-3147,-2411
-12,106,-41,757,4799,-5152
7,108,-1,1376,2504,-4071
2,-78,-127,912,-4024,38
-28,-102,97,809,-2535,-1371
-93,-125,73,7151,-1180,-1569
-109,80,94,8841,-651,-1066
125,-7,-98,5532,-2616,-2201
79,-93,-33,4232,-3416,-2405
84,-91,-28,5534,-2185,-1337
79,-111,37,6400,-1282,2021
37,-112,72,2869,939,3908
-4,-126,86,-2829,-2611,611
-25,-43,29,-10202,-4751,-26
-26,39,15,-7521,-5494,10372
59,16,-35,20084,31107,6822
-54,53,-15,-32750,16780,-14456
21,-93,-31,-32750,7836,-26537
87,98,16,-32750,-32616,-6272
-20,-25,14,-32594,3989,-18497
125,36,91,-20482,14268,17128
127,-85,83,25054,-3100,7706
22,-7,-12,27082,-16252,11871
75,-7,93,6015,-19546,-7445
-100,-61,-10,4276,-8932,2041
-22,78,-3,-524,9996,15490
-59,63,-4,7043,1977,10277
1,-116,85,32128,-3445,5086
61,-6,63,-29374,2067,5013
114,-87,-113,-32279,5542,4665
-85,28,-66,-32750,9653,4472
E
119,-4,-117,-32750,4522,8220
-66,-19,81,-32750,-3622,4586
38,80,-39,-32750,7643,6505
63,-10,96,-32750,-2225,5394
-87,27,40,-32750,15950,1255
-97,-69,61,30747,4093,6675
123,15,-78,24156,13071,5036
98,-91,-59,19327,14572,-2619
-126,-30,29,17112,11780,-3865
83,-93,-126,15261,9026,-1794
-98,-103,24,5894,7119,-3346
109,-21,-6,5163,3637,-1171
31,-116,-13,-266,-4836,704
82,90,-14,-747,-1475,-1417
-101,-84,3,-9955,1412,-8314
-122,-97,-2,-7313,611,-4941
-115,-76,-42,-9674,-6826,-5284
-3,9,121,-9934,-4669,-4226
14,49,92,-9086,-6182,-1597
-92,120,-19,-17744,-8463,-8981
-79,-97,73,-13532,-2915,-10097
-118,9,-54,-632,-3489,-6192
115,53,-3,-4618,-4243,-5180
101,113,-59,2038,-6092,48
-5,112,-115,16229,-8452,6207
-12,-72,111,25498,3749,6357
-26,-56,14,21136,19337,17615
37,-84,16,6939,-6244,22230
11,35,-107,28464,-1580,8901
106,-23,76,26830,-6987,-18341
-96,-9,26,-32753,19110,26515
20,78,99,-32753,-32616,20397
48,-19,-74,-32753,-28213,30449
47,24,38,20781,15131,-28391
-91,-124,109,14301,-10834,5782
-64,74,87,25915,7541,1671
28,80,114,24302,9057,-4666
-40,-76,-93,4740,1047,3819
-1,90,105,4707,1618,7007
-41,90,45,3995,8875,13489
E
85,-76,-38,10383,7269,13359
-87,114,-100,23518,-243,10265
-117,-37,-36,25356,-10994,9956
-72,68,91,-27901,3230,7634
-49,-20,26,-32752,3758,6375
20,-118,-91,-32752,5123,12123
-5,-21,3,-32752,960,8726
-21,-85,-86,-32752,14319,7300
-45,27,-22,-32752,13519,17544
37,114,54,-32752,-24035,12879
89,35,-42,-32752,7751,-5812
-102,31,-20,-32752,32324,-4502
-38,-112,-70,-32752,28541,-2410
7,120,118,-953,1942,-7244
120,-30,88,-4547,-7162,-8101
45,90,-11,-23911,-14274,-5181
78,-57,-92,-13748,5381,-1547
95,-7,-94,-8169,-1425,-3360
88,22,96,-3861,1854,2722
24,-17,97,760,197,-581
41,-28,71,-244,-1831,-940
1,-63,99,-1717,-3131,-1360
-58,-33,119,-2208,-6610,-1736
-127,-27,98,-854,341,-4002
-119,2,-128,-337,-1139,-3442
65,47,-33,-5181,-6745,-482
44,59,-39,-6781,-6910,-1520
-119,-31,112,-6959,-2382,-5251
-77,-68,97,-7392,1660,-5751
117,-4,-55,-11094,-7812,-2332
102,-5,-38,-9596,-8646,-235
-72,23,-29,-4958,-5041,7909
-44,-36,-59,-23583,-4303,6840
23,-30,-46,25355,19026,23049
-54,-20,0,-32753,-32615,-16568
-105,125,5,-32753,-23890,-6444
53,62,-42,-32753,11778,18897
-68,-9,38,-15655,12631,9012
112,50,-116,30080,-22612,2242
-83,-17,-22,5825,14283,8807
E
-96,-97,-128,28426,21994,-993
-66,-55,-86,26595,-2421,4624
7,-1,-123,12555,-492,-1597
-38,-124,-76,3417,11667,15781
63,-55,4,11784,2442,12277
-40,-127,-28,20345,5132,8680
-90,122,-74,26926,-157,7093
-65,-15,105,32299,-3208,6195
31,78,-60,-31066,-2388,3545
69,-91,-38,-32752,7341,5858
96,125,108,-32752,14053,3735
64,20,5,-32752,-14742,1964
65,72,-91,30058,5324,-974
-85,-24,112,32385,-3824,-1688
-49,66,-11,-32317,18032,-2185
-119,124,121,-32752,32215,5654
-11,-47,-79,21624,-8779,6172
31,38,-95,14098,-303,50
91,-120,-118,12640,8750,-2961
-93,79,23,752,7784,-753
127,111,36,445,-3117,-1526
90,85,-25,-13058,-6165,-4339
57,-97,-60,-13020,3876,-6023
37,1,25,-10150,1619,-5243
2,76,113,-12833,81,-5657
-37,-104,-34,-25384,-1117,-3316
-49,-37,-9,28797,-6783,-11393
-22,110,98,-30359,-1744,-12297
38,54,-107,-20595,3985,-7671
53,-79,101,-26817,-3648,-6346
1,84,57,-22762,-8182,-4815
-43,-57,127,-17638,-1092,-2934
-65,-68,-34,-9716,-5557,2637
-108,-95,79,-21310,-15623,1525
30,86,54,-4444,-12262,5222
-127,-70,74,-2229,-6535,3229
85,-66,-124,18677,20815,-3137
73,-66,-41,-32751,-32618,-15878
82,34,45,-32751,149,26319
-101,57,59,-18603,11934,25605
E
54,26,-99,-26983,11730,-14621
-35,30,-34,-26356,-15942,11606
89,120,86,9757,10692,-13099
98,126,34,7569,3385,-2546
-64,22,69,-12650,1422,14857
125,-15,34,-4371,6620,15722
66,15,-104,28257,9716,73
101,-102,79,23644,-3960,-4007
74,-27,-78,-30830,-3846,-14803
7,32,-96,-31518,24355,-5497
18,7,-58,-32751,1894,348
85,-79,-56,-32751,10559,1039
-26,39,115,-32751,10054,-1889
72,20,3,-32751,12257,-3607
3,-7,4,-32751,18712,6243
-78,69,119,24122,9059,5026
20,120,-90,15612,2317,-3808
124,-12,72,32595,16428,1303
29,33,-59,-30459,8589,25480
119,-97,-72,-32751,-1214,17449
105,-5,-18,-32751,16099,9364
75,63,-44,-32751,18045,13415
37,54,-101,-9715,-10459,-2861
-58,-55,-1,-9032,-3611,-2647
-81,83,-66,-30957,5794,-13503
-76,80,27,-21765,5459,-8772
-65,28,34,-11576,-1079,-7275
-93,101,-107,-12468,280,-6185
36,-4,117,9111,3441,-334
14,-66,-60,7043,6695,-1056
89,79,61,14083,3746,5321
57,73,119,12673,420,9925
114,-17,-30,6135,4054,7340
96,-13,21,3660,9796,2650
1,-19,126,-436,4727,-4107
30,-30,72,-6358,-3084,-7866
-128,112,63,-18822,-3984,-1920
104,-83,47,-9432,-4467,2371
21,-106,-83,31167,6340,1202
76,-98,-52,29680,-10062,-12487
E
-78,75,36,-32752,19478,20422
-105,91,18,-32752,-32616,-32743
-91,47,62,-32752,-7561,17231
-33,20,52,-25007,-23400,16135
-49,-56,30,7342,-19862,26399
-110,-24,-127,-28725,23678,7833
-92,87,30,8487,17883,-18012
83,46,2,-5779,27908,14538
-44,-92,47,-8147,-2823,10518
119,93,28,1202,1026,8325
15,-74,-113,11829,-6675,3949
76,-43,63,20288,5348,6367
94,-124,-98,21990,3810,5892
117,-70,-16,29599,-3397,4180
-88,-3,123,32437,-3406,4171
-67,15,23,-31573,15245,9596
-34,-55,-108,-32752,-8898,7406
115,117,-14,-32752,6976,10311
110,20,-31,-32752,1001,-3481
-26,1,-44,-32752,15174,-305
45,-37,-37,-32752,25000,-4584
-68,-2,112,-32752,-31324,5216
-79,-63,56,-32752,-8026,2979
84,-60,-56,27747,4725,345
102,77,-33,25061,6557,-358
-112,91,11,6692,635,1449
-94,68,105,12217,1407,1501
77,123,107,-3108,8931,-4862
55,29,53,-3778,2959,-3421
75,-42,22,46,-3480,-5632
125,-97,3,-1937,64,-3434
-105,54,-9,-8611,-5794,-2317
-72,-20,-45,-8670,-7391,-3645
79,-122,80,1398,-314,-4085
99,-62,52,7082,1909,-140
68,7,-103,10266,961,1943
59,51,-15,8379,5104,1266
12,-94,80,4498,223,3789
9,-79,64,4590,1305,7395
82,-67,73,-4461,1493,12199
E
76,-58,38,-16098,5211,9634
-37,-81,114,21990,-26276,-20283
-30,9,81,-32754,24711,21551
23,-72,-46,-32754,-32617,24602
115,118,77,-32754,10771,21956
57,85,47,15381,-20098,-24565
-52,-19,-49,8606,22361,-1818
13,-12,-122,17287,-11491,-382
5,103,-54,13452,-13194,-4234
-125,-120,25,-2272,-12949,13962
39,-39,20,960,30233,11167
102,-32,36,896,-7576,3318
24,115,-50,14179,6460,4071
76,-113,-19,10190,5554,9202
-43,32,123,14861,7978,4512
-49,-112,-67,20193,6391,117
22,-66,72,23759,3737,4275
19,11,80,21495,3938,6469
-51,81,20,21685,5998,18447
-108,20,-75,22448,5627,12221
-96,-95,-116,29144,-3534,8316
11,-9,-93,31891,-8489,9445
83,107,108,31606,-628,13781
-16,23,-107,-31930,5665,9716
87,54,-31,-32752,-13725,1012
102,-49,5,-32752,-1876,3312
-97,-15,56,-32752,8534,-1975
-118,14,88,-32752,13203,-1519
38,93,-74,10461,-7510,778
-87,-66,-12,17561,-17398,-7413
2,-30,-18,-11448,3521,-9295
52,-27,-73,1541,7158,-9458
-112,1,85,3038,-1275,-1331
120,60,111,2593,-2073,-2160
123,-69,-110,6388,1160,-3555
-91,125,-104,11303,106,-6028
56,-30,7,10911,8755,-7312
-72,30,61,10032,160,1745
-110,-67,118,-3473,-12047,15636
87,-61,-97,-12712,-2473,5212
E
-80,-64,122,-16724,10369,4775
39,33,-28,23337,13839,26597
125,5,77,-32752,-32616,-25821
-51,-71,13,-32752,-20248,-3720
-39,97,-17,-32752,-27247,11296
95,-89,-24,-23562,-12001,-9222
-24,-14,-85,21293,23905,710
-120,35,17,-2364,27834,-13324
111,67,96,-5966,-1333,3382
-86,79,-118,-4226,26882,16097
48,-62,79,6353,-5018,1008
11,86,73,14670,-9298,-1435
15,77,-34,11751,987,4506
28,-94,-79,12214,7160,6550
-95,-43,-72,-28286,-2046,-969
-80,-80,10,-30767,5238,-1086
-100,-6,-4,-32750,-2759,4457
-57,20,-72,-32750,-4799,5565
50,-116,94,-32750,19712,-5323
37,23,36,-32750,24057,-3601
-16,-95,-38,-32750,20656,8819
-10,6,29,-32750,-22237,-445
-43,41,-65,-32750,-26193,-422
-94,-122,113,-32750,23759,5575
-104,-65,109,27807,2486,8417
-5,12,-96,11540,6318,-931
109,18,93,-23534,2202,-7834
89,-126,73,-15884,-2031,-3023
97,-58,-34,-1237,6093,-4372
-108,-100,-28,-3361,4478,-3759
-22,107,-90,-8715,-3657,-1582
-57,-109,-79,-8492,-3631,-1906
-96,6,90,3101,1300,-2048
-79,-21,97,2895,418,-2710
-79,-49,-120,6534,502,-2198
-62,-86,-60,4168,545,-324
-92,-110,48,1418,-4287,2993
-84,-104,38,-866,-149,1675
-93,-74,80,-10562,-3082,-6433
-109,-73,74,-10204,533,-6293
E
105,16,23,9971,3877,5573
-120,31,33,11847,-548,9095
54,-23,-125,-17341,144,5313
-127,-32,89,24890,-30657,-4702
-6,64,74,31379,26792,-26847
-42,-39,-110,-32752,-32615,-23985
112,58,37,-32752,23886,-5306
-62,-10,89,-32752,31969,18618
-124,-3,-10,32312,31589,-23347
-50,93,-99,23430,-5123,4087
-9,57,-71,-30132,10071,-3212
-124,-105,-85,30505,18864,-1590
58,-39,42,5240,-13539,4016
121,-6,-17,-4247,4030,5484
-51,58,88,-4001,15119,12702
-61,47,-72,-345,-7097,11236
-122,0,115,-2440,-7243,9279
123,-68,-102,2382,-476,6321
-114,-51,-101,8087,3187,8972
-37,41,41,7594,-9660,15259
-1,60,28,4366,-6219,12720
-1,108,15,4105,1888,15724
127,97,66,7316,-7894,15097
98,-48,-82,236,-17016,10032
36,-61,56,2920,2352,7534
-1,-39,29,5082,-2158,11310
-43,-63,-127,4013,-14656,6928
70,-69,40,4403,1705,6372
90,-35,4,2543,2963,8733
34,-47,10,6787,6374,9153
-114,-51,87,3935,3170,3760
-91,-32,77,1934,371,4744
-60,15,81,3028,-1213,7763
-47,6,64,5517,151,7100
-52,33,82,5452,-3201,4172
-1,109,51,1114,889,4143
-7,99,56,2014,709,5423
19,90,75,1664,-3461,5300
23,72,61,2227,-3114,3783
86,77,16,1806,3146,2084
E
83,102,36,1988,3369,2715
60,105,80,1817,-2170,3406
76,98,87,723,-2207,585
108,96,71,-2282,2317,132
106,53,53,-1394,3784,-780
84,59,76,-444,2151,-726
85,55,108,-858,-2504,-482
127,77,57,-2632,1344,-107
116,35,34,1363,2438,-2436
73,65,39,4924,-1304,-1941
84,97,52,1942,-1833,-1454
-108,-88,37,-1065,817,-1375
-117,-114,30,-139,194,-1488
-116,-110,42,2165,-2742,-2635
-70,-50,8,-275,-338,-806
-71,-56,10,-690,741,-1175
-69,-64,10,-684,-670,-325
