0,0,0,0,0,0
-85,-94,-64,-2320,5175,-485
-85,-94,-64,-2320,5175,-485
-31,-45,40,-2677,4810,-384
-7,-20,87,-2834,3703,-179
11,1,120,-2811,2935,304
52,67,-55,-2653,-1368,1092
35,76,-71,-2633,-1521,983
29,91,-86,-1699,-341,949
35,105,-97,-792,355,572
33,102,-91,-1029,345,374
39,124,-83,-1794,1390,125
42,127,-80,-1591,1421,871
77,-80,-37,-4442,-273,2489
70,-79,-39,-4957,1105,1969
127,-11,9,-7858,7296,1777
-67,23,68,-7559,9787,2806
14,55,-64,-9099,8387,1402
55,53,-115,-6962,6727,-2298
29,59,-68,-6911,20672,-938
-45,46,89,-11322,22264,-1335
-120,-93,-11,-12083,20779,-632
9,-85,-103,-10021,14377,-2321
-104,95,-27,-10476,15176,-3445
-1,-85,-34,-15800,18526,-3782
66,-89,38,-13176,23035,-5624
71,-10,90,-19113,25029,-4523
80,-86,65,-17386,31696,-4311
-100,-50,-26,-16904,15150,-5663
-10,-64,90,-17248,12377,-4264
124,51,-86,-13903,14029,-4828
84,66,-59,-8214,18944,-2826
-86,-16,-119,-10149,2207,-1362
45,62,-19,-5094,6209,-953
42,36,102,-8796,17442,506
-26,1,18,-7795,3926,-3246
5,-42,38,-2571,8002,-1365
27,-31,53,-2556,8143,-2196
-119,-28,59,-2915,3923,371
114,-13,-128,-3787,2306,-799
E
-105,32,45,-2360,762,-618
-79,49,15,-1835,2828,-1633
-19,68,-40,-2221,2663,1588
-28,78,-38,-1298,2147,841
23,120,-86,-1473,1189,861
14,122,-81,-1696,1859,909
71,-105,114,-1286,5883,1246
103,-95,117,-1776,3245,1151
124,-78,111,-1373,3294,65
-87,-59,90,-11,3134,-908
-80,-68,89,-1262,5050,1182
12,-35,93,-2342,3428,17
11,-33,96,-1891,3733,72
69,-22,96,71,7296,713
121,-28,111,-1426,3202,-819
-79,-36,127,-413,6081,-3596
-50,-4,-106,-2280,4383,-2414
19,56,-59,-1060,3441,-1965
16,45,-70,-1081,5149,-2802
102,-110,20,-96,-471,-1345
81,-128,7,267,93,-2234
113,-86,-29,-931,8567,-3962
124,-71,6,-1957,8194,-3173
-91,25,-32,-3909,7587,-2323
-110,7,-44,-2926,6022,-2285
127,43,-118,-5656,6313,-1406
120,28,-124,-5302,4565,-2564
0,-4,43,-3793,9988,-1065
-1,-16,17,-3519,10073,-1483
47,-69,74,-2192,11364,-2411
-45,-96,63,-2718,8913,-2612
50,91,6,-1050,6011,-3730
63,91,3,-1826,4441,-3121
-10,15,-34,-1224,803,-2825
-16,-41,-59,-516,2191,-3622
-79,88,-103,1434,3428,-5945
-108,42,127,1585,-863,-7203
-103,-16,-105,5297,703,-8902
-53,-44,74,5586,1055,-8057
-35,-20,69,7014,2188,-7196
E
3,-39,-37,15197,8950,-6945
-18,-12,-45,13451,-1129,-6041
55,103,73,12976,-2243,-2132
53,93,94,13026,-1866,-2460
-127,-20,-38,7691,-3805,-450
112,-47,-37,8458,-4059,-1901
71,-39,-102,12523,5936,-3348
48,-42,-113,10464,1518,-3570
-55,81,36,14087,6786,-7757
-41,71,23,13770,4299,-7181
-19,-117,-1,11300,-3395,-7287
29,72,92,10326,2528,-4506
-110,-12,-41,8842,56,-2542
-89,-5,4,8758,298,-828
-63,-12,15,8301,5174,1777
-105,-26,80,6314,3786,-15
-91,-15,55,6539,1091,2730
-105,-14,70,7012,5744,2847
-122,56,104,-3572,-1741,5062
113,-89,35,-16335,-10612,2258
-121,-36,120,-26186,-1984,433
-91,22,-47,27059,-7536,-1503
-101,-8,-19,-32684,-15648,2509
0,-127,-93,-32684,13044,5152
-45,-86,-51,-32684,16416,6832
16,122,-2,-32684,-18350,2468
-42,96,-25,-32684,-4945,8381
-6,67,51,-32684,-10725,4304
-29,120,-105,-32684,27010,5183
97,-65,-104,-26640,-13558,9533
44,-47,-93,-15868,-22980,2733
-89,-21,93,-6285,1785,-1412
-11,-69,9,8188,10350,1274
15,-80,93,4583,6483,-795
-25,113,87,1564,6599,432
-60,115,101,1490,658,-340
-8,81,-80,-1831,-2074,710
-31,77,-87,-751,-2642,-139
-82,50,125,2261,3480,-1713
-56,61,79,4009,6004,-598
E
-20,-22,103,20360,9216,-6279
15,-60,47,28863,766,-10230
91,102,70,-30484,5452,-9476
11,-59,-44,-31957,22009,-12740
114,57,62,-32681,13767,-7779
-91,69,52,-32681,-2598,-9499
72,-70,91,32070,17054,-2926
-102,116,-38,30590,9617,-5750
-121,18,-58,20078,-3680,-4738
-112,-44,78,25253,12499,-5251
-40,17,-42,26378,18188,-2099
49,-101,-53,23935,5753,-2800
58,-34,113,14968,-311,1445
101,-55,108,10397,-17135,-3448
33,126,50,-555,20239,-1674
3,102,6,1530,6462,-2974
-19,-1,-91,-767,6445,-4321
22,-31,73,-1068,9580,-3486
109,-39,-80,-1502,4281,-904
108,-10,-51,-1191,-3485,1136
100,59,32,-4050,-7251,5077
107,74,56,-6294,-1269,4199
-44,-1,-65,-16823,6166,3883
-73,-16,-9,-15692,-409,4008
-77,54,-78,-32706,1781,1419
-15,71,36,29877,15064,-584
-125,-25,7,-32683,-744,-573
-122,-27,-95,-32683,4845,3413
-121,-124,-96,-32683,3785,-1888
123,94,23,-32683,-19501,1740
88,-67,106,-32683,10091,-773
23,16,43,-32683,26011,-9407
2,70,-72,-32683,-31059,3544
114,-45,62,-32683,-20925,16144
75,-75,53,-29296,-23945,-2497
-54,101,51,-5817,-6389,1499
-45,116,-9,12165,15089,2500
15,-6,34,16162,7347,-2111
95,6,55,3089,2273,500
81,29,19,2073,-2118,-1105
E
95,-16,-127,4423,-558,-1732
81,-43,99,7788,-346,-2798
66,-11,108,26870,9093,-9698
73,55,-81,32302,8867,-9001
-82,-24,121,-30370,4636,-14218
-117,-120,-87,-32680,7107,-13407
-9,42,-125,-32680,-12176,-11283
-128,120,-14,-32680,-12527,-9476
-92,-60,13,-32680,16335,-10506
-45,-24,119,24370,3239,-10113
4,117,-63,11196,419,-13011
11,67,66,14001,15986,-10429
126,45,79,160,-4748,-8741
-53,5,111,1946,8027,-6599
12,91,16,2089,4128,-955
-4,109,26,775,-1165,-553
23,42,52,-1955,883,3432
14,59,-31,-3833,3756,2271
-37,33,96,-3617,9733,736
107,-3,-58,-1151,-1708,694
117,7,-10,-705,-3161,335
-120,26,-46,-2283,4675,279
-79,57,-90,-3869,3910,1033
-31,-106,-46,-7888,-216,4579
1,-4,89,-14888,-3804,6364
61,-118,-53,-26525,5824,7690
-96,40,78,27720,1813,11755
-125,-19,18,32730,-4706,11666
-97,-50,87,-32685,-10621,16810
48,26,-73,-32685,-5375,14040
79,-73,92,-32685,-15572,20442
96,39,95,-32685,-7609,30953
45,-6,26,-32685,-1978,19549
-95,35,-119,-32685,18753,9433
-37,107,96,-9949,18986,-2519
-12,-1,-105,5798,-2532,-2217
7,68,-36,13295,16200,-4108
-43,-84,122,9300,-770,-7953
76,84,108,12546,3308,-6986
53,-16,-8,18312,11796,-7649
E
-36,-110,71,32308,13630,-11780
74,41,103,-29690,13581,-10666
-47,49,-43,-32682,17676,-14036
-83,114,-40,-32682,-32211,-12631
72,10,-54,-32682,3,-10559
-70,55,-46,-32682,3000,-10723
110,49,6,-32682,20672,-7516
-68,-66,-18,-32682,11707,-4949
100,-107,-65,18302,7599,-3822
-61,20,48,19875,11534,-4092
-102,108,-5,14766,-7239,22
71,-49,10,14025,953,-1265
-40,-38,-57,1816,9584,-745
15,-4,-34,-3140,10345,-577
31,-9,-34,-2000,6049,791
4,-38,-7,-17,-5318,3608
-13,-25,-3,-1986,-4125,3916
-85,56,-17,-18205,-8328,5555
109,120,107,-24416,2133,6724
-125,-127,126,-30395,1202,8053
68,45,83,30057,-12640,5571
112,-50,67,-32684,-2677,5526
-94,38,121,-32684,511,4238
121,-15,-36,-32684,64,5713
79,89,20,-32684,31064,6038
21,-23,-97,-32684,-28994,1635
-53,-45,-69,-32684,22789,14203
76,-33,-14,-32684,28325,17940
29,-72,124,-10803,-27597,-5607
11,50,60,10578,-5703,-5420
-1,-112,124,10803,10663,-693
36,60,-39,9395,21144,1995
-49,59,118,1085,-5502,-2560
-4,30,58,3064,5802,-135
-88,-12,-111,10390,3669,-4307
84,-67,-52,22700,11305,-9470
-16,54,50,-27279,7457,-10608
76,67,27,-31977,16325,-12590
98,47,-93,-32683,22842,-14318
-89,-120,0,-32683,24239,-11496
E
76,22,9,-32683,-6694,-9258
-73,-110,30,32593,19327,-6578
81,51,-91,25910,923,-8741
124,18,120,21824,2882,-4228
-49,39,111,15913,11883,-5136
-65,-94,82,11641,7338,-2521
-5,29,59,11339,7197,1182
71,84,42,4921,2775,-925
71,-109,18,3454,7526,-874
-113,101,-101,-3398,3787,603
-118,-93,-95,-8522,-3956,2757
112,120,58,-24087,-67,7604
104,99,-92,-26074,793,8035
69,-112,-75,30538,142,11030
76,-105,57,32072,-5716,11437
-34,36,116,-32686,3205,6847
-65,89,-92,-32686,14087,11153
41,-118,95,-32686,-18516,14210
121,-54,-89,-32686,32097,8266
4,21,63,-32686,29222,12939
-6,40,49,-32686,-24672,22973
7,-74,-113,-17036,-9889,-362
123,51,21,2439,-5667,1755
-57,60,123,10598,5970,-277
-66,-87,30,9382,10288,-6092
-95,-29,110,8949,6508,-4535
109,7,57,13948,4383,-6554
-7,57,-34,18797,5274,-12501
-46,54,53,29047,9735,-13790
-83,22,31,-28706,17971,-13930
-43,-127,104,-32684,16607,-15483
-40,86,2,-32684,14399,-15928
96,-34,125,-32684,11564,-9825
47,127,-55,30023,-2581,-14862
54,-75,-36,31119,8995,-11278
20,120,-118,22278,-4767,-8161
111,114,79,21132,9749,-7495
-92,-15,-33,19549,10588,-5667
-21,5,-123,12470,-4171,-2625
13,-64,-23,12636,3810,672
E
65,-102,108,4882,5098,-851
-124,-123,86,-2580,7194,254
63,123,79,-2300,-369,314
49,121,3,-3385,3752,1131
46,-96,-60,-7006,1672,1987
71,18,55,-9676,5560,3419
79,38,63,-10511,5639,4007
-109,115,-100,-16515,-10017,9115
-127,-40,-89,-17894,-15798,9896
64,-125,84,-27852,5441,11619
95,72,44,29854,1310,12340
-123,-96,-123,32422,12206,10607
82,-28,67,-32687,18764,6832
-20,-53,-28,-32687,-24236,3019
50,93,109,-32687,18637,7691
-62,71,38,-32687,12185,4716
84,-8,48,-32687,-15469,21976
-13,-87,10,-19019,-17705,-5795
-44,-81,48,-6289,-1631,4183
0,-24,103,14891,21827,-1049
-120,95,-46,11626,427,-5128
-13,54,0,8989,5961,-3698
-23,56,-126,11990,15673,-2743
-108,98,79,26736,12592,-6642
-101,107,3,26714,10277,-6806
-87,2,-98,-28751,13930,-9712
-22,102,-54,-32685,9777,-9925
1,-118,-13,-32685,12142,-9476
37,-21,-46,-32685,11676,-9748
21,31,-12,28814,-668,-6140
-82,-99,-108,28946,7104,-6018
-84,43,-110,27511,-10926,-5785
6,-10,34,23130,19875,-5646
10,88,-52,22468,29568,-39
-19,-49,-28,20195,-13730,4933
-104,-35,-10,15847,965,1057
81,19,-22,8780,18262,630
73,50,63,7492,7836,2880
-3,-47,111,-440,-4537,2163
-32,-57,31,-366,2306,1526
E
-42,-21,62,-8503,-4256,2261
-89,-120,10,-18391,-4991,2882
-94,45,-76,-22744,-486,4081
-78,-40,-118,-30162,-99,7512
-43,-111,39,29866,5911,4552
-6,-49,65,-32689,11659,4397
127,-73,-39,-32689,-74,2355
-111,-40,35,-32689,7519,3261
10,-49,24,-32689,22958,162
-92,-16,89,-29483,-14686,8010
51,51,-39,31779,25851,16911
-92,-51,-8,-32689,-19022,18561
-19,83,-2,-32689,16740,19384
106,58,63,-26357,31686,7487
-93,16,-112,-15486,-9993,4566
-15,-98,26,7913,14716,-542
-95,-12,-82,6492,6111,-622
-87,95,-79,3359,-1753,-2382
-56,90,103,3272,7514,-1312
92,75,-24,14608,10853,-6453
6,100,-111,19679,5307,-8211
-39,-82,21,27884,9269,-9684
-54,-65,-75,30751,13027,-11105
-18,79,-83,31716,5610,-11152
69,-19,92,31176,6399,-10993
-62,-79,123,28807,1427,-7288
0,-29,67,24669,-11991,-11092
-112,99,108,22191,5579,-9198
92,125,20,20231,2462,-10328
39,52,-125,17401,376,-7418
51,-43,-105,16875,933,-8395
92,124,110,10295,7386,-5732
-52,-55,-81,7951,20266,-2952
6,107,-42,8013,-8460,-1814
-20,-81,-66,3138,-3891,1397
8,-80,114,457,2131,2227
-7,-101,71,300,3166,2693
-38,-117,22,2063,3398,4110
-128,-103,47,2887,-2741,1431
111,-80,48,2872,-4505,1333
E
101,-18,35,496,5935,1500
114,-12,4,-316,4807,1335
-128,77,36,-3542,-1394,2490
-95,106,53,-3482,2165,3122
-11,-31,-128,-7462,2509,5807
26,53,-49,-10972,-5248,7854
97,21,-92,-21022,2475,9387
-124,15,-125,-22157,7803,9470
-9,107,-92,29357,16574,12819
-91,1,119,31970,11441,9801
-20,121,9,-32693,16533,9776
-9,2,-10,-32693,1473,9457
65,52,-111,-32693,14469,14683
-99,-104,-126,-32693,10341,-31260
8,-118,-64,-32693,18447,25999
113,-106,90,-32693,20042,25155
-73,34,96,-11357,-4809,-607
1,84,40,-1927,600,1860
5,-37,-116,10673,4545,-6356
79,-41,1,7329,2692,-4845
-40,-84,29,10684,-6490,-11179
40,-109,84,15103,-4019,-13033
-22,25,-110,-29559,18264,-27125
115,-109,-60,-30457,-22951,-27898
-7,-15,50,-32693,23846,-25875
0,68,65,-32693,-14598,-15174
42,98,64,-32693,10237,-5936
-78,24,62,-32693,-16719,-9288
-124,19,48,25968,-8282,-11940
-79,122,-45,26563,-3184,-17227
-71,15,-60,21274,-13190,-16151
-102,-21,45,18343,10857,-12598
-45,96,-10,10193,9243,-10438
50,28,11,-396,1745,-4934
-17,81,63,-1500,-1646,-4817
29,41,-55,-5882,-4338,2975
-44,37,-119,-1236,-2578,561
-100,-17,-49,-2984,2690,617
105,3,-32,-3655,-3650,596
-9,54,-121,-546,-3230,66
E
-2,47,112,-400,1534,83
23,84,40,-1341,5212,-397
40,84,51,831,2704,-804
82,97,75,1998,27,757
81,94,96,1907,-119,1263
-111,113,-88,1426,1596,4774
-72,-104,-43,-4824,1576,5651
-4,-125,-22,-23119,4167,8337
36,88,-25,-26026,7396,9052
121,-28,45,-29994,-2180,13258
-66,-76,9,32362,-1382,15131
49,53,-11,32154,23488,16199
-116,-77,-61,-32693,10744,17219
96,-113,109,-32693,-22364,20521
51,-28,-64,-32693,23352,10713
112,9,83,-32693,15101,-2316
-99,77,18,-32693,-4774,7382
78,76,-4,-22443,-31866,5078
79,34,-82,-25930,-29367,6970
38,-116,-20,-12054,10364,2649
-79,56,-8,3240,5327,1114
-125,11,124,16664,2762,-3221
-110,118,49,28718,14567,-9567
-39,5,94,-27507,13829,-17050
-8,16,29,-32693,24352,-16155
31,-18,30,-32693,18529,-10037
-43,-28,-104,-32693,-4480,-13999
-2,102,-68,-32693,13408,-10591
118,-126,-84,-32693,16303,-2962
-30,-39,35,-32693,-5645,-9487
-54,-122,-53,-32693,18259,-1310
-116,-106,53,-32693,-18763,1449
-53,20,95,19020,12989,529
-111,118,79,9410,3701,-654
-88,100,35,2582,4941,-406
-50,73,101,-4997,5436,-683
-27,-65,-87,-20594,-6522,2742
-104,118,82,-28514,-6245,3426
90,85,-104,28354,-5467,5182
98,-127,-62,-32694,-17353,8062
E
38,98,-17,-32694,-8542,12097
41,41,-77,-32694,11138,19746
35,67,39,-32694,14532,10152
38,13,-23,-32694,-24348,19272
-89,-76,74,-32694,12680,17795
93,91,-43,-32694,-5306,5162
-117,52,-31,-26661,18420,4795
78,-43,46,-14689,-16367,1753
-124,-122,-53,7467,8787,-4589
-122,-109,-56,9585,-1991,-1485
-83,-39,-109,10356,13991,-5964
-119,-9,-46,9966,5928,-6153
-21,14,-58,29049,16384,-7354
-35,46,104,25030,13881,-5261
66,-93,115,-29513,14336,-10741
126,-17,-37,-32314,1528,-9194
15,8,2,-32693,-20994,-5396
-30,117,-103,-32693,21389,-9937
-101,8,-11,-32693,-11999,-23744
-42,-48,103,-32693,20069,-14148
-106,-71,-12,29789,-6314,-11417
2,-30,113,28377,12616,-8484
117,-42,80,27148,14551,-5976
122,25,-107,15799,2467,-1131
-118,93,-59,12541,3327,744
-75,124,-68,6680,13303,4581
56,62,-26,-4569,-8032,593
73,43,-52,-6396,-4454,3030
-128,-5,-108,-13120,-5310,5224
115,71,-20,-30440,-6275,9132
36,75,-41,-30807,-7102,8859
50,26,-50,30710,-6573,10874
-28,26,-22,-32695,4109,13737
-51,-123,122,-32695,-4367,13471
121,42,45,-32695,-26766,20885
-102,83,122,-32695,-25220,19770
-55,-19,-32,-32695,6240,-6923
-17,-14,82,-32695,-15625,18580
79,118,100,-30362,-18623,14033
11,110,93,-899,-17813,-11828
E
58,116,15,7914,3775,482
-115,37,-118,15444,15551,-3923
-107,-12,-65,13300,1103,-7733
117,4,104,23202,7046,-10084
-120,87,1,23424,4453,-9415
-43,119,4,30578,19467,-8489
-25,102,-52,-30158,16958,-15127
-13,38,-116,-32693,-6312,-19847
20,-124,16,-32693,5957,-14830
74,-87,-62,-32693,-15983,-22323
114,-45,-97,27347,1609,-16345
104,-122,33,25538,23278,-14045
22,53,-41,17553,-6132,-13631
98,-48,84,18520,2294,-12394
35,-66,54,17365,8764,-7896
-6,61,-67,12011,-9449,-7882
-104,-26,41,8762,186,-635
-113,-48,14,6269,5092,1486
-85,-69,116,-3175,4651,5390
-122,-104,-95,-1275,-76,3730
-101,78,-12,-9846,-8846,8662
-63,3,106,-17685,5230,12749
-115,-118,-115,-23989,8684,15468
14,18,56,28259,-1703,18048
-119,40,54,32365,26319,22061
-104,-58,-43,-32696,3287,21309
-51,43,-74,-32696,15877,22035
19,-85,-86,-32696,23740,11924
-104,28,6,-32696,6424,-13
32,32,42,-32696,7914,20232
26,56,95,-32696,-20582,10202
-33,-40,121,-25461,-30624,12692
83,-11,-87,-20858,6367,13616
-121,74,64,-969,3285,-1987
117,-22,49,6763,3464,-3313
122,35,100,9935,3104,-3818
89,120,90,10769,9567,-7158
-38,-124,34,18001,6870,-10050
-55,-95,-4,21437,-1155,-16766
127,25,-12,22256,12591,-17364
E
119,16,-80,-28735,-31984,-18651
123,71,117,31116,-7964,-13849
-48,75,0,-32609,15146,-11950
-21,-15,-61,32747,1272,-13346
-125,26,-98,32224,-124,-13480
-85,-56,27,28321,-1504,-11913
-12,77,32,24188,3705,-13281
-8,92,109,23716,9655,-7636
-109,103,-22,13977,166,-6167
126,108,-22,-1203,-26618,174
-103,75,-17,1503,27090,696
104,11,-50,2009,-11648,-192
-126,-22,-109,-1451,-14778,1519
127,-3,-19,-11135,3497,4049
71,-74,-113,-14392,5672,3996
-85,-121,-66,-23920,-6188,5542
105,26,-20,-29977,-6635,8441
-35,-123,92,29815,3373,10495
44,-34,-46,-32696,9419,9592
91,-11,3,-32696,-17388,7125
-58,1,97,-32696,903,11798
90,-84,88,-32696,23309,12703
-16,-60,60,-32696,12741,-2771
-106,57,-106,-32696,7069,16094
-125,95,111,-32696,-24490,6227
-104,-44,72,-21216,25614,385
75,117,62,-18040,-15085,5666
-124,-102,-10,7381,13573,467
63,-109,48,8352,-12344,-3025
-39,11,104,5947,6980,-784
-93,23,80,4776,8107,-1718
-47,111,19,14238,7158,-5056
-40,93,-41,16331,8115,-4980
0,-110,68,27726,13400,-12693
-30,19,26,30288,17797,-11455
1,41,-10,-30263,-32074,-8265
26,77,86,-32695,-4658,-13430
75,1,76,-32695,13913,-11688
15,99,105,-32695,-7078,-13273
-35,-23,98,-32695,9,-12983
E
119,43,-65,-32695,-2178,-12356
-98,-92,9,22263,4602,-4013
44,-83,15,19781,8719,-3434
-17,62,-47,9066,6375,1516
-55,93,-50,7534,12827,2480
-107,6,75,-4079,3862,-870
127,70,-28,-1609,2248,-610
60,113,1,-5334,-13294,-3191
118,111,115,-8897,-4789,-179
-49,34,64,-15239,7045,6322
-66,-71,14,-14716,514,9057
-95,-117,-47,-16512,7379,12582
7,49,-110,-27327,7789,12428
66,-40,-119,29731,-938,11974
-81,59,25,32330,18732,11101
47,-10,98,-32699,-3762,5922
42,24,-41,-32699,-27273,8798
-108,9,-68,-32699,25335,15130
-2,-112,-69,-32699,-13371,16721
-104,-50,-115,-32699,3856,31317
63,21,-28,-30773,-7828,16360
24,-18,113,3211,-15215,-8478
-33,80,-54,9282,-1374,-3055
109,67,-2,14405,25202,1100
124,-78,-33,8351,4446,-2922
39,-19,-13,5532,5664,-5390
122,26,-34,18742,22007,-8401
-54,57,-116,30666,19010,-10118
-115,107,121,-28960,16707,-15046
39,-8,71,-32699,14309,-16978
55,51,41,-32699,23293,-12067
70,-61,-14,-32699,-35,-12850
4,-33,125,-32699,-618,-13160
-102,-125,108,30342,5674,-14129
-118,57,-82,-31996,11065,-14936
13,83,-58,-32657,8334,-11328
-124,-33,75,13234,30335,-13838
-46,-40,-110,9235,-19598,523
91,5,-22,-6240,-8106,8320
-119,-104,-4,-2597,-13243,5325
E
10,-5,8,-8241,-9349,4727
14,-10,-89,-4910,5984,3413
-79,80,-52,1753,2872,-526
-2,-120,73,799,187,465
42,-60,-114,-797,-3636,368
71,-50,-99,-1935,-913,1817
-63,91,-10,-9625,4198,6821
-100,89,-43,-10599,2218,6925
75,-5,-64,-21054,-4041,11470
10,-20,103,-22960,395,12788
27,15,117,-25834,-2625,14240
127,-75,-31,28596,-8374,18467
2,-18,44,-32704,-1704,20143
-47,59,20,-32704,28491,22927
107,-128,114,-32704,-20530,13620
101,-72,-90,-32704,-8408,19093
120,40,-37,-32704,-24297,15122
-86,-112,-66,-32704,-21967,18193
9,-57,-95,-12916,-1559,1432
-74,21,119,5252,16131,382
-21,-97,8,12967,-9010,-3149
63,7,105,6224,8227,-3953
124,52,-116,6949,3759,-2273
-120,94,78,10636,4492,-5263
104,90,41,12255,3439,-7222
34,118,33,22926,20452,-10934
-39,-91,1,23434,15600,-11225
87,52,-74,-27273,11603,-15236
-83,-104,-70,-32703,3864,-16088
126,74,-119,-32703,10189,-11366
17,39,-13,-32703,-7224,-14597
55,91,69,31814,-2993,-13035
121,-76,-27,24512,4331,-10925
77,110,39,23549,14103,-8886
-65,-13,1,28145,17883,-105
-58,104,-74,18277,-7185,-5133
12,-79,8,12806,782,-2559
111,31,110,7077,12309,749
-25,-97,-111,-1436,3632,-227
-58,-115,-118,-1081,5050,465
E
-119,-117,120,-3091,-7580,-309
104,-85,21,-3222,1095,1715
119,30,-17,-7163,129,2961
127,56,-2,-8103,-1384,4198
-108,-43,-47,-22980,-4314,8329
-94,-36,-45,-26338,-2701,8394
77,53,62,28216,-5214,13296
85,125,45,-32706,-6469,13741
-103,-53,-113,-32706,19405,21126
-16,-89,-83,-32706,21,17720
-29,-44,-80,-32706,-28052,15665
-99,-105,3,-32706,-22151,2147
-7,-113,-105,-32706,30091,11698
84,59,-52,-32706,23270,16778
-88,118,100,-32706,31360,8433
-97,127,-48,-20796,-12083,2212
82,11,74,3709,16323,1808
-98,47,86,18917,5939,-3740
-74,58,86,10020,-93,-1356
106,53,-127,3232,11213,-973
78,49,18,5382,7261,-573
87,20,-2,2595,-636,-985
83,29,-68,4048,2059,-1938
110,5,-68,19635,11160,-7786
96,-128,-31,27293,8066,-7836
-26,-112,113,-27786,19191,-12308
103,99,111,-32706,23446,-12950
52,-128,83,-32706,-2570,-8474
-24,-89,110,-32706,13139,-11717
43,41,21,-32706,10115,-1436
1,-54,71,-32706,-17950,-5437
-6,40,74,29104,14400,-5753
-119,106,-46,29002,5584,-2739
66,-112,51,17837,-17425,-4022
-117,-60,102,15706,11480,-3339
-61,-51,-82,8957,11375,1261
-57,101,8,6274,-8578,-1453
-120,-30,28,4708,7333,313
-43,-123,-15,-880,1647,-466
-52,-113,-4,669,211,1154
E
-59,-97,33,-2161,-4549,2277
-45,23,65,-10240,1839,3538
8,-104,99,-15457,3616,4553
58,67,-36,-24325,-1278,6368
-126,28,72,32393,1389,6790
-96,-108,75,30930,-4686,7479
-20,-121,122,-32709,9726,7155
-20,-110,-6,-32709,-12067,5681
29,-2,-21,-32709,-14979,5854
-18,59,-19,-32709,702,6135
81,-51,16,-30171,-25926,5171
57,-109,-11,31981,-15979,8842
-45,-13,-127,-32709,22274,23033
23,42,-40,-32709,-21809,18218
-105,102,-95,-32709,-15209,13701
-90,-48,70,-24603,2414,2673
119,-35,-71,-3384,8666,-1797
-91,84,-113,16633,-22168,-3780
-6,118,-22,8884,17372,50
57,125,-54,5444,3678,-1799
35,91,-50,8173,4859,-1097
19,27,74,16569,8944,-6494
16,54,12,19139,8252,-7188
-47,74,-128,-26051,18320,-9736
71,-87,-81,-32336,9799,-12463
-91,-87,-27,-32707,13609,-13777
-31,1,105,-32707,-3404,-14425
99,-19,62,-32707,5876,-12908
80,80,-6,-32707,2201,-12243
-123,-66,100,32148,12667,-10954
94,11,-61,27465,2663,-8055
87,13,-73,24984,-4917,-11021
-28,-79,-29,13800,8665,-6130
-17,95,-117,10043,9499,-2479
51,-42,-85,-340,9520,1167
58,-34,-112,-2274,10878,958
121,-91,106,-8361,-576,3205
101,-37,106,-7891,-1028,2856
116,-15,-103,-18641,-5135,7385
126,-22,-57,-19193,-5488,8440
E
52,-89,-91,26992,-2242,12520
109,-85,-33,32278,-2253,11590
10,-43,-52,-32708,4641,11713
55,-54,-39,-32708,5595,11223
40,44,-7,-32708,19875,8329
99,-86,9,-32708,-23351,4006
-93,-85,111,-32708,4680,21646
81,105,-89,-32708,-11447,11602
-30,114,5,-32708,-8686,13795
58,-82,-21,-25406,-16784,7669
-92,-37,14,6375,7791,-2379
-49,-17,-126,12933,-5213,-3002
92,-19,17,18290,7873,-5846
127,83,-63,16364,7927,-7777
118,-26,21,23096,16891,-10345
123,-119,-23,-27205,18515,-10779
-98,104,-82,-32512,14228,-11938
-12,-48,2,-32708,24676,-13540
-77,105,119,-32708,10464,-7640
-47,116,48,-32708,-18683,-11336
51,24,-30,-32708,-7658,-13844
-100,40,-87,31994,17194,-9006
126,-77,16,24236,9876,-3964
93,75,-74,18709,-19488,-7031
-103,-24,-61,2349,9808,-2702
55,-11,-39,-5794,12170,-1639
-97,43,80,-14076,-5310,2864
83,-64,-94,-16781,-9159,6311
-97,6,16,-29014,680,13384
-53,-19,69,-28785,-1249,11566
105,3,29,30092,-14501,17387
95,120,71,-32710,-11615,16590
-45,28,-124,-32710,22982,24220
87,-11,-6,-32710,-23110,20275
15,-50,-46,-32710,-32567,-30065
-50,-22,50,-32710,-26831,19347
68,-80,-99,-32227,7904,6478
-45,-75,-10,-19441,625,8986
40,93,49,-2596,5580,-3267
60,-100,-37,10637,-3587,-1077
E
-104,120,71,10457,3342,-7727
0,-14,-79,7672,11238,-5497
35,103,-78,18290,6283,-8299
-11,-98,113,18952,8100,-9366
4,-128,-12,-26614,26679,-16321
24,-47,-73,-32198,11487,-18417
-51,-34,-128,-32708,14487,-23919
-8,-59,-45,-32708,12664,-17371
6,15,-8,-32708,7977,-11725
-13,112,-125,-32708,-6448,-14297
-48,-78,26,31038,19420,-12683
-87,2,20,22541,1391,-8693
-111,-65,-40,22615,-8928,-11949
-32,-113,42,13862,11091,-5416
-4,-75,85,3680,13138,-2333
17,-3,96,321,10512,-1530
-16,-51,63,-4668,-225,3302
-77,-12,91,-9674,-5875,5922
61,-90,-4,-19758,-5238,9868
21,-120,-86,-26376,-2415,12540
59,77,90,27855,177,14977
-96,74,-108,-32711,-7921,15186
44,-90,-51,-32711,17591,20716
-46,-1,0,-32711,3977,16429
-19,97,6,-32711,2779,30790
-76,67,52,-32711,20201,26202
-25,-26,-26,-32711,-26435,-9458
-127,40,-45,-32711,28073,5127
-119,-7,-41,-15167,10771,11473
-48,-28,-92,-12562,-23846,3569
-106,-93,-124,-4572,4753,1329
101,91,-21,8431,5696,-1224
62,-118,110,7363,2019,-3046
55,31,105,17189,8288,-5783
34,67,62,19440,7859,-7396
55,73,-2,32707,19823,-15013
101,101,-71,-30105,-26301,-13061
-50,-99,92,-32710,18482,-16410
-30,-38,-72,-32710,4921,-12232
-109,-107,-118,-32710,-4662,-11369
E
80,-95,100,-32710,-4089,-8820
-17,-105,25,-32710,-11323,-9827
-77,-109,-109,27222,9716,-11795
-57,-28,73,12425,5892,-5089
28,30,20,11878,8234,-2156
-84,-123,-115,2440,7518,-1334
117,112,116,-12600,2476,568
3,-21,-83,-14684,-9813,3606
-114,-14,24,-21581,-5698,8474
-61,-108,49,-27304,-2793,12293
35,27,-102,28631,-2738,12837
84,33,-20,-32710,5122,15004
-92,-33,62,-32710,5308,16942
-85,-70,53,-32710,21622,21412
-101,-13,26,-32710,31187,-748
-3,-7,-100,-32710,25351,7818
-91,94,-107,-32710,2690,16922
65,113,-73,-27332,21092,4917
-69,-59,51,-16688,-13617,3513
74,-18,-94,9969,20795,169
-18,103,-126,11360,15372,927
-111,-105,41,9033,1504,-3803
-83,-58,-96,6028,2396,-2368
-17,-86,-105,22446,11716,-5868
-69,-32,78,20529,5923,-7115
109,-125,-97,-27234,22766,-9704
118,106,-108,-32301,15717,-13492
82,112,95,-32708,1563,-16875
71,-60,52,-32708,9893,-12183
-115,104,112,-32708,-7704,-13691
-9,-53,-100,-32708,-11911,-13908
-69,74,33,30002,16537,-11555
123,10,-9,29082,-1683,-9895
83,-83,39,18199,-8361,-7904
-43,-45,-28,7183,19712,-3686
-48,-84,-117,3746,15075,-1739
68,101,13,-5543,-11195,-200
-13,-127,95,-5226,-5464,2144
-101,-63,-119,-11008,-49,8067
114,31,36,-13284,-674,9554
E
22,36,35,-21385,-6411,12390
17,23,105,-27519,-2708,15306
-69,91,-100,32441,10516,19638
19,122,-86,31568,3933,17726
-90,33,-38,-32712,31,18195
-24,-100,-116,-32712,25900,20785
-32,120,40,-32712,-5202,14526
99,-104,77,-32712,-15663,8490
25,-90,18,-32712,24148,11220
-108,58,113,-32712,-3447,18880
-81,-13,83,-32712,-13241,11386
90,82,-65,-13762,-20772,1534
-118,-93,-16,2788,14076,4990
98,0,-116,7400,14976,-1064
117,52,-62,5298,2171,-1436
-105,65,126,3939,439,148
-96,52,-53,9061,7844,-4051
-111,67,-65,12302,6862,-5475
58,-97,-105,28793,10371,-11529
-63,-17,126,27767,8514,-12099
-95,-95,-36,-29815,15105,-12721
125,-63,-53,-32553,6980,-9858
10,-14,96,29837,-9099,-11125
-59,17,101,27407,3096,-10784
68,58,-3,26804,-9591,-10468
-54,-13,27,20058,-10128,-13542
24,111,10,17304,-2132,-13638
-52,-88,4,13270,13995,-10707
-6,-93,-90,14937,9748,-6050
75,27,-41,18202,2553,-1363
109,-50,0,15198,-11266,-2768
100,-17,102,4618,7381,-3044
-118,48,-123,6217,8398,-2860
27,30,-46,5005,3376,-2626
3,80,-29,5762,-446,-3240
12,15,59,383,-5895,-956
10,50,53,-1179,-5225,-982
18,-69,31,-11099,4802,4044
54,24,8,-10822,5923,4394
-120,-94,53,-18917,8083,6240
E
-9,-85,59,-24945,603,8671
15,-55,5,-27345,442,8195
72,-113,-73,29232,14103,9947
-123,-85,-114,-32714,-2036,9344
-94,-96,50,-32714,-6090,9635
61,-85,35,-32714,16171,14148
-26,-100,119,-32714,24288,11729
121,-108,-109,-32714,16088,20175
31,-122,68,-32714,30729,10963
62,56,-6,-25859,28791,4669
91,-94,-18,1286,12959,-102
48,-70,31,14111,18245,2440
-109,-59,-93,16634,-3130,-5660
-92,125,-110,23316,10512,-8836
-92,68,-58,30701,16093,-10034
85,-101,2,-32736,19343,-10826
67,-84,-74,-31758,14927,-12928
127,-25,5,-32714,18305,-10106
85,52,-116,-32714,-11249,-11682
-88,30,-29,-32714,-5751,-14257
65,71,2,-32714,17898,-8562
114,31,17,-32714,-2566,-8260
88,-1,68,23211,-7556,-5870
-117,-86,-96,20089,12618,-1513
-115,-67,76,12645,6349,-347
-90,18,-3,13238,8762,2642
-120,82,13,3015,-7776,-1117
113,-63,35,-2450,8239,-622
-86,1,82,-8251,900,55
-89,99,39,-11634,95,2152
-84,-28,-65,-12137,2992,4724
-49,-24,79,-19300,3646,9242
-34,-117,75,-29785,12970,7288
47,-77,-115,29161,6531,6277
-30,41,125,-32716,-6282,7800
-35,44,-46,-32716,-12958,9193
-59,76,66,-32716,-9151,13391
4,-40,-113,-32716,14606,19495
-78,-57,25,-32716,-24645,9020
38,119,101,-32716,23652,13958
E
37,60,-50,-32716,-28649,6823
103,42,10,-9431,18717,-1969
110,113,-62,10369,9079,1496
42,110,-122,22058,9990,-410
-11,29,-74,16783,-3285,-7359
-116,-5,-51,19132,5294,-6407
39,-33,37,22983,10129,-7281
-17,49,20,-32332,28377,-10734
-44,-28,52,-30997,13416,-9833
9,27,101,-32693,2096,-10721
108,-116,-72,-32714,-2179,-11018
-42,40,2,-32714,-2132,-11476
-108,0,-115,31166,-2831,-14244
-66,95,7,28208,-19295,-16460
-97,-92,-111,25623,-22007,-13268
-106,113,-25,19080,22532,-3967
-110,107,14,17367,23075,-2483
-88,-67,112,10141,7192,-1830
122,-91,-7,6781,12407,-852
44,120,-47,-4304,2706,-2753
58,-122,-97,-8201,-2108,-1578
-115,-124,-61,-19820,-5518,4949
91,-21,-5,-20899,-4978,5884
-51,-112,105,32008,-1022,10784
-84,21,91,30795,-282,11721
-14,34,-88,-32716,-3008,12392
98,-101,64,-32716,20411,14586
42,-38,-60,-32716,-7658,8872
-18,87,121,-32716,32217,13985
-32,97,-34,-32716,-18821,23985
-3,70,-90,-32716,26574,21163
-31,92,67,-32716,-26038,3039
-71,90,95,-2078,15099,-3212
-103,99,29,19495,4028,615
-79,-65,42,27008,11225,-8821
-128,7,65,16681,6432,-8851
-126,28,39,18639,30583,-5627
-101,-98,32,25950,32465,-6053
61,-23,-121,27131,21543,-8651
87,0,-122,-29258,6105,-12366
E
-106,-29,-64,-32715,10545,-14125
-128,39,74,-32715,65,-12444
95,124,110,-32715,9085,-11437
48,-61,59,-32715,4418,-9346
125,-3,-89,-32715,2271,-8258
66,-58,84,26500,7375,-4183
-17,-23,-127,18864,15570,-2354
-57,-52,-58,4188,18409,906
67,-100,-45,2575,10795,-1598
4,6,-94,-1330,7567,805
2,24,-98,-1934,-700,-941
29,-23,-107,-13155,-12794,1495
50,105,85,-17399,-3778,6146
58,-108,7,-20120,-7095,7068
4,65,52,30868,858,9941
0,61,-128,31619,-2036,8988
-8,-124,56,32633,-7090,12082
84,73,98,-32718,14504,13485
65,101,-56,-32718,-24374,4283
-119,62,123,-32718,31698,10107
-94,69,-42,-32718,14562,16511
24,24,-10,-32718,16217,3092
-70,21,123,-32718,-14656,23976
88,74,-8,-32475,3789,3126
107,77,-90,-19057,-5388,-991
-10,92,105,-24751,-6445,-7416
45,52,38,18122,7030,-3395
125,108,-9,10028,11814,-5733
-60,1,102,26175,10729,-10444
126,41,-99,27338,13331,-8214
-111,-71,-48,-30699,27628,-8673
-5,-45,120,-32166,611,-11966
38,4,-78,26994,-15254,-14903
43,19,-128,26768,2008,-14633
106,90,-75,30564,-14745,-15068
40,-57,-44,24250,-2835,-14989
122,56,-74,20335,2134,-17758
-36,2,-82,28337,4676,-15393
74,-60,30,22036,-13625,-16488
-37,-77,-92,10089,56,-7171
E
-12,92,110,10289,10980,-7120
-111,35,-121,1212,21024,1262
30,20,112,60,10092,-153
-48,-80,-40,-5989,-1835,1576
-19,-49,-78,-10500,-7555,3977
-44,86,7,-16642,-2108,10510
-88,-37,93,-18423,2024,14191
79,119,-72,-22546,-2457,19368
-99,12,-112,-28722,2626,22066
26,-4,42,-31678,5536,18952
-20,34,46,-28518,-29132,17253
24,76,-25,30927,-29039,-32714
22,-17,-75,-32721,-2243,16990
127,25,95,-32721,-20705,22320
-53,-37,-67,-32721,6436,21066
-122,18,20,-32721,-15833,20737
-6,-33,75,-27457,-16710,5795
40,-65,12,-3543,-1088,1239
57,-36,-11,14552,2069,-2361
122,97,62,13959,-2333,-3870
-43,81,127,7098,1141,-7496
-80,53,107,12979,-7314,-10811
-107,-2,94,30175,16025,-20057
-123,-45,-52,29646,10882,-21225
-79,0,-11,-30183,10991,-26835
-51,36,27,-32719,-15730,-28526
-85,-46,77,-32719,23662,-21787
-68,3,30,-32719,-1809,-24403
2,47,-50,26326,9210,-24121
24,-35,-59,25797,9343,-24656
-61,-96,60,25272,-51,-18928
5,-20,58,23347,-1393,-15370
111,-33,-87,18604,4705,-10769
47,-102,74,-457,12904,-906
109,-121,73,2522,5829,-3667
49,50,76,-10872,4728,7229
-46,63,44,-10142,-5839,6083
-9,-35,70,-18900,-11134,16108
74,-123,76,-21797,7288,21636
-105,-49,103,-25599,4374,21220
E
32,8,101,28271,17965,23718
-82,-120,65,-32722,17312,23026
-108,115,103,-32722,774,18050
-28,-123,7,-32722,32137,18898
-24,121,-127,-32722,-16761,8794
88,-43,53,-32722,18250,17496
-89,121,-62,-32722,-19288,24760
-61,-7,114,-32722,-15676,25852
17,-72,76,-22132,-30146,2676
78,-38,36,4094,11050,34
-72,-21,71,6861,10135,-3309
69,-65,96,10913,9530,-4823
20,-19,10,7751,1686,-7299
91,-15,15,11811,1636,-9385
124,35,60,18007,14349,-14238
44,99,39,26532,18861,-20341
50,20,-5,29655,23952,-20978
-65,114,41,-30008,17080,-21997
-13,-110,-121,-32721,-1379,-19855
125,-92,77,-32721,-17652,-19216
-69,-33,-117,-32721,3295,-17522
87,26,-100,22582,-13740,-18921
-60,-98,80,23608,7669,-21707
17,78,-122,23146,4798,-23485
-13,-8,115,19765,-1016,-19637
93,9,53,6768,29366,-11646
6,-6,-93,7517,-26101,-8901
-67,-76,21,528,11755,-559
63,-53,69,-358,-1885,-1384
28,119,64,-10975,-14446,7649
-24,-124,-84,-9334,-5528,6887
71,-61,-121,-14827,17193,10260
-122,-16,29,-16258,10278,10624
94,-95,-81,-32318,-7397,11570
-98,83,-95,30722,13343,11120
64,-118,-94,32483,17365,11803
109,14,-93,-32725,-15786,11264
115,-101,31,-32725,-10369,17993
71,-85,63,-32725,31971,12501
-116,-30,-64,-32725,7369,5516
E
67,70,-87,-32725,30343,24393
-7,-58,-34,-31993,22296,3751
19,67,-105,-27243,-29152,10834
-21,28,-37,-19291,2191,9006
117,-25,-82,6364,14485,-1857
58,28,2,13736,-2854,-1044
-124,-64,-79,12314,3185,-5188
112,43,-35,14062,-1328,-8560
9,33,-5,25674,14255,-12573
-49,88,-57,29501,26750,-10437
101,25,32,-29728,12104,-12092
35,-46,-108,-32724,21287,-10784
56,27,-105,-32724,31602,-9111
26,124,60,-32724,-8039,-6467
71,31,90,-32724,-3779,-8584
120,-67,24,-32724,6575,-7512
-65,-43,-19,24404,7389,-5264
-117,84,-59,25430,-19689,-10457
17,91,34,20617,-901,-9968
-110,-28,104,20392,1481,-7651
64,-125,-57,15400,6880,-4422
-93,-81,71,11124,-30037,-6225
-50,68,-81,10167,31605,-1562
-41,-44,32,8913,-16696,1635
119,-120,-28,10135,3863,6241
-44,-36,22,1575,9147,5339
-119,50,6,-11883,7322,4495
112,-7,49,-15858,6059,5124
-57,-49,-65,-25855,-1931,6242
-38,-79,-126,-26293,-4367,5325
119,-63,101,28789,29129,3752
126,-114,98,-32728,29125,9389
-1,-13,3,-32728,12791,25547
107,-8,125,-32728,1232,21320
120,-114,-8,-32728,24530,15181
-4,-114,-110,-32728,217,31133
-17,-57,8,-32728,-21097,12871
-105,72,124,-32728,-11758,7984
123,0,-47,-17384,-9413,2168
-107,103,-8,-6114,-19071,-3371
E
-36,125,-54,13163,7773,-7484
48,80,117,13631,10453,-6663
48,112,104,19596,16621,-6797
-16,-47,-90,-24643,27257,-17593
-98,33,117,-32727,29466,-25563
-15,120,105,-32727,27656,-26221
59,-93,60,-32727,20096,-13074
-8,-74,93,-32727,-1000,-17345
-102,-87,-43,-32727,-12391,-15142
95,-32,61,-32727,7333,-7105
25,-99,123,32185,978,-9006
107,28,28,18968,15641,-8118
37,119,-90,9500,4220,-5569
124,70,87,5878,8131,-1847
-35,25,-70,-2971,5597,1821
45,122,-51,-22525,-3615,6013
-83,113,-87,32743,-14674,6314
7,-69,99,29829,-17502,10164
83,-51,-113,-32728,-25195,15540
-113,-22,95,-32728,16387,-32032
-37,40,101,-32728,-17251,27696
25,-70,-102,-32728,-25670,29978
50,-63,-77,-32728,24246,-30859
-36,15,36,-32728,-26769,18624
125,-46,-21,-26276,28198,2610
64,-56,-97,-11526,-7895,-6091
-60,-100,-48,24397,5275,-5740
12,4,0,22265,15645,-9137
28,57,99,28341,11118,-12932
31,94,-81,-28830,-27408,-19525
-118,77,105,-32727,31036,-17623
-101,-11,-125,-32727,1691,-25811
3,90,94,-32727,-21838,-18840
-70,-70,-64,-32727,9623,-12822
-56,-82,24,-32727,-17236,-9702
-123,22,-33,-32727,30088,-12972
122,-112,-24,-32727,12354,-4474
107,46,-35,25382,8038,2294
100,110,53,21428,3688,-644
-51,-78,-2,-11187,3234,450
E
-52,-6,-14,-18819,-550,-809
-93,-9,98,22652,-12952,430
127,76,80,-32727,-13388,4377
-59,42,42,-32727,-10875,16108
70,91,69,-32727,-25215,18183
47,51,-86,-32727,-32757,22806
97,-91,-21,-32727,-32456,-27110
46,53,78,-32727,-657,-32535
69,-98,-93,-32727,-13726,26301
-28,27,92,-27255,-29014,3692
-6,-101,-85,-10230,-17777,-10264
102,-100,-28,10738,4654,-5583
14,20,-63,18902,14219,-3490
-51,-37,-46,21355,9444,-15869
-81,21,64,26577,15761,-16261
93,-44,-122,-28285,25402,-21618
39,98,-43,-32727,20295,-20631
-74,5,-74,-32727,21715,-23903
-9,19,122,-32727,797,-26400
-22,-51,-126,-32727,7410,-19935
86,34,-25,-32727,-5401,-23441
-107,-24,-72,-32727,14069,-20637
3,-94,-5,32401,-8450,-14469
-88,-118,-66,20582,-8582,-11777
-10,39,111,5718,22799,-3286
-102,-60,-56,-1391,15969,3619
-11,-73,109,-18752,-20521,12300
-64,-42,-119,-21800,-8292,16429
-83,-29,119,-32735,-4449,25512
-27,-126,20,30418,-1779,-30694
60,109,115,-32727,-3323,-32463
85,-11,-58,-32727,29083,-32396
12,-103,-91,-32727,29248,-32713
-33,-10,-56,-32727,-1830,-32713
-36,-69,114,-32727,-17679,-32713
-69,45,-70,-32727,24656,-32713
79,60,123,-32727,-9153,14628
107,7,-33,-940,-14776,-7411
32,-71,9,14965,11569,-8333
45,-112,-26,18501,17660,-11754
E
-60,70,-14,-26634,-28924,-17335
-60,122,111,24014,28778,-12149
31,8,-74,30956,12569,-19258
16,49,-106,-31015,-25192,-13997
44,18,-126,-32726,-4769,-15803
-124,-126,89,-32726,-6008,-19514
-19,-118,-77,-32726,8070,-21667
108,65,-99,-32726,7230,-26807
53,-46,32,-32726,7454,-21723
-64,47,72,-32726,32742,-20604
-64,82,-38,32027,4539,-13772
-70,40,-128,9914,23375,-12565
26,104,-26,-4620,10318,-1399
79,105,126,-6062,2342,-1259
76,122,-41,-16766,-12483,6795
45,86,-114,-32388,-3350,13209
8,92,-109,29506,2097,14313
-13,-36,-62,32734,-2953,16101
-109,103,-109,-32727,-14419,23934
119,-121,55,-32727,-8523,26456
0,104,123,-32727,-11319,-29168
-29,22,-30,-32727,21846,-32525
37,94,-108,-32727,24355,-32710
51,67,-106,-32727,28686,16012
-60,-127,-25,-32727,-20503,13626
-19,-26,-33,2921,-6081,-8261
7,-62,77,18354,6848,-10450
-37,112,1,14973,12177,-5478
-14,-51,30,14915,15206,-8538
25,-67,115,23213,19370,-12592
35,-128,112,-26442,-32027,-20706
47,109,1,-32726,25790,-26895
-58,-48,-82,-32726,-5716,-25140
63,53,-90,-32726,23492,-27803
73,-69,-4,-32726,25760,-18043
-94,-112,8,-32726,-25810,-18069
-93,-108,70,-32726,-2414,-23568
-3,44,71,29480,-4730,-15387
-46,-94,-29,20192,12853,-10045
-30,53,11,-2342,11016,-5395
E
76,-67,94,888,11779,-2255
-102,-98,-112,-4413,-6841,2599
70,9,53,-18029,-12177,12251
97,-76,71,-23331,-2609,13622
19,103,-3,-31819,2772,17968
83,-34,-13,30350,-5007,21132
119,-122,-92,-32727,-12857,28141
-118,-112,-43,-32727,-13994,-32263
33,-71,86,-32727,-21055,32234
24,72,-23,-32727,-4498,-32142
-108,26,-107,-32727,-25565,-32711
58,-88,-119,-32727,-11526,15989
-50,77,-123,-22462,28688,-2183
-40,-121,-115,-6014,28807,-4175
89,-14,122,6142,-27203,7557
-97,112,74,8976,14754,-911
-94,71,62,7939,1966,-5191
-52,104,-58,8011,3855,-4103
-92,16,120,19875,21469,-8026
97,55,68,22248,19410,-7435
-41,58,4,-28554,25624,-12013
7,-60,-101,-31999,25631,-9662
-36,108,19,-32725,15523,-11741
123,-65,-47,-32725,-5266,-14968
-81,25,93,-32725,3092,-16599
-48,-115,6,-32725,-17894,-21145
-45,122,56,-32725,6877,-16634
-49,-39,-111,-32725,-4793,-16125
-74,0,-82,26271,17769,-10981
19,94,-44,22494,4188,-9623
95,86,63,7862,2481,-845
-88,-105,-100,5698,10565,-889
-125,-104,-103,-6658,-2638,6590
19,-127,90,-16369,-5494,9976
103,-66,-41,-28376,1550,11945
16,-107,-18,-30574,4159,13074
-27,34,-90,30428,-2051,15638
-83,35,89,-32727,6353,17577
-74,107,-116,-32727,-4326,17753
-56,-27,-115,-32727,-17990,-32203
E
21,-8,21,-32727,1171,-30586
-67,93,120,-32727,18246,27570
-9,-3,-73,-32727,2024,19264
49,-103,-12,-32727,-26291,18706
123,-125,-52,-12496,-10830,723
-123,-53,113,15589,13574,-3022
123,-89,-105,19281,13344,-9422
109,-26,15,16197,11121,-9135
-13,99,-53,18617,16369,-9891
-107,66,57,19256,-437,-11955
-105,8,-48,25634,2885,-15018
110,-48,41,27278,24264,-13205
-116,-24,-69,30838,13552,-15443
-52,-60,41,32298,5839,-20789
73,37,77,31675,5175,-19097
9,-47,49,32532,9543,-19525
-119,-23,57,29863,-9735,-20921
98,81,-70,30770,-1388,-18852
-35,58,51,27463,1707,-17840
49,37,-48,28329,-2062,-19460
-56,-64,72,15572,-1210,-6306
-73,68,18,17831,3488,-7370
88,-40,-76,4642,-30999,3737
-73,-54,46,1110,20246,-328
-5,-121,-32,-11414,-458,3765
-4,-105,-38,-10766,-3433,6984
28,79,-46,-22436,1704,10683
106,-13,-19,-31840,596,12945
-32,-45,43,30071,-3157,15485
42,16,-70,-32725,-5225,18524
54,-109,39,-32725,-2974,24080
86,99,-115,-32725,9436,26028
-128,42,-71,-32725,25386,15983
56,4,-30,-32725,31541,7259
69,-17,29,-32725,-25554,8184
-96,-60,-44,-32725,-5034,5301
124,13,-4,-27070,-4223,3806
-24,-18,-116,-10325,3340,-511
-21,-94,-32,-8996,13166,3913
7,73,2,8140,2331,-3059
E
1,76,-100,6248,-1135,-2015
76,30,119,16039,6124,-3302
89,52,-28,19733,9192,-6958
53,-110,-109,31841,14086,-13051
11,60,38,-29806,18410,-10739
-20,-29,121,-32724,13427,-10409
105,90,91,-32724,23761,-7423
16,-121,-54,-32724,26993,-8103
-90,-64,-120,-32724,-5956,-5818
59,-75,-45,31084,-5144,-12000
82,106,3,28762,589,-10439
7,69,91,26392,-2322,-9392
-53,92,59,25060,-3057,-9893
67,91,32,19232,-6597,-8056
38,98,77,16026,-7135,-8288
52,-1,-73,8109,-2139,-2922
71,54,-16,6554,-2801,-2286
49,-92,-87,-4118,-312,2071
54,-37,110,-3168,-2134,2765
35,90,-122,-12764,1654,10299
28,5,-116,-17566,-8070,13210
42,-92,37,-29423,1283,19286
-77,59,-27,32489,-1138,21177
-73,122,-23,31551,-7448,24556
-91,-82,69,-32728,-6752,26390
-28,71,93,-32728,751,26212
-86,106,86,-32728,24042,27636
-123,-9,-42,-32728,32186,-4485
-33,-65,43,-32728,25089,2372
-71,-66,25,-31646,-6086,14874
-93,111,58,-1810,2959,-3496
119,96,2,8268,4296,-2812
-67,-87,-99,14176,18923,-1335
122,82,-13,8115,-3702,-3916
-121,-84,115,13868,7006,-6023
-115,125,-78,26896,7870,-10550
-19,-27,103,31850,24159,-12734
-98,77,-104,-30603,21430,-10294
57,-101,-60,-32727,15250,-12738
-35,94,-117,30302,22632,-5757
E
104,-58,-104,23357,-28479,-1691
-66,12,-12,-29298,87,-1492
-75,-118,115,-32727,-18540,-10909
38,55,119,-32727,-3822,-8999
57,112,-1,-32727,-1697,-14297
123,-99,75,15248,-14,-5651
71,32,55,14399,-6730,-6852
71,7,58,-1106,11992,1088
-12,2,76,-2393,-3018,2851
-57,-12,-95,-6424,-12804,4398
-21,-16,41,-14952,2342,11166
-92,14,-68,-19468,-5420,11280
53,122,-90,-26854,-13559,14160
77,16,82,29538,4678,16208
67,5,-10,32358,8309,17064
121,-60,-84,-32729,-23131,16351
-35,-57,93,-32729,1474,19383
-96,62,-16,-32729,-14784,14380
80,-6,-78,-32729,32214,20870
-62,-33,49,-32729,-3268,24802
-74,-41,4,-32729,23492,-549
47,81,35,-29256,-19357,7800
-29,-104,-2,-21767,-26912,4986
78,-54,96,4507,16586,369
-95,63,63,-1479,6199,1425
88,0,0,13321,7511,-988
95,77,5,8134,8901,-579
-34,-40,99,11411,14404,-2957
103,21,-55,17213,16442,-4375
-113,-101,-56,22534,15128,-8656
-107,56,-105,-27267,32767,-9844
61,-12,-66,-32409,8540,-11469
-105,-77,118,-32725,2427,-15084
120,37,95,-32725,-3297,-15484
87,-118,60,-32725,-24269,-15197
19,-124,-107,-32725,1209,-22233
-39,121,-67,-32725,1285,-19377
100,-96,-43,17530,18096,-11394
-2,-72,-68,13776,13344,-12120
12,-99,-97,282,9388,-3682
E
-25,-107,42,-1892,2378,-618
-3,111,31,-8555,-3273,4836
-81,71,105,-15828,-6342,9772
47,-121,121,-17770,-4161,13109
37,-50,78,-24920,1222,19454
52,11,52,-30080,7440,19881
4,-44,-127,30128,-169,20466
-116,29,-114,-32728,15990,20969
83,-107,6,-32728,7781,15991
34,1,-2,-32728,-22030,13683
101,-125,-90,-32728,-17674,25039
46,-23,47,-32728,2558,4173
56,82,-98,-32728,-32652,10940
45,-38,-7,-32728,-15553,17215
124,91,88,-13868,-27353,-933
-58,4,-21,-6339,1120,5221
-114,47,9,11967,5024,-35
125,79,-32,12670,4246,-2213
-55,-90,0,3842,5323,375
-79,-86,-97,6324,8982,-1215
-7,-50,74,20819,16618,-8517
101,-76,-76,19621,9171,-9503
123,67,61,25207,17572,-11463
-16,-93,71,26875,17749,-9031
-51,-3,-85,-30690,27107,-9534
-50,39,-1,-32199,6556,-11385
92,66,55,-32727,11007,-12655
-75,18,-73,32324,9320,-13760
-46,64,24,31588,-3000,-18423
120,58,-54,28665,-558,-19078
-114,-98,-110,-31591,-1958,-21867
-16,-108,-38,31801,-14094,-19831
-12,-86,-24,22478,-11250,-19653
-66,-102,-46,7096,-28649,-2686
-83,-84,108,8713,32103,-2865
117,28,120,-4338,-13381,3763
-69,49,76,-6560,-6984,1871
116,-47,61,-12353,2951,5093
105,-30,2,-9621,4232,4484
-32,-11,-110,-6164,8337,4364
E
17,59,126,-8630,4266,6873
111,48,-12,-14569,-435,10223
-81,-35,73,-21052,-837,11843
20,-26,-88,-30504,-5291,15277
102,-125,-103,-32367,-9804,17154
5,-119,-27,31631,-6308,21749
-72,33,99,-32729,-2863,22957
-110,119,-36,-32729,-1483,21743
-45,35,118,-32729,29878,19424
-104,-56,61,-32729,-22850,-4829
93,50,1,-32729,20988,7842
116,117,-114,-30056,-12666,17846
-75,-21,-62,-15368,26222,4061
-6,-62,-126,-15162,-16470,4168
-51,123,-58,16783,22494,-5110
36,77,-126,15105,4972,-4927
-6,-91,70,9620,5105,-5871
-28,-46,-18,10730,10454,-6319
73,85,-111,28482,18836,-14871
-8,-40,123,25873,19557,-11785
-69,-20,44,-28703,11510,-21473
93,3,-78,-32728,6647,-22794
100,93,-90,-32728,21677,-23569
87,-52,101,-32728,-3061,-11783
41,-76,-100,-32728,10608,-14248
-50,-123,-40,30139,4476,-11688
-73,-116,30,23647,-20294,-17663
109,-127,9,15090,1466,-9403
68,-122,67,11453,14670,-8482
62,111,-19,4046,14201,-1440
-78,80,-87,1352,2950,68
-68,65,63,-8048,-10026,5197
113,-35,45,-15930,-5495,11209
-121,125,28,-22566,-73,16464
25,74,-8,-31436,-3061,17649
113,-71,-29,30096,-2987,19885
-123,117,-12,-32730,3015,22268
109,-94,64,-32730,16789,23131
18,98,-92,-32730,-17189,15944
-75,45,-95,-32730,-27506,28230
E
-112,3,79,-32730,26598,28624
-109,92,-68,-32730,11171,8563
111,127,56,-32730,-23355,20201
-31,66,40,-14218,-5832,-600
-86,-79,-128,4936,11237,3808
-118,117,32,19530,18067,-2010
68,0,-87,7658,-1631,-4201
39,68,-112,6092,3387,-2390
-93,44,74,11438,3234,-2701
116,13,123,13821,-2626,-6680
68,112,96,22312,2789,-15336
110,49,-33,26079,17024,-11924
-67,-20,19,31109,24477,-13791
66,-118,-91,-30651,1032,-18834
16,110,119,-32728,2898,-20529
-67,-107,-35,-32728,9766,-17903
-90,53,-73,-32728,1219,-16982
-13,76,29,30586,-4988,-19775
-108,36,42,27836,-4635,-18313
-24,-118,43,26262,2102,-18339
-12,-50,-27,20427,1434,-15415
45,-112,-99,18857,4982,-13437
-6,17,92,7924,7841,-7482
-92,-14,-55,6217,8594,-5770
53,-64,64,3702,10970,-2566
-106,-125,67,3131,-3408,-562
102,127,42,216,-4461,2557
9,118,0,-5900,-7054,7841
-7,-126,-65,-6385,861,7391
-98,-16,62,-16212,450,14009
107,-123,46,-21006,1777,16928
111,28,39,-28749,6272,19925
-13,-108,-78,-28899,4196,20793
-127,42,73,-31376,-13682,23398
111,-93,10,31510,9610,25488
-111,80,12,-32732,8694,23514
31,77,47,-32732,26075,24985
-37,56,8,-32732,-31742,31307
45,-100,-115,-32732,18967,-30834
-85,89,-116,-32732,-20803,31799
E
15,70,-93,-9834,-19728,-5527
84,-42,-35,-7356,-11489,3066
124,-25,10,15709,18423,-2318
93,66,35,2450,1205,-605
-46,-113,122,-1949,8857,193
-50,110,108,3583,15791,143
-125,47,-6,9090,7397,-7752
108,-70,112,15538,8178,-10930
112,-114,-64,19194,6640,-12231
5,76,-46,16947,8581,-11588
-102,-111,116,15596,12435,-13766
-119,55,-110,16025,8846,-13004
-85,-34,-61,17818,3883,-14253
123,115,79,23504,9770,-16840
-21,112,-93,24796,9668,-14757
20,-65,-27,19988,10013,-18301
44,-101,-52,25622,10669,-14983
-109,67,35,24684,-716,-13836
81,25,-66,21546,-5956,-16267
-36,-77,28,17928,8877,-12684
125,19,87,19332,20359,-6525
98,124,7,17499,-11247,-12887
-104,-70,-57,18162,14094,-9139
67,81,-118,19989,19707,-187
-65,31,-57,17534,8832,2271
108,-16,-2,-670,-18837,8145
68,-1,119,-1802,-9763,8754
-97,7,-74,-17660,15338,11064
-119,53,127,-16625,9752,10072
-43,37,25,-23541,-1516,13167
11,63,-100,-23639,-3578,15076
-8,-120,-72,32462,15499,17042
37,107,-52,32540,805,14847
10,16,122,32370,4241,16280
-25,41,101,-32732,9543,12691
-53,-49,-47,-32732,-6117,13692
83,86,-120,-32732,29362,11635
75,-111,114,-32732,4855,23937
7,100,65,-32732,-26789,23311
36,-63,60,-29178,30209,7173
E
39,122,34,-24704,-21052,6619
63,-67,-113,-497,12491,1845
39,45,-30,4099,8917,-1880
-120,51,-7,4926,5187,424
-105,92,-119,1902,6033,-1180
-88,61,-61,10047,20214,-7886
-98,88,81,22430,19598,-8711
-65,47,-45,26029,11518,-13487
48,98,68,30756,19194,-14370
-72,-91,46,-30439,25110,-11737
42,10,82,-32729,-1706,-11862
-44,-92,-120,32432,-7425,-14993
73,-62,68,24506,-14959,-18644
66,-4,105,25209,8095,-17376
74,-33,26,22497,-2621,-20251
-99,85,77,22443,-3323,-20957
121,37,42,23521,-8277,-20386
-125,27,-58,22675,7452,-15271
73,121,76,17251,11783,-7294
-82,-32,39,16253,7830,-6419
18,80,-22,11263,3594,-2616
-70,-15,-63,4575,18397,-289
-82,-9,-25,680,9789,1361
-125,-33,60,-5702,-4013,1944
57,7,14,-12268,-6954,6118
24,108,97,-14252,-1041,8081
-54,-118,-59,-19744,-4638,12987
-55,98,15,-26153,-4449,14791
111,16,-26,28045,3983,18395
-47,-60,-86,-32733,12064,20917
107,52,63,-32733,17152,21874
-20,-103,-120,-32733,15750,16904
-21,-67,95,-32733,6473,15665
-59,29,30,-32733,12823,15043
-15,-2,102,-32733,10716,9051
-109,39,90,-32733,-32653,12119
-6,-115,-125,-31867,-19357,15886
33,-13,25,-14070,7785,4532
68,29,-84,9993,124,-1878
124,-119,-56,7701,2135,-3699
E
2,-109,10,3673,10681,-760
114,123,-119,9754,14823,-3334
-50,21,-78,17517,6604,-9394
-52,78,90,19150,4105,-11879
2,120,44,26439,9645,-17226
-82,-75,12,27372,11047,-16351
-125,65,47,27212,10952,-15054
92,-112,63,28068,3921,-15460
-111,87,-21,29465,2028,-13056
-19,-36,-56,27829,-5820,-16083
-21,-128,-64,27203,11169,-16407
49,-69,-95,26190,6319,-15573
-18,19,-15,28335,2815,-14578
-94,-89,75,27322,-12306,-13440
47,74,-55,24961,-8280,-14825
82,-123,19,16349,-7732,-9194
103,-118,-82,12685,3503,-10226
20,68,90,6038,5559,-5349
-114,59,-61,4599,8933,-5235
111,36,115,-3081,2971,725
78,85,108,-6723,-978,3317
-124,-122,19,-21732,3222,15662
90,-73,-18,-22455,3123,14631
124,-3,101,26588,1513,25653
-40,77,-27,-32732,-2391,22611
-69,-7,-102,-32732,-13785,28768
-83,-70,115,-32732,-7838,29684
26,-56,-36,-32732,1225,-30620
-61,-90,83,-32732,-1132,-32706
58,-94,-33,-32732,25362,19198
27,-47,10,-26102,8339,-9999
-97,-64,-116,31731,-32653,6252
42,-17,-18,-1389,-16973,-4413
91,72,114,-181,-5600,-1068
111,-90,-117,359,10499,941
-87,120,-19,5235,5014,-1663
-14,-92,-72,15533,-2082,-6998
-47,-79,-73,11451,-6347,-7426
-31,20,-66,22690,8545,-14661
5,64,-2,21482,6040,-13720
E
111,54,118,30065,12121,-18592
53,125,76,27808,10043,-17575
12,-15,-98,31678,5639,-23058
25,66,28,31610,10506,-22343
-107,109,118,32279,8910,-22958
-12,-112,40,-32281,10101,-23391
-20,23,-42,31772,629,-22858
111,-28,-98,31475,-8008,-23256
21,-38,82,27955,-5206,-19452
-10,-110,-7,25215,7633,-16078
65,106,-20,8972,16982,-5422
19,84,-65,1275,585,-4959
25,-57,-53,1510,16031,1581
36,123,-90,-13146,-12903,14114
27,97,-82,-17382,-8505,13775
96,70,26,32040,15101,23659
83,42,-114,29969,11655,24550
56,6,-46,-32731,-2431,22339
75,63,-124,-32731,-8813,23985
-122,32,-124,-32731,-5883,28506
11,-6,-126,-32731,26299,32317
36,61,-107,-32731,25038,21985
-54,47,43,-32731,1240,12736
113,-77,-27,-32731,16580,4564
69,-90,-121,-30317,-2186,8803
-65,-69,-30,5681,-18410,-2998
-94,-39,11,8946,1032,-3123
-22,-62,-59,15550,11764,-2228
-115,46,-122,19578,-4476,-7409
25,-127,-16,16556,-7305,-10284
-60,-8,11,27111,18330,-11288
-116,-88,99,26777,21645,-12049
-2,-4,97,-31156,-5981,-15359
-84,76,-103,-32074,-5903,-15029
-62,75,0,-32729,-361,-11992
-53,-45,51,25149,-200,-17729
123,45,-26,27245,3212,-18332
-32,-112,-65,25849,2174,-19125
-71,47,39,20186,-3501,-20532
-100,-102,-104,20948,8716,-18248
E
-13,-123,-65,14579,2607,-13020
-47,40,-117,6038,13235,-11128
39,-38,84,3840,29554,-6475
15,-115,120,5445,23913,-5360
35,16,-103,3423,-16579,-2661
120,1,-101,1741,-12829,-16
13,11,87,-6363,6904,3317
8,18,63,-6444,5159,3699
13,24,46,-10381,9991,5936
4,29,-107,-12005,4105,7804
62,61,28,-19252,-3146,12122
-67,9,-81,-26596,-3158,14111
-35,64,-108,-32651,-983,15979
74,115,-14,31192,-2451,18928
89,-87,103,-32732,-2102,17872
28,-59,95,-32732,7798,18236
102,67,27,-32732,24771,15788
11,-75,116,-32732,29564,3761
3,-37,-49,-32732,28643,-10700
31,-75,91,-32732,24574,3814
-66,-85,-41,-28250,-32552,12193
-33,-91,80,-5328,-8988,722
-4,-97,-50,-2399,-692,-2702
-116,123,21,8150,7006,3315
-60,36,-43,6839,-2175,525
-102,-36,120,25,-2510,208
-46,-41,-123,1211,6587,2631
-40,-71,-87,4263,2475,921
-37,-104,-68,6371,2341,734
-6,72,-14,7786,5063,1277
-2,64,-9,8578,5491,1286
33,-71,-97,12334,6147,450
34,-65,31,11440,6171,822
45,-59,-100,11929,7494,1416
49,-13,-94,12818,4721,3695
5,51,-3,12296,4278,6382
-55,-92,77,10722,3783,8075
-114,-6,106,8806,5291,8673
63,-87,53,4936,3748,10382
60,-54,-33,4778,6246,10719
E
36,-31,-64,3440,-1474,7395
108,-3,-85,-3716,-3876,6709
-43,-25,-128,-2062,10397,4675
-112,-31,-33,7283,8268,3917
-120,53,-37,7303,-2192,3713
-1,-80,76,11578,7607,3505
10,-93,27,11639,10212,7085
122,-43,-116,10147,-13365,5850
-92,106,69,7448,-4852,5248
-102,66,-12,7907,-1521,5205
-111,-58,-56,6667,1673,5714
-103,-75,-35,6960,-788,4360
-101,-82,-15,3151,-1314,6600
-88,-10,-14,1065,-1579,6531
-37,-128,-41,892,5374,5643
-43,-101,-45,990,4025,7125
-85,-112,-26,-8583,-5137,2799
117,-35,-90,-3926,8732,5365
-88,57,-44,-9710,33,2874
-114,-116,68,-10436,-6104,2248
-106,59,89,-10404,11395,3843
8,103,-84,-7989,11101,4707
106,114,93,-6848,6102,2921
76,95,101,-6504,1417,2665
-127,27,6,-4347,-2546,1776
-123,31,-44,-4846,-37,2127
-73,-29,-5,-3101,-2712,878
-73,-38,-3,-1193,-1438,-943
-64,-23,-26,-439,-2970,-1532
-63,-3,-43,1144,-3773,-1500
-62,27,-74,1900,-3980,-1442
-62,78,98,-36,-1709,490
-65,74,108,-407,-557,542
-76,81,110,955,-132,748
-75,62,-105,2284,-1423,440
-43,46,-101,2922,-970,2041
-45,54,-110,684,-2248,2250
-48,28,127,-1012,-2507,1914
-57,34,122,-1170,-1534,1830
-53,39,79,-3506,3303,125
E
-31,47,109,-3165,2034,716
-11,47,-98,-2359,2065,2136
13,2,-25,-2002,-1420,2067
16,3,-50,-2541,-152,2484
70,-54,-58,-4031,3681,4190
58,-57,-51,-3725,4434,4030
43,103,8,-2301,7914,2712
28,99,25,-1112,3632,2326
-64,-2,-73,648,-2320,1679
-26,15,125,102,-22,1952
-17,-9,-123,406,39,2337
-25,-45,-103,-389,-2939,1451
