0,37,37,97,115,-112,-66,-68,-54,-52,-14,-16,17,17,46,44,88,88,116,-128,-109,-70,-68,-21,-3,32,62,107,103,-65,-67,5,46,-100,-51,68,68,-116,45,-50
4,-5,-55,-12,100,37,19,0,-16,-28,-22,-6,-6,13,13,32,39,43,49,56,59,63,64,63,62,61,55,54,37,29,24,16,15,14,17,24,49,60,-116,-2
80,-78,-87,15,14,81,19,23,105,-74,-1,89,14,-37,71,-62,20,72,77,-114,-101,-109,62,-39,89,-14,9,52,-37,116,26,52,81,38,-14,-17,33,39,119,-48
-116,-121,107,-55,60,39,8,-11,114,115,125,-83,-19,32,-68,106,82,-11,-108,14,-5,62,41,29,38,96,99,-81,-51,-17,-4,15,53,-103,49,-120,108,-51,125,85
-35,-82,46,-59,-40,110,-27,-55,125,12,74,82,89,71,60,72,111,122,-106,-90,75,-70,87,-70,-14,-33,24,104,97,112,-104,-115,-54,-37,63,75,-56,-117,-4,109
116,57,82,87,-98,-48,82,-89,50,80,-51,-80,21,14,12,22,108,109,-90,104,4,32,-110,-68,45,34,32,33,59,18,-14,-44,68,-36,23,-47,-117,-1,-126,-63
77,-38,19,-78,-34,65,43,113,87,73,110,48,120,-70,-87,40,99,5,66,-10,-88,-119,-64,100,-67,22,96,95,59,73,-20,-60,47,25,20,-83,-108,8,-34,23
-21,15,30,80,50,-6,61,-125,-95,-104,120,29,-11,3,-123,99,-111,118,15,-72,102,109,-118,6,-21,-112,-118,62,3,-89,108,104,86,48,19,73,-125,-97,-44,-36
-44,-119,38,-94,57,-81,-7,79,21,98,40,51,-76,-57,-47,81,-41,-82,32,-77,127,60,22,-83,-91,-125,53,38,116,80,-23,90,59,-77,-66,45,43,7,9,-116
44,50,6,71,43,-95,18,0,56,64,21,44,95,-74,44,95,-15,10,0,-12,-25,3,53,-108,-23,-10,78,14,-54,-47,105,-27,1,-96,-3,127,73,74,-90,-6
73,-119,106,-57,-22,23,-60,43,94,-118,78,41,-54,103,-122,-11,61,-12,-59,-8,-108,-77,-59,-84,-17,1,-62,-72,-68,-78,-62,-112,-17,82,40,28,119,-92,-47,90
-3,-57,-85,83,82,40,-70,8,-107,113,120,-91,-83,-49,-93,51,-73,0,-26,-28,118,61,-12,17,-108,-43,-38,-78,105,-57,-123,90,58,-111,9,-97,-70,-119,-25,-17
12,91,124,-106,96,77,-78,-116,77,61,35,3,-56,-80,-90,-82,-71,-35,-17,-39,-115,-127,-2,-63,10,116,-61,9,-125,20,62,61,-34,103,23,-18,95,83,-102,-56
62,23,-71,-61,14,22,72,60,77,79,101,109,104,118,-127,125,-98,-90,86,51,-109,-86,74,-75,58,-45,110,75,-22,-3,56,68,127,-69,45,20,100,-39,-49,92
-85,-80,-120,-97,-35,-12,53,-116,-24,-30,-122,20,-72,52,-16,83,-124,50,27,89,-107,-73,-10,-88,70,-58,-75,-59,22,-78,-46,5,20,-36,-13,-105,-33,-37,70,68
42,-45,26,46,-92,-50,-70,107,-24,34,-21,-81,52,-69,56,-9,49,116,110,95,-30,52,-105,92,-10,-36,8,-35,-119,-24,-115,112,-6,-79,114,-106,-32,86,83,81
89,-45,46,-97,19,-29,119,-120,94,115,-111,99,-60,-8,6,17,-97,89,-116,-1,77,-104,-101,-75,93,-14,30,75,78,127,-63,-91,36,90,-123,58,63,122,-14,94
-80,61,-42,-70,-60,-76,-8,-68,-41,-15,27,-122,-117,-37,-42,99,20,-76,121,88,-96,48,107,-112,28,30,-115,80,-81,-9,-44,-98,-63,-50,-80,123,-12,36,100,74
27,-125,104,102,-117,-25,-43,22,54,11,-62,-109,104,43,-84,-57,-61,68,58,-73,28,-77,-114,126,2,-116,122,10,-91,113,105,3,-73,-99,111,39,-83,12,57,-118
-76,44,-114,6,54,-88,62,69,38,-114,29,-126,-109,-98,100,-48,-28,-58,74,95,-90,-101,-81,-59,68,-51,90,-119,-1,-32,-37,-77,-64,118,71,57,17,47,-106,-72
-21,6,11,-33,-51,-14,102,94,-25,-107,-15,127,-20,-1,-83,65,16,-88,-33,-78,-47,-128,-40,-66,-87,86,-101,27,89,-2,27,-28,-66,-42,1,18,85,-17,42,-47
-80,-29,22,19,17,52,-27,55,-19,-34,33,54,-108,-64,-25,-118,-44,-16,-67,-100,21,123,-55,-19,-107,67,120,-85,66,-30,25,-26,-111,81,-15,42,22,-23,-112,53
70,-23,-94,-10,-128,8,-114,-100,42,-102,-1,-97,76,79,-29,122,-116,-20,56,-81,94,-79,-49,-25,49,-111,26,-5,30,-113,-64,-63,-44,-73,19,116,-7,-115,-117,3
44,59,42,26,115,70,-53,-108,-22,-112,-102,93,122,102,124,-64,-75,24,-11,-4,87,-9,-31,0,104,20,2,41,-76,-99,87,-19,102,115,16,105,-57,43,27,-62
-76,45,-120,-80,112,-34,-14,-72,100,-24,127,-126,-49,111,-68,-64,-118,113,79,-86,-11,30,2,-115,-94,-39,115,109,-28,-35,-70,-27,26,-119,-19,113,58,33,-77,-109
-66,46,27,62,54,-46,107,16,-28,28,-64,72,-44,-18,-56,-28,83,-43,-105,79,118,-19,3,32,44,-49,-89,31,1,-8,-44,-44,-34,-9,-114,44,8,46,-7,32
-57,89,-59,13,-34,89,-15,-56,82,3,-19,61,-85,92,69,-124,84,69,68,53,-127,-17,37,22,19,40,-26,-60,37,-105,120,-80,59,-73,63,10,-87,-115,51,16
115,56,-120,-46,-101,89,-60,23,68,3,101,-120,26,35,101,-51,-34,-119,-113,94,-126,-119,95,-69,24,70,-106,16,60,31,16,16,4,48,73,75,-3,-100,34,85
-41,-36,36,-56,-114,-71,120,-18,-104,-95,19,75,11,88,-101,35,-44,80,59,34,1,3,-100,-68,-3,-114,-101,-74,-31,95,16,-18,48,124,62,-92,34,-97,-2,24
-99,-87,-110,30,113,63,-17,-34,61,-45,-21,102,34,68,-1,-123,-74,-41,127,-91,-51,67,-76,-83,84,30,121,-120,-48,-106,-62,-24,-18,15,-56,68,93,62,14,-2
-91,-14,-96,-63,-10,-115,122,23,50,97,23,-38,3,0,-63,99,3,-28,-36,11,74,7,93,-119,87,96,-54,-41,29,120,53,-29,68,-65,-95,1,-89,-79,-60,39
-78,117,125,31,105,77,84,119,-122,-52,-67,36,-100,-122,124,-15,-109,65,106,-93,-101,23,-27,-110,57,55,75,122,-44,-37,93,83,121,95,69,64,117,97,46,55
-35,96,-50,-52,-22,-20,22,68,-43,-92,-83,-21,44,19,-95,19,-120,83,-19,-48,-27,-67,-85,74,25,-100,48,-75,-90,-66,-20,118,28,64,14,77,-34,110,56,125
64,-48,-81,-6,17,122,-41,-78,-105,-87,-117,125,54,109,-90,113,-68,122,14,-30,-38,116,-80,-98,16,63,-101,-123,-37,-86,15,-42,93,28,47,25,-111,-11,96,-116
96,39,-37,41,84,-44,62,95,-31,-12,-83,-49,34,-23,47,32,103,-106,-64,-92,-126,90,-78,-21,54,119,55,27,-70,-61,-46,-42,-7,41,18,12,-10,-12,23,-67
-64,1,-120,-8,-15,-33,-90,4,113,1,49,59,29,104,78,126,-70,-111,103,51,57,24,5,-48,-20,-67,-120,18,72,122,-79,-87,67,51,-113,-33,-22,-6,-12,-108
98,119,83,-118,46,-84,16,101,-123,100,110,-27,10,-109,-51,58,-35,-33,-20,-5,-116,-120,-52,20,121,-48,-73,125,62,82,112,-18,-75,-94,76,-2,-39,-14,91,-124
-127,107,119,-35,59,81,119,42,-35,-21,106,72,125,67,-9,113,65,5,14,-75,-5,-34,71,73,13,30,28,-20,51,66,101,-70,-66,-63,-114,-24,71,127,127,-26
73,58,-118,70,27,-85,-63,42,-112,-55,-82,-102,126,1,-97,-102,-62,58,46,15,123,20,-124,-23,-72,119,45,14,3,-24,55,21,-55,-105,25,-51,-112,-102,-61,111
-125,-103,99,25,-118,-71,-6,-61,100,41,81,-61,30,-5,3,-13,120,47,79,75,-23,69,-18,-97,-118,115,34,-81,-47,-18,106,-80,-110,-95,-119,35,50,93,122,-35
105,76,40,-13,-69,17,-35,-45,-69,40,-37,119,7,-124,24,3,-11,19,-87,115,-56,95,-113,71,-123,-106,-44,-62,-51,-43,73,57,-46,-27,-40,73,49,-127,-7,63
-40,48,39,-114,-87,-115,26,111,-16,-98,-73,-19,-9,-81,-72,-106,-90,-70,-88,-20,-26,19,-26,-20,-17,8,-84,-115,4,36,104,-15,-126,-50,40,-84,-114,-46,-49,18
-30,18,-123,73,72,-6,65,42,-38,87,-104,-44,102,111,117,7,25,-95,-9,105,-13,-18,52,44,-30,-82,88,114,38,-67,-114,11,27,-23,-50,4,-74,1,-47,-6
-24,-13,27,-123,-120,-70,-8,-98,126,-80,36,-73,77,-60,-31,94,-104,107,-49,-9,-80,78,101,71,-23,-14,27,16,31,28,37,68,-126,-21,-60,-95,-36,-68,-81,-64
-4,-10,-75,21,-87,22,5,9,101,-81,53,-113,-59,16,120,90,-61,120,91,19,-38,88,-88,62,-36,-128,-57,-93,-31,120,-93,117,13,-94,0,27,-9,88,-127,-115
-5,10,-62,28,-110,73,98,108,38,-30,48,70,-94,-40,-41,-113,-53,117,84,50,37,-18,-7,-121,-69,61,123,-118,-93,59,78,78,88,-84,-52,65,-119,73,-80,-45
-13,97,-15,39,-118,-67,28,-104,75,54,-27,-115,-30,-8,-58,113,-80,-55,77,29,-111,13,-43,83,85,-54,45,10,69,-106,-35,-100,42,39,-48,-107,31,124,-1,102
-108,-36,-91,-15,37,-109,-81,23,71,-4,41,69,88,29,115,48,91,-112,86,-32,98,61,84,6,10,-16,-117,108,48,-38,-40,-21,42,77,-114,114,84,79,-59,106
-28,-27,-14,6,51,107,-21,-86,11,99,91,76,103,115,27,-125,-43,-22,-4,23,-35,19,84,-2,-75,-76,-96,-102,-9,47,19,55,7,110,-86,-29,108,-61,29,-128
-110,-8,-111,44,72,-88,39,-75,103,61,94,81,-69,-52,64,-105,41,-51,107,-16,38,50,-76,-62,40,-50,-8,37,-119,-71,40,-99,-72,3,-14,-23,-75,72,-57,3
-24,73,7,31,-89,90,17,115,-122,-96,-29,-62,-10,2,7,-95,112,-122,-35,68,-116,74,-14,61,47,-42,-74,-83,-46,-100,106,64,-110,68,48,-79,-51,50,15,114
-87,-60,98,27,-107,51,-11,-73,-49,31,-97,-112,-124,-67,-113,56,46,36,60,91,38,75,120,18,57,59,-64,45,-96,-72,25,-124,-37,-62,52,15,-38,65,-49,-22
116,-106,56,112,-35,-12,-39,85,87,-46,-101,-40,-124,-99,-121,-48,122,40,12,-22,-17,60,61,41,40,-36,-94,-21,-25,-26,92,-26,127,-4,-41,126,-70,-53,-97,-99
-9,-6,70,-63,56,-48,117,34,16,97,86,-108,-126,-76,122,92,48,36,-18,24,-55,-48,125,-100,71,64,-85,124,120,-96,-45,11,-128,-97,65,-10,-71,-68,16,126
122,-69,-75,-49,-80,-77,32,16,31,-124,-24,-125,-77,-107,107,-90,100,-58,-20,-6,-70,-34,-66,-88,-18,40,-55,-26,9,117,-73,-69,-78,3,-83,-82,96,53,77,101
-21,28,-21,-61,44,-5,104,97,23,48,-41,-29,123,-65,78,-70,59,102,107,-95,48,79,-110,-61,80,127,-88,-100,-72,124,92,79,42,108,75,-27,75,6,-4,-15
-43,45,-64,-42,103,-128,100,39,-111,-31,-25,-90,115,61,0,23,54,70,-109,21,-49,80,60,-80,-38,126,-120,-66,74,35,-36,92,-124,105,-122,2,-82,106,-77,36
115,78,2,34,99,-28,40,-113,-43,-39,49,109,122,123,-80,-8,-90,33,-3,-9,-63,-111,85,99,-54,-114,-110,113,99,52,-50,38,-6,102,-70,25,0,-58,-25,-59
-26,43,77,-38,63,-30,23,-60,-47,-11,44,-113,-98,1,-99,-95,-122,-31,57,-72,119,-18,-41,31,5,-92,126,113,-81,13,-87,-86,28,55,-76,-56,-30,50,11,48
-71,-94,91,112,-20,-127,-91,-54,-64,-85,64,-125,-107,88,-128,19,13,94,125,-1,67,-16,-44,35,-112,-37,-23,50,105,-19,-73,-91,113,120,42,18,-5,-23,-126,80
78,31,40,38,58,48,48,72,126,-30,118,-96,114,-33,-95,110,-49,-82,-106,-120,-94,36,-75,-35,-79,69,-57,10,92,-78,-9,12,-5,37,76,39,95,-110,-81,16
-123,12,-89,-87,87,75,-6,4,-62,98,75,-31,1,66,35,53,18,-35,59,100,-127,89,91,97,-124,-58,-61,43,65,-3,-82,-95,83,-24,1,121,73,-16,7,126
-91,-5,-31,-117,-74,70,7,-14,41,-116,-72,43,-117,-2,-60,-86,-77,75,90,-44,-66,-64,-103,99,4,37,45,90,-65,83,-3,43,115,-92,114,-19,28,86,88,100
23,-58,37,-128,91,35,-28,42,68,-107,-105,2,4,-46,-81,-24,-64,47,82,126,92,-5,-46,48,-15,105,-46,116,84,-99,121,67,-73,98,-101,-77,35,11,-36,29
117,-15,-104,40,48,-70,116,-93,-123,9,-123,-67,-58,-24,10,104,19,-70,91,34,92,56,-104,54,64,-84,21,3,126,59,69,65,55,36,40,-127,81,-10,100,-9
125,76,-34,-41,97,-112,-48,-94,-107,-125,72,116,-57,-51,-81,-15,127,84,-50,-59,83,85,-1,103,92,51,120,98,-25,-38,63,96,-55,-1,-54,78,-13,50,84,-38
-30,-127,89,56,-58,79,55,85,92,53,12,-70,93,55,-24,-58,50,90,115,-45,-111,-20,63,-23,53,-95,119,60,89,-96,22,38,-51,0,126,-45,27,89,-70,-94
-59,-41,30,45,-93,-97,110,-125,-86,53,-116,-78,-113,76,-46,-91,-30,96,-32,50,-105,121,-79,121,-16,-39,113,96,121,-105,-61,-71,-92,72,115,-32,-49,92,-89,-59
81,-11,-79,-81,-105,61,17,73,-12,32,106,-119,-16,-113,-76,-31,35,75,-28,-45,36,-40,-128,-61,93,9,54,-71,-105,-6,-26,-37,42,-104,-28,-125,-102,-67,-34,-66
-49,48,65,44,-55,-67,66,90,20,77,27,-97,-95,-111,-41,-30,3,-62,94,59,7,-67,-63,68,-88,-14,-68,-9,-36,76,92,-119,9,124,-5,-96,4,-73,13,-74
-107,-108,80,15,28,24,39,31,125,109,-15,-22,-98,-123,111,-100,32,-87,-97,3,-7,-30,-119,32,-1,-98,2,102,-20,-102,-67,-85,59,-114,-65,-15,-67,62,-123,64
60,35,-64,88,73,-51,6,106,28,46,-28,-109,-67,34,-81,-60,53,72,14,-7,-113,112,35,-50,127,99,-59,15,-112,29,-58,121,-106,-32,-114,5,71,86,72,25
34,40,48,55,93,114,-53,70,101,-24,29,-80,-95,-93,77,-112,52,-40,92,-78,110,2,-47,89,31,-119,86,9,-119,-84,-64,-23,77,126,-121,-39,-30,49,-106,48
-110,-72,124,-37,-89,61,100,94,37,80,-105,-73,70,-103,18,41,95,-33,72,20,-4,-40,-5,79,76,81,-39,4,111,120,102,81,-64,30,-112,-96,-96,-75,-16,103
-63,31,-20,42,-118,69,96,104,73,58,59,57,80,-55,110,-102,-30,-81,-59,25,24,43,-59,-63,89,95,-10,-88,103,-66,14,-78,35,-75,-103,-60,113,-13,-80,102
107,76,83,103,110,-97,-115,2,7,-16,75,75,46,22,1,-75,-31,-93,119,-74,112,120,13,-18,-4,-121,82,112,-12,-71,-121,-73,-49,65,59,105,84,54,54,120
