0,0,0,0,0,0
-31,-23,37,1586,-1823,-70
-31,-23,37,1586,-1823,-70
-43,-34,97,2060,-1040,-202
-50,-44,115,1089,-2558,67
-61,-44,-112,1303,-2051,15
-98,-60,-66,1115,-1830,-240
-113,-72,-68,1305,-1895,-149
105,-91,-54,1850,-2587,-394
106,-96,-52,1526,-2909,6
47,126,-14,1317,-2880,96
53,-122,-16,1398,-2754,-2
13,111,17,1142,-3280,-57
11,114,17,1205,-3086,90
-31,107,46,696,-2717,518
-30,109,44,988,-2567,323
-83,101,88,1026,-3019,195
-75,101,88,1413,-2734,108
-100,93,116,1282,-2057,-331
-108,84,-128,1172,-3028,2
-126,79,-109,954,-2783,57
103,73,-70,1511,-3027,117
106,73,-68,1466,-2520,-39
89,61,-21,1375,-3960,-222
80,56,-3,1315,-3744,-163
76,54,32,1149,-3525,45
71,52,62,1867,-3064,-270
76,42,107,2809,-2116,-1238
77,36,103,2534,-2725,-1061
82,4,-65,2679,-2711,-1041
85,12,-67,3084,-2131,-1372
103,-4,5,5928,-2539,-3145
112,-21,46,4968,-4592,-4564
-75,-55,-100,3638,-6853,-3253
-31,-44,-51,5259,-7545,-3240
91,-7,68,9737,-9085,-5383
112,10,68,10438,-11369,-6804
-31,-22,-116,6030,-14350,-5015
48,23,45,5168,-13484,-544
-82,62,-50,4759,-11901,1144
E
71,107,4,6407,-9434,-482
41,104,-5,6285,-9143,-1480
58,-92,-55,5769,-6328,-2768
29,-106,-12,5781,-6713,-2384
-49,-113,100,4846,-4486,-1830
-128,112,37,4160,-5094,-1612
90,91,19,4189,-4821,-1228
40,58,0,4854,-5070,-818
-7,14,-16,4634,-4639,-351
-86,-53,-28,3692,-4155,26
-84,-50,-22,3399,-3885,198
71,124,-6,2308,-2781,310
84,-120,-6,2351,-2942,406
27,101,13,1430,-2796,362
27,103,13,1591,-2632,377
-23,78,32,1229,-1821,312
-34,74,39,1001,-1318,297
-45,69,43,692,-698,552
-58,64,49,929,-645,285
-64,60,56,853,75,465
-62,56,59,1038,371,414
-59,54,63,494,591,601
-58,57,64,430,234,674
-60,60,63,534,-278,407
-63,58,62,502,-73,223
-62,61,61,205,335,267
-55,71,55,-367,1283,161
-53,73,54,-152,1246,115
-36,87,37,-553,1596,172
-28,95,29,-408,1558,209
-15,101,24,-251,1019,333
-9,103,16,503,311,237
-6,100,15,564,-172,184
-6,99,14,1006,-829,3
-12,93,17,990,-1336,-345
-20,78,24,2343,-3020,-784
-71,11,49,3414,-6788,-868
-80,11,60,2724,-5726,-754
121,-68,-116,5222,-5775,-1597
108,70,-2,10228,-5671,-3687
E
118,45,80,10320,-4954,-4425
-116,20,-78,11127,-13394,-6564
41,-127,-87,4061,-3740,-13693
-113,127,15,3073,-12097,-19496
9,-54,14,17310,277,-27712
70,85,81,13756,-7059,-20213
-12,-117,19,7085,-2033,-21309
-11,-11,23,-30981,17778,-3834
-46,28,105,11764,-21596,102
-9,122,-74,10559,-11217,15625
-13,-94,-1,139,-1674,6855
126,-46,89,71,-10157,1433
-67,-75,14,-1965,-2389,-11300
93,76,-37,-2720,-1831,-19169
36,-92,71,7761,-19811,-22460
-110,95,-62,-1250,-19442,-21571
123,-97,20,-10385,-16145,-25613
12,8,72,-17780,-13761,-26932
68,-80,77,-31737,-12802,-23555
47,-70,-114,-32495,10209,-24852
-44,-25,-101,31786,-4230,28765
113,79,-109,-28146,-18578,-32744
125,118,62,31460,12648,-29822
-79,-41,-39,-32594,-5106,-28528
-74,-125,89,-31310,-14891,-18605
50,-82,-14,-21329,-15694,-20049
-49,-58,9,-17249,-16797,-5772
-126,34,52,-10974,360,-5441
-111,116,-37,-13520,-1568,-4261
38,-32,116,-5857,-14031,-3044
-124,-18,26,-4968,1479,7336
124,25,52,953,3724,210
91,29,81,956,-2679,782
10,96,38,-1533,-5432,8263
24,-116,-14,235,6114,4297
48,-106,-17,2439,7812,2331
-55,65,33,556,-433,4705
-91,59,39,2318,-2106,4933
79,-59,119,11228,5232,4790
83,109,-48,12093,9432,10415
E
115,-17,-116,16503,18175,17583
-92,70,-121,21098,16649,21227
5,-70,107,23769,29078,28073
-60,100,-55,21899,25768,-30973
-75,126,60,24274,1815,-32039
-117,-101,39,23376,-9108,-32740
99,25,8,24497,-2896,-32740
-36,50,-11,7283,-25048,-32740
-47,-113,114,-8466,19838,-32740
118,-54,115,15870,19960,-32740
15,35,125,-19955,15605,-32740
77,41,-83,-1442,-9694,-32740
104,-110,-19,910,28967,-32740
117,74,32,1933,-20057,-32740
-114,37,-68,6118,-19801,-32740
-36,48,106,16043,26429,-32740
60,-38,82,25413,32607,-11660
111,45,-11,-1492,-2258,-25867
37,51,-108,-10923,28208,30400
-81,76,14,-16736,2582,-12707
110,122,-5,-1989,2965,-15375
-68,51,62,743,-5204,5261
-33,0,41,460,-3201,2726
1,-58,29,1429,2730,9232
26,-70,38,-995,3149,5777
-95,-114,96,214,4686,-1052
-109,-105,99,275,4429,-276
-23,-97,-81,-1434,5121,-2214
-19,-68,-51,-2519,4134,-1197
10,-18,-17,-1998,2984,-1187
19,-2,-4,-624,1669,-3176
52,32,15,4213,521,-15141
-62,-53,53,6919,11258,-16512
61,32,-103,9704,16799,-18676
-54,-59,49,27989,-287,29322
83,-114,-120,25010,3966,-30482
-18,109,108,10362,23621,31572
-65,8,-51,-777,29429,-32741
79,111,125,-16453,32607,-32741
-77,-26,85,-30083,32607,-32741
E
11,-112,-35,28257,-23189,-32741
-56,-101,-82,-32593,-30535,-32741
-46,28,46,-32593,-14804,-31656
81,91,-59,-32593,-21081,-25362
-77,-35,-40,-32593,-25467,-13201
17,-46,110,-32593,-4183,-8869
79,-32,-27,-26222,-12976,-5444
6,95,-55,-11919,-11278,-7854
-23,36,125,-11621,-6225,-7697
104,-23,12,-6554,-2129,-2172
12,-10,74,405,-1785,-2334
-21,19,82,-132,-4454,-2974
-119,-80,89,-806,1592,4330
-108,-73,71,51,-1355,2372
103,66,60,2491,-2809,366
123,43,72,2118,56,1954
126,73,111,2754,5115,4800
100,59,122,3892,4683,5857
60,17,-106,7006,12121,7592
-24,-97,-90,7708,22564,13144
-95,-114,75,12494,18335,23434
9,-74,-70,18979,9784,28686
63,6,87,20363,12697,32097
-112,66,-70,24952,7923,-31296
98,-11,-14,26169,8266,-32737
-79,-117,-33,23636,4630,-32737
-55,-26,24,27021,-25353,-32737
-24,64,104,29218,-15511,-32737
70,7,97,-4248,23403,-32737
-15,40,112,5470,1490,-32737
-20,-78,-104,1138,-14667,-32737
-37,-81,-115,9255,-19903,-32737
77,19,-54,14070,-15884,-32737
104,31,-37,11200,-14713,-32737
-54,81,63,-114,23703,-32737
-105,-77,75,30489,32607,-32737
108,102,-56,28744,32607,-26577
-29,-124,-117,-29362,-16829,-23056
-20,47,-4,-12719,-27374,-19034
-92,11,109,-23432,32607,-8238
E
-34,83,116,2504,19843,-13700
10,-18,57,-418,-1433,-7508
115,-48,82,5577,-19574,3085
-98,29,87,6817,-20991,7598
-97,115,-98,7440,-20595,7825
56,77,-48,7245,-12622,3894
-105,88,82,-4301,-1919,-5655
-8,-25,-89,-3850,14685,-23275
-111,45,50,-3793,15256,-27532
-114,-50,80,17163,-27694,29023
-103,21,-51,8071,-30544,32564
98,-113,-80,2986,-15985,-32736
-119,-26,21,32620,-2291,-32736
-16,3,14,-10921,20077,-32736
28,101,12,23676,-21106,-32736
-80,122,22,-32590,-6228,-32736
-47,0,108,-32590,-12007,-32736
3,-26,109,-32590,-3507,-32736
-56,-18,-90,-32590,-11148,-30439
126,7,104,-32590,-14527,-21132
127,-39,4,-30425,-23008,-14900
45,93,32,-14936,-18463,-11559
65,-6,-110,-15161,-11007,-11081
-112,4,-68,-15909,-14339,-4132
75,-35,45,-879,-10323,-8639
10,77,34,-3845,-3479,-393
-40,-110,32,-3020,1374,4670
-74,-12,33,4575,-3019,-2453
-41,39,59,5672,-1023,-1576
111,86,18,6002,-6496,56
102,52,-14,5613,-2915,587
102,-65,-44,6686,7381,6010
124,40,68,12178,9634,7537
86,108,-36,18752,13519,9042
104,-12,23,20559,9541,14651
-96,123,-47,21808,7301,20321
-118,62,-117,17933,15539,21460
-45,43,-1,24347,21492,30377
-109,-19,-126,-31151,9940,-29825
-89,-124,-63,31222,11705,-32732
E
110,-106,77,22161,1026,-32732
59,-68,-38,13515,6682,-32732
33,-83,19,14622,5071,-32732
-115,-110,-78,13925,-6566,-32732
24,-103,-34,-4934,-4123,-32732
-29,-83,65,3190,-7532,-32732
124,118,43,7584,-8205,-32732
-69,60,113,6391,-9284,-32732
74,52,87,-4009,-27470,-32732
0,-15,73,-6830,26750,-32732
60,-100,110,-13738,32607,28589
-45,-66,48,-32587,32607,-18786
38,-10,120,26593,-162,-30273
-103,-102,-70,-15273,32607,-21939
-112,94,-87,-9112,32607,-14195
-55,104,40,3965,15169,-14742
-121,-93,99,-2848,-11167,-9023
-84,-108,5,-2624,-21451,-1133
-40,114,66,1975,-23019,10535
-119,-64,-10,2111,-14135,8613
-24,73,-88,2064,11504,575
-23,77,-119,2565,16892,-2361
-11,22,-64,-6696,15708,-11876
2,119,100,-2266,-678,-18880
-58,-32,-67,25619,-32551,-24152
-92,-71,22,11746,-7647,27039
115,60,96,6664,-18084,-32731
-45,-33,95,-11440,-18363,-32731
-73,49,59,-14024,24929,-32731
-12,58,73,-22547,32605,-32731
60,10,-20,28544,-24928,-32731
108,-123,-60,32097,-16330,-32731
58,64,47,-32588,-22044,-32731
89,1,25,-32588,-19707,-32086
127,-35,20,-32588,-25856,-18532
-47,104,-83,-32588,-11825,-9995
-14,-120,-108,-32588,-24329,-8217
113,-86,8,-18605,-16389,-5865
114,8,-34,-14278,-13490,-5618
-1,118,23,-18595,6668,6175
E
115,56,-21,-20766,2661,5001
-7,-93,15,14263,-8341,16
-21,98,30,6639,-2524,3940
-72,-9,80,5333,5181,1737
-90,4,50,3190,984,1840
-91,82,-6,4394,1828,343
-63,-28,61,7402,648,1249
-75,-26,-125,11849,1321,1236
-5,-74,-95,12056,11959,3622
13,-117,-104,14356,14797,7123
-90,64,120,24812,25253,24536
-43,90,29,22131,16339,19992
110,82,-11,26073,10711,30546
-117,15,3,20825,22363,-29744
76,-53,-123,27895,8354,-32729
-64,63,99,21243,6385,-32729
-101,113,-111,17701,3570,-32729
-23,45,118,21083,3325,-32729
-65,-111,15,17038,5106,-32729
-41,9,-72,20234,-17846,-32729
-71,-7,102,5813,-5623,-32729
-44,30,109,-10114,2805,-32729
-49,22,-118,-8353,3061,-32729
76,43,6,-7463,-12187,-32729
-9,-68,-21,-21836,-17415,-32729
84,-122,-112,-7636,23193,18524
-104,-42,-118,26003,32603,-7818
-94,-61,62,-25025,-166,15168
9,44,3,-9844,23435,-21319
-93,41,-89,16052,16160,-17108
-4,-37,108,-7087,-9057,-7464
41,55,104,11168,-20738,-8893
-44,-23,86,295,-18586,4807
-80,-90,48,5566,-19212,3852
101,71,19,8899,-10902,7529
120,100,73,3011,-5294,3699
-56,-113,-125,-9953,18984,-4005
44,113,-97,-4573,18423,-3136
53,108,-44,-2207,6935,-1591
-78,-118,-36,6513,911,-19519
E
-62,-7,-44,4367,-2582,-18154
124,72,-119,22163,30642,24765
40,-43,38,4664,-16495,-32731
-91,106,-94,-8841,25535,-32731
87,83,57,32002,-7073,-32731
56,72,-81,-31968,-27639,-32731
104,-10,-7,-31841,-25699,-32731
111,-119,79,32118,-13521,-32731
-48,62,21,-32589,-18354,-32731
-92,98,98,-32589,-20092,-30676
-105,-94,40,-32589,-21182,-12201
-58,34,51,-32589,-15427,-16516
-18,85,-76,-24318,-8060,1454
50,-51,-57,-23170,-9062,-3558
18,-78,-47,-10275,-14260,-9167
-114,0,81,-9842,1729,-6487
-98,-103,-41,-32741,19041,-2908
-33,-105,-82,21913,-19564,3290
24,91,32,5315,11073,571
93,116,-77,5361,5307,1021
59,10,127,5064,219,-2816
-71,35,60,1804,5801,4406
-119,-3,22,2131,8731,3331
108,102,-83,11557,25108,8210
-53,-27,-91,19685,14625,20630
-36,-65,-125,16164,11433,16529
-89,-86,53,14121,7704,27046
-115,-15,38,23859,6795,28742
-73,85,116,30527,5733,-29819
-123,-93,80,25020,430,-32729
19,72,-23,22568,7808,-32729
-4,107,90,23060,7177,-32729
78,103,59,24417,-6255,-32729
40,25,-77,16137,6854,-32729
105,-120,-66,13910,-3382,-32729
-85,-125,45,7178,-17763,-32729
76,124,43,4065,2270,-32729
-3,66,7,1097,-1012,-32729
35,-128,9,3913,-9624,-32729
-114,-128,-116,8090,-27877,-32729
E
103,-1,44,-1650,-6161,-32729
-24,126,50,-9411,-13252,-32729
-47,3,6,5722,-31389,5304
-32,73,71,586,-2943,-19918
74,-98,43,-798,7475,-32646
-19,53,-95,-32,23519,-32716
111,113,18,-5766,20899,-22930
-107,41,0,1518,231,-6031
53,82,56,762,-1635,-4203
-52,-66,64,7851,-14347,3058
-107,118,21,7105,-12329,2120
48,46,44,3211,-7318,-6087
-126,55,95,1348,-1882,-19185
94,72,-74,10741,7498,23439
-83,-120,44,26261,25006,-32372
-27,105,95,-26194,-24927,-17839
30,53,-15,14168,-31368,-29612
-103,-108,10,2048,-21309,-26158
102,-82,0,-3781,-32291,-25251
-43,7,-12,-12408,30625,-21152
29,-18,-25,-27970,32601,-25068
91,-53,3,30624,32601,-21884
23,-116,53,31852,-20746,32038
49,-6,-108,-32590,-23876,-31273
-124,74,-23,-32590,-21325,-24860
93,-125,-10,-32590,-20543,-24144
12,1,78,-32590,-21661,-13399
39,72,14,-32590,-14818,-9426
111,79,-54,-20333,-23974,-8924
-113,82,-47,-6586,-25867,-9224
107,113,105,-7896,-18638,-2864
2,-74,-27,-5203,1698,6661
-24,-24,1,-7514,15056,7836
49,106,-96,-11538,9103,4073
71,-105,-3,8790,1521,-5687
62,-78,127,9642,-8792,982
-53,29,73,5361,3508,3733
-24,33,74,5871,2035,1106
-29,46,-90,7040,2213,2567
-44,-6,-6,7773,3611,3974
E
-82,-41,73,7411,9811,6600
-16,-37,-119,11666,11832,12190
94,-14,106,16019,13526,16307
107,-21,-57,18876,10542,27821
-29,-57,-22,17964,9716,25723
-49,35,23,27274,13500,-32221
-102,-115,-60,29932,11303,-31579
-59,-103,43,26406,110,-32727
56,-51,94,27081,2332,-32727
37,53,-118,19303,18645,-32727
-121,-108,78,20368,-9898,-32727
33,89,41,17630,-17177,-32727
-29,-112,-54,16328,-4403,-32727
-124,90,103,11068,5925,-32727
13,-56,-122,14130,-7839,-32727
55,-26,-11,12142,-14783,-32727
-6,-13,61,11937,-17448,-32727
11,-59,-12,13961,-16458,-32727
95,1,-59,-4636,30776,-32727
-78,69,-8,24240,30403,15044
121,83,-108,-5040,-3278,25754
-48,13,-77,-9349,15870,31655
46,73,-59,-9275,16898,-24503
-100,-9,-84,-7011,10228,-15737
67,52,-17,-3111,-5286,-8870
-125,-99,1,187,-13207,-6577
115,-78,-62,8673,-15556,6420
125,88,-72,7885,-6159,8401
-30,39,-68,34,9144,5408
35,71,-78,-1701,8261,1078
-79,-90,-62,-12304,22930,-18866
34,73,-112,1514,18266,-22968
-57,91,-17,16108,3644,-26685
-102,-6,82,21625,-16708,28542
-29,-18,40,6040,-12070,-18868
95,121,28,-5736,-31682,28188
-30,-53,119,-30980,28498,-32728
-51,92,-92,-32114,-27681,-32728
-74,-108,-47,-27605,-20096,-32728
35,-99,90,30578,-19429,-32728
E
87,-21,-3,-32590,-11843,-32728
25,116,-57,-32590,-17617,-32728
-53,87,-85,-32590,-12742,-19517
-97,-118,83,-32590,-8575,-17202
72,-124,82,-32590,-16341,-9625
-124,-14,40,-30923,-15842,-10545
29,116,-70,-5609,-11906,-10742
8,-8,8,-10014,-13437,-5539
69,-54,-107,-4859,1891,1789
-8,8,113,-3666,2100,4784
124,98,120,1400,-1844,3369
53,41,-91,4964,-3931,2373
78,41,-83,3582,-1073,4182
100,-54,-49,8236,8699,10754
56,-52,-93,11280,6369,13819
-4,58,51,2983,13375,23442
117,-109,-73,5716,10576,23125
-75,-126,0,11853,5455,29126
24,-54,-26,14582,4466,-29690
-50,-35,-28,28342,-6851,29891
-86,125,118,26021,594,30714
8,-94,61,-28657,997,-31703
-116,98,-12,30355,6846,-32726
42,47,17,21885,1157,-32726
-85,12,-108,21566,-1579,-32726
-8,27,-43,-1040,9322,-32726
-107,-24,-38,5159,-1230,-32726
15,-91,-78,25209,24300,-32726
33,79,105,19530,-19510,-32726
-22,71,-57,393,2504,-32726
116,53,-123,-898,-5165,31430
-9,-69,90,-4408,-3838,31774
65,-67,58,7524,-12143,-32228
124,3,-111,-2291,-14124,32586
-39,-127,9,-13065,-9492,17662
64,100,-97,-4554,31019,23926
26,-125,-70,32123,-30326,3248
109,91,-119,16965,-7022,-22316
-128,-84,-25,-909,18962,-24846
-119,76,-17,-15869,14249,-9699
E
80,41,12,-5132,-294,-5594
65,91,91,-796,-2352,-6316
113,42,124,2674,-13085,1675
-116,44,-106,2338,-10588,2363
73,93,96,5349,-9526,6886
113,114,77,3034,-7936,3245
-65,-80,-78,-1318,2316,-1324
-49,-100,-116,-3199,5729,-2553
-73,91,77,835,2284,-1459
-77,75,61,427,1776,-1235
-67,68,35,-821,2986,-1403
-42,60,3,-2265,4512,-3053
10,41,-56,-1340,4346,-3553
28,23,-80,-260,2375,-2097
44,10,-90,1419,510,-2365
79,-22,-82,5589,1880,-5245
-115,116,-71,8121,1655,-2174
-51,57,-35,7933,9147,1031
-87,5,-17,4914,14944,-5423
-95,-4,-39,7505,5775,-6249
14,-102,-115,11739,-12548,-9294
-18,-81,-127,10515,-15252,-11772
122,50,-2,6925,-15991,-19559
95,78,-63,8112,-12299,-18380
5,69,10,8616,-16068,-23461
-32,-55,116,2009,-18623,-23856
-90,126,-61,-1174,-27244,29089
64,52,9,-12208,-14845,-30421
-39,99,-125,-12575,-21352,-31694
-15,18,20,-19341,-23597,32254
94,-79,62,-22719,30658,-32754
112,75,61,26989,-12951,-32726
80,-80,-34,-32588,-22177,-32726
-54,-106,103,-32588,-21960,-32726
-13,63,23,-32588,-13041,-23652
-33,-9,-18,-32588,-19093,-24089
-12,46,95,-27929,-11498,-4874
32,-31,83,-20933,-9944,-10365
54,0,-102,-11868,-7571,-7630
83,-53,-56,-10370,-9466,-2186
E
-77,-86,62,1900,-5790,-5708
-16,-67,23,-108,2378,-3495
-43,59,-71,-3310,882,1205
-83,59,-61,-1648,-2266,-1026
-118,118,14,7428,-6967,-1038
-102,115,22,3938,-4908,89
-87,-53,72,668,-2121,2642
-84,-27,60,733,-2193,1671
-83,-12,77,2188,-2994,258
-69,-15,79,1730,-3881,435
-31,-7,101,-1706,-3702,1519
-15,-11,109,-962,-478,1383
-20,-52,104,1308,-2778,758
-41,-66,118,1971,-5489,1477
15,-65,-127,-676,-4386,2431
6,-67,125,320,-4584,1900
75,-80,-98,2240,-116,504
68,-81,-90,1752,-727,1037
72,-120,86,6759,2295,775
70,-125,51,6582,1818,1458
21,103,-109,14681,6092,5251
-54,-102,-86,20019,7592,8461
27,102,74,24505,11681,11784
56,18,-75,25790,16230,18509
95,122,58,25758,15335,27258
80,59,-45,25624,10447,32083
120,-101,110,24847,15645,-30912
-82,-80,75,22942,26628,-32722
-97,87,-22,16911,18751,-32722
19,64,-3,17972,6,-32722
44,-62,56,14205,6143,-32722
47,93,68,9820,10757,-32722
-72,-72,127,1571,7737,-32722
-64,-53,-69,2536,1960,-32722
10,66,45,-2563,-3388,-32722
59,-64,20,1105,-3292,32403
-40,-95,100,-3398,-5224,29825
117,-33,-39,4405,-24072,19987
12,-44,-49,7222,-13681,24091
-98,105,92,-5961,-1496,17663
E
-86,-117,-85,-3787,-3442,9699
40,127,-80,-2044,-4841,-8504
-120,-104,-120,1099,-9997,-8094
-7,50,-97,16180,-10721,-5137
-83,-93,-35,9247,-5794,-1228
65,27,-12,12087,-10311,-1105
35,-47,53,20682,-8645,-6175
-50,-4,-116,24815,20774,-12283
-114,-128,-24,19114,-22073,-18198
-7,120,-30,30869,31005,-10765
-53,119,-122,23443,18006,-28667
78,-114,20,-28478,-18459,30784
-64,-15,-72,26401,18545,31905
114,-111,52,-20516,32608,-32723
-18,-38,-16,-19987,32608,-32723
110,-95,83,-25277,32608,-32723
74,-111,-124,27534,32608,-32723
-108,107,50,-32586,32608,-32723
74,54,27,-32586,32608,-26562
0,-61,89,-32586,-31482,-25092
-73,-88,-107,-32586,32126,-8815
57,65,-73,-18120,-24333,-13595
56,-50,-10,-22226,-27079,-6061
90,-37,-88,-16262,-16926,-4061
87,-105,70,-7790,-2157,-4217
-17,81,-58,-5390,-22233,-5958
44,66,-75,-1920,852,-592
-20,84,-59,-2904,2518,-708
83,-117,22,6766,-4052,1208
79,-5,-78,9143,-8662,-1109
103,-33,-46,5194,-5851,-804
-101,2,5,1349,-331,797
-92,119,20,5138,-5385,1324
-5,47,-36,5547,2814,2034
4,-105,-13,5087,6119,2405
120,28,-105,7941,-31753,8847
-34,-66,-33,9036,-28588,12110
-89,-85,-37,11619,32609,16348
-76,119,70,20712,32609,23141
-11,83,68,22554,30321,30530
E
37,-90,42,28062,17861,-29852
-82,86,-45,17864,29578,-32717
-11,79,26,12965,-2656,-32717
82,-84,46,11613,-3023,-32717
91,77,-92,-3981,5205,-32717
-109,-122,-50,-6780,-4086,-32717
-67,121,-70,-6717,-5836,-32717
41,-101,107,-4385,-8955,-32717
-122,-103,-24,-6352,-6001,-32717
-80,-71,34,-2218,-3445,-32717
93,34,-21,-4556,-14603,-32717
-79,-47,-81,-7734,-29484,-32717
33,34,52,-1917,-30940,-32717
-68,-50,-69,-3954,-31745,25100
15,-101,56,19609,-29872,-8393
-99,-103,-9,20910,-4482,-16828
44,-120,49,4663,13508,-22186
-98,82,116,-22461,5576,269
25,89,110,-23257,-9598,-9676
-125,-47,95,18138,-9239,-8617
-72,-112,-30,18372,-7560,-955
41,101,52,-32312,13360,-10766
-8,-18,-105,15345,16635,-7753
-9,70,92,19099,16268,-10550
87,10,-10,29090,1921,-17284
-122,84,-36,12020,4189,-25785
-68,-71,8,27655,30262,-31863
-66,98,-35,20935,27083,30764
127,-7,-119,-2655,32608,-32719
41,123,-24,-15215,32608,-32719
87,30,-115,-12144,32608,-29150
-5,-45,112,-28912,32608,31628
-35,11,-6,28109,32608,-29543
-27,42,-79,-32583,32608,-29310
-38,21,114,-32583,-29845,-18577
-96,-5,-106,-32583,-27242,-14610
100,84,-32,-32583,-13741,-7472
72,-53,86,-32583,-12949,-7482
51,111,83,-31683,-17828,-5973
127,99,81,-20137,-4921,-11292
E
13,-29,89,-11644,-10137,-4928
51,14,-45,-7914,-5688,-2249
-56,53,46,-7424,-5838,-1740
-97,87,-97,-1760,597,2597
83,-90,19,3322,-5945,-885
61,-78,-29,2243,-4182,-1252
17,-72,119,-1030,6803,6916
53,-128,-120,-8,-438,4269
15,-89,94,1255,-5726,1827
83,-121,115,2000,-309,1719
123,79,-111,4390,-2758,-235
87,69,99,3562,-1554,1054
21,80,-60,4444,1955,3772
62,111,-8,5345,506,3221
83,-61,6,16085,797,4375
110,-19,17,18836,5503,4843
-97,100,-97,17907,9010,6980
93,-49,89,19273,28354,14468
83,99,-116,16815,32072,18002
65,-25,-1,25507,10836,29162
-24,-4,77,17699,28707,22114
-119,1,-104,21094,22695,-30295
85,-123,-101,-31878,-4984,-31884
112,71,-75,28203,12767,-32715
0,-27,93,28885,-8320,-32715
111,40,-14,9904,11136,-32715
47,-15,30,4081,-1604,-32715
35,-79,75,12014,-18758,-32715
49,2,78,1037,3482,-32715
83,82,127,-3620,4967,-32715
8,60,-63,-9405,-7535,-32715
-40,78,-91,-4533,-7595,-32715
55,75,36,2971,-24780,31142
-112,-69,90,1314,-22007,27536
126,-99,-123,-1047,-22509,20499
83,-69,58,-10292,-19860,16593
84,-4,63,953,-28677,-12540
-105,19,122,10231,31375,-181
88,87,-14,6607,11643,-8545
-72,49,94,4423,7772,-13814
E
40,7,-80,24776,-9351,9462
65,46,61,-31851,-17826,-3216
-29,-44,-42,19589,-12484,2527
-28,70,-70,-4671,13424,4679
-13,86,-60,-11870,17397,-872
-80,78,-76,-1472,18797,-3734
-78,74,-8,6470,20463,-2496
-10,113,-68,8839,1884,624
-86,121,-41,8921,2317,-633
-57,-54,-15,7840,1105,-1834
-55,-83,27,11003,1454,-314
-4,31,-122,13888,2633,-678
-2,15,-117,17640,-913,-1076
102,76,-37,15491,64,-7175
121,-115,-42,12975,2426,-8065
-41,119,99,27016,-5692,-15890
-74,-107,20,22243,-4513,-12522
49,20,-76,4362,-5687,-22060
-50,-70,121,12990,-8607,-23519
-86,-38,88,-2917,-2973,-32237
-23,122,-96,15772,-15346,-22472
-119,127,48,1970,-11752,-30570
-58,38,107,-12178,22012,30747
-76,31,-112,-22382,32606,-32718
-31,-24,28,30825,32606,-32718
-48,-79,30,31081,-31733,-32718
-1,-81,-115,-32580,-23046,-32499
-82,-104,80,-32580,-20106,32745
-71,72,-81,-32580,-10202,-22936
50,91,-9,-32580,-14205,-23027
-13,-104,-44,-32580,-15707,-18830
-87,45,-98,-24580,-17949,-16226
65,-4,-63,-29942,-15487,-9691
127,-97,-50,-23504,-8051,-10077
51,-100,-80,-6957,-7359,-11126
-123,10,123,30567,7231,959
-68,101,-12,-3195,8180,-14974
-62,96,36,16833,-3480,9306
-23,13,100,1814,18734,3325
-92,-68,74,7932,-2610,-6473
E
-105,4,27,6056,-1790,-2113
81,-13,-125,-473,-1739,6108
50,-56,104,7088,-4928,1300
-44,35,102,10979,-7756,-323
-23,-31,-117,10269,-2696,757
73,89,-25,8187,11443,5851
78,82,-43,8120,13279,8814
-11,67,22,22210,4744,14455
-52,74,54,25523,1637,12454
-36,49,11,-29087,6507,25615
-74,84,-62,-32061,8173,29627
-60,18,-109,-32577,5538,-29711
17,43,104,-32577,7078,-32715
47,-110,43,25733,-27585,-32715
36,-86,-84,20326,10450,-32715
17,-83,-57,18050,5117,-32715
-63,125,-61,10281,24614,-32715
23,81,68,17496,-22074,-32715
-14,25,58,10523,-32226,-32715
113,-28,-73,-8458,4902,-32715
-36,81,28,-10556,18812,29195
122,20,-77,-14742,12909,-31507
17,-51,-114,-3143,-25056,-32715
0,101,126,-2357,-27536,-32715
43,44,2,1731,32263,13459
118,35,-116,14038,-29993,-20047
-98,-92,122,13940,8880,-25875
107,-103,10,-3749,120,-25574
-108,-61,-91,9035,-9531,-9688
-20,35,113,18728,400,2527
38,-10,105,20989,1926,-4277
99,-69,3,23904,8618,-12874
-8,-27,-73,26575,9711,-14843
-22,-16,-99,27062,30627,-19708
-89,-112,111,27364,9676,-9739
56,-121,39,21917,18290,-10339
-102,56,-83,-27910,-23615,-7655
-87,-71,12,-32576,-8018,-29734
14,-81,57,4685,20499,32103
103,-85,-118,-1168,32607,31399
E
-110,-44,-76,-6103,32607,-32715
7,42,44,-29867,32607,-32715
100,-105,-114,31284,8798,-31639
-40,-45,6,-24275,-20316,-31018
-39,43,54,-32710,23767,-32357
-37,3,-88,31927,-16630,32474
45,73,62,-32576,-25916,-32715
0,-66,69,-32576,-31007,-31615
-4,59,38,-21147,-29143,-23113
36,-86,-114,-16993,-25048,-25418
71,125,29,-13731,-30278,-11487
51,58,-126,-15944,-21333,-7729
32,-106,-109,-17578,-5957,-13565
123,68,-98,-21645,24452,-2775
-126,73,100,-20084,14499,-2380
-126,-81,-48,-3811,-22489,7822
123,19,-28,10871,-3128,-303
-76,22,-58,8628,172,1222
84,-112,74,-308,-221,1516
-106,-104,95,-2400,3768,256
-80,110,-90,1838,1075,1570
-125,49,-101,3980,1473,4113
36,-38,-81,13481,1803,14408
68,100,-59,6698,11259,16250
-105,24,68,18219,11965,24501
-115,20,-51,23982,10039,-27807
-109,55,90,-26546,-14830,-32399
79,-70,-119,-32575,-3069,-32712
8,-97,-1,31672,15771,-32712
115,-45,-32,22512,11546,-32712
-1,71,-37,7726,-2540,-32712
37,70,-77,8887,-5290,-32712
-96,-44,-64,-14996,10444,-32712
-67,-75,118,15859,26159,-32712
-98,-53,71,3652,-31306,-32712
43,-123,57,14198,-18632,-32712
-126,51,17,-3968,-16757,-32712
-113,-89,47,-1048,-9385,-32712
52,110,-106,28417,-16016,-32712
67,47,-72,-2374,24898,16670
E
-105,43,-21,10323,32159,-8633
81,-51,6,-1351,11888,15670
-113,18,11,-11816,6896,-32712
33,113,-33,-2844,7745,-9102
70,29,-51,-4691,252,-4081
-8,113,-14,9850,-8575,-3843
121,44,102,14103,1075,-15192
-41,-33,94,7852,24768,-14030
-83,46,-25,22824,7552,-27161
-39,28,-107,19387,-24946,27741
28,-107,-15,-2887,-23681,-32713
73,-50,127,-12529,26229,-32713
-75,74,-20,-16797,32607,-32713
-14,-38,-1,-23101,32607,-32713
120,69,-83,26622,-25691,-31876
21,123,65,-32576,30195,-28918
-94,23,16,-32576,-23052,-23410
-35,-94,-88,-32576,29316,-17171
18,-74,-33,-32576,-19672,-9895
53,-104,-78,-32576,-1317,-9630
-29,67,-47,-32576,-25276,-6121
-16,-8,-128,-17052,-8020,-8403
83,-8,-40,-7124,-10434,-7949
-63,102,-66,-11564,-10967,25
62,60,-87,-12251,12171,1935
59,95,86,-7786,-2480,1698
42,48,-101,7411,-679,-2861
-82,-105,27,10799,-13288,1806
-99,32,89,1006,10142,1101
16,63,-2,-744,-2488,3290
49,37,27,3119,4246,-2636
58,36,-28,3390,-2695,2102
29,34,-66,2910,-741,1038
16,0,-42,10036,1431,1714
0,23,1,9796,615,1632
0,38,18,9924,4341,3678
-74,84,85,10868,25293,8660
-78,108,-17,15651,22694,10081
-61,0,42,-31987,16395,26053
14,-29,-47,-29595,5360,25040
E
-57,71,-80,-32573,13750,-28035
65,28,-29,-32573,9582,-32708
-121,121,22,25320,16487,-32708
-118,117,19,19085,15986,-32708
-104,28,17,15823,19974,-32708
-92,-6,52,8991,4281,-32708
-98,-80,-27,7069,300,-32708
-46,-95,55,-9176,17038,-32708
-114,-120,-19,1252,-11236,-32708
-128,-95,-34,22814,24023,-32708
-62,82,33,13000,-12448,-32708
28,-89,54,11149,-23708,-32708
75,-70,-108,5626,-27910,-32708
121,59,-64,17347,-8217,17058
117,33,-25,4949,17083,-5008
-128,96,-118,-10348,13912,-26055
80,47,-44,-1304,-21175,-32220
32,5,-16,1758,-18784,-18295
59,-23,-67,11151,-2954,7794
-15,35,-100,7756,-2576,448
119,8,21,11419,3789,-13255
2,123,123,26849,-3246,-16303
-66,-28,-55,-26740,15265,-13797
-29,-41,-19,-32574,-16999,-24951
67,-80,-107,-32574,-15150,-27364
95,-122,67,-2368,31919,29134
106,53,120,-2338,29492,-32709
-99,-32,-85,30786,-28659,-32709
53,-40,66,-25560,-28715,-32709
-113,87,-30,-27691,30736,-25992
111,13,25,-26561,32612,-23225
-31,-67,-26,29970,32612,-30544
34,44,-111,-32575,32612,-20974
93,-86,81,-32575,32612,-22400
78,66,-15,-32575,32612,-18523
-89,-72,42,-32575,-27756,-8805
-108,33,22,-32575,-25823,-4112
-52,17,-23,-21440,-10958,-1182
44,-8,-112,-22573,-4137,1001
-66,-25,53,-15142,-3142,-1964
E
-23,-124,70,-6876,-669,1999
-25,-44,-23,-6871,11694,3031
83,-62,-94,14527,-5907,95
-49,-19,-10,7808,-5667,1876
-98,-82,-128,5152,5037,-1135
-41,84,8,6945,2097,556
-27,101,-114,12612,-3835,1791
-62,-56,-100,10582,10726,3989
20,-73,42,10203,20033,12370
-15,51,-102,22466,11563,17717
92,-114,-1,31038,13178,23968
122,-58,-97,-32045,9206,29726
-109,-59,76,32746,17294,-29693
-48,27,79,-32221,14603,-32707
88,41,-29,-32574,20624,-32707
2,-2,122,23617,14487,-32707
99,63,-116,16737,12180,-32707
-3,-117,-20,5901,29861,-32707
31,103,56,13797,-18577,-32707
-75,54,-81,13405,-17400,-32707
25,43,94,-6092,3817,-32707
-104,-80,-79,-10823,6290,-32707
85,-55,-49,-12443,-7112,-32707
30,-11,-25,-10508,-14703,-32707
15,44,49,30347,21647,-32707
-101,18,-111,-24451,32615,-15023
-84,-2,26,-18862,14851,17161
124,-99,-5,-14425,-29931,32446
110,57,30,-9989,23045,-20389
80,61,-113,-14363,22729,-8085
-112,-31,-64,-3658,-919,1279
-89,-87,-63,-3875,-5607,5164
85,83,-44,1087,-12123,4168
-114,87,-73,8231,-16312,-3738
28,68,19,23333,19379,5821
37,-5,116,21555,-26189,5363
-57,-127,-7,-26162,31461,1887
-39,62,-115,-32576,-4994,-11240
11,-34,-117,-32576,12711,19751
-6,-91,3,7229,32614,-32707
E
-87,114,44,-22531,32614,-32707
121,-114,59,-30523,32614,-32707
50,29,42,-31196,32614,-32707
30,67,26,31004,32614,-32707
-123,-69,115,-32576,32614,-32707
-101,104,70,-32576,32614,-28063
-109,86,-53,-32576,32614,-21181
-8,-112,-108,-32576,-17947,-12831
102,-4,-22,-32576,-23378,-12681
-122,-52,-112,-20094,-23113,-8892
75,-44,-102,-10460,5604,-8014
19,-126,93,-16658,-8357,-6646
-80,-61,122,-20637,-1773,4673
-69,-40,102,3598,9728,-2674
-22,-44,124,9265,-2214,1870
-48,89,-64,4137,3288,1855
-24,-100,-75,6825,324,1396
4,79,24,9553,-1243,2139
37,110,-11,10598,3148,6113
0,-25,-4,12070,9112,7522
-19,111,87,15970,10376,10747
109,0,-9,10610,21337,19065
-54,-10,-31,18804,15851,24746
23,-6,0,30547,1182,30092
-105,69,104,32083,1167,-29948
72,-6,20,31186,9849,-32704
-121,20,2,29108,13623,-32704
-58,57,41,23934,16999,-32704
-20,82,-76,15226,17542,-32704
80,-76,-99,16622,-8598,-32704
-19,69,87,7324,7714,-32704
112,-20,-19,-6257,5364,-32704
41,28,102,60,-3746,-32704
-64,102,115,76,-4754,30381
-81,-53,16,13983,-27962,-31887
-9,-78,105,14722,-29850,-32704
119,115,-57,14021,29400,-32704
-5,-51,43,-7560,32614,-32704
37,22,27,-4773,32614,-32704
-116,-110,-62,19515,-24990,-32442
E
-67,9,-76,-1791,20300,27415
-113,11,45,5300,9397,30968
11,97,-120,-23643,19806,-16369
-83,1,-80,-22071,20840,-14575
-28,120,112,10178,-26940,-3638
29,-116,-34,9845,-13153,5480
89,10,-14,16821,-8928,10409
121,14,-72,11857,-5580,6803
-22,-6,100,-5500,13659,1054
-86,-6,-24,-5466,10897,730
-85,12,127,-16820,11812,-2632
113,-35,-126,-11065,8860,-1740
-88,95,-49,3597,5052,-5938
-75,-79,111,-3480,3984,-4049
-76,53,-68,-7920,2157,1966
-20,27,-64,-4619,3793,5071
-39,-46,-118,-2969,7478,10798
-51,-54,113,11591,17496,20193
47,77,79,-19341,-23473,6049
24,-111,-86,-32574,30318,-9435
29,71,-11,-32574,19599,-24534
111,32,30,27683,26288,27228
65,-102,2,20207,32616,32148
-76,-11,-115,-5059,32616,-32706
107,-49,-94,-22931,32616,-32706
110,17,-39,24407,32616,-32706
117,-60,115,32688,32616,-32706
-114,-81,109,-32575,32616,-32706
85,14,-28,-32575,-32477,-32706
-125,124,-35,-32575,-18965,-21169
-60,-2,-70,-32575,-22222,-22755
43,95,-27,-30491,-10589,-15070
-106,-64,26,-22701,-10739,-11830
32,126,-119,-27123,8804,-20961
-64,-31,-19,-8347,-10014,-9159
61,-104,113,-14683,-4255,-9259
-36,49,58,-5365,9312,3104
40,-21,33,4108,-3968,4312
-98,-89,-77,3049,8366,5216
66,-71,-109,9784,-5406,-1775
E
33,-69,-66,8692,-6669,-2590
54,-84,46,4539,-4487,-1797
38,-101,27,2567,-2765,-86
55,-42,62,8358,-985,2926
59,-46,54,7270,2037,3782
-121,58,-46,9883,12302,11382
-52,0,107,14145,16416,16653
25,115,16,20018,8859,24458
-1,75,-28,18368,6569,31347
76,-23,28,30164,-3790,-30232
45,-128,-64,-29157,-3815,-32704
-1,123,72,-32572,9713,-32704
50,-53,-44,20560,28590,-32704
70,-90,-18,22261,-7301,-32704
12,82,-56,3845,17064,-32704
-75,-85,-28,181,10514,-32704
-73,21,83,1018,-17308,-32704
-72,-103,-43,-917,-28248,-32704
19,-50,-105,-4603,-26596,-32704
44,61,79,-2630,-23038,-32704
-3,96,118,-14706,27983,19705
103,92,-19,-32574,32616,-8332
-98,-43,3,-18865,18104,-21500
72,53,32,-11866,-23047,-13585
-57,83,44,-2757,-32692,-11182
-77,98,-49,-11471,-32342,-11809
75,-72,-89,-5396,15975,-1893
-88,-21,31,-6254,9837,4034
-79,-51,1,-6659,3679,7570
31,-122,-8,1433,-11039,9087
25,104,-44,-885,-8000,9141
37,106,-44,-664,-7109,8099
25,-121,-34,503,3823,-5766
74,127,-9,2151,4664,-8791
74,3,-114,15848,20024,-6134
-43,-30,44,29238,24076,-8956
40,118,8,-27682,15767,-8627
80,-80,46,-32574,11797,-19306
77,-36,-7,28709,11445,26815
-115,-68,32,11864,31907,32001
E
112,5,-57,-26231,32617,-32704
-18,56,89,29857,32617,-32704
-71,-23,-59,30486,32617,-32704
-109,-102,13,-32574,32617,-32704
-79,-118,-34,-32574,-31948,-32704
-115,38,89,-32574,32294,-32704
103,-24,-15,-32574,-5677,-26624
78,-88,-56,-32574,-20255,-21072
47,-109,82,-29514,-22981,-14593
83,84,3,-21957,9692,-14812
50,-14,-19,-23152,7442,-10264
-53,56,61,-10158,-10654,-2663
30,40,-85,-3515,2923,9782
22,115,92,-1906,-1240,4987
-47,-52,69,17096,-6179,749
26,-116,-124,15786,-9597,-2440
-54,-14,84,10311,-1349,-536
-31,92,69,3844,1761,1652
-69,21,68,5399,61,1684
-119,126,53,5156,3731,8793
85,-64,-127,6586,7531,14922
-53,-30,-17,14484,5946,18408
-101,36,37,27404,5521,22445
17,-24,22,23605,6700,28403
80,-89,19,-32223,313,-29151
11,-56,40,30401,-538,-32701
-27,-126,-26,26887,2339,-32701
17,-40,-60,27970,11627,-32701
-24,6,37,24674,14109,-32701
-105,121,-105,12789,4996,-32701
-96,-68,120,2947,4498,-32701
102,-72,-80,-2431,5285,-32701
99,-73,59,2526,-14054,-32701
-8,94,-73,3870,-25116,-32701
-70,-33,63,8338,25793,-32701
86,99,10,14973,32616,-32701
109,-19,-87,-32381,32616,-32701
98,-105,-115,-16690,3652,13861
111,90,51,-11313,23724,-11939
18,4,16,-3496,6844,31519
E
-125,67,115,263,-4392,-19849
-61,-121,56,2793,-14201,-14807
-120,50,-120,11031,-19415,-16334
80,20,-46,131,31753,9135
112,-13,-101,-16175,29257,5126
-6,126,89,-13415,4413,-5741
77,-110,-60,8329,-6730,533
39,0,23,27566,-14953,1850
-83,84,68,23936,-14384,-12287
49,-22,3,16935,1514,31845
112,67,101,19277,1449,-22698
-60,70,-120,6426,-17407,28228
24,-97,26,11288,-22877,-32702
32,23,35,-7102,31435,-32702
-115,-46,101,-4711,30711,-32702
125,69,-51,23653,-20702,-32702
-97,-39,-34,31216,-23879,-32702
-104,-26,-119,-32575,-18953,-32702
108,-101,-113,-32575,-29366,-32702
57,110,94,-32575,-13608,-31709
37,-27,-126,-32575,-17282,-25102
-59,-68,-119,-30940,-26268,-17633
-22,-8,95,-22135,-7823,-7744
-14,-103,-69,-18371,-10481,-7694
94,1,24,2199,-9723,1368
52,-11,70,-5771,-8779,1814
-103,-100,-106,-4486,11642,4962
90,-66,16,17325,-6793,2060
50,109,60,7207,-6255,3647
106,2,31,1238,-1918,-2127
-18,89,16,-3309,4021,1106
-30,30,16,619,1032,3666
-120,-75,4,8593,2474,5403
114,107,48,9208,5811,7544
74,34,73,16324,9427,12152
-35,-26,75,12979,9537,20432
125,72,-3,12781,3932,29833
-123,-51,-100,20920,2104,-30441
-78,101,34,-25217,7706,32071
118,-64,85,-32573,6219,-32289
E
-25,-1,-41,-32573,4771,-32697
2,-26,-36,26084,17838,-32697
-109,-127,36,26056,7513,-32697
-113,68,-56,24606,3087,-32697
33,47,-114,-3029,-4477,-32697
99,-24,-71,-8724,-7141,-32697
104,101,120,-5679,-15433,-32697
-37,45,-18,3312,-28600,-32697
103,58,-104,-975,-17836,-32697
-58,125,-95,1205,25948,-32697
-63,15,19,25650,32617,-11929
41,-19,75,19881,32617,32024
31,72,11,10455,-2422,-28565
18,-30,88,-12166,30256,-25705
67,-84,-101,-10443,18543,-14084
79,111,35,-9154,14031,64
63,125,-44,-7688,12600,-1973
48,-108,80,-3075,3689,4233
34,-118,59,-1295,-2539,5445
17,-118,34,-752,-3671,7482
-3,-121,1,-1081,848,5265
10,-111,3,-3187,5207,3324
-106,-51,-100,-8910,23267,2261
-61,-71,-68,-7016,29417,9626
36,-12,-3,29916,-29192,-4798
4,-30,-114,27862,32617,-14274
7,42,-101,-28316,-22508,22906
-100,-5,-74,26717,-32617,32328
47,-77,-31,-5060,27719,-32697
-101,-74,95,-15819,32617,-32697
-74,120,16,20915,32617,-32697
51,126,-18,-32571,-16485,-32697
-113,-117,48,-32571,-31089,-32697
123,118,124,-32571,-3397,-32697
-54,-20,62,-32571,-11150,-32697
103,91,-92,-32001,-22690,-32697
-31,122,34,-24100,-19713,-29961
-19,-101,-97,-11227,-18510,-11380
37,117,-2,-20438,-17762,-10443
39,-70,24,26229,19009,131
E
67,-50,-99,16030,8603,-1725
-60,-60,-87,8041,-14562,13084
-50,-53,-110,18077,7543,-2847
-66,79,30,10476,-10688,-106
72,-42,113,1359,-1986,5292
77,-84,63,6094,7772,3467
-96,105,-17,14270,7306,10323
87,-76,-34,20761,3796,11560
-98,103,61,15174,10315,22016
-49,-31,-45,15682,19585,30716
-2,-103,-21,-30426,3043,-29536
-101,-65,102,30132,3712,-32694
84,21,34,29726,3513,-32694
-32,14,68,32479,8607,-32694
-52,-54,-1,-31861,59,-32694
122,71,-123,31040,2347,-32694
-93,101,-74,20306,-32276,-32694
81,67,-41,13499,11576,-32694
-45,-40,127,8495,-10036,-32694
120,-44,-91,-8976,-15009,-32694
16,-3,-51,-13024,-10151,-32694
-83,-83,67,4843,21294,-32694
-97,-1,-76,17758,-32595,-32694
-45,18,-83,20431,-12020,32503
-83,18,84,14042,-26219,1832
11,70,30,-12038,21894,32294
49,-28,121,-9294,27682,-31118
-100,119,-120,-4863,8253,32316
44,-65,-48,-21035,-9318,-11180
39,-68,-106,-4567,-14228,2809
82,77,-62,13747,-1562,23884
-117,-79,-24,11629,6796,21183
66,9,-18,-2436,-25871,14142
-111,69,15,-870,-30344,12039
112,111,-56,13417,32615,12330
-50,-74,68,24389,32615,-6788
-99,93,93,-25705,-9750,16649
-103,-57,62,-32569,13969,-32695
-50,34,14,-3065,32615,-32695
-65,-13,-2,-12724,-10635,-32695
E
60,-26,-91,-14026,-22533,-32695
103,-113,-14,-14243,-25480,-32695
110,-48,-96,24103,28156,-32326
-104,-33,-63,32696,-27740,32718
126,92,-10,-32570,30888,-32695
-101,107,-115,-32570,32615,-32695
127,-4,122,-32570,32753,-22559
102,111,23,-32570,-30102,-24394
71,59,50,-24654,-10755,-8689
69,84,97,-23154,-11591,-9909
103,125,23,-24437,4190,4597
115,100,-38,-15500,6985,183
12,96,3,-9056,951,6600
10,-62,0,-8821,15196,3512
-63,106,-63,17594,-4572,-4365
-43,-53,99,4841,-4986,1371
106,-118,3,-4029,10405,184
-108,87,-28,-814,-953,2286
110,-10,-36,9941,-6612,4603
77,-57,11,11443,-8112,3199
-126,-7,74,26739,-14304,8527
-89,42,7,20392,1902,10276
-58,28,93,20409,12004,20678
6,-94,-119,22848,15989,25007
-18,-49,87,9772,-28011,32028
-87,110,96,30582,9213,-30664
-28,75,-54,30612,12092,-32695
95,34,-41,-31445,13288,-32695
-123,101,29,24005,14408,-32695
100,-75,120,24031,23341,-32695
-110,-79,53,19789,8579,-32695
-52,-23,-29,6812,-2163,-32695
109,113,68,-6960,-3572,-32695
-74,9,-65,976,-31099,-32695
86,0,-95,245,-22893,-32695
55,8,1,-1901,-11616,-32695
65,94,-89,375,-20105,-32695
11,-19,-79,-9248,-22401,-32695
43,107,-60,-941,-31386,-32695
-105,72,39,-653,-27252,-4305
E
123,-69,-78,15836,-26247,-22445
-79,93,117,13087,6478,-29790
86,-107,125,-9440,15822,-27165
-22,-78,31,972,5112,-12208
-59,-95,105,388,6502,-1512
21,-57,77,4731,4051,7216
44,-27,84,4364,2302,3669
36,89,119,6764,548,801
67,86,-122,4742,4135,3053
-59,-61,-52,25977,16933,3680
-98,-20,-67,20444,12092,7612
10,-32,36,-26069,19243,-3425
92,-74,-100,-32568,29555,-7812
-59,84,-122,-32568,-32728,19878
-72,-18,124,17014,32550,32595
110,8,-15,11159,32614,-32694
-14,-84,-109,31088,32614,-32694
53,104,65,-32568,32614,-32694
77,51,106,-32568,32614,-32694
-69,-32,-93,-32568,32614,-32694
-19,4,-101,-32568,32614,-32694
-105,114,23,-32568,32614,-32694
-32,-89,-27,-32568,32614,-29949
70,-38,-110,-32568,32614,-24907
-80,77,57,-32568,32614,-12053
52,10,55,-29856,-7386,-7824
13,83,75,-7471,-13618,-15439
35,-60,122,-1653,23342,6228
64,59,-44,8886,22410,-932
118,-120,-37,17028,4037,-9087
-66,66,93,-14018,1456,5546
50,-98,83,2669,-8318,-344
-44,118,121,8929,-5901,-3578
-72,70,95,90,7896,3699
-59,111,69,1209,2989,2218
-23,85,64,5291,-1782,2421
3,108,117,8080,-474,4061
56,34,97,9019,7019,5738
-56,-111,46,11109,15864,9551
-82,5,55,20915,20668,13213
E
-64,11,-35,23432,19221,11608
-74,-18,96,-27699,13829,26138
122,86,-50,-32260,-24,-31748
-84,-80,-52,-32566,23775,-31078
-119,18,-22,-32566,4355,-32691
-7,92,-20,27468,-30169,-32691
-4,54,22,24043,30630,-32691
52,113,68,6783,4253,-32691
106,-64,-43,12054,11630,-32691
49,0,-92,8377,-10151,-32691
-92,-52,-83,-2456,-9889,-32691
-66,-54,-21,-4493,6036,-32691
-54,-47,44,-1530,-3017,29407
-82,72,19,-201,-11704,-31545
86,-113,-95,5115,31511,24851
75,15,19,8102,-31323,3313
74,14,-120,16334,-17051,-17894
109,20,83,8480,2484,-11972
2,-58,-19,-11246,11316,-18521
69,-44,-48,-13064,11650,-14331
-73,-128,-27,-2620,6885,3778
-109,-49,-67,-1269,1349,8560
77,69,-85,2684,-9998,3607
-85,58,74,17365,-15912,-5708
13,-3,25,-22026,18565,-15671
33,-16,-100,-32566,-27186,-23913
-80,55,48,-32566,6410,-13391
-99,-76,-75,18673,9299,32263
-125,-70,-90,-3349,32614,30169
-101,-127,-66,23420,32614,-32694
44,45,-20,-25880,-25410,-32694
71,48,118,-9354,-26517,-32694
-37,-76,28,24137,29645,-30466
59,-127,64,-32566,32614,-16075
27,114,14,-32566,32614,32675
10,78,77,-32566,32614,-27657
27,71,-34,-32566,-19900,-24953
-2,92,110,-32566,-25625,-10310
-116,-104,56,-32566,-6614,-9722
69,39,125,-23810,-4476,-10230
E
-101,44,64,-14728,-5439,437
-17,11,-48,26052,-27280,11049
-86,-76,-81,23437,31868,136
-19,7,-6,13432,554,577
-32,-92,17,6676,6259,-2800
-32,101,122,8070,-2768,-5762
79,-27,-41,-3700,2138,5841
25,-86,-78,2359,93,748
42,-41,-105,1967,2849,2418
23,-56,-87,4372,326,2301
-1,-84,-117,6479,-3767,3056
37,-95,125,7007,-1819,4641
-74,-88,54,9077,12045,12147
-107,-84,109,2891,16538,16011
7,20,-90,16493,10513,24988
-12,-87,113,18503,6749,26264
-36,87,-68,-24526,-16566,26451
-116,-55,122,-32505,4821,-32429
-74,123,14,-32566,742,-31607
-77,-32,-30,-32566,-4262,-32689
-122,106,-38,-32566,-3577,-32689
-43,-97,116,-32566,6580,-32689
27,100,-80,28797,17592,-32689
2,-63,-98,29061,6866,-32689
121,-8,16,30453,12210,-32689
126,-13,63,-13637,26187,-32689
29,-126,-101,-25844,12224,-32689
-18,-57,-123,25396,-15758,22492
-65,-6,-37,-21505,-32286,15967
124,46,-86,-3516,-26750,23430
55,26,15,-32568,22560,-1095
-64,-112,-42,201,-19867,-25733
-65,8,93,20898,16558,-30297
-42,101,28,15085,-17383,-12999
-104,-124,47,7071,8523,9314
-127,54,25,18448,-2877,7203
8,-93,-111,22518,-3194,7044
21,-95,-11,21066,24824,404
4,-118,96,14645,23743,-4740
94,-94,-116,11069,13994,-13338
E
38,22,96,13004,-14373,-18089
10,-111,39,15713,-25530,-14498
45,-96,-37,18818,-29410,-6100
-73,49,41,12225,29022,697
-31,94,84,10463,32613,3391
9,63,-44,-3885,-15037,9645
4,20,62,-2165,-7898,-35
54,44,95,-2145,-9517,-538
-100,-107,-31,-2649,-28856,-16037
-121,21,-12,-15740,-16682,-29577
-81,-122,-83,-28629,-23431,28119
70,-25,-49,-16451,-991,-31039
49,-106,34,-22616,1489,32295
4,-75,-23,27319,27519,-32691
-81,85,47,-32569,-12476,-32691
-73,33,32,-32569,-27472,-32691
-128,44,103,-32569,-16619,-32691
-106,-4,-106,-32569,27054,-32691
-18,-59,-64,-32569,-30554,-17094
-48,0,-92,-32569,-19986,-12502
28,83,-126,-23009,-12999,-7548
-121,-22,90,-23243,-4257,-5911
47,82,-78,-25206,6822,5112
-31,48,-21,16492,-29163,3362
-24,-58,54,5727,24442,2239
119,-107,119,5028,-7714,-2497
127,120,55,7672,-4493,-3300
-100,-121,27,2439,1059,2289
-105,-105,-70,6317,374,-2203
-121,67,-61,7379,-1466,-558
109,-14,-46,9766,-3223,1602
120,64,-42,16375,238,1288
-87,-84,-7,19326,3200,2641
-55,-16,41,23080,13992,5030
-66,4,18,30614,22326,19594
116,-25,12,-32361,13238,20847
-87,76,-10,-31720,15167,-30840
-46,5,-12,-32566,3956,-30950
117,85,23,-32566,9008,-32690
46,-101,-67,27403,14633,-32690
E
38,-91,-64,12781,24667,-32690
-32,-5,1,11025,14274,-32690
-23,-56,-120,-6521,-16308,-32690
-97,60,-8,5414,-20766,-32690
-127,102,-15,-3158,-1759,-32690
108,67,-33,-14781,4652,-32690
-56,-37,-90,-11009,15668,-32690
-82,-16,4,-32568,32614,-10578
-58,4,113,3119,23399,-2308
27,-90,1,-19551,-18928,-17489
90,84,49,-21719,32614,-25739
39,-88,59,-5914,31316,-21020
-14,78,29,-6108,19474,-14697
-44,-88,104,-6730,7074,-4029
-111,71,78,-5646,4024,-404
-117,18,126,-5309,7060,3193
97,-77,-70,-1200,5086,4321
81,-66,-111,-448,3270,3648
91,-57,103,-154,4669,3176
85,-24,51,-2033,8797,927
64,-31,57,-752,7900,-53
-67,-55,24,1695,3094,-4888
-125,-88,5,1886,993,-3641
79,126,-48,4486,-5281,-6598
105,114,-20,7800,-9361,-10647
121,3,-67,10386,-4921,3514
-10,87,-120,9720,1078,-295
41,17,18,-31418,10707,26808
-102,-65,72,27408,-6630,32317
-42,-39,122,14766,24096,31898
60,-13,-79,9314,-28295,-32692
52,40,-87,-30222,30933,-32692
55,-69,67,-20043,32401,-32692
-128,56,51,26029,-26354,-32692
34,-36,-113,-32569,-25915,-32692
-123,107,-33,-32569,-20178,-32692
68,83,-22,-32569,-15220,-22646
-33,113,-6,-32569,-13895,-15908
116,53,-12,-21941,-11969,-14684
89,-24,-108,-17910,2412,-768
E
60,39,98,-1941,-3841,-6450
3,83,119,-107,-7777,-5558
124,-58,83,-5278,8427,4877
-121,-112,-118,1050,-568,-3467
-85,0,46,13690,-9024,2100
-123,33,-84,4296,-1847,1969
-119,-63,16,-1081,2982,-848
109,105,101,4678,-1998,200
35,25,-123,8768,-7771,1980
42,5,100,8348,-3901,3775
47,54,110,7766,14759,8918
78,-74,-27,2769,25414,11221
7,-61,10,17835,15645,20558
-68,7,-109,19440,17027,30557
116,60,-51,28565,16789,-29279
8,75,58,27983,11769,-32688
-51,116,-35,29706,10496,-32688
-10,33,-33,27189,4891,-32688
-115,-51,-20,24498,-1410,-32688
60,2,-5,13569,15349,-32688
-29,-6,-116,9633,-6143,-32688
58,-71,-120,4868,-10484,-32688
-101,101,-52,-17175,929,-32688
-104,-28,20,-10171,-7008,-32688
95,-46,121,-18551,-7887,31693
-5,83,-48,-14827,-21348,-32303
115,-14,-73,-6892,24429,-32688
-76,-81,125,-18379,32608,21668
-36,-33,62,-5495,10496,22704
-57,-98,82,-3033,30714,-32581
48,50,112,4036,19819,30809
115,-64,-18,-4442,18720,-26849
56,78,-75,239,-3956,-739
-83,-107,-94,-1202,-5513,-4778
1,-85,76,6859,-18986,8830
63,86,-2,4167,-10782,11989
-113,36,-39,-1393,-266,15270
108,25,-14,-6877,7200,4782
-79,23,91,1963,-1892,1504
-82,-27,-124,3460,-2184,-6352
E
-126,-18,-127,-2245,3981,-3921
-128,6,107,-1146,6539,-1091
-105,27,119,-6386,9188,-937
24,-90,-35,-17027,13187,375
45,-109,59,-7980,12445,-6127
104,-41,81,16220,29066,19353
81,77,119,-31886,-4770,-31591
45,72,42,-31802,32134,32394
24,62,-35,18805,26510,-32690
-11,21,-21,25915,-25694,-32690
-76,110,106,26086,-2932,-32690
-60,-126,72,-32571,-18055,-32690
-32,90,125,-32571,-6710,-32690
-7,6,67,-32571,-13112,-32690
-34,50,-9,-32571,-19294,-23552
-3,-10,113,-32364,8683,-20974
68,-19,65,-16794,-17232,-14034
-110,-121,5,-15186,-17024,-262
-39,11,14,-18826,26783,131
-1,-120,-75,11760,-17964,3767
-12,61,-5,3409,-449,5238
104,31,-34,4114,2896,-2560
82,-34,71,4812,-6448,-1059
-107,8,73,3905,-2701,313
-49,81,13,2538,3742,-86
-123,72,30,5887,-3222,999
109,104,28,6800,-8804,642
-79,102,-20,6661,-5238,3937
-84,79,51,9249,1289,4181
-120,55,66,9172,3512,7746
119,-118,101,6483,17758,13513
13,39,-70,11431,4370,25173
-95,-5,-66,13723,6474,30895
-121,4,-63,19687,5046,31479
-91,95,-114,-31361,1484,-31328
-42,84,-24,-32756,7029,-32687
-48,-23,71,24229,-1239,-32687
25,-66,127,14217,4662,-32687
2,-45,127,11624,-2411,-32687
-2,99,-26,14700,-15336,-32687
E
-75,114,73,7400,-9512,-32687
-61,119,58,4606,-12454,32496
121,69,-118,12750,22120,32466
6,-56,70,3449,-17133,-32521
-22,19,27,4117,-8875,-32687
-64,-38,-85,4685,-11292,-32687
-13,34,-63,-18403,-9240,-32687
-79,123,42,28838,21223,9240
104,-128,-112,24994,32609,-21168
-125,-23,-55,-6509,32113,23927
-29,102,-82,88,15391,-26403
-106,50,-102,-13855,21024,-5881
52,-1,126,-10256,14037,1391
-91,119,1,-9318,16000,1745
36,-71,-97,-7119,12873,1951
-117,-48,-102,-3168,7261,2271
-117,-79,-62,-1832,5666,288
6,-75,58,-6968,23357,3389
-1,-125,46,-14600,-30813,8947
26,42,15,-451,24572,-2499
-61,40,123,9080,14554,-4388
35,-60,20,-19121,-9915,-32039
120,-121,-124,-32335,-13750,27640
-128,-94,-23,9517,20808,-32687
-63,91,-72,-2417,32608,-32687
-46,-90,119,-32374,-8256,-32687
59,-45,45,-24186,-32527,-32687
-32,-104,14,28109,-16387,-32687
-113,104,3,-32570,30685,-32687
57,91,-24,-32570,-25909,-32687
124,-119,55,-25112,-11072,-24048
73,4,21,-26102,-8018,-14950
41,-97,-55,-12556,3102,-15990
-60,82,-105,-8635,-6726,-10549
-79,113,25,-14615,147,4117
-98,51,-51,-13927,4173,-258
69,29,-112,-4062,-4791,-1231
59,101,-102,12804,-18472,-6887
-54,-8,-61,12237,1889,1606
-127,-44,111,313,4907,2618
E
87,50,-125,-650,8944,-1544
11,8,-103,452,4319,-1977
127,-4,99,1917,-4812,-4496
-33,-40,25,3941,-7968,5126
3,94,-118,10227,-764,6044
-7,74,-71,9516,6945,8171
-33,88,-6,11230,15522,20909
-115,-114,-61,12665,8813,19063
94,-19,100,18753,4221,-25423
42,78,41,18282,3150,-32650
77,123,81,22113,1002,-32682
-3,-2,-61,22628,15542,-32682
-7,93,30,22915,4256,-32682
80,-5,-5,22441,-3283,-32682
16,-53,3,8186,31510,-32682
-109,108,-13,6851,8016,-32682
-66,-87,120,-6169,-8972,-32682
74,-3,47,-7934,5641,-32682
-45,122,79,7763,-27693,29630
118,12,75,6369,-26881,-31608
-69,-66,-23,8017,-31883,29396
-40,-16,69,336,30727,24055
51,37,-18,-3353,-29515,-29365
13,-57,-97,-3045,-29550,-32682
105,28,-118,-10021,-5230,12571
39,2,115,25270,30659,-8321
-78,-46,34,19546,-16518,-15563
122,-114,-81,6325,6570,-14023
110,-93,-47,-11509,22397,-10171
101,-32,-18,-10069,20232,-5694
126,108,106,-9192,14567,-5230
-5,-53,-80,-1930,337,-5703
-41,-82,-110,2402,-2799,-4022
-1,-23,-95,12847,-7076,3722
65,100,-119,11372,-6125,3307
-16,42,35,1342,165,4228
-21,3,50,-3661,310,2982
62,-87,93,-11014,-2094,2187
82,46,122,-5612,-73,2020
101,-103,-35,12233,-2635,-4008
E
107,47,105,9047,-7683,-6911
-78,-16,76,8238,-14551,-1999
15,-16,40,17804,-3301,4324
126,-12,-13,19828,30694,2567
57,88,-69,28090,-25845,-14345
101,63,17,30968,10915,-27054
-100,35,-35,-30529,-22086,26995
7,-119,-45,-18397,20481,-32683
120,40,-69,30883,-32569,-32683
-69,-78,40,9964,-5795,-32683
10,-117,-37,-27701,26958,-32683
-77,8,119,27709,-4574,-32683
-25,105,7,-19387,26471,-32683
-15,-121,-124,28403,-26681,-32683
51,-60,24,-32565,-23695,-32683
22,-33,3,-32565,-20174,-27914
9,56,-11,-15621,-18513,-13896
23,-24,19,-12753,-15647,-16584
-114,-57,-87,-4247,-9577,-11453
-12,-104,115,-6431,-26351,-5308
-36,59,-56,7941,12322,-1968
65,-93,95,7178,-4055,6845
94,117,-113,7413,11023,-104
12,23,71,7471,-132,-2662
-65,-2,-123,7071,-2979,-137
-37,-20,-106,4494,-2905,1213
6,96,-44,798,3146,-652
-28,35,-62,1899,373,211
-34,-20,-51,4505,-4825,2597
6,-22,-43,6640,-611,3864
-30,-98,73,8905,18806,11214
-115,-74,57,9190,15361,11399
-15,44,-46,6514,22303,29383
-119,-93,-27,17312,10259,-27789
115,-31,-40,25979,-2856,-32681
-123,-49,73,31442,-6057,-32681
-81,-7,49,-30220,15191,-32681
84,-43,-127,-32563,3439,-32681
-7,76,-7,22503,8923,-32681
-37,-8,63,13121,31884,-32681
E
-78,-121,-40,7831,-10059,-32681
123,18,48,-4855,-9886,-32681
-22,-92,39,6849,-13551,31874
-121,58,-114,-11112,9985,25950
-99,-86,-87,2510,30138,29622
34,-84,-115,8771,30430,-30800
123,107,26,11344,-30975,-32681
-106,58,111,-6659,-23416,21998
-115,-108,-16,-24144,-9301,9822
-44,126,-98,-29408,-23445,-25586
-27,-84,-73,760,26645,-19206
55,-83,-19,-4818,2428,-8928
26,-48,-9,-1180,-855,-2249
75,-65,-81,3606,6006,10376
-78,-74,-72,2467,1735,1115
0,-118,-106,2297,698,644
15,125,-90,-200,-414,-2735
31,-96,-70,8,1528,-5960
103,-93,-88,5952,2409,-1630
106,123,-20,16176,6051,6784
79,-84,-26,32536,15603,15030
72,-45,19,26263,29332,15513
3,120,-26,26327,10850,2808
21,-55,-20,31839,-2579,-1910
117,100,-17,-31064,-2867,-31013
24,10,8,30689,-10910,-32609
107,-79,-84,30703,-6849,30780
77,126,-115,21911,-22108,-32681
-83,114,4,3183,24693,-32681
97,-111,36,-8854,32607,-32681
113,-33,104,-14519,32607,-32681
-34,60,-15,-8579,32607,-32681
78,-124,-126,-4345,32607,-32681
91,-95,-50,-15465,32607,-32681
-72,-10,40,-24969,32607,-32681
-6,86,-84,-29233,32607,-28265
-8,102,-114,-27339,32607,-27697
121,-46,-46,-32030,32607,-18445
86,73,-49,-28666,-26267,-12838
-31,-72,18,-7703,-3424,-17862
E
-48,-56,-30,-11405,-17624,-10447
-36,-113,18,-12501,-5268,-387
36,82,-123,-19224,6389,-9879
-39,47,73,-52,-5439,-5163
42,89,72,10666,-17546,-6941
-99,-92,-6,14801,-7624,6964
-127,55,65,10565,-7988,9637
-25,25,42,8820,-5339,-1262
7,38,-38,3842,-2300,2142
37,26,87,2520,3483,6207
44,-77,-104,3460,7573,10393
47,-6,-44,10884,6111,14171
76,-123,102,14940,13302,16690
35,-118,111,17954,14563,25129
-103,21,117,28572,2158,-30432
-69,-11,7,-30554,188,-31587
102,38,25,-31817,5278,-32677
-62,18,-95,28977,32231,-32677
60,-114,-9,24191,16784,-32677
-108,-64,105,-32734,-7078,-32677
-65,55,-13,3689,31751,-32677
6,-7,-18,-4317,9083,-32677
-82,107,52,-13024,-2046,-32677
46,-122,44,1039,-12152,-32677
6,-33,-30,10137,-18110,31644
48,-44,-82,7255,-19141,-32272
-53,44,88,11497,-28062,31833
88,-12,114,-617,-20807,31032
85,77,38,-283,-16433,23235
-46,-86,-67,-12851,-5903,10283
118,-113,-114,-10709,-4000,-15793
127,46,11,-30983,-7977,-28156
25,-10,27,20666,6879,-20017
-119,-32,-23,-21615,-1276,800
-62,66,-50,27524,22593,-5224
-115,45,4,4984,-25245,6048
-3,17,-74,-1646,965,5255
15,-71,1,9950,10803,2626
9,116,-47,23698,10840,-4110
-29,21,-6,25262,10550,-7294
E
-121,52,-24,29392,6091,-10435
-4,96,-13,-32127,24,-21365
29,73,27,-31754,-12387,-25901
68,-57,-123,21322,-14272,28016
-128,58,-120,-2647,22141,-32677
116,52,-70,22080,-20584,-32677
-13,-38,-8,31985,-24497,-32677
-26,-28,-98,-21294,-24241,-32677
-81,-25,126,-19525,28320,-32677
-123,24,-80,-21928,32627,-32677
34,66,36,-31651,32603,-32677
47,62,-73,-31683,-27894,-31388
-89,-66,77,-29729,-29697,-25172
-116,39,-60,31692,-22968,-23083
-15,102,-31,-32566,-6136,-17403
-50,37,94,-28022,-17969,-21265
-89,43,-104,-13204,-19629,-12111
88,71,107,-19227,-3549,-15683
105,52,-49,-9126,-8662,-2755
43,43,-9,-2450,1483,-2107
-26,37,-80,-4085,-6521,-2015
0,-62,78,10988,-933,585
15,22,101,10854,-8419,-1176
82,-72,71,6646,-3097,1936
-43,69,-23,6092,2087,-2866
-84,52,-14,3523,-7216,-2608
-60,-98,27,1118,-3920,1630
-22,93,16,-1585,674,2728
7,-116,31,-1421,-1387,2849
2,-103,28,1479,-2048,5241
92,-44,37,4165,7825,12769
72,-35,68,3066,10307,10644
116,94,-126,4344,25163,15899
-121,121,-21,11120,18401,24153
-30,12,-60,-29476,-6276,-29506
-52,-118,-95,-32476,2643,-31715
-26,108,-36,31427,9428,-32671
53,-29,-68,24398,14550,-32671
43,-29,-81,21524,15536,-32671
125,-96,-64,25945,556,-32671
E
84,111,-4,22447,-5726,-32671
-97,-28,-10,7901,7373,-32671
-46,-118,-75,3156,159,-32671
112,-61,21,6264,-8032,-32671
-120,3,-87,-6144,-9288,-32671
-106,-37,22,-9167,-7811,-32671
-42,-38,5,-13275,-13724,-32671
-28,-124,9,-12235,-19099,-32671
-5,-6,101,-16879,27218,11200
-104,111,-81,-25482,31691,-3629
-18,24,53,-8339,29112,27381
-32,121,-113,-2059,9961,-25476
2,-44,-59,5978,-2103,-1405
5,-41,16,2539,3046,-2853
-92,11,120,2912,-3828,9347
-29,-64,90,10673,-5643,3045
93,90,-61,20361,709,-2490
-84,41,120,26263,10138,-5248
-90,-48,91,29960,1095,-9874
-91,41,19,24930,5791,-9488
-115,13,-38,-28989,8230,-30115
102,-63,88,25582,16665,-25011
-86,-23,-88,27875,-14034,28707
70,-95,62,19311,4072,-32672
51,36,-36,6061,-16780,-32672
55,109,-128,2374,-12176,-32672
-104,127,-57,-8602,-26191,-32672
52,-25,-93,-13829,26827,-32672
-34,79,-31,-11883,32607,-32672
-26,85,120,10843,32607,-32565
-6,-57,-93,-22694,32607,-32707
14,-11,117,-24630,32607,-29376
-41,-81,13,-24972,32607,-25071
-116,117,-94,28531,-32704,-27611
27,-92,0,-25266,32532,-18279
102,52,27,-16725,-29795,-13860
94,12,-9,-12557,-10430,-11656
-7,106,88,-8922,-18086,-4501
-62,-3,-127,-5087,-2080,-8938
-51,-127,-115,-7308,1392,-6851
E
-6,121,-5,4393,-10575,242
90,-89,10,-6600,7764,2522
78,-27,-62,-321,6021,403
10,-110,28,17222,-12914,-2068
-63,38,-110,7306,-5782,4483
58,-34,73,1967,2663,1816
70,-12,98,3519,2350,3607
45,-62,108,4280,3655,5009
13,-118,38,10035,19216,15022
46,-103,-30,10790,13838,17219
-41,-125,48,12105,18056,26948
90,-5,70,29777,5976,-27768
69,-126,-94,29464,10235,-32668
-35,-45,-40,-31163,7390,-32668
-116,-68,-41,23551,22479,-32668
56,41,-113,13153,9502,-32668
-3,-23,-53,2383,17760,-32668
81,-120,117,-16212,29004,-32668
-81,-97,84,9289,14807,-32668
-58,104,50,11438,-31184,-32668
98,-52,37,3270,-3950,26014
11,118,-18,2937,-17400,31147
70,19,-7,-2771,-13960,-31333
82,-110,-121,-4374,-9984,-32668
-63,-13,-69,-16794,-3714,31833
82,-50,61,18641,19303,2709
5,-110,123,-20250,32610,-15692
17,-8,-118,-20647,-15113,-27833
1,75,-93,-10095,11063,-24802
107,-100,59,14919,-12060,-18888
-102,49,78,1225,2055,-1514
-117,60,78,-941,2672,5770
-78,19,88,-7790,6240,6095
-121,120,-84,-11872,6350,3899
103,2,-52,-3246,2058,-1248
127,-41,65,5813,-5584,-3661
-8,43,-119,8040,-8153,-1124
41,42,73,13958,-8429,-2664
-125,94,-80,-21738,-1795,-7474
-101,46,-45,-32562,12391,-2057
E
110,92,-13,-32562,9448,-16987
52,-62,97,-32562,1895,-29084
-115,-35,-15,32231,-11221,-31256
-80,-108,39,14253,-21327,30872
63,114,-118,7354,24273,-32670
-88,92,-67,-10324,32610,-32670
-99,43,28,-27515,32610,-32670
-53,-11,-104,-10112,32610,-32670
75,-2,75,-25695,32610,-32670
-45,-98,54,32034,32610,-32670
-2,13,-27,31446,32610,-32670
-46,102,-115,-32564,32610,-29449
-100,-109,-30,-32564,-24197,-13724
-44,-32,-8,-27260,-11988,-12701
46,13,-58,-15135,-18083,-10776
-37,-29,113,-7800,-2321,-12489
4,7,-80,-5920,-7552,-3588
-109,-50,-55,-7876,-8283,-10186
17,89,77,-1454,10585,-4620
34,9,29,8874,739,-7678
35,-4,-111,12847,-22230,12263
-26,-35,13,4573,10836,3353
47,-71,-43,6627,-457,-419
71,-52,83,4376,4435,7482
79,-105,85,5341,5788,7290
-73,54,-54,13905,29007,18450
97,-109,45,17387,22080,19359
31,13,10,16282,16446,-30481
-75,-32,69,27761,8560,-30875
-64,119,-106,-27986,7162,-32667
24,-55,-35,28348,6578,-32667
-128,87,-100,23906,-5621,-32667
-46,73,42,14148,7294,-32667
59,107,39,15511,2292,-32667
55,-94,-48,16124,-2162,-32667
-4,76,-107,-5533,13624,-32667
18,-48,31,-7495,-460,-32667
-114,44,124,-8166,-2157,31102
-26,-109,-1,-4685,1275,27050
-12,-32,102,-4917,-10191,23174
E
26,25,-108,-8942,-18096,22212
25,-42,-36,-10034,-22700,21636
88,-30,-91,15186,26092,4177
54,-88,-15,-19600,32611,-495
93,28,37,-905,4116,-14181
-84,-39,-109,-10862,18906,-20630
-39,-97,-81,-4238,23218,-13676
33,90,23,-10114,12277,-6612
48,-119,71,8042,2278,-1771
-77,-7,-4,18556,783,11910
-67,26,41,11491,3255,8901
58,53,69,10130,455,18216
21,42,88,12457,1307,30292
-108,23,29,-26513,28447,10888
8,-106,115,29424,-19828,5932
103,-67,48,21639,14798,-8928
-91,-38,91,27302,6422,-11568
81,104,-112,28591,-646,30790
-111,78,86,27600,-1298,-30333
-33,29,-32,14506,-15935,30988
-109,-110,98,25205,-17468,-32668
-61,107,61,-10135,31295,-32668
-89,-23,84,-5707,30100,-32668
62,85,6,-27949,32610,-32668
-113,-53,10,-7435,32610,-32668
122,65,-16,-12397,32610,-32668
111,-89,-117,22753,32610,-32668
54,-103,108,-31400,32610,-32668
-19,-13,48,32588,-30799,-32668
108,-28,-38,-32561,-28169,-30802
-112,-116,-40,-26049,-5738,-20451
72,-48,-21,-22161,-17906,-19703
-19,-122,42,-5447,-3846,-7566
-62,123,77,-11973,5728,-4821
20,-50,-114,-12371,-269,-9533
-70,-72,114,1814,-15850,-7595
-28,119,84,1795,-5602,-1555
3,-103,79,-5595,1744,-300
20,55,-59,19288,-1783,-9349
17,-39,106,8889,-17139,7231
E
28,-82,-28,6964,-8324,4561
-64,-7,-27,5489,-1561,1865
51,58,-14,4739,5108,3951
-5,11,6,4379,8674,10471
-13,-62,51,12306,17528,16320
-32,105,107,14439,11186,22192
38,-38,-21,25695,4807,29249
-110,-80,-86,-30620,-298,-29201
100,75,11,-31280,6245,-32665
81,-110,99,31890,5577,-32665
-28,13,91,21932,13324,-32665
80,112,76,26858,12648,-32665
17,109,103,-3878,29637,-32665
-75,118,115,-6331,-15474,-32665
-31,66,27,-11625,6497,-32665
-68,-88,-125,-3155,-825,30645
52,-78,-43,13743,27298,29143
-43,-78,-22,10328,-22910,31398
87,-45,-4,-3157,-17258,-31678
-46,127,23,26712,25850,14633
49,88,-35,12441,-14355,-4344
96,-51,19,-6494,30600,-12093
40,98,84,-12861,-32117,-17592
17,-24,-2,-361,381,-17107
14,-36,-75,-1439,2286,-12538
42,14,-76,3672,-13933,1994
-38,10,-96,1338,-6907,1890
-126,44,-102,-8047,3882,8101
-14,35,-9,-9784,5018,3320
50,-89,47,4273,-2947,-3123
32,-76,19,5868,-3307,-1927
-33,-31,55,10294,-10626,-2639
-30,-34,7,14515,-7767,-5736
120,58,110,30080,5133,-2943
-102,-26,-86,27127,7599,-4255
-119,-37,-29,-29146,5664,-15836
84,60,108,32225,9975,-20586
40,97,-61,-32309,-10595,-29016
-31,-71,29,22200,-16543,29157
15,-60,-128,3980,32459,-30694
E
-118,-54,-110,-20869,-27656,32212
-108,-25,-8,32530,-28766,-32667
-120,63,-111,-26412,30261,-32667
-104,90,44,-24219,32608,-32667
-61,4,72,29115,-31158,-32667
87,66,-88,-32560,32018,-32667
75,-119,39,-32560,32608,-32667
84,-13,-75,-32560,-31792,-27565
-56,45,103,-32560,-23355,-25989
-59,75,61,-28043,-23430,-18415
-85,-64,94,-13321,-5985,-12377
88,-66,81,-9169,-12547,-7821
68,118,-69,-11915,-1950,-12959
68,98,-52,-1922,-9460,-1260
100,-117,64,-9887,-2494,-2250
-4,-67,-105,5940,11350,-5823
47,-65,41,6832,-15815,5297
16,118,-51,-470,8436,1201
38,-54,107,1854,1146,-2894
61,-71,-16,2976,-4565,-1370
26,-114,38,2728,-1845,2308
-21,97,50,6948,-5124,1448
-67,8,-76,10362,-6112,4284
-42,10,-62,10100,1071,7773
-88,-55,40,11840,23917,19580
-102,-18,-50,9955,25498,14177
102,45,-8,16435,12880,30141
-120,-2,37,21844,9310,31127
-108,-79,-119,-25748,4913,-30759
127,-41,-71,-32556,3488,-32664
109,76,40,-32556,-6288,-32664
120,-37,-99,-32556,3803,-32664
-32,86,-72,3518,-27585,-32664
-23,-59,3,4145,-8593,-32664
-124,-96,-14,-4380,-18151,-32664
110,50,-23,-165,-20316,-32664
124,22,-75,2133,-22106,27134
-92,100,72,4816,-15637,29408
-68,-61,-57,-6356,-1681,30972
-73,95,3,25311,19581,8003
E
-6,23,-24,14950,32608,17341
81,104,73,9089,14339,-18511
-91,-109,7,-1973,27771,-15143
104,8,31,-8657,10278,-14624
102,69,-89,-2024,6788,-19000
-98,-118,90,6331,-6326,-1779
-74,64,17,6591,-5010,-217
-78,106,115,1421,-3840,5941
-42,80,-122,-627,-910,6736
72,46,-96,-17315,6058,8278
85,34,-29,-18838,4295,7831
-96,-67,-62,9604,-7333,-1902
-121,-99,-10,12455,-6663,-5668
75,-77,2,19219,-9131,-10294
-113,112,7,28752,2959,-9497
-95,-2,-95,-28264,27169,-23055
-126,32,112,-32555,17565,-25798
-83,118,-122,-32555,-9013,28199
11,33,-35,28821,-27624,-32665
-39,-120,68,-21646,-30867,-32665
-43,36,-116,20592,29510,-32665
-12,-123,74,-24613,-30961,-32665
95,-16,-14,-30626,31953,-32665
-24,-63,61,31528,32608,-32665
81,-48,47,-32600,32608,-32665
102,-53,-42,-32555,32608,-32665
-24,58,-74,-32555,-14943,-18935
57,1,-83,-32289,-26122,-20387
-118,126,-46,-9054,-12784,-13753
-99,118,-100,-13311,-16841,-7523
20,21,106,-19807,4781,3594
-29,108,64,31587,11188,-348
23,-120,-110,22673,-24339,-563
-92,71,68,-785,18929,3864
92,127,48,4310,5642,-3102
-28,-101,-79,12256,-9975,-1737
-12,115,-51,10385,-1540,-2448
96,-94,50,2209,7062,3694
56,-118,15,4689,4190,2468
-25,72,114,5522,-1652,6706
E
-26,11,-87,6995,5084,7988
-57,-67,-60,11654,16167,16558
76,-121,98,17512,11811,16423
25,-30,27,14066,6990,23320
-99,73,-107,26156,2488,32724
9,-77,51,31960,3924,-30580
32,7,-11,-30421,4236,-32661
-94,48,-73,-32554,11564,-32661
-107,60,-49,-32554,637,-32661
-79,97,31,29439,21074,-32661
107,-85,-97,266,23410,-32661
66,48,-112,-440,9369,-32661
-106,-50,-124,-22281,-408,-32661
-81,-122,-67,-2368,28666,-32661
-27,-111,-113,-14996,-2549,-32661
83,-44,56,-8194,-15166,-32661
-111,-93,46,-10852,-15940,-32661
0,-85,36,-10864,23666,-5519
-104,-40,60,-32553,32607,-3290
1,126,91,-28855,-10208,-29649
-22,120,38,-31385,-29581,-15372
61,-30,75,-3438,19102,-21452
45,-99,120,952,8485,-16566
-33,89,18,5011,4815,-14455
10,45,57,9698,-14325,4428
-68,47,59,263,-5476,-91
32,-45,-64,-20010,10051,1637
31,-117,45,-5653,4902,2918
51,-70,-96,18373,-29036,5465
114,1,-72,12706,-22563,5281
28,-71,25,6417,-10440,7324
-22,-83,-124,5553,-8776,6308
-49,59,-37,10264,-14621,-1399
-98,-95,-62,9094,-17806,-4021
77,107,52,6810,-10621,-4270
-14,-56,15,12508,-12911,-5801
-24,94,-38,21741,-19889,-7830
-54,26,65,-31692,-10380,-7731
-97,40,-49,-30398,15360,-15367
31,107,-22,28845,8903,-22064
E
-25,17,116,22241,-9829,27492
-38,107,-106,6511,-16775,32384
103,51,56,27787,22385,-32662
67,11,112,27186,32606,-32662
-42,-116,-35,-30364,9622,-32662
36,46,-12,-7958,18422,-32662
13,18,-39,-26288,-20294,-32662
-2,33,85,-18498,28394,-32062
47,89,87,-28951,32606,-32631
92,43,-46,29679,32606,-28326
-76,-56,-101,-32551,32606,-25994
-93,-38,-40,-32551,-21441,-18347
83,108,-124,-32551,-29049,-16495
-109,-32,-99,-32551,-668,-4871
-66,2,-121,-22456,-14154,-12978
28,-59,-48,-26629,-8247,-13130
109,46,122,-3949,27,-1699
-12,-24,40,2615,2088,-6728
47,-64,12,10156,2340,9190
-114,99,-22,8002,2332,-153
-117,97,-17,8041,-5891,-5946
-50,-92,60,828,272,307
-56,-68,61,731,4063,3297
108,114,41,7130,2489,4691
94,115,40,9083,199,5189
-122,-62,-36,10612,9205,12752
-87,-51,-94,8491,15860,16360
-1,-77,-21,15826,6962,28616
-57,30,-25,20398,1920,25619
-29,36,-26,19317,7625,32618
89,-122,92,31780,5555,-31264
123,76,-26,-29799,7959,-32659
-113,-117,127,-32547,15669,-32659
-8,2,-4,3812,16295,-32659
54,-83,-41,29214,2068,-32659
93,-117,126,-10288,1880,-32659
-43,73,-70,-2079,32764,-32659
70,4,-53,400,-20467,-32659
-57,53,-97,11066,-25356,27327
40,17,-99,15609,-25086,24959
E
-107,-94,-9,10924,-20556,31993
11,76,-6,-7128,-14155,27735
68,44,70,-15606,24517,-1216
-80,36,-63,22653,32609,-3283
6,58,56,-2110,17968,-5207
99,17,-48,-2123,26299,-4162
60,-45,117,-14222,-25581,-2495
-121,-73,34,-6847,21866,-5660
-21,49,16,-259,2365,-5886
80,75,97,229,4142,-3495
-116,81,86,-3647,-2435,1561
-96,79,-108,8063,-3430,2708
-39,-12,-126,17038,-8582,-1534
-21,119,-76,6346,-8461,2065
-75,-92,122,7481,-18423,2824
-42,-89,92,8403,-19045,211
96,-71,48,8094,-14746,-1664
114,-69,36,6930,-10538,-1101
12,-1,-18,5262,1098,1694
-22,-10,24,5839,90,294
48,60,-55,4345,5734,-3405
38,65,-48,3543,6449,-7668
87,-36,125,3587,5618,-18197
57,-103,-100,8938,-4765,-23032
89,61,71,22371,-10982,-19075
102,-30,64,16916,-13038,-26525
100,-23,-85,7096,-17482,30414
-123,46,124,-19390,-16679,32277
-18,121,120,29256,30473,-32661
82,-100,-96,-30129,30542,-32661
-50,-52,-45,31313,-23614,-32661
-20,-104,11,-32549,-15996,-32661
-54,-60,-128,-32549,-15230,-32661
94,-118,-97,-32549,-12184,-32661
-6,93,65,-32549,-8898,-21733
-67,68,-10,-31730,-11443,-13711
-37,-23,-71,-14433,-13156,-4043
-64,116,-68,-20834,-3433,-2977
115,111,16,2524,-20120,-28425
44,67,126,20927,-14383,1575
E
65,-92,122,6027,-2787,6715
-13,-62,-69,3541,6066,-7602
78,-54,-75,5939,-7014,-2428
-114,4,-49,4700,-3554,-1939
-79,79,-80,5400,-3308,143
-97,43,-77,7394,-6468,346
33,-122,32,9235,-9365,5331
55,108,16,8267,-7199,4886
-40,-18,31,3191,7165,8319
-78,-71,-124,9333,9795,9949
-11,-112,-24,21903,2671,14038
4,-13,-125,13568,7725,19015
127,72,-77,13005,14987,-24615
124,-102,-107,17262,8563,-32657
59,-50,107,19563,4525,-32657
-82,8,-90,16363,7180,-32657
90,101,100,3979,5449,-32657
127,71,-58,8987,-5126,-32657
84,100,-20,6310,-3468,-32657
61,38,-6,-5142,7530,-32657
-80,10,-70,-10395,2028,-32657
108,79,-34,-2899,-16502,-32657
-102,5,-66,-8876,-2394,-32657
-32,-39,-88,-5935,-7702,29634
-103,-72,-18,76,-23533,26569
0,-11,40,-2669,31489,30934
20,-99,-55,-14819,30485,-13520
-96,-110,-26,18275,32608,3719
-110,91,9,-18421,10793,-6479
-106,0,117,-23495,-22932,2184
-55,86,-73,-27412,-30196,3968
98,103,-69,-21367,32608,-1867
-8,35,-78,-2888,23840,-8785
-20,-124,3,3456,9385,-7943
79,-50,-83,10916,-6418,-8757
39,-38,-82,14152,-14052,-6611
55,-21,96,13460,-13062,2514
75,-24,53,6084,-10753,-3854
-55,100,77,32254,-6190,-11307
38,-86,101,26414,15428,3707
E
-43,-22,-21,3586,-22711,-2684
105,86,28,-18078,17494,7080
-16,-70,-21,-12310,2879,6554
94,-98,-61,-4347,10268,2821
66,-99,44,19513,-26582,15665
-92,61,-5,4163,-31265,27523
12,122,104,15721,32608,7467
56,32,97,-22347,-15980,-12226
28,10,23,-32549,16037,18561
15,91,48,24755,32608,-32657
85,-109,-41,-20023,-1714,-32657
50,-34,-29,-8923,25795,-32657
-124,-42,123,-22465,-19050,-32657
-116,91,-65,-25073,-20692,-32657
-43,-62,78,-31155,-18648,-32657
25,57,-70,-19378,-30894,-32657
119,-96,59,-22781,-24482,-24719
110,81,102,-22249,-11083,718
45,-90,107,-24870,-12527,-9121
-13,-28,-95,-17,816,-9653
0,31,48,-7013,-21427,21844
34,107,79,7934,28026,-1697
72,-8,-110,12728,-13771,-9782
-103,-111,-61,267,-14108,-1619
-86,48,80,-4925,10458,1525
125,-30,127,249,2428,-55
-42,-127,-88,5886,-5979,3315
-105,50,-100,9336,-1505,529
-18,-127,-72,7281,911,1313
-7,-124,124,11654,567,4530
-3,103,92,12925,6021,5321
-111,-6,79,13553,21224,23542
93,73,42,9921,17852,22077
-84,48,108,11423,2792,-26451
57,-57,75,20233,-3865,-32655
-30,90,-27,31789,-13607,-32655
45,-120,75,-29527,-15966,-32655
-4,92,6,-32549,2250,-32655
93,-101,-4,-32549,11885,-32655
-27,-39,-15,17069,5445,-32655
E
-24,-44,-43,-11813,13741,-32655
-123,68,45,-23576,-24555,-32655
-9,50,-64,-22599,-18143,-32655
48,33,-42,-4756,-14590,30191
64,-51,103,-8855,-18236,32328
59,-3,-128,13433,24751,18216
-45,-107,100,25469,32608,15264
104,-67,39,25312,-4791,28194
55,68,-111,7304,23068,-29143
15,-7,-31,-500,17512,-9332
72,-71,-25,903,8949,-9924
40,34,-90,-4003,-6114,2723
7,77,115,-6341,-1140,154
-13,100,61,-2524,-7005,4106
-91,77,0,3721,-5320,6485
-97,23,23,3701,-953,3101
-62,28,54,-6151,3985,1744
-5,95,70,-7600,10692,1388
-113,87,-109,5062,12594,-6752
-6,-3,21,9070,18400,-679
124,-21,-49,12252,20625,-13791
99,-80,80,23543,11173,-28201
47,-91,60,23395,-7622,-28093
15,10,-80,21018,-18054,29594
-45,-54,-38,3054,31691,-32656
67,-128,126,5839,-23391,-32656
-70,62,-120,-11,-11896,-31025
24,-72,-66,-7586,-9421,-27067
55,79,74,-11126,-16741,-30468
78,-3,35,-15741,-15400,31470
-95,104,-36,-22053,-21236,-32656
44,65,92,-31440,-20798,-32656
113,123,-124,-31991,-11935,-31972
-47,100,105,-26342,-2714,-20470
104,4,-122,-20532,-11765,-16916
-23,-29,2,-15174,-7275,-15987
27,-51,-82,-16928,-6608,-17882
-112,-128,106,-12019,-12151,-18962
31,-33,-77,-10699,-10728,-16599
71,-107,36,-5838,-3264,-18222
E
-56,-50,115,-10636,4528,-7745
-92,126,78,-8446,-5846,2561
68,12,2,-565,-12586,358
74,-6,34,-3715,-9373,1870
75,8,99,8150,-10840,1301
77,65,-28,10477,-12074,-4231
35,18,40,-3219,2460,6330
118,102,-113,-2985,2486,-3759
62,59,-43,-1446,-2766,155
28,-25,-39,-1610,5437,4227
-19,51,49,1823,10427,9607
-96,-79,109,991,8697,14457
34,44,122,-1001,16500,22548
-118,19,123,17182,6328,32642
102,-127,-80,24390,-6184,-30270
27,-37,-8,-29957,-16120,-32654
94,25,-90,-31255,-10614,-32654
88,60,33,32522,596,-32654
-78,-83,-3,22063,10480,-32654
-58,103,-9,12041,11144,-32654
-112,-89,-63,-5242,12537,-32654
44,-111,-111,-13986,-2530,-32654
66,83,85,-14349,-9237,-32654
22,82,99,-15781,-14270,31187
122,-96,-54,-10295,-19682,25926
-118,60,-114,-25600,5390,-30147
-29,-76,-110,4124,17163,18858
19,9,113,25110,32607,4789
-42,72,99,21465,5515,-14942
-68,41,52,-4934,29994,8541
-81,-49,-50,-7536,-3512,-7460
-116,-87,38,7875,-23178,-8923
-67,121,-6,11753,-9261,-4307
-2,123,102,11694,-2942,1438
21,-105,-70,9379,3375,7591
-41,-33,25,2205,3721,9545
-121,5,0,-5657,2575,8240
93,34,-58,-17688,4503,4032
31,112,-25,8604,-22064,-2418
106,26,-59,12696,-20805,-8910
E
-71,-48,-26,5486,10620,13790
4,-10,43,7698,17812,7959
94,61,77,12904,23421,538
38,93,-38,25190,22090,-9410
-111,77,63,-26295,-20670,-25634
-31,28,-30,-32549,19487,25982
-31,-20,23,-5277,32608,-32655
-70,77,-60,30571,-13054,-32655
110,-45,-47,-31786,31165,-32655
8,-43,-11,30777,-9805,-32655
9,104,44,-32550,-11792,-32655
-7,64,-113,-32550,-12527,-32655
-73,-49,-98,-32550,-788,-32655
-34,2,1,-29418,-14993,-32655
-2,88,-99,-26016,-12903,-22641
91,23,-95,-11722,-7724,-16175
92,83,-122,-9459,-2778,-12699
-78,-68,-31,-7695,-9956,5957
97,-19,57,-12912,3509,-7855
-61,101,-72,-408,6541,-9966
120,59,119,3118,-12663,15146
-19,56,-18,1888,11758,85
50,-92,-41,12461,-3532,-3405
-38,-14,31,1621,-5036,3231
-24,-45,5,850,-2311,4158
-41,77,-92,5273,-3996,4042
-55,-28,126,7371,-3156,3628
-69,-20,113,9700,4029,8610
-71,81,-81,9417,7275,9872
-112,-92,13,12266,4196,15530
124,-118,-87,11065,9589,20250
-51,-127,-86,25189,3696,-25863
-29,-30,28,-31527,3083,-32427
42,-112,55,26314,11310,-32653
48,-63,-76,21496,18901,-32653
-82,81,-56,5599,16981,-32653
-25,-103,-30,4086,-13102,-32653
100,-32,50,333,-11399,-32653
29,61,11,1818,-19220,-32653
-124,84,48,4096,-27273,-32653
E
8,-47,-71,-16207,6743,-32653
13,-34,-94,-16026,87,-32653
49,-42,91,-6803,-11255,26514
40,8,112,3666,-17761,25050
45,17,-20,-790,23374,23514
48,-100,-127,-15685,32608,24277
-79,89,-91,22122,32608,-109
37,61,-54,-16045,-11360,5168
27,93,-64,-3846,29226,-4279
-85,23,-85,-8678,25067,-8835
9,-73,64,-6403,20830,-7872
76,14,-125,-947,5913,-7845
-114,31,-107,-2845,8111,-6176
-98,-93,88,-3207,3521,-1220
-83,-64,-128,-629,450,2578
-64,-61,19,3566,-12105,4018
-79,-61,13,4543,-10156,2983
-74,-49,94,5987,-10788,2172
-65,-32,125,3518,-10293,1122
-17,-35,-1,30828,29979,25637
7,11,67,13650,18599,29595
-113,39,-16,8849,-18306,-29404
-32,99,-44,27251,6582,31798
-2,-87,35,-5653,-14932,-32655
109,109,-112,-15530,25856,-32655
25,3,-37,-30668,-8268,-32655
-119,120,-23,-26174,-5147,-32655
96,-112,50,29763,-20646,-32655
-53,52,105,-32677,8328,-32655
52,26,-19,-32544,26428,-32655
-65,32,-73,-32544,-15462,-32655
-6,82,-91,-32544,-5662,-32655
31,21,113,-24481,-21964,-21226
-47,68,120,-13148,-14700,-23735
-28,-73,42,-12093,-15217,-2972
-21,73,18,-25749,22104,-7799
-22,-45,-5,3952,-20395,8795
-70,116,-23,1128,17456,2391
-42,71,-126,12534,-8802,-4129
87,101,80,7025,-5828,1076
E
-116,98,78,4493,-2423,860
-69,-99,31,769,2082,1185
-88,124,40,1956,507,804
-116,73,38,3130,-622,1062
79,-9,58,2791,-4356,-559
80,-14,48,3287,-3456,715
29,83,48,7787,-4009,6018
3,-12,72,9083,-4482,8281
-44,96,126,14649,-1052,14140
-103,-87,-30,9672,19640,20840
-38,-75,118,23069,5965,21236
111,38,-96,22235,13120,28716
88,96,114,31743,12034,-29131
84,-15,-33,-30146,-917,-32652
124,9,-95,-32541,-2431,-32652
-121,-117,110,22721,24544,-32652
47,-11,-49,22260,-13572,-32652
37,-6,-82,8609,-192,-32652
110,117,-106,5539,5185,-32652
69,-27,-120,-3317,2949,-32652
-22,-38,-94,6819,-22279,-32652
-77,-50,36,30248,23071,-32652
24,117,-75,28716,32605,32612
-128,-119,-35,-10204,-31735,-32562
-19,76,-79,30541,25833,17672
-127,-67,69,16113,5603,28040
-38,123,-57,-17640,32605,-6696
115,111,10,-32587,-14099,-29521
25,-35,92,-19814,-28286,-18958
-21,50,-78,2784,27387,-23216
-116,123,-9,-11726,14068,-22459
-41,76,12,2058,-146,-18142
16,-61,-5,2098,-1903,-6829
120,-80,37,1773,-4888,10721
-114,53,76,-4232,560,12306
-97,-97,39,-14512,10724,10559
-89,53,95,-11738,8718,2965
-102,-8,-110,4075,-4033,1418
-29,-24,-81,10299,9120,10967
98,35,16,5014,-30769,9529
E
-79,62,-123,10088,31192,6038
127,34,12,-22151,-29429,-18345
-22,-60,-89,-31932,21083,21498
50,86,-87,-2855,32605,-32652
-74,101,87,27813,32605,-32652
120,102,75,30013,-25081,-32652
61,-106,-6,-30216,-31911,-32652
17,98,4,31973,-9181,-32652
-35,-4,-62,-32541,-11108,-32652
-87,-44,98,-32541,-5383,-32652
-90,-79,75,-32541,-23685,-32652
-83,12,-31,-15462,-26883,-25795
38,-110,1,-2259,-22773,-12806
-88,-72,66,-7437,-15709,-10508
-97,-69,35,20630,-30519,6246
-30,-79,53,850,-2023,-7887
36,-54,18,3871,3207,11813
90,-13,-35,2673,4286,1166
-11,-49,59,12717,-6878,-5048
57,50,100,2371,248,-681
106,-125,-127,-2339,626,2782
21,47,89,2867,-564,2527
7,9,91,5213,-2395,3577
-111,105,97,8835,-7732,8675
89,43,-124,9714,-7558,7621
32,-93,-58,3607,1996,10628
8,-72,-61,-2093,5098,12550
79,46,43,-96,21219,25455
88,105,65,11181,3611,29319
109,45,-3,19246,3930,32639
-43,-8,-82,17113,570,-31502
1,85,-95,30821,-16164,-32650
83,126,83,31372,-13321,-32650
-19,-113,-24,-32007,-1684,-32650
6,-84,1,30503,8671,-32650
-21,45,121,25583,6862,-32650
54,-120,73,18521,3299,-32650
25,-55,-16,14115,3553,-32650
-35,-43,7,10646,-7330,-32650
-4,1,126,4086,-10232,-32650
E
-75,107,-91,-3385,1124,-32650
-117,98,-5,-359,-13402,30454
112,-119,-31,1840,-17226,24358
-43,-100,-117,-4651,-13748,27602
126,-105,-74,-15740,-9041,30728
-118,60,70,-25125,21499,7404
-54,20,7,15572,-31599,-7449
16,31,-14,-7158,15184,-13363
-68,-56,41,-17393,-28111,-9208
-53,-13,-116,-17905,-30387,-11920
-94,-29,-72,-17248,31977,-10689
22,-76,43,-4253,8207,-4922
-62,67,-117,-4021,7005,-3898
27,61,-2,4702,-8194,5275
-83,99,-60,1300,-5475,3066
90,100,-86,-4843,-5708,2279
95,87,-77,-7046,-808,2889
-12,-80,75,-11118,13582,1960
-99,-100,90,-7678,8906,1768
-24,-7,-44,4531,-1735,1046
3,46,-66,3473,207,1296
52,87,-64,6658,4922,-1655
33,-62,-103,16272,16582,-1860
-99,62,99,-32614,11767,-25940
66,-1,4,-29122,-1885,25451
-119,44,37,-32544,-15361,-32651
102,40,45,7141,20808,-32651
-29,-85,90,-16401,32605,-32651
5,84,-65,-20140,-25539,-32651
82,50,83,-30840,30141,-32651
-40,-119,-3,29553,32605,-32651
101,91,43,-32545,-19840,-32651
-67,-15,115,-32545,-23224,-32651
11,60,-92,-32545,-2210,-32651
58,-69,114,-32545,-7796,-32651
-36,47,-19,-27125,-10212,-18474
-117,93,28,-17446,-5756,-19122
-118,-46,86,-4855,-10394,-5532
46,-74,88,-9318,-1906,-4252
34,-77,100,-8874,-4639,-2256
E
-105,41,23,14434,-1629,-1272
-65,55,-58,3830,-17033,7130
-19,92,37,5190,16567,-5975
89,55,-128,6178,290,-4684
74,61,91,-975,-6114,6553
-20,11,35,3726,-3113,4593
-23,-83,-28,9002,1356,1477
-24,75,42,4371,-1440,5286
-40,91,68,4237,-2283,4814
80,-74,-107,7032,-3962,3462
111,-82,-105,6596,-357,4195
86,-26,2,2340,19845,11155
71,-61,4,6305,16788,18860
-49,97,-46,10449,14557,20240
126,15,-81,22498,8475,31613
-60,27,-24,29660,-1175,-29852
-122,-76,-64,28659,-751,-32648
-109,-58,47,23247,10198,-32648
79,-65,82,20379,17844,-32648
-54,-50,126,11843,22874,-32648
-116,-126,92,2432,24667,-32648
-49,97,-5,9779,998,-32648
44,27,-46,-19656,3110,-32648
64,35,48,21975,10374,-32648
-14,-112,-15,-32596,-1653,-32648
-64,97,105,-32543,15268,-32648
-118,18,-46,-32543,32605,31163
-124,-73,116,224,32605,-30938
90,-123,84,3422,31949,-20893
-25,-26,-99,25286,-21790,-6746
-59,-68,121,-17933,32605,3794
-1,117,67,-8638,25354,-16170
-68,-21,-73,-1786,4638,-12548
23,103,98,14229,-29494,-8132
72,49,-101,16312,-29728,-4910
88,52,-77,20734,30993,-1165
83,-31,35,16243,-24317,-2622
-124,93,11,-6837,-24,-6184
29,-119,-36,-14531,4608,-1081
-121,-54,29,-31262,-4454,7952
E
60,5,117,25775,-16871,5206
-123,-124,-15,18272,-5599,-1969
-61,64,-104,8699,745,-349
-122,-34,40,-961,4740,2167
-86,-61,48,6175,-2351,-11952
33,59,-70,25284,20527,20317
19,38,116,22835,4179,-32646
115,-85,-93,3395,26495,-32646
-62,15,-123,5776,31220,-32646
82,35,9,522,1618,-32265
45,105,-123,2679,-7299,-31768
-23,82,-67,8776,-21642,-24617
-15,82,-58,2169,-20462,-27034
-21,-36,-24,-28870,-22492,-25235
96,114,10,-31636,-5960,29487
-37,100,104,30269,-21667,-32646
-3,91,19,-32544,13,-27496
17,-62,-70,-31626,-4492,-31098
-120,-38,91,-23383,-19662,-22507
-64,-29,34,-19508,-13525,-18250
87,-38,92,-18667,-1674,-12599
29,-94,56,-2543,14718,-11920
-113,66,-104,-833,1560,-5207
70,1,54,-13812,-11057,3170
-77,-121,64,-20763,-1689,-854
-70,77,-84,18931,-4030,-4164
89,-126,21,10296,-15196,10168
32,56,3,8331,819,-4900
17,-36,126,6837,-4532,-2091
-10,26,59,-2804,3076,3955
28,30,69,-729,742,2139
-10,-38,65,2373,-3892,2486
-34,110,55,5982,-3347,1049
-33,14,36,7588,7975,5460
2,31,40,7868,13771,9610
-71,127,-127,19018,15841,18711
-33,-33,81,10953,27230,26895
-46,-126,-10,15798,17796,-28510
117,-104,100,26581,1551,-32364
-113,91,-9,25294,11353,-32643
E
91,75,125,22491,4573,-32643
41,-32,76,15596,2437,-32643
-31,-122,-34,8504,29451,-32643
-114,61,-41,-14477,30233,-32643
-1,-43,97,-12433,-10238,-32643
-104,-81,-112,-13723,-8964,25552
69,125,-48,-8961,-1500,21225
118,-29,-94,-5258,6493,23162
-112,120,-107,-9870,-534,27481
57,-5,-125,-12135,-22866,18100
101,103,72,-17013,29320,15159
57,98,116,-8532,30715,19704
37,124,-57,-32541,32609,-149
-34,84,-51,1075,29244,1477
106,-92,-81,-14885,-20883,299
-64,-84,-15,-25583,32609,-8956
80,-60,127,-12894,32609,-16230
-43,23,84,6562,2301,-11776
92,55,-50,5998,-10005,-7523
-127,53,-59,2229,-8948,-5740
-60,72,83,-7503,14169,-5166
82,70,85,3184,3614,7400
60,46,-1,3782,-3407,4245
82,14,103,3906,-11678,-5532
86,-12,92,11914,-12272,-16227
-28,-56,51,-31548,-20609,-11491
7,-38,120,31346,5460,-27648
71,-105,98,-32760,-14709,-18248
-95,-41,-25,23507,21407,-24666
64,77,-38,-21724,32609,28055
112,-21,63,-26611,32609,-32646
78,33,96,26553,-26750,-32646
-114,69,-55,-32540,-26559,-32646
-45,14,-1,-32540,-14494,-32646
-105,-93,-54,-32540,-14829,-30141
23,101,78,-32540,1385,-20723
-10,-113,-13,-32540,-4542,-21119
93,106,50,-32540,2325,-15428
34,-39,84,-32540,4928,-10321
93,46,-38,-16754,-8688,-9538
E
-103,106,-30,-11721,-13281,-11240
74,-113,-127,-9095,-2341,-4221
-80,96,89,-9521,6815,-5465
-114,-100,56,4008,-1381,-158
97,-46,-58,2988,-10356,1744
102,76,79,6793,-11823,1224
-27,-77,55,5968,-8251,-1464
-65,63,85,2183,4672,333
-108,49,92,405,3129,3031
86,30,53,1884,1883,1942
50,-9,12,4901,4188,2545
29,-50,-70,6828,2071,6033
-113,100,93,3086,15445,7717
62,3,55,12528,16350,16304
-22,-95,-24,17126,11824,13555
111,-79,-58,21947,5462,31255
-79,112,50,25329,-1700,-28849
-125,37,90,27109,-4752,-32642
-71,69,115,29254,3430,-32642
-110,106,-45,27570,2170,-32642
125,-122,-111,19715,7707,-32642
116,105,-20,26397,-1177,-32642
122,-81,63,13319,13400,-32642
28,4,-23,-12057,12191,-32642
-25,3,53,-21870,-1713,-32642
31,121,-95,-28167,-1684,30257
-52,-23,119,-17958,-15784,30635
-61,-120,60,-6588,-31547,-31596
-7,-80,89,-4281,-27394,29388
-72,-7,-96,18916,29371,31380
-116,-10,22,31510,32608,-30474
93,12,38,-14220,16647,-22614
-84,-31,-51,-11171,16543,-18899
-93,-120,0,-15083,15151,-19290
65,-90,126,-9692,11005,-15625
14,-19,-45,6580,-4691,2021
48,68,27,7070,-4665,4745
44,-121,89,9524,-6019,9806
87,56,-70,-859,-1783,10045
119,94,-94,-6725,-947,7479
E
-76,59,-59,5677,-9695,-12481
45,-93,-41,26062,7253,-9052
54,-5,30,30986,7340,-18120
-99,97,45,-29403,30484,-22272
-128,-23,-93,-32537,26872,-32202
-17,-57,-97,2141,32607,30598
103,-42,110,30239,-1724,-32643
41,100,-125,-29687,-12203,-32643
-105,88,-86,-17946,-26397,-29037
-97,46,53,-28484,-27069,-29153
85,99,-116,29678,-11826,-27632
-66,61,-78,-32537,-16725,-31860
-15,-110,-113,-32537,-14384,-31917
54,89,76,-32537,-23636,-25808
-87,-117,-46,-32537,-2589,-17500
49,-116,-91,-32537,-9409,-21606
-35,-113,-30,-25302,-17272,-15659
-61,-45,96,-10661,-13632,-15355
44,-45,-32,-18641,-11310,-13979
-65,-14,50,-14736,-7718,-547
23,86,-105,-13709,6578,-12654
34,-17,121,12347,-1840,-1175
66,-98,-79,7117,-754,346
-90,12,121,7113,-15053,3207
-64,-110,-16,4177,6859,-1264
1,-80,-39,3140,-1152,-4422
-45,125,113,715,-1383,2309
-76,110,96,1672,-2724,210
49,1,121,5303,-8857,1924
67,-33,-105,3149,-3098,2395
100,-116,-61,1781,7219,6656
127,60,-71,1526,14038,12434
126,4,-92,556,13143,19511
77,95,72,14470,12567,28703
-45,-58,115,21435,1010,32331
-111,-49,-32,29944,-3902,-31066
-79,-19,-49,-32689,-2941,-32640
30,51,92,-31288,-5560,-32640
24,34,-89,-32534,7933,-32640
88,49,-59,27240,7852,-32640
E
-81,-27,81,19583,-3849,-32640
-33,79,-11,5782,2362,-32640
-125,61,-79,16986,-21125,-32640
-35,-118,-81,3880,2103,-32640
-25,16,-105,661,-1419,-32640
110,-111,61,-28970,-2093,-32640
-82,68,17,-20401,-8209,-32640
-117,-41,73,-9370,26426,-32640
-44,-61,-12,-9627,30206,-10151
-47,34,32,-18845,-19673,14478
-85,70,106,28868,-26426,-28236
-111,-123,-119,14929,5800,-17668
58,17,-16,-694,-7394,-11582
-66,-128,-113,5310,-14407,-3170
-92,3,-76,-2139,-8771,11738
10,-75,-31,-834,-10398,6752
-31,45,35,19584,4208,-3139
-111,112,75,27692,27835,-3257
62,50,-28,26426,20839,-11470
-70,-13,-45,15853,-3728,-28003
81,-23,36,22390,-16387,27304
109,-93,-40,30286,6398,-32641
-48,-56,-128,-10840,1275,-32641
-70,-108,-61,-6884,-17989,-32641
-110,41,93,-20819,10918,-32641
78,80,9,-12620,-2183,-32641
-1,108,54,29701,2103,-32641
18,-11,-71,-30529,5542,-32641
-39,-72,-105,-23279,-5805,-32641
31,6,-6,-28403,-11324,-25525
65,63,-26,-22039,-10102,-27025
84,-67,-37,-4166,-11951,-15578
-71,6,42,-5135,-8091,-8539
-1,71,-104,-4414,-4157,-5444
-28,63,-28,-5840,-4825,-3149
104,108,-125,-3796,1892,9017
-78,-84,-102,-6332,-7278,6179
120,108,-67,21366,-12596,-14573
114,33,-34,4122,-9146,9491
-127,-7,-66,1327,3218,1966
E
-84,-89,-49,2026,-4764,-4223
120,96,48,2478,-5524,-2122
-30,-1,65,324,-4720,147
-18,-15,44,1941,-5402,-482
-94,82,-55,10255,-3637,1459
-83,66,-67,9837,-190,4376
-116,85,66,7387,24481,16800
-64,114,90,10514,19989,18611
-15,-43,20,-30098,-1053,28868
68,32,77,31657,55,28374
33,6,27,-31061,-7203,-29772
-21,30,-97,-32535,-828,-32638
18,-94,-95,-32535,9455,-32638
-55,-52,-111,-32535,27308,-32638
-70,-96,-41,6919,-2513,-32638
-34,73,-30,14576,-1199,-32638
113,-62,3,-7057,-3413,29509
-101,125,-62,-508,-6021,26645
43,-85,94,-5694,13181,-30178
-4,98,59,-5855,2912,-32638
8,95,7,-3259,-30085,31182
78,61,-67,-5664,-26791,28376
-122,-26,-63,-18681,28172,22105
40,-36,68,-24653,32605,1434
50,50,-88,-27306,32605,-7132
-70,68,-14,-14562,-31430,-29962
-103,18,-68,-8503,25630,-19452
21,36,-9,-6078,11449,-8603
75,46,-36,-10496,19525,-8131
62,46,76,-7237,16589,-5485
104,62,92,-5233,16649,1146
119,47,-119,2461,16586,9906
125,10,9,10275,22191,1987
-40,7,124,11857,22537,-4054
-93,14,-5,26917,6251,-26464
-107,38,-96,30931,-4430,-24916
-126,12,4,18152,31959,27915
68,-102,-73,5060,27587,-32637
-82,25,13,-22251,-3967,-32637
23,-18,-74,-15856,-15570,-32637
E
41,-1,-107,-15915,-28471,-32637
-45,4,-108,-25301,-17378,-32637
21,-119,80,-27643,-20135,-32637
104,91,15,29615,-5884,-32637
-116,-12,28,-32535,-10794,-32637
-64,-24,24,-14971,-22439,-24151
-13,-123,39,-18898,-12267,-20778
32,43,31,-9444,-19959,-13155
24,121,125,-10193,-12191,-15470
89,-122,109,-13148,-1670,-4049
-11,44,-15,-17552,-13271,-5676
-78,10,-22,-9026,-10088,5537
-20,-13,-98,-7128,-1349,5154
-67,63,-123,-10038,7425,11077
99,105,111,17146,-9220,1440
95,89,-100,6676,-14495,-4319
11,41,32,-3670,724,4988
25,-111,-87,-892,3330,-2560
-78,-120,-97,1507,3223,582
95,-106,3,4111,-2198,319
45,-100,-7,7216,-5903,661
92,-76,-30,8445,436,2215
-96,-58,-119,3594,20796,7306
96,-92,32,6885,19435,13084
95,-113,-1,15336,15869,16085
96,12,-98,29212,4683,27590
59,-42,2,24531,9515,29257
42,-73,102,27244,4058,-29789
114,22,-20,29049,4236,-32632
8,10,-102,-30083,-1345,-32632
39,-57,-67,-32530,5660,-32632
-65,123,-85,19162,11193,-32632
90,121,59,6982,20400,-32632
22,-122,-114,4094,-4582,-32632
89,14,-65,10071,-18651,-32632
11,26,-15,-1207,-15223,-32632
17,63,-67,-19720,-3930,-32632
-98,-29,62,-14555,-3995,30573
-110,69,-123,-10775,-7220,29980
-22,-106,64,-8888,-30455,-31399
E
126,-15,60,-11100,27379,-3106
-11,-23,35,13531,32606,-6480
75,116,-64,-28312,-12357,-30467
119,40,88,-9994,29816,-22379
74,86,73,-12310,31962,-20284
105,-102,-51,-3993,17651,-12352
-64,89,6,5720,-5254,3742
-51,-109,106,3600,-5365,5830
-118,-25,28,6191,-15599,7845
-104,-11,46,2088,-9331,4782
22,-104,-28,-10076,5765,522
19,117,-109,-11922,7113,209
127,60,-67,5049,14256,-3123
116,25,34,3325,-1452,-3484
-37,29,-81,-23556,1678,-15047
39,60,-60,-30393,29016,-31306
-94,72,53,30570,-21383,-27787
-37,-100,72,-9451,26919,29935
87,29,14,-8976,30274,-32636
80,-89,-7,-16245,-21871,-32636
-6,-21,-113,-32332,30156,-32636
79,74,112,29581,6006,-32636
96,-1,35,-32529,-120,-32636
120,110,-50,-32529,-9904,-32636
51,-57,127,-32529,-4485,-32636
24,-75,99,-32529,-3936,-32636
66,58,-59,-23362,252,-22326
12,-75,15,-16865,-5696,-22816
-2,16,-112,-673,-22283,-7938
-128,-57,29,-8877,-10342,-1977
23,-55,-58,-13784,-4301,-4409
-112,113,121,-21450,-1766,7700
-109,76,-106,-3,-3770,7169
5,-33,-32,11167,-6625,-3759
120,-88,-114,4645,-11405,4366
116,4,5,4898,-4329,-2470
113,-40,71,4171,-6259,-1486
55,-59,86,-2515,2528,2894
74,-68,72,622,-535,1071
39,84,25,4002,625,722
E
40,63,34,3730,346,1544
8,-61,40,6614,-1628,5526
-10,-46,48,7681,2808,7536
8,-58,55,7629,4840,8990
77,-87,93,3950,16032,19446
37,65,114,9158,8987,27822
-125,2,-53,21262,-1285,-31733
-113,119,70,28788,-4581,-31409
-123,-81,101,-28414,-3752,-32631
-88,-97,-24,32186,5513,-32631
7,27,29,21219,12513,-32631
-19,9,-80,23611,-19675,-32631
68,81,-95,15070,-6607,-32631
15,22,-93,-3548,9835,-32631
-12,7,77,-1361,-6138,-32631
-100,29,-112,-1963,-19591,32005
-53,110,52,-2674,-28273,26845
48,67,-40,-3566,-18313,-31262
24,56,92,-28337,-5587,-32380
54,101,-78,26706,-16816,29544
12,-24,110,238,23477,-13038
65,91,2,7460,2963,-16340
120,-120,-47,26892,-12130,-23612
-56,30,89,-20183,32604,-2537
-51,-19,31,-8665,19704,-13726
85,106,-119,2955,565,-5731
-45,119,86,4346,-1440,-5469
-102,-26,9,8616,-10747,-137
-50,-19,-119,8107,-13106,2657
77,-22,-84,2926,-6094,5155
85,-37,-64,-664,-425,3311
28,-23,-23,-15154,15356,-726
-4,-1,77,-15541,13457,-321
-63,-93,126,-7790,15333,7140
27,83,-121,13773,9147,9166
37,-71,-39,4665,15028,-2484
42,113,-30,16934,14873,2872
-119,123,49,13333,13098,-5122
-83,-114,-106,-25297,-23233,18157
-87,-31,48,20873,-19625,-32706
E
-28,-54,-110,-7597,-19948,-32630
-107,59,-72,-22138,-5085,-32630
1,-86,124,-21774,-22235,-32630
123,103,-37,-25263,-1912,-32630
113,-124,-89,-32436,-6960,-32630
49,98,61,-27140,-15556,-32630
69,45,100,-27143,-11753,-32630
127,-48,94,-22869,-11254,-32094
-87,-27,37,-18068,-9269,-24451
-64,-32,80,-8758,-12586,-21002
12,85,-105,-9271,-11924,-10888
75,126,-73,-15459,1042,-5279
30,33,70,-6773,-11903,2313
77,104,-103,15294,-12652,-10339
-13,13,18,9406,1122,-4705
38,1,41,1386,10232,8571
-4,-83,95,8275,6124,-1783
31,-33,-33,12092,-14630,-679
-53,-126,72,4464,-7280,1584
-88,-3,20,-95,-2997,-75
125,-79,-4,3463,-4859,-442
-20,65,-40,8239,3090,3455
-62,76,-5,7926,5421,5303
37,25,79,9060,11485,11707
-3,44,76,1104,15454,7271
62,124,81,10285,10879,23907
-46,90,-39,17843,13669,27823
-44,47,4,21477,17018,-28539
43,118,111,31587,3514,-32624
112,-91,120,-32268,5763,-32624
-80,-50,102,30597,10847,-32624
-101,80,81,21451,-9300,-32624
114,114,-64,20400,-1155,-32624
29,-108,30,3967,4543,-32624
-51,-36,-112,10062,-7934,-32624
-46,-81,-96,-6390,-8723,-32624
-128,-57,-96,-9610,-8732,-32624
-85,1,-75,-12370,-16235,-32624
-1,11,-16,-6086,24861,-32624
70,-17,103,-14795,31959,-32624
E
113,54,-63,-10307,32604,-1513
-77,106,31,-14712,4085,13522
-109,47,-20,-11481,-32312,32278
73,85,42,-1362,17046,-22559
78,-69,-118,-7780,18553,1271
-86,-76,69,-6204,9976,4292
17,-43,96,-4436,10717,614
103,41,104,-2691,8586,-1705
84,-5,73,-4227,9105,-251
-101,-37,58,-638,4547,982
-92,-30,59,-1555,6427,587
51,-26,57,-5523,13914,-4427
14,-22,80,-6342,13521,-4750
-51,-32,-55,-12978,8650,-7040
22,-106,110,-6149,-5653,-4792
25,72,-102,-1909,-1892,3062
89,94,-30,2001,20171,-776
98,91,-81,6852,29848,-11044
-78,72,-59,-21172,3017,-28908
-25,-16,25,-31577,-13020,27484
72,57,24,3875,18792,-32626
-54,-43,43,-1207,-27699,-32626
-71,74,-59,-29207,3151,-32626
11,38,-63,-21560,-20270,-32626
54,76,89,29127,-17430,-32626
-90,-71,95,32289,-1354,-32626
125,103,-10,-31580,-14682,-32626
116,68,-88,-29172,-7123,-27682
-4,16,103,-19526,-7281,-24864
7,46,-66,-8066,-10681,-21683
4,-27,14,-4864,-13966,-16341
54,-25,-78,-10133,7361,-11019
-13,16,35,-23893,631,4048
70,108,-75,-10493,-4082,518
6,55,-103,3886,5213,-113
32,-61,-60,8606,-886,774
24,-58,113,17851,-5278,-3962
-123,-44,-13,1051,-2272,5421
-107,62,-80,2058,3693,-885
-116,-89,102,-339,-2942,-2842
E
-69,127,107,-2532,2064,802
115,28,76,1379,-2278,629
106,28,83,2982,-3347,1243
62,-6,103,3360,-6070,3622
80,7,110,2557,-4517,4882
56,-23,-97,-262,2617,10633
32,-42,-115,2902,6666,8541
39,113,2,9129,17454,15587
31,-82,7,7887,15304,18818
95,-106,-16,8177,12708,-30518
-8,-7,75,17012,2462,-30664
-75,9,75,-31348,-1601,-32622
-75,93,46,-29752,269,-32622
-53,64,22,-32527,14829,-32622
32,-62,1,23901,19122,-32622
0,47,-75,3730,-1472,-32622
-1,-14,-31,9068,-10327,-32622
60,-27,-93,-21615,13087,-32622
-63,63,119,-16047,-17997,-32622
13,106,-74,4552,-29109,-32622
56,-36,112,15266,-29705,-32622
-58,114,120,-26898,1729,24497
-30,-87,13,-30189,-7323,26498
97,119,-18,-3505,31864,32267
15,-80,-4,10577,6770,-15843
52,-99,-121,32488,-22794,-15957
121,-23,82,-20727,-3547,13549
-18,4,112,440,-7295,-9289
95,34,-12,-15522,14186,-19350
24,-113,-71,-3658,4196,-9487
59,85,-121,-559,-1792,-6226
70,-15,-73,13539,-15608,2888
120,-8,-49,10429,-11278,1094
-110,-85,65,3926,-5418,1390
-95,-59,59,2492,-4183,1252
-35,-34,105,-6929,4258,-2001
-37,-44,84,-6127,3913,-4658
-73,-119,54,-2681,628,-8960
-111,47,54,285,-2312,-8754
78,80,120,8137,-10439,-6414
E
71,17,-26,8186,-11136,-1284
87,21,98,7219,-9770,8054
-112,-43,2,4817,-5563,14469
-65,120,10,4512,-4716,14110
14,19,21,4966,-5104,13068
-42,-51,9,7553,-7132,11910
88,-23,-50,9153,-7692,11365
-9,3,104,9673,-6443,10560
-44,-54,-117,9018,-5939,10141
-12,102,44,9581,-7424,10529
13,102,76,12301,-11695,9223
-84,-27,-4,11722,-11645,5690
-55,24,-85,11241,-10098,1789
-126,-15,-43,11255,-13004,-363
-68,-79,-107,8033,-5706,-3662
-25,-98,-31,9477,-19064,291
-91,-98,-16,2753,-9005,-426
-44,-70,12,982,-6150,-433
-8,-58,40,-4038,1403,-1216
36,-96,1,-6421,2135,-3278
60,-125,-67,11803,5406,-6741
5,57,108,-1891,-18580,-6313
10,122,-8,-9794,32602,-1909
-122,43,113,-20589,27827,-20722
88,-96,-28,-9173,9716,-15075
-31,42,24,6278,-24173,-1816
106,43,42,7461,-27999,1488
-55,0,63,12883,-29555,6917
72,103,83,9293,-18402,4582
72,126,41,6328,-12317,1409
70,121,-82,6713,-10151,708
80,-128,-40,10517,-18163,956
-69,-91,-126,18429,-22102,4494
76,-62,37,-1783,-11159,3809
-88,-62,-79,-3028,-1158,283
-79,114,-110,-12030,13425,-2497
26,-33,77,-12211,22496,-3806
