0,1586,1586,2060,1089,1303,1115,1305,1850,1526,1317,1398,1142,1205,696,988,1026,1413,1282,1172,954,1511,1466,1375,1315,1149,1867,2809,2534,2679,3084,5928,4968,3638,5259,9737,10438,6030,5168,4759
6407,6285,5769,5781,4846,4160,4189,4854,4634,3692,3399,2308,2351,1430,1591,1229,1001,692,929,853,1038,494,430,534,502,205,-367,-152,-553,-408,-251,503,564,1006,990,2343,3414,2724,5222,10228
10320,11127,4061,3073,17310,13756,7085,-30981,11764,10559,139,71,-1965,-2720,7761,-1250,-10385,-17780,-31737,-32495,31786,-28146,31460,-32594,-31310,-21329,-17249,-10974,-13520,-5857,-4968,953,956,-1533,235,2439,556,2318,11228,12093
16503,21098,23769,21899,24274,23376,24497,7283,-8466,15870,-19955,-1442,910,1933,6118,16043,25413,-1492,-10923,-16736,-1989,743,460,1429,-995,214,275,-1434,-2519,-1998,-624,4213,6919,9704,27989,25010,10362,-777,-16453,-30083
28257,-32593,-32593,-32593,-32593,-32593,-26222,-11919,-11621,-6554,405,-132,-806,51,2491,2118,2754,3892,7006,7708,12494,18979,20363,24952,26169,23636,27021,29218,-4248,5470,1138,9255,14070,11200,-114,30489,28744,-29362,-12719,-23432
2504,-418,5577,6817,7440,7245,-4301,-3850,-3793,17163,8071,2986,32620,-10921,23676,-32590,-32590,-32590,-32590,-32590,-30425,-14936,-15161,-15909,-879,-3845,-3020,4575,5672,6002,5613,6686,12178,18752,20559,21808,17933,24347,-31151,31222
22161,13515,14622,13925,-4934,3190,7584,6391,-4009,-6830,-13738,-32587,26593,-15273,-9112,3965,-2848,-2624,1975,2111,2064,2565,-6696,-2266,25619,11746,6664,-11440,-14024,-22547,28544,32097,-32588,-32588,-32588,-32588,-32588,-18605,-14278,-18595
-20766,14263,6639,5333,3190,4394,7402,11849,12056,14356,24812,22131,26073,20825,27895,21243,17701,21083,17038,20234,5813,-10114,-8353,-7463,-21836,-7636,26003,-25025,-9844,16052,-7087,11168,295,5566,8899,3011,-9953,-4573,-2207,6513
4367,22163,4664,-8841,32002,-31968,-31841,32118,-32589,-32589,-32589,-32589,-24318,-23170,-10275,-9842,-32741,21913,5315,5361,5064,1804,2131,11557,19685,16164,14121,23859,30527,25020,22568,23060,24417,16137,13910,7178,4065,1097,3913,8090
-1650,-9411,5722,586,-798,-32,-5766,1518,762,7851,7105,3211,1348,10741,26261,-26194,14168,2048,-3781,-12408,-27970,30624,31852,-32590,-32590,-32590,-32590,-32590,-20333,-6586,-7896,-5203,-7514,-11538,8790,9642,5361,5871,7040,7773
7411,11666,16019,18876,17964,27274,29932,26406,27081,19303,20368,17630,16328,11068,14130,12142,11937,13961,-4636,24240,-5040,-9349,-9275,-7011,-3111,187,8673,7885,34,-1701,-12304,1514,16108,21625,6040,-5736,-30980,-32114,-27605,30578
-32590,-32590,-32590,-32590,-32590,-30923,-5609,-10014,-4859,-3666,1400,4964,3582,8236,11280,2983,5716,11853,14582,28342,26021,-28657,30355,21885,21566,-1040,5159,25209,19530,393,-898,-4408,7524,-2291,-13065,-4554,32123,16965,-909,-15869
-5132,-796,2674,2338,5349,3034,-1318,-3199,835,427,-821,-2265,-1340,-260,1419,5589,8121,7933,4914,7505,11739,10515,6925,8112,8616,2009,-1174,-12208,-12575,-19341,-22719,26989,-32588,-32588,-32588,-32588,-27929,-20933,-11868,-10370
1900,-108,-3310,-1648,7428,3938,668,733,2188,1730,-1706,-962,1308,1971,-676,320,2240,1752,6759,6582,14681,20019,24505,25790,25758,25624,24847,22942,16911,17972,14205,9820,1571,2536,-2563,1105,-3398,4405,7222,-5961
-3787,-2044,1099,16180,9247,12087,20682,24815,19114,30869,23443,-28478,26401,-20516,-19987,-25277,27534,-32586,-32586,-32586,-32586,-18120,-22226,-16262,-7790,-5390,-1920,-2904,6766,9143,5194,1349,5138,5547,5087,7941,9036,11619,20712,22554
28062,17864,12965,11613,-3981,-6780,-6717,-4385,-6352,-2218,-4556,-7734,-1917,-3954,19609,20910,4663,-22461,-23257,18138,18372,-32312,15345,19099,29090,12020,27655,20935,-2655,-15215,-12144,-28912,28109,-32583,-32583,-32583,-32583,-32583,-31683,-20137
-11644,-7914,-7424,-1760,3322,2243,-1030,-8,1255,2000,4390,3562,4444,5345,16085,18836,17907,19273,16815,25507,17699,21094,-31878,28203,28885,9904,4081,12014,1037,-3620,-9405,-4533,2971,1314,-1047,-10292,953,10231,6607,4423
24776,-31851,19589,-4671,-11870,-1472,6470,8839,8921,7840,11003,13888,17640,15491,12975,27016,22243,4362,12990,-2917,15772,1970,-12178,-22382,30825,31081,-32580,-32580,-32580,-32580,-32580,-24580,-29942,-23504,-6957,30567,-3195,16833,1814,7932
6056,-473,7088,10979,10269,8187,8120,22210,25523,-29087,-32061,-32577,-32577,25733,20326,18050,10281,17496,10523,-8458,-10556,-14742,-3143,-2357,1731,14038,13940,-3749,9035,18728,20989,23904,26575,27062,27364,21917,-27910,-32576,4685,-1168
-6103,-29867,31284,-24275,-32710,31927,-32576,-32576,-21147,-16993,-13731,-15944,-17578,-21645,-20084,-3811,10871,8628,-308,-2400,1838,3980,13481,6698,18219,23982,-26546,-32575,31672,22512,7726,8887,-14996,15859,3652,14198,-3968,-1048,28417,-2374
10323,-1351,-11816,-2844,-4691,9850,14103,7852,22824,19387,-2887,-12529,-16797,-23101,26622,-32576,-32576,-32576,-32576,-32576,-32576,-17052,-7124,-11564,-12251,-7786,7411,10799,1006,-744,3119,3390,2910,10036,9796,9924,10868,15651,-31987,-29595
-32573,-32573,25320,19085,15823,8991,7069,-9176,1252,22814,13000,11149,5626,17347,4949,-10348,-1304,1758,11151,7756,11419,26849,-26740,-32574,-32574,-2368,-2338,30786,-25560,-27691,-26561,29970,-32575,-32575,-32575,-32575,-32575,-21440,-22573,-15142
-6876,-6871,14527,7808,5152,6945,12612,10582,10203,22466,31038,-32045,32746,-32221,-32574,23617,16737,5901,13797,13405,-6092,-10823,-12443,-10508,30347,-24451,-18862,-14425,-9989,-14363,-3658,-3875,1087,8231,23333,21555,-26162,-32576,-32576,7229
-22531,-30523,-31196,31004,-32576,-32576,-32576,-32576,-32576,-20094,-10460,-16658,-20637,3598,9265,4137,6825,9553,10598,12070,15970,10610,18804,30547,32083,31186,29108,23934,15226,16622,7324,-6257,60,76,13983,14722,14021,-7560,-4773,19515
-1791,5300,-23643,-22071,10178,9845,16821,11857,-5500,-5466,-16820,-11065,3597,-3480,-7920,-4619,-2969,11591,-19341,-32574,-32574,27683,20207,-5059,-22931,24407,32688,-32575,-32575,-32575,-32575,-30491,-22701,-27123,-8347,-14683,-5365,4108,3049,9784
8692,4539,2567,8358,7270,9883,14145,20018,18368,30164,-29157,-32572,20560,22261,3845,181,1018,-917,-4603,-2630,-14706,-32574,-18865,-11866,-2757,-11471,-5396,-6254,-6659,1433,-885,-664,503,2151,15848,29238,-27682,-32574,28709,11864
-26231,29857,30486,-32574,-32574,-32574,-32574,-32574,-29514,-21957,-23152,-10158,-3515,-1906,17096,15786,10311,3844,5399,5156,6586,14484,27404,23605,-32223,30401,26887,27970,24674,12789,2947,-2431,2526,3870,8338,14973,-32381,-16690,-11313,-3496
263,2793,11031,131,-16175,-13415,8329,27566,23936,16935,19277,6426,11288,-7102,-4711,23653,31216,-32575,-32575,-32575,-32575,-30940,-22135,-18371,2199,-5771,-4486,17325,7207,1238,-3309,619,8593,9208,16324,12979,12781,20920,-25217,-32573
-32573,26084,26056,24606,-3029,-8724,-5679,3312,-975,1205,25650,19881,10455,-12166,-10443,-9154,-7688,-3075,-1295,-752,-1081,-3187,-8910,-7016,29916,27862,-28316,26717,-5060,-15819,20915,-32571,-32571,-32571,-32571,-32001,-24100,-11227,-20438,26229
16030,8041,18077,10476,1359,6094,14270,20761,15174,15682,-30426,30132,29726,32479,-31861,31040,20306,13499,8495,-8976,-13024,4843,17758,20431,14042,-12038,-9294,-4863,-21035,-4567,13747,11629,-2436,-870,13417,24389,-25705,-32569,-3065,-12724
-14026,-14243,24103,32696,-32570,-32570,-32570,-32570,-24654,-23154,-24437,-15500,-9056,-8821,17594,4841,-4029,-814,9941,11443,26739,20392,20409,22848,9772,30582,30612,-31445,24005,24031,19789,6812,-6960,976,245,-1901,375,-9248,-941,-653
15836,13087,-9440,972,388,4731,4364,6764,4742,25977,20444,-26069,-32568,-32568,17014,11159,31088,-32568,-32568,-32568,-32568,-32568,-32568,-32568,-32568,-29856,-7471,-1653,8886,17028,-14018,2669,8929,90,1209,5291,8080,9019,11109,20915
23432,-27699,-32260,-32566,-32566,27468,24043,6783,12054,8377,-2456,-4493,-1530,-201,5115,8102,16334,8480,-11246,-13064,-2620,-1269,2684,17365,-22026,-32566,-32566,18673,-3349,23420,-25880,-9354,24137,-32566,-32566,-32566,-32566,-32566,-32566,-23810
-14728,26052,23437,13432,6676,8070,-3700,2359,1967,4372,6479,7007,9077,2891,16493,18503,-24526,-32505,-32566,-32566,-32566,-32566,28797,29061,30453,-13637,-25844,25396,-21505,-3516,-32568,201,20898,15085,7071,18448,22518,21066,14645,11069
13004,15713,18818,12225,10463,-3885,-2165,-2145,-2649,-15740,-28629,-16451,-22616,27319,-32569,-32569,-32569,-32569,-32569,-32569,-23009,-23243,-25206,16492,5727,5028,7672,2439,6317,7379,9766,16375,19326,23080,30614,-32361,-31720,-32566,-32566,27403
12781,11025,-6521,5414,-3158,-14781,-11009,-32568,3119,-19551,-21719,-5914,-6108,-6730,-5646,-5309,-1200,-448,-154,-2033,-752,1695,1886,4486,7800,10386,9720,-31418,27408,14766,9314,-30222,-20043,26029,-32569,-32569,-32569,-32569,-21941,-17910
-1941,-107,-5278,1050,13690,4296,-1081,4678,8768,8348,7766,2769,17835,19440,28565,27983,29706,27189,24498,13569,9633,4868,-17175,-10171,-18551,-14827,-6892,-18379,-5495,-3033,4036,-4442,239,-1202,6859,4167,-1393,-6877,1963,3460
-2245,-1146,-6386,-17027,-7980,16220,-31886,-31802,18805,25915,26086,-32571,-32571,-32571,-32571,-32364,-16794,-15186,-18826,11760,3409,4114,4812,3905,2538,5887,6800,6661,9249,9172,6483,11431,13723,19687,-31361,-32756,24229,14217,11624,14700
7400,4606,12750,3449,4117,4685,-18403,28838,24994,-6509,88,-13855,-10256,-9318,-7119,-3168,-1832,-6968,-14600,-451,9080,-19121,-32335,9517,-2417,-32374,-24186,28109,-32570,-32570,-25112,-26102,-12556,-8635,-14615,-13927,-4062,12804,12237,313
-650,452,1917,3941,10227,9516,11230,12665,18753,18282,22113,22628,22915,22441,8186,6851,-6169,-7934,7763,6369,8017,336,-3353,-3045,-10021,25270,19546,6325,-11509,-10069,-9192,-1930,2402,12847,11372,1342,-3661,-11014,-5612,12233
9047,8238,17804,19828,28090,30968,-30529,-18397,30883,9964,-27701,27709,-19387,28403,-32565,-32565,-15621,-12753,-4247,-6431,7941,7178,7413,7471,7071,4494,798,1899,4505,6640,8905,9190,6514,17312,25979,31442,-30220,-32563,22503,13121
7831,-4855,6849,-11112,2510,8771,11344,-6659,-24144,-29408,760,-4818,-1180,3606,2467,2297,-200,8,5952,16176,32536,26263,26327,31839,-31064,30689,30703,21911,3183,-8854,-14519,-8579,-4345,-15465,-24969,-29233,-27339,-32030,-28666,-7703
-11405,-12501,-19224,-52,10666,14801,10565,8820,3842,2520,3460,10884,14940,17954,28572,-30554,-31817,28977,24191,-32734,3689,-4317,-13024,1039,10137,7255,11497,-617,-283,-12851,-10709,-30983,20666,-21615,27524,4984,-1646,9950,23698,25262
29392,-32127,-31754,21322,-2647,22080,31985,-21294,-19525,-21928,-31651,-31683,-29729,31692,-32566,-28022,-13204,-19227,-9126,-2450,-4085,10988,10854,6646,6092,3523,1118,-1585,-1421,1479,4165,3066,4344,11120,-29476,-32476,31427,24398,21524,25945
22447,7901,3156,6264,-6144,-9167,-13275,-12235,-16879,-25482,-8339,-2059,5978,2539,2912,10673,20361,26263,29960,24930,-28989,25582,27875,19311,6061,2374,-8602,-13829,-11883,10843,-22694,-24630,-24972,28531,-25266,-16725,-12557,-8922,-5087,-7308
4393,-6600,-321,17222,7306,1967,3519,4280,10035,10790,12105,29777,29464,-31163,23551,13153,2383,-16212,9289,11438,3270,2937,-2771,-4374,-16794,18641,-20250,-20647,-10095,14919,1225,-941,-7790,-11872,-3246,5813,8040,13958,-21738,-32562
-32562,-32562,32231,14253,7354,-10324,-27515,-10112,-25695,32034,31446,-32564,-32564,-27260,-15135,-7800,-5920,-7876,-1454,8874,12847,4573,6627,4376,5341,13905,17387,16282,27761,-27986,28348,23906,14148,15511,16124,-5533,-7495,-8166,-4685,-4917
-8942,-10034,15186,-19600,-905,-10862,-4238,-10114,8042,18556,11491,10130,12457,-26513,29424,21639,27302,28591,27600,14506,25205,-10135,-5707,-27949,-7435,-12397,22753,-31400,32588,-32561,-26049,-22161,-5447,-11973,-12371,1814,1795,-5595,19288,8889
6964,5489,4739,4379,12306,14439,25695,-30620,-31280,31890,21932,26858,-3878,-6331,-11625,-3155,13743,10328,-3157,26712,12441,-6494,-12861,-361,-1439,3672,1338,-8047,-9784,4273,5868,10294,14515,30080,27127,-29146,32225,-32309,22200,3980
-20869,32530,-26412,-24219,29115,-32560,-32560,-32560,-32560,-28043,-13321,-9169,-11915,-1922,-9887,5940,6832,-470,1854,2976,2728,6948,10362,10100,11840,9955,16435,21844,-25748,-32556,-32556,-32556,3518,4145,-4380,-165,2133,4816,-6356,25311
14950,9089,-1973,-8657,-2024,6331,6591,1421,-627,-17315,-18838,9604,12455,19219,28752,-28264,-32555,-32555,28821,-21646,20592,-24613,-30626,31528,-32600,-32555,-32555,-32289,-9054,-13311,-19807,31587,22673,-785,4310,12256,10385,2209,4689,5522
6995,11654,17512,14066,26156,31960,-30421,-32554,-32554,29439,266,-440,-22281,-2368,-14996,-8194,-10852,-10864,-32553,-28855,-31385,-3438,952,5011,9698,263,-20010,-5653,18373,12706,6417,5553,10264,9094,6810,12508,21741,-31692,-30398,28845
22241,6511,27787,27186,-30364,-7958,-26288,-18498,-28951,29679,-32551,-32551,-32551,-32551,-22456,-26629,-3949,2615,10156,8002,8041,828,731,7130,9083,10612,8491,15826,20398,19317,31780,-29799,-32547,3812,29214,-10288,-2079,400,11066,15609
10924,-7128,-15606,22653,-2110,-2123,-14222,-6847,-259,229,-3647,8063,17038,6346,7481,8403,8094,6930,5262,5839,4345,3543,3587,8938,22371,16916,7096,-19390,29256,-30129,31313,-32549,-32549,-32549,-32549,-31730,-14433,-20834,2524,20927
6027,3541,5939,4700,5400,7394,9235,8267,3191,9333,21903,13568,13005,17262,19563,16363,3979,8987,6310,-5142,-10395,-2899,-8876,-5935,76,-2669,-14819,18275,-18421,-23495,-27412,-21367,-2888,3456,10916,14152,13460,6084,32254,26414
3586,-18078,-12310,-4347,19513,4163,15721,-22347,-32549,24755,-20023,-8923,-22465,-25073,-31155,-19378,-22781,-22249,-24870,-17,-7013,7934,12728,267,-4925,249,5886,9336,7281,11654,12925,13553,9921,11423,20233,31789,-29527,-32549,-32549,17069
-11813,-23576,-22599,-4756,-8855,13433,25469,25312,7304,-500,903,-4003,-6341,-2524,3721,3701,-6151,-7600,5062,9070,12252,23543,23395,21018,3054,5839,-11,-7586,-11126,-15741,-22053,-31440,-31991,-26342,-20532,-15174,-16928,-12019,-10699,-5838
-10636,-8446,-565,-3715,8150,10477,-3219,-2985,-1446,-1610,1823,991,-1001,17182,24390,-29957,-31255,32522,22063,12041,-5242,-13986,-14349,-15781,-10295,-25600,4124,25110,21465,-4934,-7536,7875,11753,11694,9379,2205,-5657,-17688,8604,12696
5486,7698,12904,25190,-26295,-32549,-5277,30571,-31786,30777,-32550,-32550,-32550,-29418,-26016,-11722,-9459,-7695,-12912,-408,3118,1888,12461,1621,850,5273,7371,9700,9417,12266,11065,25189,-31527,26314,21496,5599,4086,333,1818,4096
-16207,-16026,-6803,3666,-790,-15685,22122,-16045,-3846,-8678,-6403,-947,-2845,-3207,-629,3566,4543,5987,3518,30828,13650,8849,27251,-5653,-15530,-30668,-26174,29763,-32677,-32544,-32544,-32544,-24481,-13148,-12093,-25749,3952,1128,12534,7025
4493,769,1956,3130,2791,3287,7787,9083,14649,9672,23069,22235,31743,-30146,-32541,22721,22260,8609,5539,-3317,6819,30248,28716,-10204,30541,16113,-17640,-32587,-19814,2784,-11726,2058,2098,1773,-4232,-14512,-11738,4075,10299,5014
10088,-22151,-31932,-2855,27813,30013,-30216,31973,-32541,-32541,-32541,-15462,-2259,-7437,20630,850,3871,2673,12717,2371,-2339,2867,5213,8835,9714,3607,-2093,-96,11181,19246,17113,30821,31372,-32007,30503,25583,18521,14115,10646,4086
-3385,-359,1840,-4651,-15740,-25125,15572,-7158,-17393,-17905,-17248,-4253,-4021,4702,1300,-4843,-7046,-11118,-7678,4531,3473,6658,16272,-32614,-29122,-32544,7141,-16401,-20140,-30840,29553,-32545,-32545,-32545,-32545,-27125,-17446,-4855,-9318,-8874
14434,3830,5190,6178,-975,3726,9002,4371,4237,7032,6596,2340,6305,10449,22498,29660,28659,23247,20379,11843,2432,9779,-19656,21975,-32596,-32543,-32543,224,3422,25286,-17933,-8638,-1786,14229,16312,20734,16243,-6837,-14531,-31262
25775,18272,8699,-961,6175,25284,22835,3395,5776,522,2679,8776,2169,-28870,-31636,30269,-32544,-31626,-23383,-19508,-18667,-2543,-833,-13812,-20763,18931,10296,8331,6837,-2804,-729,2373,5982,7588,7868,19018,10953,15798,26581,25294
22491,15596,8504,-14477,-12433,-13723,-8961,-5258,-9870,-12135,-17013,-8532,-32541,1075,-14885,-25583,-12894,6562,5998,2229,-7503,3184,3782,3906,11914,-31548,31346,-32760,23507,-21724,-26611,26553,-32540,-32540,-32540,-32540,-32540,-32540,-32540,-16754
-11721,-9095,-9521,4008,2988,6793,5968,2183,405,1884,4901,6828,3086,12528,17126,21947,25329,27109,29254,27570,19715,26397,13319,-12057,-21870,-28167,-17958,-6588,-4281,18916,31510,-14220,-11171,-15083,-9692,6580,7070,9524,-859,-6725
5677,26062,30986,-29403,-32537,2141,30239,-29687,-17946,-28484,29678,-32537,-32537,-32537,-32537,-32537,-25302,-10661,-18641,-14736,-13709,12347,7117,7113,4177,3140,715,1672,5303,3149,1781,1526,556,14470,21435,29944,-32689,-31288,-32534,27240
19583,5782,16986,3880,661,-28970,-20401,-9370,-9627,-18845,28868,14929,-694,5310,-2139,-834,19584,27692,26426,15853,22390,30286,-10840,-6884,-20819,-12620,29701,-30529,-23279,-28403,-22039,-4166,-5135,-4414,-5840,-3796,-6332,21366,4122,1327
2026,2478,324,1941,10255,9837,7387,10514,-30098,31657,-31061,-32535,-32535,-32535,6919,14576,-7057,-508,-5694,-5855,-3259,-5664,-18681,-24653,-27306,-14562,-8503,-6078,-10496,-7237,-5233,2461,10275,11857,26917,30931,18152,5060,-22251,-15856
-15915,-25301,-27643,29615,-32535,-14971,-18898,-9444,-10193,-13148,-17552,-9026,-7128,-10038,17146,6676,-3670,-892,1507,4111,7216,8445,3594,6885,15336,29212,24531,27244,29049,-30083,-32530,19162,6982,4094,10071,-1207,-19720,-14555,-10775,-8888
-11100,13531,-28312,-9994,-12310,-3993,5720,3600,6191,2088,-10076,-11922,5049,3325,-23556,-30393,30570,-9451,-8976,-16245,-32332,29581,-32529,-32529,-32529,-32529,-23362,-16865,-673,-8877,-13784,-21450,-3,11167,4645,4898,4171,-2515,622,4002
3730,6614,7681,7629,3950,9158,21262,28788,-28414,32186,21219,23611,15070,-3548,-1361,-1963,-2674,-3566,-28337,26706,238,7460,26892,-20183,-8665,2955,4346,8616,8107,2926,-664,-15154,-15541,-7790,13773,4665,16934,13333,-25297,20873
-7597,-22138,-21774,-25263,-32436,-27140,-27143,-22869,-18068,-8758,-9271,-15459,-6773,15294,9406,1386,8275,12092,4464,-95,3463,8239,7926,9060,1104,10285,17843,21477,31587,-32268,30597,21451,20400,3967,10062,-6390,-9610,-12370,-6086,-14795
-10307,-14712,-11481,-1362,-7780,-6204,-4436,-2691,-4227,-638,-1555,-5523,-6342,-12978,-6149,-1909,2001,6852,-21172,-31577,3875,-1207,-29207,-21560,29127,32289,-31580,-29172,-19526,-8066,-4864,-10133,-23893,-10493,3886,8606,17851,1051,2058,-339
-2532,1379,2982,3360,2557,-262,2902,9129,7887,8177,17012,-31348,-29752,-32527,23901,3730,9068,-21615,-16047,4552,15266,-26898,-30189,-3505,10577,32488,-20727,440,-15522,-3658,-559,13539,10429,3926,2492,-6929,-6127,-2681,285,8137
