0,0,0,0,0,0
-13,2,55,719,-189,-340
-13,2,55,719,-189,-340
-15,-4,119,971,-303,-178
-19,-9,-108,898,-471,-94
-24,-14,-85,708,-527,-126
-29,-19,-65,446,-780,-21
-46,-39,-24,425,-220,120
-48,-43,-25,126,-414,193
-53,-43,-23,-138,-199,2
-57,-44,-29,114,103,-120
-59,-50,-31,570,100,-491
-60,-52,-30,500,75,-679
-59,-60,-25,277,37,-1484
-57,-60,-24,267,84,-1524
-40,-62,-19,-82,12,-1411
-39,-61,-22,90,166,-1265
-27,-57,-24,-477,417,-1048
-21,-48,-20,192,-502,-815
-19,-55,-27,557,978,-1198
-11,-60,-31,2633,1701,-1090
56,-107,-42,1374,4521,-261
40,-99,2,-93,-3120,-1022
27,-95,-8,7,-1114,-716
48,-103,-35,2598,4104,-461
-120,85,-20,7699,7634,-404
-115,68,4,8381,8265,400
-13,-63,-94,9133,8873,-1239
9,-125,46,9408,8943,-1435
13,-103,47,5002,10666,-2238
-14,-57,121,1795,8330,-2301
-50,-28,-75,-1648,922,-3658
-28,30,111,-1571,1354,-2455
-6,38,75,1519,-3364,-4159
38,-122,-27,-2015,-79,-2422
31,-123,-16,-3567,-2182,-1842
82,-75,112,-8698,-4974,5320
66,-102,102,-9038,-5550,6107
3,70,123,-10342,-3284,2977
17,83,123,-6424,-1225,2700
E
26,59,36,3225,2341,-621
33,56,65,249,4483,-50
44,77,107,-863,5424,189
31,75,-60,893,1216,-1251
27,63,-40,2721,905,-1877
40,57,-25,1927,19,-1474
59,72,-14,820,-1351,-1421
56,71,-23,1385,-802,-1429
66,72,-28,2951,-970,-869
67,74,-34,1887,-514,-652
66,83,-47,167,1190,109
59,85,-37,715,1051,-114
52,81,-32,839,1072,-206
48,77,-27,1173,138,-271
48,78,-30,1345,465,-290
48,79,-32,2002,1524,-783
48,81,-23,2036,1397,-891
55,89,4,2784,4492,-3056
71,100,31,2776,7407,-3238
68,-120,-118,2148,1164,-4298
64,-35,-48,1728,651,-5218
90,3,-87,1893,-103,-4482
98,69,-91,2097,569,-2233
108,89,-85,2933,-567,-2964
121,-122,-104,3013,438,-2322
117,-101,-113,2551,434,-1164
114,-81,124,1335,244,-460
113,-85,124,1314,559,-393
95,-88,112,880,-1435,-120
96,-87,105,605,-1223,99
95,-94,60,-240,-419,71
97,-95,61,-508,-451,386
93,-107,41,-879,-832,720
92,-107,38,-750,-1524,908
81,-127,-4,10,197,2173
72,102,10,-196,-1572,1204
50,85,13,-720,-2949,598
51,80,-31,-250,365,204
63,75,-58,123,2110,1042
67,75,-38,-932,1064,1458
E
65,64,-19,-2591,68,723
59,66,-17,-3128,-53,873
38,83,-8,-7943,-5532,587
32,94,-28,-9443,-6084,758
-3,-100,-104,-8253,-5306,469
-16,-76,89,-3755,-41,4030
-11,-90,122,-3426,377,2450
-16,-82,-98,-6105,437,-660
-6,-78,-111,-5691,-493,-136
31,-36,-107,-5166,612,-3191
19,-8,-76,-7088,2120,-4461
-24,84,-7,-5447,-4412,-836
-20,71,-24,-1473,-3460,-1748
17,72,-109,-856,1887,2625
23,58,-49,-1962,-3161,891
20,-35,-82,1349,-14048,-6032
-36,-37,-89,675,-16708,2489
88,-21,-125,4913,18413,10570
71,-21,-5,-11199,15209,4410
-123,63,29,-18630,-3391,-7813
87,103,-42,-11744,-500,-18766
36,-23,-123,-12641,-2916,-13198
-7,91,-17,-11829,-11951,-15401
83,-26,-14,-11959,-14281,-13629
57,28,-107,-12022,-1074,-6712
-52,49,-97,-9920,-13336,-4698
81,24,35,-4524,-14482,-6281
-8,-9,61,1771,5810,-1638
-90,5,-74,-1708,-14726,-3777
22,-20,124,253,-1917,1353
13,-18,111,-1749,125,2082
-29,123,-92,-536,11295,5625
73,40,81,-5195,1429,414
13,-27,-121,-10477,-1404,-4323
62,39,11,-8474,10681,-5741
116,90,-45,-8195,18141,-5332
24,-94,44,-14669,1763,-8374
114,-110,-34,-8032,-2338,-8359
86,-34,-21,-2743,-3887,2230
-117,7,-82,-4065,-7130,6274
E
-115,-58,-63,1248,989,13894
11,115,-30,9891,802,17347
104,122,73,15846,-554,18581
-53,-100,59,3112,-26465,24425
-117,-75,96,-19708,-5920,-27470
62,-95,97,32654,8097,32740
8,74,0,32654,2239,32740
30,102,57,32654,777,32740
8,-13,-25,19067,26531,32740
-95,71,104,4416,7279,26911
-101,120,-28,32654,32732,18342
-76,96,49,29883,-37,24143
59,69,23,-27299,32732,26499
-83,36,-33,14012,31623,32740
111,111,81,10627,-32435,32740
-122,-37,-94,-20803,-35,32740
-76,61,109,23347,32732,32740
-74,46,-15,-16965,-37,32740
67,5,-95,-24363,12002,-31159
-100,-109,82,-24713,-10130,-22266
88,-79,91,-13139,21077,-18719
-105,121,24,-12619,16405,-16843
119,111,104,1148,24260,-14138
16,48,72,-1261,18677,-13714
-123,-123,-7,7095,27850,19223
41,-84,-118,10023,-16052,21224
89,120,-68,23133,10163,-25423
-114,73,98,20953,-864,-32601
-93,75,-58,-27816,-17444,32741
-64,24,-25,-32462,-10250,32741
-100,-19,36,32654,-25431,32741
27,83,-119,32654,-2999,32741
-11,-75,82,26124,-19300,32741
81,51,-127,30086,-36,-19785
2,92,104,30595,32731,-17149
56,0,-71,-10914,-1738,30817
-41,-58,108,-8465,530,29948
-56,75,71,-16591,-38,32740
2,27,-4,-11575,2500,32740
-34,75,-79,-11539,24332,32740
E
-109,-13,48,-18954,-6065,32740
111,23,-4,4898,-10539,32740
-96,-4,-128,-7820,9185,32740
41,-40,73,-23054,-24770,32740
-37,124,104,-14379,24197,32740
-120,-45,-48,-2487,-3586,32740
37,-99,17,-5774,-1344,32740
-120,-101,28,-13618,14283,32740
-7,63,-23,-12823,12452,-28885
9,-97,94,-15608,7174,-8027
14,13,127,-14042,14771,-10737
107,-91,-17,-10933,5952,-401
37,-53,-86,-10087,12660,677
-119,-121,-55,-12268,11709,-1410
-101,-51,56,-13142,3836,-1176
-125,86,-47,-4826,17332,-2105
-56,113,-111,-8381,7411,7
33,-9,-115,-8135,1238,-2156
-112,42,107,-3452,535,7667
-52,-26,48,10289,14756,20298
-7,-104,-89,10561,5176,-23953
-49,17,-52,-6303,-31531,32740
101,-102,67,-9217,-29884,32740
6,-74,-90,19936,22128,32740
5,63,-91,13934,5654,32740
-29,72,107,-31320,-12857,32740
72,-104,12,-4666,-36,22337
-42,-30,-88,-9853,32731,-579
24,51,69,-8603,32731,15862
-116,4,83,10985,-38,9362
-19,-10,-122,-6200,23088,-13544
-64,-19,-38,3446,12301,2417
20,-117,-125,587,2715,1058
87,83,69,854,-31040,-1347
-7,103,-57,-4668,5451,1143
104,117,88,-1848,6571,-5786
-62,-73,-2,4778,9841,-11732
-92,52,-80,-4133,28943,-7162
-36,19,-89,-2544,331,-12791
70,-122,-120,-2205,-25004,-7848
E
125,113,-60,-7894,20204,-5879
-59,-117,121,-8115,-10703,-8579
55,-12,-102,-12599,20755,-10932
43,-121,121,-4884,14880,-16341
104,100,76,-8058,-23891,-12667
-57,80,-121,-6540,-9385,-5644
57,-115,15,15345,-29809,2237
50,-53,38,22279,-25674,10147
-5,-35,-87,-28678,-9874,-30200
-68,-47,-100,29114,15352,-29262
35,95,107,31526,13208,13918
-88,124,-21,-22421,419,7222
-76,71,-113,-24302,-24540,-14429
-86,-107,107,-19410,11212,-14540
18,-51,-69,-11934,-5929,-14950
31,-100,-55,-15200,-10664,-17963
-11,-25,-69,-6948,-16557,-14715
-90,-83,58,-4672,-14361,-10778
18,-64,88,14520,-8365,3125
56,-86,105,12817,-9510,5114
115,-17,-57,31108,-10896,-22241
62,71,126,-28769,32116,-31311
-104,20,47,32654,32377,32742
-98,-125,-8,24663,23930,32742
-26,112,39,-32144,5293,32742
-116,-76,-103,30026,-14234,32742
-81,-117,124,-26351,4522,30489
125,77,11,19917,32729,16193
57,50,77,1113,-40,-1691
-41,102,18,13163,-30282,13374
7,35,-2,13527,-30861,32742
120,27,-11,2071,-4610,32742
-62,-94,81,-28836,3793,32742
-124,-65,-39,31253,31452,32742
-111,-30,-97,-14957,-6490,32742
-87,-67,49,-24603,1295,-26743
-45,-61,-63,-18472,-19490,-19937
66,-127,72,4836,23599,-3309
-70,-89,45,11340,4598,6577
-73,-3,101,24566,-19354,27398
E
102,25,34,-30011,8484,26376
-46,89,-106,-31484,3616,-28321
-125,106,2,32653,2642,32742
76,-16,50,32653,-8183,32742
-36,15,93,32653,668,32742
43,-115,35,32653,6305,32742
-17,-98,99,3572,-18368,32742
-2,-27,104,-4097,-38,32742
43,-17,37,22649,-40,-12708
81,-65,-17,166,32729,28750
36,7,117,-15176,6348,6355
70,94,-51,-17771,-528,32742
-87,123,-128,-9143,-11509,32742
59,23,-37,-9478,-32387,32742
-67,77,-2,-15034,5821,32742
35,-62,-70,-27441,31623,32742
29,-45,-60,-16809,-19755,32742
23,109,-118,-18154,27609,32742
100,21,85,-23153,5405,32742
-12,-82,-19,-17582,-27561,-16741
-31,19,-77,-13621,3890,-8052
46,44,-116,-4824,8524,-7863
118,119,126,2613,20731,-3213
-108,-98,-104,3116,5259,1680
-95,-13,48,7334,20017,-5971
120,-64,87,2522,19366,636
-119,125,-23,1699,-13456,-4726
-54,-8,-56,5137,14597,-6984
15,-42,-15,3311,3988,-7279
-115,111,-58,-1104,6953,-3807
-43,-128,-118,-3823,8691,-2749
-62,-91,-69,-2899,2237,-3781
19,-11,-27,-5144,5406,8265
35,-24,-107,-8273,-25034,15617
-99,72,-45,3501,19363,22314
62,12,71,11139,-8341,27177
-109,-33,53,21130,-3205,30805
120,-69,45,-25871,-6941,-30754
-83,68,78,-32538,-15490,32744
-49,-123,28,32654,-16599,32744
E
51,106,2,20336,13798,14384
58,113,82,8057,28812,14213
79,-77,13,10295,-41,-16089
65,31,-80,-3032,32728,-18644
81,100,-78,-6716,-15059,-5296
109,-62,-78,-2787,-1485,-4355
-11,-82,106,3016,24062,3267
-64,-99,-68,2652,24567,-1093
-121,-23,-87,-9863,-4475,-14638
69,25,-127,-7067,-5627,-13394
4,75,103,-4812,-995,-9911
-7,33,113,-6320,-4058,-9980
31,101,-54,-5088,-24313,-10358
57,61,-44,-1440,-19526,-3912
-68,-86,-94,-1464,-13226,21695
29,-115,-62,-1320,-20540,15021
36,96,74,-1041,-20655,8591
-7,-91,-38,-5149,-22842,9778
-10,14,95,-22275,-18833,8654
-42,102,40,-24297,-6720,-631
-56,42,57,-20776,-4063,-29628
117,3,-46,-24074,-16889,-27712
-105,89,123,-26151,-13621,-15054
3,59,95,-10858,-5212,-2909
40,116,-21,-35,-1255,-1115
110,-82,103,-32276,-23206,-29893
106,81,-108,-29709,12976,-27797
-113,91,11,16780,11646,-32767
-91,12,-33,30525,-23135,32746
49,-36,89,-30300,124,32746
50,-54,6,32654,-12334,32746
-98,60,-26,32654,3608,32746
-29,3,-122,32654,13836,32746
-77,114,4,13665,-20927,32746
81,51,95,6216,-40,27770
-47,-2,127,32654,-5117,666
96,-57,55,-25788,-31118,11225
10,-36,124,-6254,-25408,32746
54,-123,-87,-11035,31743,32746
34,37,-97,-18419,12089,32746
E
-79,10,23,-11596,-30116,32746
119,-49,67,-20968,4038,32746
-89,4,13,-17976,4489,32746
11,31,119,-16241,-5664,-31290
119,15,120,-15574,11888,-5763
74,73,26,3685,17754,1789
-116,16,-14,10760,-283,23355
-23,3,20,16321,-317,23551
-124,13,-78,7947,-6250,-26660
-1,-49,-51,25301,-10957,32747
-13,-126,71,27388,4580,32747
-52,-70,-124,-29030,-1185,32747
109,91,111,22807,-28504,32747
6,109,-22,-3168,-10469,32747
70,-20,80,12923,23016,26334
56,115,-48,32655,-31160,23071
121,77,-10,28169,-595,3917
-95,22,-50,-218,-17850,32747
87,-71,-34,-29248,8651,32747
5,-38,-45,-20659,17435,32747
-106,-70,-19,-10900,-26263,32747
92,77,62,-17735,26573,32747
79,-58,43,-20150,-6730,32747
7,-15,59,-31281,-2443,32747
-109,-70,-59,-30729,-25833,32747
114,-32,59,-16685,28981,-32157
120,-112,-42,-18055,-7388,-19359
106,50,21,-4065,501,-4784
-29,67,-40,-12106,-23112,8245
10,92,30,-3918,7232,2194
1,33,-43,-6542,9801,446
70,98,-54,-7003,11444,-539
-77,-98,-38,-9798,14415,5449
90,-76,-70,-2970,3876,-1044
127,-64,-14,2705,13292,396
1,-36,94,4068,11611,11887
122,5,-121,6754,10274,4596
-99,-102,-106,626,21879,21264
83,107,-96,3236,24421,24079
-9,47,85,10369,15121,-28640
E
109,-34,8,12681,5978,-32280
-124,-82,29,29252,11405,32750
114,-111,93,-28152,26069,32750
-10,-77,-50,32655,-19672,32750
19,-73,41,17992,-43,12368
-14,-106,-54,23012,32724,-3305
-96,-80,79,12712,7022,-24949
-68,-47,-97,7603,21538,-26289
116,-51,-69,-771,-22230,-13420
-61,74,-8,9514,3171,1658
37,87,29,4030,-13651,-88
78,57,-78,365,-11657,1539
11,69,113,-1590,30201,-10184
-24,-27,-112,-5126,5081,-9306
38,96,-16,2756,207,-16220
-95,-10,-54,-2703,-6573,-13006
47,42,-43,-8968,-13787,-8343
118,-1,-25,-5036,10326,-13902
-26,-56,-113,1369,7347,-17390
-77,84,-33,542,-11718,-22081
117,23,59,-6051,-15828,-18606
89,-97,18,-13146,26444,-1886
-86,-118,-30,-8651,-22517,2498
-38,-64,-85,-10480,-5374,27735
70,85,99,-12226,-22767,17007
-95,-68,-36,-13884,25897,13636
46,-64,68,-3888,-9207,-3123
90,-7,-78,-1877,-4883,-13053
77,117,-63,794,21394,-2178
126,-31,78,1536,-11913,4270
-16,119,110,4149,2166,15568
13,127,55,5530,-3013,18041
-127,16,-124,19938,-14815,27665
126,32,-39,30035,-23073,32612
109,-56,-35,-31063,-4965,-31224
-17,9,121,-32209,18824,32751
-92,23,-4,32654,-10925,32751
108,-6,12,32654,12733,32751
96,-119,-40,4589,-28634,32751
63,6,-8,9242,-29936,27385
E
70,-103,43,32654,-44,-5982
-41,26,-46,32654,32723,-29800
-106,-51,29,14290,-11038,25336
82,-96,32,-8994,2430,32751
70,-7,-91,-20315,26841,32751
24,-28,-42,-18208,25038,32751
-49,123,-92,-9431,25739,32751
117,-78,60,-15079,1008,-32177
122,-64,48,-15799,-15941,-16352
74,-49,75,-8910,-13145,-3754
-56,-87,-43,-3752,3530,-2472
-11,10,91,8017,9187,61
17,2,32,10750,12496,-5086
104,14,-116,-10791,6333,21146
29,17,18,20384,-28380,12987
29,55,-77,26270,-15326,-28232
60,-19,-27,-28014,-18205,-30995
-82,-27,-72,-32652,4352,32753
17,-75,58,32656,15239,32753
95,98,-77,32656,-21051,32753
15,-2,-101,-111,25351,18669
57,-35,-78,32656,24258,-28089
-15,-31,113,10551,-46,-14
-37,97,87,-17536,32723,32753
60,55,-33,26363,-15729,32753
-94,-112,90,-26178,-22316,32753
36,-8,-8,-8144,-9084,32753
73,-94,-87,-15245,13788,32753
52,-61,-85,-26517,4331,32753
-20,3,-15,-19582,-23945,32753
-44,-87,24,-10510,32056,32753
-128,-82,78,-5363,-32291,-29630
41,-18,53,-7916,8648,-20376
47,-75,75,-10073,7139,-18238
77,120,7,-8110,-25735,618
77,64,4,-8101,-32695,2403
-17,31,77,-325,23644,-3457
16,19,30,1343,-16368,3689
-2,78,53,2193,-10463,5570
102,-37,-91,9605,24691,-30716
E
-84,-70,-43,5502,24599,-29278
91,39,26,2027,6403,-32596
46,99,-48,12529,-25216,32755
77,-100,-97,-21282,-28672,32755
32,-28,-33,14432,-7590,32755
84,74,-102,26585,22758,32755
0,50,-123,17251,16818,4420
46,40,-120,-18887,-14814,-8874
-114,16,-22,-4004,3960,-25740
35,-14,63,58,12207,-19090
4,81,42,605,-13798,-8168
-73,-16,-6,2921,-2300,-6210
71,-39,64,1076,10653,6236
46,-105,-23,-6130,-712,-247
-40,-84,14,-4016,2399,-1574
-57,-62,-1,-2996,11589,-3301
109,20,-89,-7014,12855,-9999
-11,93,19,-6145,6777,-8820
58,-28,74,-3845,15827,-7455
52,-34,42,-2194,18821,-7879
-43,-77,-119,2207,2036,-11741
37,-92,-99,-1652,-3642,-6241
-65,62,44,-6593,-5202,1925
-51,39,39,-6799,1975,4552
34,-83,115,745,-11485,13693
-114,-127,-90,-561,-8882,13603
39,12,-6,-736,-9038,18944
28,-32,97,-8922,-14930,14008
20,37,112,-22137,-16728,-2433
-80,-53,-41,-24181,-7093,-10340
-3,-33,-101,-26343,-8492,23192
-11,124,10,-24359,-7486,31444
-110,-113,111,-13675,-619,32756
16,-87,28,-9598,-10310,-19071
-51,-67,-123,3992,-7252,-3564
35,63,-121,6219,-3867,-1239
-50,-87,6,12258,-20660,14122
-117,-119,-64,20014,-24320,19777
71,22,-26,30246,-102,-24325
93,-103,-31,31680,1058,32758
E
-50,96,5,-31380,-32432,32758
105,79,51,32662,-25851,32758
-44,103,-56,32662,-587,32758
12,-44,84,12383,-14580,32758
-32,-30,77,-16282,-45,32758
-105,-52,46,-31245,32722,14227
-95,-108,-47,27385,-47,15713
20,-120,37,-14428,-4856,29577
-124,13,-60,4668,12481,32758
125,27,124,-11829,-47,32758
9,-123,-127,-18827,-29801,32758
95,27,59,-13357,-11973,32758
47,-56,-73,-4461,32722,32758
55,65,65,-29543,12746,32758
34,-1,43,-12939,20750,32758
39,84,52,-9844,-3623,-26187
50,-99,39,-9660,-4817,-19696
38,115,98,-679,-21244,16581
125,68,-107,8288,12089,11385
101,-17,-84,21309,17990,-20782
31,72,107,23145,8406,32758
73,14,-109,31422,-20483,32758
-58,-120,-93,-30453,-7908,32758
17,89,28,32664,2435,32758
125,-93,-111,32664,-7877,32758
49,30,25,-11481,-13613,32758
14,39,-10,-26109,-44,32284
110,8,-11,24393,32723,24751
-18,71,-52,23163,-46,-7529
-110,-119,-34,22667,19593,14327
-56,93,113,23785,-15551,32758
51,51,-65,1712,-29827,32758
-115,-108,33,-8874,32596,32758
4,42,-42,-16766,-5261,32758
-74,-124,102,-22982,22442,32758
-50,-23,75,4220,-889,32758
75,-81,80,-6556,32570,32758
22,100,-118,-29186,23386,32758
-105,-35,-112,-7975,-18959,32758
-121,86,37,-12967,26275,-31564
E
52,-20,-103,-7011,-12021,-13460
-31,6,-76,-13202,-28346,-2079
-35,-124,40,-6818,18185,386
22,-119,31,-6237,14655,879
126,-118,54,-8419,10670,739
-61,-97,-108,-5451,6754,2901
119,120,-48,-4726,-1816,1547
-19,115,-92,3314,-3828,7608
27,-27,-13,13453,-2883,27044
107,19,-121,15237,-7397,-27036
15,-30,-22,-25167,26436,-32548
-22,-18,-77,-32189,8642,32760
-95,80,-60,23639,10818,32760
-74,-79,-82,-29857,-19661,32760
111,-124,-85,-10741,28337,-28815
-43,66,-49,-15431,-18686,-21580
-61,-77,115,2372,-3852,-25853
-89,85,-98,-2861,-12820,-15724
51,-95,16,7055,-1073,13028
4,53,-90,3654,-1959,3376
-79,51,-30,-6535,-9372,-405
-95,52,121,41,22542,-704
107,28,100,3039,20702,-4856
-25,58,-106,-2850,-5504,-5557
102,87,-62,-4763,4015,-5264
23,127,-43,-11552,-6473,-7310
-118,-127,97,-7959,20475,2174
-33,-48,92,-6552,22982,177
-30,-45,-12,-9059,13229,-11924
10,-6,43,-11514,26560,-24164
-56,78,52,-12487,-20243,-12301
41,0,117,-9552,-20697,-16752
63,-111,57,-11188,29378,-8372
-117,71,-75,-3658,-20494,5542
-57,32,43,5246,-8114,1006
29,-98,-92,6339,-16177,-2795
-14,-76,45,1892,-25801,-3809
4,70,34,1727,-16101,6585
3,68,32,4192,-16643,8488
87,52,-19,10740,-8722,18687
E
24,14,119,12787,-11394,16043
-110,44,127,21876,-26441,27941
26,76,104,-32391,4718,-28310
-71,51,80,-30638,13286,32760
23,-35,98,32670,27673,32760
56,-9,39,32464,-28610,32760
-51,112,-55,4352,-23828,32760
98,1,-28,-13213,23530,32760
-127,-45,-52,-3909,9363,30078
-13,5,-14,18244,32721,26158
-25,-76,71,-30823,-48,-4261
86,-66,75,-28947,32721,13166
-62,-74,19,28181,-46,32760
-89,56,-107,2617,-48,32760
109,42,-128,-16772,-46,32760
-103,-121,-126,-14988,6214,32760
-56,80,123,-12868,17862,32760
-91,-69,125,-17431,-788,32760
28,-17,-98,-19296,2722,-27998
107,-106,-30,-15219,11473,-31399
2,-38,-87,-5285,12891,31771
127,29,-110,-11827,7304,-29600
48,120,116,-6115,-31414,-7518
-127,-54,42,14004,-29205,-8150
-43,-31,-58,8911,-32300,23061
-85,2,4,11657,8225,18466
-82,-87,113,16530,12539,-24530
55,-122,-77,15935,16843,32760
110,127,11,16838,29279,32760
124,-92,57,13653,9132,32760
-42,9,96,16596,23848,32760
118,-70,-20,-32417,-8893,32760
57,37,66,-30224,-7824,32760
88,-13,32,32670,23676,32760
-9,-114,-39,-2241,10050,32760
90,116,-120,11540,32723,8217
-94,71,52,-7664,-46,29012
17,116,-57,-751,32723,25814
102,-1,-107,19165,-44,32760
-120,27,14,-24787,-19984,-7531
E
67,-104,112,-5508,-26167,24345
-51,123,-86,2150,32723,32760
19,-55,84,-9478,16767,32760
86,26,30,-12937,9950,32760
36,-47,-8,29796,14413,32760
24,34,92,-27557,-2497,32760
118,-54,11,9569,-10718,32760
-20,-101,-108,-7725,28614,32760
52,79,-111,-15583,-20402,32760
91,-57,98,-8508,15017,-15856
-14,-9,-97,22,-30600,890
63,15,-80,792,-29566,2757
125,-28,69,-2237,23249,5810
-125,9,-47,-3956,14227,2750
126,102,21,-6018,3789,7188
126,76,1,-3569,-748,13757
63,-110,-36,604,-1464,24238
2,41,-37,1596,1689,27396
-64,58,-19,392,-12596,-31121
92,88,-105,29319,20337,29886
77,-94,115,-26389,-5074,29714
-102,-51,59,32670,4596,-31354
-49,63,-77,32670,17062,32762
122,-70,80,11994,17469,14157
-77,-128,77,6795,30538,5237
67,-55,-109,-13061,-46,-230
106,41,71,-12833,-30039,-9400
-109,123,0,6137,11712,-17283
110,-46,-93,5769,-17567,-11172
-89,37,-28,987,15908,-1047
-31,37,93,-1797,14840,-1484
-26,114,116,-10863,2803,-299
-49,-114,-125,-7079,17744,-1325
104,-49,-109,-8946,11100,184
13,7,-14,-9987,25993,921
-78,-54,-1,-5331,23349,-8772
-68,105,-115,-990,26457,-19837
-48,127,-71,-9011,-19505,-16563
60,-24,-31,-11255,-20980,-4861
19,37,-62,-8169,-13138,10223
E
-78,48,-73,-1808,-1203,16315
70,12,11,-11199,-9787,16411
118,-125,121,-29288,20491,614
-18,101,29,-7666,-1237,-15852
-116,27,60,-6029,-21870,-27297
-12,17,-87,-4522,-15294,-12511
44,-68,64,1963,-31000,3991
84,-81,15,9123,-26165,6026
116,16,-104,29707,12095,27802
66,7,45,29397,12907,-28473
80,-115,20,26934,8468,-32014
49,106,64,23035,28523,32762
-15,-86,-100,18124,27015,32762
-73,74,80,29379,-13415,32762
5,103,5,29635,469,32762
9,30,127,-24780,16577,32762
-33,-126,94,-29701,-21998,32762
127,81,68,27308,-42,-14931
88,69,2,-1265,-44,15765
-52,-105,79,-22013,32725,-20296
100,-32,-1,-10067,-1616,21335
16,95,-75,3496,-21364,32762
114,-9,-13,-13215,10497,32762
53,-27,-97,-5886,22199,32762
120,-59,-18,-6352,-30092,32762
15,-36,121,-17884,14474,32762
-2,21,-58,-14580,14058,32762
-50,14,127,-11652,-6507,-29336
10,16,103,-3874,-25297,-9284
-38,17,-77,6608,-11141,-2466
-57,114,79,22507,732,16462
-103,126,-116,22567,-4970,21464
-54,86,65,24331,15724,-24983
-123,-24,-4,-28018,6489,32762
97,-72,9,32673,5127,32762
-52,93,91,32673,8164,32762
-84,-107,15,32673,6581,32762
-73,-112,4,31885,-19876,32762
-60,-40,-94,168,-43,-3976
63,-94,19,32673,32724,7052
E
-74,18,118,32528,-45,22639
12,-108,67,23459,32724,29432
126,39,-31,-9155,-43,32762
-42,14,72,-24358,32724,32762
10,-87,-75,9217,-45,32762
41,-23,-4,-3139,15219,32762
-22,-106,-95,-9909,-32495,32762
106,116,12,-8237,4152,32762
84,-127,-21,-10514,-1079,32762
-67,20,18,-7046,16275,32762
-61,63,62,-5592,20289,-29715
59,-22,118,-6332,8789,-19142
100,-63,62,-3694,10793,-21060
51,-32,75,-3351,-30401,-5544
88,1,-62,2604,27728,-820
-94,-17,-13,1301,-3262,-3242
-116,-11,84,-2093,18364,3849
10,-37,-13,-3774,11889,15033
35,105,81,3393,5625,23381
-4,57,-40,19713,-876,23430
-30,-111,16,17622,29426,20320
61,-75,-96,21812,5633,21046
-128,63,36,27364,-3254,-30150
-98,80,74,31128,4221,-31682
-119,32,87,32178,-30287,32765
35,-126,61,-32091,-23624,32765
-36,-54,4,5053,27467,4074
55,-50,-18,16952,32724,-26478
-66,-71,-16,-22137,-45,10047
-78,117,41,13526,32724,-29283
-125,42,-73,13742,-7335,-14166
-125,64,88,7965,-9191,395
19,-19,8,4473,-5742,321
41,-84,-6,-10113,3761,3601
0,-5,13,-6155,4071,1271
15,29,-32,-1423,3191,-435
-102,29,99,13423,28095,-428
-51,-1,-59,11938,1860,602
-55,-79,74,23690,12802,-4892
9,-93,26,20579,18276,-4562
E
-47,-77,-62,17584,3539,-8426
-98,82,5,2811,-6546,-6280
-87,-49,-90,-11916,1819,-7726
118,-89,-43,-12551,-14094,-5156
46,-101,96,-23000,-6234,-3520
28,105,-93,-19794,-7039,-6392
14,60,-54,-18838,-9728,-10627
11,37,-32,-20413,-27038,-6543
99,-8,80,-15377,-30786,-5166
-71,20,37,-13901,-7383,2731
-27,70,25,-13811,-16968,-1607
58,85,13,-16227,-18764,1705
115,-115,-93,-10890,-28069,2778
-75,-84,-64,7415,-20126,17537
104,21,-98,16734,-9575,25430
-26,86,-26,19114,-10978,25186
95,-39,75,24937,-9917,30671
-58,66,84,28419,-3618,-30580
-32,69,-122,30162,10131,32767
-45,14,89,-30961,11671,32767
100,10,69,3162,21838,32767
48,107,77,-8955,3665,32767
-58,97,-36,-18426,12150,32102
126,111,-111,-28656,32724,22067
15,-71,19,26831,-23319,32767
-8,46,83,-19882,25708,32767
-85,95,-81,-11329,16739,32767
-60,-122,6,-8779,13465,32767
1,39,48,-10988,-405,32767
-20,54,108,-14461,-25711,32767
44,-36,-17,-18559,26817,-24285
-37,76,44,-10590,-15249,-32676
19,-49,14,-6577,629,-13333
49,39,-41,955,-10822,-4345
-5,-37,62,20146,-2826,16266
-19,-121,93,18571,-10343,18310
75,34,111,20737,6758,-23779
0,86,-19,-31624,-12380,-32768
-48,-98,-65,-31045,11949,-32768
-110,-94,62,32682,18352,-32768
E
-82,95,-45,32682,-9226,-32768
-86,-71,80,-27423,-15717,-32768
-2,21,112,19950,-45,30924
-120,-124,23,32682,12140,31343
-118,21,-119,6707,-15031,29808
-102,-118,19,-4477,17728,-32768
-51,-122,56,-29353,6533,-32768
65,-76,-63,-6902,-7566,-32768
-73,-24,47,4375,13266,-32768
52,68,-117,-16952,14807,-32768
98,69,-127,-12466,-19537,-32768
36,117,50,-16753,24693,-32768
0,-27,33,-18756,-17211,-24944
84,-123,64,-14902,28734,-8221
61,67,-2,-3735,27428,-9594
50,-20,32,-12510,19510,-5111
119,120,-44,-9797,31165,-7998
92,91,-43,-5982,24580,-4546
101,89,39,1653,14954,-3741
120,110,-12,-1047,10675,-336
121,-60,39,10958,3498,11822
-99,-60,39,8664,3385,14407
93,-59,101,5134,-11099,28922
88,99,80,14819,-20865,-28030
32,-12,15,-24726,1015,-32766
78,20,46,20302,17648,-32766
-46,-15,110,-28475,-21566,-32766
84,60,127,13281,-44,4784
-105,-20,53,1742,32723,5574
-22,22,12,-8941,-26787,-4812
-73,32,63,-12345,-12091,-6850
-57,103,95,9632,7245,-15909
-26,109,78,8323,12597,-9956
89,-18,-50,-1128,-652,-3153
-2,7,44,-1984,4235,-4798
91,-53,-56,-6973,13153,-3188
-122,-3,94,-9978,13818,-4694
68,-115,-46,-6981,19919,-8198
-53,-26,65,-2830,11792,-12411
106,22,4,-5538,6062,-21411
E
94,-21,46,-2625,-1870,-27734
114,-2,-91,6782,27120,-23086
-74,-106,43,14848,28851,-14572
25,72,-27,26909,-9409,18133
-33,-118,0,12033,15539,-24759
-115,-51,59,-12215,-31537,-31013
-37,-80,69,-26011,4213,-18296
33,108,41,-11351,-23464,-16357
-120,-119,120,-10508,1149,-9518
99,-25,-20,-6157,-10437,-1246
-20,-56,98,-14774,-26345,-301
-33,-114,117,-7562,26982,8726
86,76,-46,10216,-20324,16913
82,-107,34,-32335,-3603,32276
106,111,-74,-28202,-5450,31334
-16,-110,-87,32683,-2022,-31134
-100,-71,-21,22334,-582,-32764
47,122,76,-29404,16816,-32764
-66,-80,-64,29641,29723,-32764
126,-92,67,-29966,-28137,-32764
23,-27,-46,-28602,-44,-31647
34,21,101,27418,-5753,-31059
61,-102,121,-3055,32533,28439
92,55,-94,-1187,-24834,-32764
-124,-20,118,-14389,-11827,-32764
76,-45,-52,-7989,612,-32764
-78,119,105,-8054,5427,-32764
-81,-125,-52,-10364,6739,-19528
-74,-51,-92,-8262,-31811,-19660
-87,103,51,8734,15745,1456
-82,110,54,7758,23025,10528
-94,26,-93,-5725,-3014,16239
15,-79,93,22237,12674,20572
115,29,-24,21228,9524,-26759
-33,-2,-98,19488,-3570,-32282
55,-67,-83,-28179,-28055,-32763
-72,-115,102,29743,-7236,-32763
-3,119,-98,-13626,-5477,-3578
-1,117,-69,-28807,-20081,23063
-40,20,-51,-14536,32722,29127
E
-91,-98,24,-7665,6218,-32763
-87,-115,5,-13209,-2577,-32763
104,-88,125,-10368,21081,-32763
101,6,112,-10498,-4705,-32763
-58,122,-18,-13988,5537,-32763
-55,125,-4,-6015,32611,-32763
72,37,86,-4347,14426,-24532
-73,2,-81,-11910,-5663,-10930
-34,125,-63,-5190,11702,2178
72,11,64,-2538,19059,5009
-33,-112,-111,-11522,-1215,1267
-99,3,119,-7400,3748,2578
61,-77,-107,-8416,12347,603
-128,-59,21,-9533,13222,-1754
-20,-38,23,-7802,4259,-2896
-29,-23,105,-4685,7284,-6194
48,51,100,-1082,29342,-4670
97,54,-125,-699,32161,-3268
103,-68,-25,-1861,17912,2734
-54,-96,75,-15,23968,-86
-44,-57,97,-1969,9148,5557
-115,-90,97,-1188,9141,9484
43,59,-28,4927,1291,16816
-100,55,-50,3238,9456,19936
-62,31,-28,21467,-29794,27724
54,65,53,19394,-315,32194
-76,-29,48,-30840,-3503,-31179
-8,25,4,32085,-16789,-32761
107,81,62,-32062,14809,15498
-100,124,102,29435,-18601,27305
37,115,26,2789,26908,-966
-68,-46,-4,5190,31293,8577
-53,-36,64,-27478,-2723,11619
36,14,96,-10642,22655,-14347
-119,22,-123,9468,-14995,-10298
69,92,41,-2721,-8556,-9493
-89,-116,50,-1350,4154,-7270
112,-68,43,-4139,10247,-4982
-107,24,51,-8025,1706,-1100
-51,-108,-15,-5708,22946,1237
E
31,-68,100,-7471,15336,3589
59,-121,89,-966,23036,-2560
-18,106,32,-53,14834,-4939
-117,-119,-57,205,5466,-4454
92,-59,43,-1990,-2557,-4018
-100,-81,-4,-119,-2906,-7058
18,40,-82,-1758,-12393,-10904
61,119,55,-5797,-24323,-8506
84,23,122,-7064,-29271,-14390
-49,-116,-95,-6946,-14252,-7295
-3,-123,59,-3530,29699,-1097
-122,23,-107,-6945,14857,3864
-101,2,16,-13033,25048,9834
-76,23,4,-10923,-31806,10595
110,-84,-17,1240,-4993,25460
47,-117,-38,-3760,-23956,22267
-128,-58,-76,-13664,31308,21452
-89,25,-94,3572,-30821,19263
-21,65,63,24546,-11783,20480
-113,33,-70,19944,-22200,28490
-14,-128,9,31366,-18989,28590
-49,84,-7,-30075,-11491,-30202
116,-120,9,32682,-6271,-32763
-21,-87,124,32682,1240,-32763
39,-95,-110,28629,-15376,-32763
-30,-97,-5,5958,-41,17330
31,-120,64,31118,32726,-20360
51,95,125,-12172,-43,-16740
-8,105,99,-9332,23085,22985
-72,-73,-58,12352,-29597,-32763
-118,72,95,-1617,79,-32763
-59,-41,56,-3038,17840,-32763
-100,-66,5,-11101,-8936,-32763
-118,-115,-62,-22941,15065,-32763
-45,-79,124,-20057,5618,-30805
-89,-54,51,-10167,11198,-15736
104,-99,34,12091,-9761,2716
-60,-99,31,-31289,6218,16923
-65,-3,-73,26933,-11482,29802
-55,67,-76,-29499,31256,-27903
E
102,-65,-71,32682,10303,-32763
101,1,-115,32682,18739,-32763
50,49,-75,32682,22303,-32763
27,-56,99,30090,-30242,-32763
75,35,104,9724,-9512,-32763
52,77,-39,-25798,32726,-32763
-48,-11,103,22055,32726,-4505
68,-68,-14,7149,32726,-26557
-117,18,-61,7054,32726,23924
-1,51,88,-23459,17659,-32763
125,-44,77,-26347,-28133,-32763
-83,-8,99,-3695,32643,-32763
27,-71,6,-3356,28982,-32763
-85,45,-118,-6228,-32372,-32763
104,89,82,4253,-32263,-32763
121,-99,-58,-5644,-11715,-32763
52,-125,-78,-10539,10762,-32763
-117,-82,7,-2755,30570,-17329
40,85,49,-5067,22066,-6518
63,104,24,-677,15639,-9612
-74,-14,-120,-8118,-25396,2632
-33,63,-26,-7120,22126,-2404
-27,11,6,-2749,7808,-9008
-91,61,76,-4249,7358,-7639
-85,57,63,-5142,11534,2578
24,-106,10,-315,24731,11086
-55,90,96,5674,21955,19035
-6,-9,93,9768,6476,20340
45,-2,-20,14467,-6914,19245
-35,-60,-124,21626,-19347,17324
-60,103,111,22879,30573,21611
38,53,12,-27214,-8647,31041
30,-11,87,32685,-17782,-30116
55,57,-4,32685,30271,-32761
113,-102,115,32685,-23728,-32761
3,-75,39,13712,-40,25186
-3,87,18,2588,32727,-1487
44,-97,89,-16415,-10296,-9375
-124,114,127,-1392,-29391,-17733
65,-67,-27,4103,-12740,-17369
E
22,32,-27,666,-11128,-9445
72,77,-59,-223,6956,-8524
18,-51,-109,-7347,11616,-7675
-50,-37,-115,-8006,5543,-7671
119,-14,49,-11346,13990,-7273
-123,18,64,-7520,17037,-7502
-70,-13,-38,-7951,15661,-7541
-42,14,96,-4231,9666,-10207
24,-117,-82,-2408,-4945,-7705
118,-128,41,-5201,-7042,-3177
-87,-122,58,-7706,-13471,2199
-126,-9,-80,502,-23349,9046
-128,-52,123,7494,-12883,29708
-29,-118,-90,988,6562,-30302
96,-22,91,-21399,13037,25824
-102,32,-8,-25968,-9875,4867
25,-57,-79,-22248,25256,-17268
91,2,-87,-25428,5266,-8124
-89,116,122,-13729,-5295,-23984
88,-56,-117,-13031,-8922,-13353
-100,-2,93,-330,-5257,5232
21,112,-118,-2458,-4446,4382
8,60,116,16223,-6724,28906
-49,95,-43,17045,-845,-29200
65,9,-123,17438,13712,-31826
-125,105,73,-6905,8643,-32757
96,-59,-95,16852,-30478,-32757
48,-63,-81,30736,-5304,-32757
125,124,-104,27697,-20537,-32757
-123,-35,-111,2975,28258,-32757
-65,98,77,-17861,31553,31305
-123,28,-127,-22939,-41,-27456
69,-104,100,9237,15183,27535
76,49,11,30826,27654,-32757
-104,86,-113,-17858,-41,-32757
122,10,-22,-19397,22738,-32757
-119,-24,-87,-14155,-29624,-32757
8,-61,98,-13143,10820,-32757
11,36,83,-6401,10329,-26772
-128,-37,72,-18158,20279,-23025
E
115,16,-13,6136,-31525,-1663
-120,93,-80,1145,9984,-6468
-18,-46,-9,18236,-18306,18112
-83,-43,11,18377,-2546,23794
-70,12,112,19354,-18070,-25898
-31,-58,107,-25679,1962,-32757
-19,53,48,32690,22412,-32757
-108,-55,114,32690,-13127,-32757
-81,-32,-59,6510,-14382,-32757
21,-108,-3,8649,-40,-644
71,65,3,32690,32727,19210
-118,99,-87,4419,-42,8248
120,-41,-13,-1560,32727,-27186
48,-105,96,-16012,-1194,30922
-9,-63,74,-24089,21682,-32757
-125,-56,4,-6786,-25359,-32757
-89,-31,46,-1383,32727,-32757
68,16,78,-7811,-12728,-32757
-74,38,85,-1039,-18118,-32757
37,-88,-127,-14854,-27559,-32757
94,-25,-3,-13402,-4345,-26574
-14,-55,46,-8993,25829,-20220
-69,-44,-20,-6575,31556,-15045
-20,8,95,-7927,20780,-11510
-105,-40,67,-1776,24516,-8737
-44,122,-29,-2660,18779,-10066
78,5,21,-23188,-18978,4706
-119,25,115,-17183,-14964,-4445
74,-94,48,6929,15221,19943
-44,54,-91,807,8930,17673
-128,29,120,4151,16969,31468
6,-127,-11,11872,7630,28357
33,-122,52,21195,19320,-30622
-29,-62,-12,-30033,30104,18123
18,30,20,-31178,20254,-31263
-125,127,-26,32693,-3231,27566
91,66,-42,32693,-11638,24884
71,-19,91,13019,20419,13114
108,48,79,-17316,32727,10672
-66,33,80,32602,-23871,12503
E
42,60,0,-10816,16380,-7134
-89,-48,-104,11157,3885,-16312
-50,20,10,10122,12551,-9276
81,-128,-75,-1784,-5259,-3983
58,-90,7,-8370,-2865,-4394
123,80,-103,-9636,10520,-4251
107,81,86,-7427,9972,-3661
-74,-119,-21,-6370,14149,-4535
-40,-108,9,-4215,18957,-6645
-104,3,-105,-2918,14334,-15485
-10,-124,20,-6174,7648,-14625
111,109,79,-2757,2313,-7431
114,120,61,-758,-619,-9846
97,-103,-2,1077,-335,-5939
-4,-69,7,-852,-1428,-1954
4,-122,-1,-1836,-6197,-8417
-98,100,51,-10616,-28332,-2207
94,-29,103,-10441,-16557,-4071
69,109,27,-10825,-7254,-3980
116,57,-120,-6323,-25184,-6521
-124,14,113,-14394,6572,4342
104,-108,103,-7564,-2747,-7873
8,19,-102,65,26609,-245
-14,-88,15,1562,29736,17691
69,-89,50,15317,5814,-22901
63,108,-124,14631,-19,-32444
-103,86,36,10022,31493,-32756
61,81,71,26569,-20951,-32756
-115,-99,102,20588,-6606,-32756
121,93,-88,-30747,24808,-32756
-7,-78,108,24286,-10415,-32756
-89,-36,-114,9772,-15083,-32756
111,-3,-56,30491,-30889,19466
36,43,-101,-31288,-8069,24017
-52,-117,-95,26768,-12144,5470
-10,-74,106,-1947,-41,17864
57,-23,-10,9464,32726,-32756
-100,109,-22,-10179,-43,-29699
41,98,34,7100,28763,31761
-49,-92,109,2713,-3584,-32756
E
-43,67,-3,-10994,-12436,-32756
0,-1,31,854,23468,-32756
127,-79,-33,-6166,-9531,-27546
54,-127,-4,-3036,-4806,-11051
-68,104,68,5829,-15117,317
105,54,68,7553,-12463,6103
-10,34,77,20884,-8968,24286
-108,28,-32,19939,-7731,26428
82,117,-107,32432,-295,-27998
-6,91,33,27788,550,-32756
-89,19,-48,-30393,11042,-32756
36,-127,-82,32695,16229,-32756
-37,55,-25,25967,-23045,-32756
106,-85,52,24016,-39,25921
-2,44,-15,-8497,32728,3811
-78,-116,24,-29565,-41,-22751
77,102,-42,24984,32728,24422
-65,118,76,-17252,-39,-32757
0,69,49,-22764,32728,-32757
11,-95,-96,13998,-41,-32757
104,40,-1,-142,-2813,-32757
-120,20,-122,-13662,26619,-32757
10,11,9,-3153,32274,-32757
80,118,-79,-10028,-8240,-32757
6,102,67,-4463,24370,-32757
-98,24,-120,-12357,25665,-32757
75,125,127,-8810,19008,-32757
94,66,41,-5146,15849,-28720
-19,99,-85,-2158,31883,-16475
123,81,-9,-3237,25627,-14738
-118,-49,-103,-6768,12260,-6097
-108,50,65,-5402,2987,-5493
5,-96,93,1810,4292,-1866
125,-105,95,4025,-4036,3623
-28,43,-92,14455,-16022,24594
-111,-51,-105,188,21812,16856
-101,14,95,-18297,13,-24786
119,79,90,32697,-3438,-32756
21,61,119,32697,-8772,-32756
107,0,103,32697,-12505,29514
E
-61,26,11,32697,32699,-10157
47,-38,-121,-17144,7248,26760
24,6,-79,-23185,-9780,9275
-123,49,3,-20975,3528,3145
121,93,-109,-2363,11073,-11876
65,-103,8,5104,2478,-10755
42,-9,76,6037,11345,-6104
-14,38,-66,-4669,1980,-5715
-97,118,-31,-10833,12990,-3327
63,124,85,-15078,12731,-3602
79,1,-22,-10735,27733,-8212
-103,-58,124,-8522,21117,-8479
-29,30,62,-5986,12711,-11791
67,-77,-78,-2676,21344,-12529
1,-6,-59,-6721,5448,-14508
108,3,-95,-9557,2469,-13492
0,6,46,-12017,5343,-17647
0,40,102,-13557,-22853,-20358
-32,82,-36,-16342,-25092,-12252
26,-70,18,-9395,-15035,-9937
-47,15,-64,-1937,-26282,20
-117,-109,-22,-5350,-8533,6900
96,-67,-76,6952,-13105,10274
-105,56,-78,6811,-12740,15013
39,-61,-107,12416,-10952,22544
-97,-36,108,14784,-4556,27340
-102,-56,-73,17181,-16494,30747
-37,50,-94,25189,-19697,-30723
-125,1,-3,-31131,-13150,-32756
24,-33,-110,30417,-6920,-32756
-107,-100,-19,29181,28958,-32756
-37,85,-122,-32593,-21969,-32756
-72,42,-41,3119,-11816,-32756
29,41,91,-20159,32725,-32756
-101,66,37,20885,-42,16602
36,-114,82,-10459,-2131,8613
11,55,7,29681,-10270,9866
-26,1,-22,20259,12949,-32756
-49,-91,-68,24583,20010,-32756
42,10,-123,-16602,-26376,-26000
E
-29,63,-97,-15306,32144,30528
88,-123,74,-12957,6015,-32756
-12,-65,2,-23232,-19038,-31323
123,-15,58,-12038,-2045,-25827
-64,-61,-68,-5373,5738,-13094
37,-67,50,-4012,-901,-13547
45,32,-95,17783,-15063,8148
-11,-89,-123,17287,-5458,9440
105,79,-42,24297,6362,27104
25,-65,-46,-30545,28194,-26944
61,-113,87,31864,-26326,-32597
12,122,83,-32170,-376,-32754
-17,-94,-110,32701,-3841,-32754
51,-115,-32,32701,-14515,-32754
95,-126,76,-66,-44,-5393
-95,-7,80,32701,32723,-6281
-70,49,96,-3244,-46,-31643
15,-103,43,5311,30923,27244
75,4,-31,-25384,15664,-32754
-43,-49,111,-20607,23431,-32754
-7,65,-9,-23908,6197,-32754
-58,-86,83,-17801,16970,-32754
-92,-47,44,-17725,10034,-32754
-117,98,-37,-15969,6920,-32754
-68,-119,22,-17668,6881,-32754
-103,73,-92,-21738,21605,-32754
48,66,99,-20833,27767,-32304
-87,9,-6,-8052,12833,32632
-107,41,28,-8428,7314,-24366
-83,77,88,-7989,27292,-10489
110,-8,-34,-9806,26691,-5227
-53,124,-5,-8239,8352,-1632
-38,83,-7,-12441,-10244,-10436
124,20,-54,1750,-822,7405
-58,65,-83,-1296,-1960,5458
-58,-15,-1,-29957,4791,-31094
-43,21,-65,13794,30475,14330
-103,62,34,-24937,-9149,-25207
-6,65,36,32704,-18191,-32752
103,-64,-48,32704,-22418,20259
E
42,107,-94,32704,-26984,-9312
84,-68,-38,-26671,6884,-29732
102,-91,-52,-30068,30741,32140
-114,-117,-4,-23327,29317,-22726
18,68,97,-3235,13160,-14805
-15,-50,115,4861,17426,-10342
27,4,3,1804,-13214,-6026
57,16,48,-738,421,-4386
-115,103,36,-7223,18860,-2164
126,40,17,-7930,17464,-4270
5,-18,-47,-5674,11395,-4962
-20,-10,106,-5863,12633,-5034
4,-5,116,-1214,14162,-8015
111,-43,59,7639,10024,-15070
98,-45,-67,1359,-18604,-11348
-28,38,39,-8662,2922,-898
51,35,-53,-1004,-11626,3929
-44,-71,99,-6834,-2155,7064
-66,39,-109,-14527,-21547,8484
-14,51,45,-19057,-23702,6232
-10,22,38,-13579,10020,6188
82,121,-10,-10069,-2701,2688
15,28,52,-4321,-18828,1702
19,35,108,1808,-25784,677
121,62,-122,6763,-16885,9785
-50,70,56,5860,-13530,9826
95,-107,-11,8882,-16019,17222
-31,-56,-41,14850,-7825,21788
79,48,33,22209,-1751,29445
-112,13,-28,28364,4758,-29396
-81,79,-24,21739,1043,-32750
22,-1,-26,-27933,-157,-32750
-59,48,23,32703,-3271,-32750
-122,114,29,32703,17876,-32750
-97,-60,116,21070,-22066,-32750
-98,17,-78,3813,-45,-5122
-50,56,57,32703,17154,12655
-126,-50,96,-3284,-16703,-32750
34,120,106,-27619,-45,-32750
22,118,29,-4767,-47,-13776
E
36,-4,-63,-20024,14579,26462
73,-115,-90,-7906,-4921,-25250
108,-26,-112,-17241,-32513,32733
-12,70,-64,-4833,22595,-28281
-38,-49,8,-8713,-7538,-32199
-72,56,46,-3756,2743,-19369
-67,-109,38,-1722,4223,-16600
-45,-89,20,1952,-15661,11009
-40,-34,28,717,-12476,10722
-73,-7,-125,-31903,17256,-20108
-13,122,86,27956,5925,-32750
-90,44,-30,-29572,4545,-32750
-128,73,73,32702,-8302,-32750
103,-96,107,32702,-15661,-32750
53,25,-113,23208,-32444,-32750
-97,110,13,24945,-44,-12964
-37,-100,-116,13496,-46,31495
67,28,-53,-2202,-10449,27378
87,-27,-36,-2908,-13513,-32750
13,114,-76,-18710,-23034,-32750
-36,35,22,-17372,-1611,-32750
-75,-87,5,8186,28917,-32750
-49,86,7,-5812,16164,-32750
45,0,0,-10125,21392,-32750
84,-59,15,-10002,207,-32750
120,86,-71,-2741,-19809,-30038
-120,-80,35,-1421,10369,-31438
94,49,-126,-7308,16914,-16466
-106,90,-116,2075,26689,-17783
-97,-5,-80,3983,23835,-2003
-113,8,-66,4450,17080,-11688
-17,126,106,-6179,14733,7175
6,-89,101,-5411,14976,6919
-5,31,-57,3643,12123,15309
5,-39,30,6866,3961,9708
97,118,55,4140,-19413,-29564
43,-69,85,18535,21614,-30085
54,7,32,-23392,3159,-32748
-85,95,94,32703,-18332,-32748
120,93,99,32703,-29846,17962
E
-21,8,24,32703,6949,26418
-102,-35,9,-31526,32724,-10140
-105,52,-26,-20921,-26540,-17480
36,46,-33,-6593,8801,-12198
-97,125,11,-4453,21794,-8505
-67,75,-58,4508,20429,-4110
1,100,-61,-4178,-2652,3567
-75,109,-50,-8292,-4275,-1787
122,-85,-110,-6997,1761,-2213
-4,32,-44,-3932,28682,-4392
-117,97,104,-5232,17710,-6866
34,21,-105,6658,20934,-12759
-45,-59,-92,2132,-6576,-6978
25,-59,42,-1481,8971,-6472
27,-111,23,1030,13580,-7605
-115,0,-75,-2237,4126,-4592
-112,-42,-117,-5888,7430,-8083
3,-28,2,-18528,-2491,-5091
78,-75,-73,-11855,5288,-5617
86,-81,110,-4274,-17738,6391
-74,-50,56,-3866,-11176,2759
33,9,96,1469,-16547,4127
77,45,-116,3802,-17667,7391
122,-111,62,9850,-17797,26142
69,43,-32,8438,-12435,-28656
84,39,73,13808,-3944,-31890
93,-84,18,13438,-8183,-32746
86,-68,-19,17858,24694,-32746
-51,-96,64,8167,13199,-32746
14,109,-34,16943,27699,-32746
60,-88,-56,21251,17093,-32746
-121,52,70,12332,-18691,-32746
-11,19,12,18329,-44,25714
-109,57,90,29589,32723,24227
-53,54,-117,28303,-46,-32746
-103,-101,-28,12325,-44,-32746
-12,98,92,32703,-15687,-4550
97,46,94,32703,-5754,-28183
93,74,-117,-10910,-17692,28137
11,110,-18,-17173,15607,-32746
E
-103,74,-39,-11686,-13534,-29276
25,-21,62,-9635,-11545,-19370
-98,-49,-14,2382,6457,-10307
17,15,88,16228,-858,2966
9,-31,87,20772,1836,6827
59,73,-77,28265,1816,24637
-21,-69,29,26129,-522,25219
103,3,-20,28741,-2990,-27693
-126,-120,-73,-30328,16887,-32745
-15,65,-104,32705,15152,-32745
-86,-118,73,32705,-23269,-32745
100,-3,42,-62,-42,20235
-11,68,42,32705,24984,-8028
-48,118,-116,-11018,-19309,30696
-115,65,-67,32085,5630,29994
-92,58,78,-7244,-23780,-32746
30,-2,-30,-5718,30343,-32746
15,-52,-121,-6022,-10848,-32746
-10,14,-106,-8265,18286,-32746
-4,-9,116,-9808,15358,-32746
86,-62,-19,-13425,391,-32746
41,107,-54,-13875,10486,-25732
47,-69,-22,-5800,29770,6444
-59,13,-24,-3817,19357,-2615
-104,-116,80,2405,9426,-3040
-80,120,-105,474,5652,-3932
36,126,120,4802,12327,-58
13,113,-65,3697,3003,8769
-125,104,-100,1563,5456,13378
-119,-92,-74,-954,-13219,31928
-67,-124,50,15544,-9244,-28780
-42,103,-53,-21675,-8402,-32745
-50,92,98,32707,20532,-32745
-63,-33,-83,32707,-27047,25399
-1,-3,-88,32707,18619,2604
9,-80,4,32707,32648,19
-59,-104,11,-4753,-11546,13315
-70,-110,72,-26827,19742,-11595
-128,-60,26,-13971,1401,-10606
-5,58,127,-2550,10529,-10917
E
-118,-100,-52,6063,-785,-4376
99,-87,-69,2975,-4122,-5971
27,4,-114,-1192,13810,-9060
60,118,-61,-6154,17976,-8159
-42,110,20,-14530,24390,-6575
33,121,5,-10676,16219,-6495
10,91,53,-125,-7245,-20188
70,38,-80,2344,-7579,-23925
-4,18,-93,5042,32066,-12819
-92,62,-114,-2953,-10999,-6540
-22,122,91,-9480,14584,-2687
63,119,-67,-16852,11984,-2826
-108,98,-9,-30235,26475,9627
75,122,127,-17637,-26570,8758
71,27,-107,8691,1303,9926
-28,-70,107,-126,-6400,11114
63,87,-116,-290,-12548,30969
75,109,-113,3847,-6632,27047
-87,-7,-63,13337,-8870,-29385
47,-90,-58,11948,9686,-32743
121,93,-125,-4032,-7048,-32743
20,-16,13,5511,-5063,-32743
88,-76,-8,15346,-9597,-32743
-118,-72,-122,12566,13277,-32743
91,60,119,10171,-19558,-32743
-81,52,-124,32704,-43,-4691
-5,115,18,32704,32724,12520
126,-81,-108,18539,-45,19800
121,-100,-71,3790,-16533,15278
73,-9,75,9963,-9102,-32744
102,-109,23,-10957,3595,-32744
46,-81,64,-4959,4902,-32744
-107,112,74,2451,22635,-32744
105,113,8,-6323,-9729,-32744
11,-114,-12,-11794,-14772,-24093
-109,21,64,5793,12441,3439
-117,82,-128,910,-19623,3673
77,-46,27,24649,9982,32502
-69,-83,-105,17854,-29644,30673
-40,-100,13,-26948,9195,-30195
E
-67,76,-4,-32252,18494,-32743
-54,28,-124,32707,18274,-32743
51,28,-12,20995,-2743,-32743
121,66,120,3844,28640,32600
-16,-90,94,32707,1319,21935
46,75,-57,-8622,-44,-32743
-114,59,-108,-23075,32725,-32743
58,32,-2,21244,20911,-32743
-88,-37,-47,-16188,3896,-32743
37,-48,-5,-758,-44,-32743
107,98,76,-1995,29411,-32743
-75,-120,-49,-5111,6104,-32743
55,-101,15,-4905,3595,-32743
-60,-82,50,-2513,3885,-12575
22,20,24,-156,-7407,-20973
-36,-119,63,-1489,17601,2488
-56,72,-35,2307,19701,-4217
-99,-29,-37,1759,1097,6724
-72,-20,-69,7397,7398,7627
-39,-83,-96,19557,16389,20664
-113,-118,-47,15913,-50,22561
-17,59,47,23502,-8733,-26497
-54,-8,-88,-30754,-27057,-32740
-16,-54,123,-31543,21413,-32740
95,84,58,32709,13233,-32740
-79,-101,86,32709,-30236,-32740
-60,98,-88,-9708,2649,11481
-38,30,-3,11658,32724,9077
-76,85,39,-31799,-45,215
-41,46,2,-12948,19743,-15372
-27,90,-110,32,-6151,-12293
-80,86,-71,6287,14357,-1291
-90,10,117,29854,-45,-3320
88,-9,-84,926,12589,-3901
57,10,-43,-4999,222,-7388
50,22,-63,-3788,18583,-4679
87,27,-47,-7335,2107,-3925
60,62,-73,-6884,11783,-6599
79,72,-105,-3557,9480,-7033
43,91,-43,-822,3497,-5884
E
53,105,-78,4385,2429,-4796
-78,91,-46,12104,-28250,-1345
1,-41,-86,7294,18730,-3401
-86,-76,123,-6254,18623,8748
-89,97,29,-15894,21868,-10446
96,-68,34,-31704,20795,-8853
-121,-122,126,-32565,-19201,-14097
-45,-82,96,-18384,-22216,-10393
41,31,-41,843,-11345,-10320
82,117,88,627,-5423,927
-107,-34,86,1784,-18844,4090
0,-41,-17,-3696,-3516,7346
68,-49,10,-9381,-1586,9621
-109,71,108,-6746,-11811,8271
-51,75,65,-21538,-11780,7564
-124,74,103,-14818,30447,19876
-33,-10,-23,6204,-10096,24994
-61,88,27,15984,-15372,-27310
-84,-78,39,30367,2544,-32736
65,-95,-6,23627,-990,-32736
82,-88,-91,-28296,413,-32736
-21,64,-14,32709,-12108,-32736
82,-81,126,11637,-15894,-32736
112,-74,81,11780,-31631,25103
65,76,-127,31105,-41,-30481
93,77,-61,22044,-43,-11991
51,-81,-94,784,26664,22278
9,90,-78,3067,-6813,-32737
50,-40,62,-12916,87,-32737
-42,87,4,-6270,29535,-32737
90,69,-124,-11531,-19878,-32737
-112,-115,85,-5791,-1781,-32737
39,-107,-19,-11270,-21863,-30763
38,-18,-85,-723,11336,-20489
19,-39,-73,3337,-14098,-6698
123,-1,35,13909,-11581,10063
-99,-113,-41,20459,-16807,17140
-93,-118,-98,19095,-6434,-29843
27,121,81,16085,19386,-30280
59,-72,-75,19280,-16694,-32736
E
-49,-53,-7,-25704,-16872,-32736
-67,95,76,32710,-17674,-32736
-20,84,-58,32710,-8246,-32736
65,14,75,-57,-41,-14660
-122,-47,-114,32710,32726,-16800
-9,29,41,-740,-43,21839
-84,-31,84,-24686,16109,-32736
-41,64,20,-11725,-4152,-32736
-68,27,28,-16197,-30522,-32736
-43,78,4,-9008,21185,-32736
-36,-20,65,-5350,11894,-32736
-64,122,51,-6922,18698,-32736
84,94,0,-12307,10407,-32736
-45,-106,-70,-21931,10804,-22915
-54,-21,25,-10169,30810,-25948
-29,-39,-5,-5826,25222,-20815
122,-8,-97,-4707,-2037,-18609
-67,54,-34,-8944,13378,8832
118,-8,46,-2950,16083,8712
86,-72,-107,198,19988,3573
107,-64,-105,954,3695,-2996
-78,-53,-118,8147,-21150,-939
71,-81,-95,23759,-15547,19951
111,-88,-47,-25304,-12667,-22848
56,123,113,32711,-18934,-32735
45,-114,-67,32711,-7946,-32735
-18,-36,100,32711,-26900,-32735
12,-84,-38,-16399,19833,4131
-91,-73,118,15359,-44,14317
38,-10,99,-22868,1756,-16987
48,17,-32,-25187,31455,-4461
84,-106,125,4500,-31676,-5919
-32,-94,95,8762,-6297,-1575
91,-109,63,-1386,8668,-5717
-113,22,-126,-5140,-16877,-3689
-9,70,-97,2818,10594,-1671
-54,91,-10,-1247,9323,-397
94,-27,-97,-792,15192,-1086
76,-63,-89,516,13462,-1871
-106,59,25,4133,27698,-5865
E
-22,70,29,1042,18778,-9520
27,3,53,-4480,3983,-5002
110,-10,-26,-7326,1069,-3124
80,108,46,-3488,-12341,8412
19,-51,-75,-7485,-16176,10264
64,-24,34,-22480,-2365,-3570
83,-35,48,-13662,-13796,-681
75,-95,-109,-14940,-17072,-9238
-88,-67,-111,-10659,-15030,-7443
119,-118,-50,-9204,-5618,-3108
-25,-28,104,-5298,-8453,1074
31,23,97,4539,-13192,3685
104,-117,4,16625,-23043,13510
-91,99,72,29637,4904,29869
47,44,-86,23980,5064,-27911
-9,-73,70,12008,14715,-32732
68,45,-31,14920,28189,-32732
3,-107,-23,29366,-19529,-32732
111,-23,106,-28796,-19861,-32732
111,12,-92,-13626,-8899,-32732
-106,89,-45,18508,-42,-10560
108,-72,-66,31678,32725,-24418
-96,75,58,32715,-44,-20846
-96,117,-123,-5225,30158,25883
56,39,33,8405,1540,-32733
58,-125,-9,11457,-22131,-32733
-18,-9,126,-23158,-42,-32733
-87,29,8,-3736,31856,-31255
-67,-117,95,-19824,-15081,-23841
32,61,-9,-1356,26491,-23739
48,-25,14,-4680,-11630,-19922
-120,-62,-47,12486,2313,9700
32,83,-62,9476,-9992,7708
-70,-29,32,14970,-300,21275
-14,4,-33,-26419,19702,28962
-72,-81,95,21393,-13242,-28622
29,-86,-23,-28651,-2008,-32733
-75,-97,78,32717,-17809,-32733
-17,15,0,32717,10877,-32733
-50,7,-118,26860,-17936,-32733
E
-91,-69,-106,23747,-43,19150
-63,-43,82,32717,14105,-26377
-17,-105,9,-30028,-15684,21279
-112,88,-6,12805,9528,-32733
-111,34,117,-16555,7689,-32733
-107,116,-68,-18076,-45,-32733
53,-70,-59,27839,32724,-32733
10,79,78,-91,-11165,-32733
18,-39,15,-5573,30962,-32733
29,100,-117,-1283,-12723,-32733
20,98,-102,-6654,1488,-8238
-48,69,83,-1575,13060,-7118
-103,-69,95,883,13993,86
110,-35,89,1547,27682,-269
-18,-10,107,5592,26830,6997
111,-25,3,8645,14240,-2503
-95,-17,-3,17986,-3590,1491
126,-63,-35,12972,-16957,6260
122,62,6,18993,-1547,30654
63,-48,-118,-28657,-20032,-27297
73,57,-93,29595,20008,-32734
-52,20,-119,28162,-6271,-32734
-72,-122,-27,27285,-22644,-32734
-126,110,-78,-30341,-31334,-32734
39,102,85,-10114,7511,4572
-79,-34,-40,-21952,32724,16791
86,-99,99,-15941,-45,-1816
-8,-38,-70,-16522,-734,-4673
-35,75,-68,13266,-23618,-13779
-93,90,42,10470,9689,-5329
-122,86,-96,675,-4018,-6456
96,56,112,-7732,4632,668
-111,21,50,-4560,6297,-370
-32,102,-86,-6618,9680,-528
-72,-127,35,-9754,2973,-1369
-109,1,-81,-16739,13230,1934
98,-39,103,-14687,19712,-305
1,68,24,-7674,14047,-9525
-48,95,-106,-16558,3133,-10521
64,65,-112,-26459,6657,-4631
E
-100,10,-49,-16726,8276,-9055
67,53,-126,-15280,-11064,-13203
-6,-37,-106,-16939,-9074,-504
-90,127,35,-13126,5794,-12774
-77,87,17,-10763,-27173,-15209
-43,41,-116,-10862,-31549,-4340
3,112,-38,10881,-2586,8798
56,88,123,13874,-29846,19933
96,74,108,16753,-11071,28604
34,-96,18,14510,-8767,-32678
-29,40,34,15651,-18232,25254
81,35,-12,15517,-28886,27052
65,-35,-101,23476,-27738,31915
-16,-27,-113,8674,-7202,-31462
18,126,63,-22816,-6358,-32731
-6,61,-78,32719,17985,-32731
-27,114,-102,32719,-20978,-32731
54,87,-3,30845,-43,22024
75,116,-16,22422,32724,6579
-15,11,-74,97,-45,19517
-28,104,-22,21749,32724,-31639
63,-119,-22,-14971,24542,31381
105,15,-61,-10814,-30634,-32731
-126,52,-29,-11259,10870,-32731
-94,-2,-49,-19405,540,-32731
122,-97,-47,-17510,-3120,-32731
-55,-120,-100,-8330,-3057,-28015
126,-57,94,-3857,-2042,-8675
76,84,97,110,-15638,-5468
3,26,-35,15945,3999,8499
-21,116,3,10627,803,17128
-78,112,82,14495,-353,17291
106,-44,-69,-29896,31063,20858
-18,-120,-108,-30524,-12453,23094
-20,105,127,32721,-17441,-27212
-69,46,65,32721,10926,-32730
-128,56,73,30017,-17270,-32730
-83,78,63,22700,32722,-20447
-64,16,36,-18088,32722,17790
2,-91,-90,19888,32722,-32730
E
-38,5,-35,8800,32722,-32730
122,-89,-4,-18372,9039,-32730
-115,-6,101,-23126,29694,-32730
61,118,-123,-1187,-15361,-32730
-57,-91,57,-15094,6354,-32730
107,-67,-94,-13074,-3961,-32730
65,22,85,-12170,14174,-30270
5,118,68,-11056,-27410,-26476
-54,68,59,-197,-4556,-22636
61,-39,11,-3019,23164,-14942
126,-66,6,-1113,23208,-2279
13,-45,-89,3100,24824,-2481
-85,-119,-125,2562,848,4134
122,97,-36,5448,454,7175
87,62,-57,7777,-328,16771
-98,65,-70,489,17629,27900
99,-116,-122,-2645,-14428,-27780
118,-66,54,-15993,-2112,-32729
87,116,-106,32723,-19124,-32729
114,-23,96,32723,-5321,27729
-66,114,20,32723,-12112,22799
-20,121,-44,29258,21711,22393
48,-54,-2,-4302,32721,22635
-13,1,-49,27129,22673,-5380
17,98,-72,-17831,19788,-7653
20,43,109,-3557,-10380,-15185
63,-47,-125,-7738,-30716,-7294
-45,111,-23,19313,-26657,-1686
-125,122,48,-8395,-25964,536
93,-46,38,-8019,6250,-200
-126,-65,-71,-4153,11713,-47
-105,-6,103,-7906,5884,-4565
-103,38,120,-10626,11648,-4325
-97,-34,122,-15856,21509,-7610
-70,74,103,-13241,22006,-8325
-113,44,39,-11759,25380,-14646
-59,-46,-91,-3749,12642,-14510
-14,85,-116,-11115,-5955,-7323
-38,27,-22,-19500,-15638,2592
104,48,75,-10931,319,3656
E
-23,-120,-38,-4950,-20164,5019
-23,-89,117,88,-23351,2353
20,-87,9,6524,-9181,-1532
33,-78,68,4086,-9471,5028
-21,-21,45,2745,-23895,6466
-26,-8,16,6014,-19217,12672
117,-81,119,12081,3332,20039
15,-92,32,14614,-12909,30377
33,63,45,19054,-10943,29528
56,64,-19,14157,-16863,-32400
113,35,-88,13917,-5138,-32090
59,114,-114,-26276,-6047,-32730
-19,-68,30,-31922,26961,-32730
-125,-114,81,32725,16058,-32730
62,122,23,-29060,8346,-32730
-89,8,49,20553,32722,15152
-93,-115,41,-15234,-2149,-26401
114,-45,5,-5903,-32114,21736
-20,-72,-75,-23410,-45,-32730
71,-107,111,2233,-47,-32730
59,107,4,529,13376,-32730
-43,73,-22,-4547,9623,-32730
62,-88,-59,-16120,29287,-32730
-82,11,7,-7605,23598,-32730
-121,92,86,-3235,5143,-24571
104,28,98,-5594,-12685,-9752
75,-10,-1,1323,12693,2423
-106,-85,-49,-1444,4166,7956
-41,-4,-70,521,22990,29106
56,40,101,21676,-23167,32177
97,0,39,23619,-11319,-30513
54,29,-127,-26723,-17593,-32728
52,-106,72,32727,-16486,-32728
63,-122,54,32727,-20537,-32728
-92,80,-67,28595,-6926,-32728
-83,36,42,23182,-46,-32728
-53,-61,123,32727,-48,-25485
-41,127,-44,-42,32721,19472
-57,-126,91,4824,-9108,-32728
103,50,89,-11108,-16399,-32728
E
-71,-13,-121,-3552,5571,-32728
-82,-68,-3,6150,29785,-32728
4,35,-42,6568,-10198,-32728
-80,-39,43,-2997,-23171,-32728
91,119,84,-28560,-7969,-32728
9,99,-26,-27798,-30197,-32728
-25,95,88,-9043,-26800,-23617
-88,74,-1,-4240,14955,-22077
97,37,9,-8707,705,-17661
124,95,75,-9904,14057,-1410
-112,-97,-122,-2538,20603,3813
-66,-112,-84,-435,20385,5226
-95,1,-31,11577,1907,13623
38,-112,60,5429,-5169,17288
-47,-19,-17,3589,22064,-24866
57,86,57,25415,4987,-32369
104,47,-86,15077,31518,-32726
61,92,102,-31307,-29804,-32726
35,-39,63,-30551,15044,31287
118,-89,-23,32729,20610,29844
121,8,40,31414,31089,4479
-101,-85,-116,-11179,-50,29760
47,29,-110,-8205,3958,-21831
-62,-111,-108,-9547,27247,-7657
66,57,63,14262,10192,-9947
-95,-104,-78,7864,-5852,-7906
-7,82,107,-2639,-808,-2381
37,124,47,-3690,7193,-1123
80,115,-68,-2736,9297,-1498
-126,113,82,-4589,5889,-3763
-120,-46,79,-16076,507,-2912
19,22,-99,-11420,-30974,-2527
46,118,50,-4889,-28631,-5643
123,116,4,-21583,30221,-5035
10,15,72,-15732,17856,-21848
-73,31,-31,-5056,-16535,-32262
-99,52,-59,-10723,-5444,-19176
94,54,66,-10233,-1459,-15675
57,-13,-124,-9104,-23833,-3871
-36,-16,-126,-7235,-23430,-4381
E
-66,-124,116,1236,-23179,1723
71,-118,11,4719,-24589,940
123,-123,-95,18861,-17422,-30915
-85,-56,-81,7851,13953,-27924
-127,-1,34,-6739,2730,-32726
-9,21,-64,-16308,-31830,-32726
48,16,-93,4948,-29797,-32726
-67,-42,114,6515,-10700,-32726
-121,34,-52,31129,-32165,-32726
-2,-42,10,-27518,16361,-32726
123,98,-70,-22566,-17448,-32726
50,51,75,18393,-48,23532
111,83,54,-13006,-50,17893
81,-128,39,-15785,32719,6046
-89,-23,-31,-17801,-48,-32726
-81,109,71,-3992,-50,-32726
-125,-70,-57,2996,9755,-32726
-27,81,35,-13387,-26850,-32726
86,-50,-86,-13100,-27402,-32726
98,65,46,-9176,-3239,-32726
83,85,-13,-11763,18396,-32039
117,-74,-33,-8930,3951,-27687
34,70,68,-5948,-11158,-10144
26,-15,-116,12243,-5424,6736
-19,42,-99,12745,-7775,19268
3,-19,-78,27373,-14217,32105
-43,61,105,25931,2568,-29107
-26,-119,-119,-28909,4389,-32725
34,-46,101,-32741,-16997,-32725
4,6,111,32728,8922,-32725
-105,64,59,-4978,-17664,-32725
106,20,-55,12529,32720,20676
37,125,38,32728,-47,-10562
111,-29,-70,-831,-19518,15850
109,-15,47,25122,-26327,-32725
61,45,-31,28343,13803,-32725
115,24,90,-18427,6258,-32725
-30,-110,19,24528,-49,-32725
-110,-127,66,14358,16218,-32725
90,122,122,5271,-13136,-32725
E
-21,92,109,-6496,-15060,-32725
-98,-11,97,-6467,7658,-32725
43,-35,120,-6021,-7111,-32725
50,-110,-24,548,-32635,-32725
-108,-56,-3,-216,24341,-25913
-79,40,-85,-1275,25498,-12111
-59,20,37,3658,23836,2503
-28,-9,-85,2466,19779,3514
62,-80,-117,7821,18874,13348
122,-77,-65,8899,13148,12235
44,-90,53,9792,-7988,25250
-41,-107,69,9365,7033,24993
-120,-107,-37,16744,14005,-28078
30,94,-114,-24736,-30546,-32723
-81,-44,48,23132,-805,-32723
-77,79,55,23740,32720,-32723
48,60,104,-2030,-47,-32723
75,-35,-89,-21780,32720,8616
5,-9,-14,-12282,-26941,-20034
120,67,38,7450,-22362,-15944
-83,-76,-44,2890,8969,-1517
-65,-42,53,1348,-913,-1015
88,125,-28,-4768,11852,2606
26,-105,-114,-4619,7800,133
-5,123,-11,-2409,6313,-4611
-30,72,-62,305,3563,-6077
-19,62,-77,237,8110,-6572
-70,44,72,-9996,10894,-6248
-29,-112,-38,-7686,26934,-8279
78,-22,-33,3751,-27029,-7080
-73,41,-105,8267,20770,-14888
-86,85,32,-1404,11107,-20530
1,35,76,-3039,-1498,-12758
-45,2,49,-1226,8793,-14494
21,-68,48,615,-26497,-24901
66,-67,79,-2202,-20927,-19982
0,-53,76,-5241,-14121,-2768
93,-41,-25,-834,-17670,-5173
32,89,-9,12751,-30588,25401
36,108,-54,10986,30454,23156
E
-6,-86,81,15483,-19850,-26508
-58,-86,28,15762,-14591,-32724
-123,-106,-55,9525,13250,-32724
-48,90,-121,14062,29003,-32724
-71,68,39,14643,-26397,-32724
-102,-95,-115,6789,19191,-32724
-30,43,-35,11700,-21045,-32724
54,72,-83,32726,-44,-1541
74,-51,-57,-20448,-46,-21273
51,-79,-57,-16367,32723,45
92,79,121,6725,9234,-32724
34,-68,94,-30142,-1237,-30504
23,101,41,4770,-18884,-25874
115,127,-17,-6323,2135,30282
118,-29,81,-4086,-28301,-32604
42,-25,-8,3714,14840,-32764
-99,-32,-79,1283,-1846,-32724
-76,91,79,-1417,-23898,-23283
30,-123,-17,2522,980,-11635
101,0,-59,1888,-1318,16906
-111,21,18,-2550,-5617,16096
123,-114,49,21871,-13474,-27530
2,88,-26,16073,6945,-31094
74,26,-92,25298,-7011,-32723
-5,-124,18,28454,-11956,-32723
-81,-120,-8,-29599,-15308,-32723
-39,-86,84,14090,-9784,-32723
10,61,11,6173,-45,2528
-71,-86,90,32728,32722,31285
62,61,-36,-21281,-47,25765
11,-11,-2,32257,32722,-32723
-89,66,5,-11413,30344,-32723
-123,-109,49,-18008,22593,-32723
38,76,-26,26796,-47,-32723
-10,28,-104,16447,32722,-32723
-124,82,90,-2758,-5318,-32723
105,-111,-75,-6504,142,-32723
-4,117,39,-5650,22247,-23768
14,-50,-103,-973,30246,-18905
-99,-123,47,15538,-29148,-19250
E
109,86,-107,2995,-5468,-21534
15,31,-122,-2596,-13189,-1454
35,-127,94,11996,20862,13950
-29,-71,101,17067,10172,24344
79,44,-15,20679,5959,-26381
-73,-91,102,24250,3059,-32442
-77,-28,-69,-27606,-23141,-32723
8,127,-43,32728,23560,-32723
62,-81,-114,32728,30245,-32723
61,-8,-61,32728,-25976,8355
-32,8,3,-347,23429,2931
-41,-6,-53,30734,32724,19353
-42,-39,-126,-14194,-45,1047
88,20,22,-20208,1867,-9961
2,-58,-7,3012,-30818,-8564
114,-61,67,-4141,24566,-4399
57,-58,-26,9927,22041,-10352
-20,65,35,-3852,-17618,-4260
14,-4,-113,-13574,-5582,1937
-44,13,73,-10375,-2452,467
-68,120,-34,-11071,20271,3387
11,101,33,-15521,21922,2110
40,-87,-62,-11556,29645,-5752
-88,68,-80,-13651,25234,-3833
-41,34,56,-10836,2535,-16643
34,-53,122,-6082,-2798,-15691
52,121,16,-4983,-25058,-20461
-80,-5,57,-8242,-22392,-11760
-110,78,-115,620,-11851,4386
64,30,-4,2700,-9507,5096
58,-62,-113,2140,-11780,11063
-99,49,-109,-8186,4425,26260
-101,-44,-72,761,-25448,17139
-83,-65,-115,7396,-12973,25083
-67,-77,-43,7478,-14966,29579
102,6,109,9018,-17253,27608
-95,-93,-104,14913,-13877,-30074
-51,13,-119,19778,-7605,-32724
-80,-101,-65,-26920,-3130,-32724
-81,-26,56,-32211,3374,-32724
E
95,21,88,32733,31560,-32724
27,-67,75,15919,-27040,-32724
0,106,0,28228,-40,-23396
-121,-17,-3,25181,-18816,-23125
1,123,-62,32733,-26551,32448
1,113,27,-3559,-40,30308
-118,-77,85,-10161,-30079,-32724
90,-53,-25,-5490,10243,-32724
48,63,20,-1636,-28603,-32724
96,-118,-79,-6464,-14492,-32724
-82,-105,-29,-5142,-18235,-32724
34,-64,-64,-4457,8184,-15945
-34,-119,-99,2534,22285,7507
108,-90,-49,6503,4469,12953
-30,25,-27,11572,-10424,26418
1,-112,-5,17454,-10975,-32585
49,-70,52,31155,9161,-30676
99,115,-91,22872,401,-32723
-104,28,-1,-28337,11227,-32723
12,80,70,-1568,-24947,-32723
104,25,93,30610,-31294,-32723
-115,-101,69,26331,-38,1644
-90,-20,71,-2470,-40,-1591
62,76,-116,25017,32729,14977
21,-15,120,28395,-38,-32723
-11,102,-112,-21764,-40,-32723
-116,14,5,-23716,8527,-32723
24,13,56,-730,-2895,-32723
36,90,-36,-11283,-8505,-32723
-128,39,56,-8220,10026,-32723
-15,109,-107,-15233,15293,-32723
87,-17,-17,-14800,18002,-32723
-46,70,112,-162,-24611,-32723
55,78,-122,109,5367,-27756
-56,108,61,-2663,-3258,-24575
115,-35,31,-3964,27968,-417
-92,97,-17,284,19945,4837
-46,32,2,6862,20172,9838
1,87,25,7249,11335,12716
-89,47,72,13057,-753,21604
E
86,-39,-35,10923,6181,-30655
-29,23,102,13358,-25695,-30935
6,15,-117,-22697,-24601,-32721
-47,119,-101,1548,-27543,-32721
18,-28,-25,-26312,8063,14573
-51,3,-34,-146,30026,-1919
-57,-102,-115,578,-23820,10630
-62,-26,-63,-14934,27461,-4626
-31,-19,91,-1313,5041,1276
-37,-61,111,3420,-2094,-803
65,-35,76,7204,11797,-2680
-10,-18,-73,1918,570,-3345
-96,28,25,-1326,466,-1961
-95,13,-74,1489,20733,-1854
75,37,13,-8936,-11071,-1363
-115,-59,-1,-4852,16658,-2415
35,-120,105,-11883,-13261,-1342
127,80,-128,-8937,-26608,-5892
38,78,61,-12865,16754,-8472
-69,119,-69,-11152,23857,-12913
-37,90,40,-9557,25762,-9944
-84,113,-128,-10548,23625,-11031
21,-95,65,-2117,7187,-22075
0,-99,-38,-5407,8757,-17038
-83,-51,91,3740,9186,-21559
-75,106,117,9309,-8896,-25976
78,47,-105,1592,-32732,-17253
-89,-73,-82,2168,-27592,-11280
-80,63,55,395,-4274,16369
43,-36,29,8422,-13761,24697
88,64,-8,13128,-29335,-25590
-52,78,35,13349,-10836,-32724
126,22,88,-12975,-8014,-32724
3,-80,-105,4338,-20181,-32724
127,-100,-105,7954,25134,-32724
-27,2,110,19409,-14549,-32724
-22,-85,26,-29489,-15046,-32724
-69,-13,10,-21558,7767,17111
70,-114,-65,-27731,31109,-25990
72,-51,82,22455,-44,-29679
E
-42,105,-124,14082,32725,27989
73,68,-111,-10628,22728,-32725
43,55,-110,-6673,-2758,-32725
-94,11,-5,-1764,-11495,-32725
-9,-113,40,-8205,-21128,-32725
105,109,114,-11274,26959,-12236
109,-32,-112,-7642,26593,-4373
65,90,-103,-8678,30011,24037
72,-36,-73,9973,19874,19745
-89,98,-16,14704,20486,-30742
-4,-87,117,11500,27615,27517
-32,91,-41,25767,-4212,-30328
-41,-6,34,25833,4320,-32724
-44,39,74,28286,-25571,-32724
-23,105,-16,2876,-7640,-32724
-128,-27,23,-5903,-41,6237
-50,75,35,6843,-43,-21391
-90,60,49,-21568,-939,28347
-9,-3,-43,-12739,23517,-32724
-63,27,120,3885,-27203,-32724
-73,-2,41,-9228,-3491,-32724
62,-102,66,-9318,13633,-32724
-64,53,32,-1169,-23941,-32724
-122,95,5,-15229,-11361,-32724
125,92,21,-8276,-30034,-30294
120,-74,-107,-3125,26917,-22363
8,-77,-88,432,5340,-15934
-1,49,-94,2081,12958,-16994
-109,-93,109,1023,9795,-18184
124,-35,-123,2882,17736,-17268
-16,-115,52,7461,8658,-16545
15,50,-115,8259,3601,-15066
-17,-75,97,4778,24956,883
121,-87,69,5698,28841,1440
19,-1,-123,31516,-13128,-16023
-100,69,9,-31608,-7732,-32722
-102,-25,-30,19657,3102,-32722
38,-62,-77,27373,32003,24360
84,-5,-50,-32462,-5775,27371
77,62,-120,-13943,-43,-1426
E
-73,-103,-121,29649,-24434,7938
-59,-21,-64,9749,-2837,-10593
41,-9,59,-1989,4882,-9490
114,-118,-97,1612,31083,-14051
57,-44,65,19397,-25860,-9133
23,13,-122,-3683,-18059,-2103
57,2,-115,-6414,24777,3944
30,-32,-112,185,21873,-930
-44,-70,69,3481,11150,-6184
-47,-53,29,1634,6943,-6425
77,-107,-96,3247,1591,-6678
96,-110,-73,2755,3209,-5940
109,104,60,-245,15418,-4097
-68,2,-6,-848,9173,-6486
-95,17,63,-4138,378,-4614
106,-127,-37,-14048,117,2399
-83,-118,-21,-6345,14539,-9831
-66,-40,-92,-11896,4611,-2838
119,13,14,-15264,7716,-1782
34,-16,52,-15046,-2699,-8148
52,-34,80,-24452,31862,-1128
112,51,56,-23041,-16550,4594
-47,-74,-80,-18746,-4985,12388
33,116,-33,-17213,-23827,14296
-72,103,33,-3826,-18975,22797
-98,-49,-124,-3142,-2332,10209
107,-93,106,4492,20261,2220
101,-78,46,11906,32723,13144
-38,-9,37,-29292,-11238,-26192
-109,59,-48,12861,-7022,-31221
88,-19,87,16196,24750,-32724
-114,32,103,19441,8705,-32724
-73,-15,-27,-32430,10474,-32724
-110,-125,98,-23862,-19551,-32724
-111,-16,99,-19542,-32696,-32724
11,-63,-5,-32271,-44,23447
102,-111,-120,-14583,-46,-25621
27,-103,-62,17254,11433,27845
115,75,7,-21203,-15402,-25944
18,85,-125,-4792,15781,30867
E
27,-77,-73,13832,-18602,32707
54,28,57,-21232,-2690,-27430
-109,-26,4,202,32262,-27354
-123,-3,-88,-6191,-15204,-18058
-15,49,44,-769,-6367,-6760
-74,67,75,-70,18405,1414
-45,66,-45,18037,-28970,10905
25,-72,39,15289,-27593,23522
-107,9,98,28140,-9526,28189
29,37,11,-28158,-20828,-28676
77,-112,-47,32740,-8626,-32723
-26,61,12,-27,-10737,-32723
-45,31,-89,32740,32724,25772
56,-75,-6,-2439,27440,2393
-80,57,-18,125,-9206,-30723
93,-87,-101,-6379,30180,32147
-81,-1,3,-6187,-23070,-32723
-46,23,-107,488,-14562,-32723
66,-76,-22,-9540,15937,-32723
-67,107,95,-9222,-7906,-32723
91,-31,-78,-13508,16198,-32723
-81,69,20,-8816,13606,-32723
104,36,-100,-5732,27597,-24608
82,15,-110,-7038,-30959,-17015
-69,26,-35,-912,18120,-22048
-3,54,127,-2777,12392,-14487
-95,-34,-78,-2827,12941,-7958
75,-99,-112,-2364,9780,3286
98,-41,62,-1306,-3566,9165
73,73,30,11487,-2701,21945
15,-6,41,23086,-4474,-31792
-96,70,-19,32241,-4207,-30314
-1,29,60,-30127,-15881,-32722
-17,-124,-90,32744,24011,-32722
-62,-6,-123,32744,-628,12259
-4,-77,50,18111,-45,25859
107,-100,-27,-2137,32722,15608
-13,-48,11,-28778,-31393,-11760
-36,94,111,-19269,10403,-11665
-112,3,-83,-2286,32344,-13190
E
-59,95,22,-2911,-4780,-9968
-35,-86,-31,-6471,-14956,-8218
-116,76,64,-11340,27760,-586
80,118,-95,-9385,31523,-721
14,97,62,-7432,20703,-3755
85,-38,-39,-14892,20394,3991
-5,-110,46,-27159,21227,-2287
-119,63,13,1304,16207,1487
13,24,79,-3246,-14947,-4574
-13,77,85,-14687,4303,2244
-64,-104,-69,-14972,-14704,-1219
2,121,-33,-15559,-21513,2252
-49,-57,107,-14745,-15923,2036
52,41,-120,-11174,-3918,3245
-7,41,-24,-5157,-19963,-35
-85,-79,-92,-1850,-17707,3772
37,2,21,-796,-20912,5820
-19,107,108,6957,-20874,15677
3,87,98,18066,-7749,23471
-40,-111,92,21252,-9762,24267
5,33,91,26972,-1571,-27682
12,123,13,28781,5692,-32722
34,-71,67,19916,-17594,-32722
92,-36,7,3461,-5416,-32722
-66,-60,-113,13727,-7398,-32722
32,56,-28,25031,-3402,-32722
84,123,33,-27212,-14904,-32722
-71,75,-119,21952,-46,-32722
-58,-127,-114,-793,-48,-2159
-56,76,95,-1726,32721,11704
-121,108,0,19404,-46,-32722
85,45,54,-13276,32721,-32722
13,127,91,-5039,-348,-32722
87,59,117,-6735,-11932,-32722
-47,-89,69,-8264,-13927,-32722
-48,-60,30,-9584,-3655,-32722
-116,-65,-118,-9485,7389,-20582
112,-25,8,-3256,2252,-14344
-117,18,-50,1785,13783,612
52,43,-120,-15380,24,15888
E
92,-12,3,20314,-10127,31227
-67,61,17,17078,8734,-28181
111,-50,-47,20056,18298,-32720
-40,29,0,22682,13876,-32720
-83,24,51,16383,-24447,-32720
-72,57,26,-2444,-28785,-32720
-56,-72,9,14169,-23739,25413
89,-100,11,-15356,20796,2516
-57,58,-117,-26152,-47,-32720
-97,-103,-63,-6667,-12563,-32720
-11,19,-88,5567,1467,-32720
-4,43,-128,2412,8311,-32720
-59,117,35,22477,-19527,-32720
5,52,63,17428,32722,-32720
-85,-118,86,11332,8557,-32720
-13,-42,-4,1557,7814,-32720
38,-44,-121,1682,13607,-32720
-28,114,-112,3371,31848,-30435
83,63,-116,2706,13482,-19139
-1,-80,75,-2917,6496,8387
124,97,-63,2628,30321,14173
47,41,-125,9372,23392,20480
126,81,-88,12769,3103,29530
94,62,99,5426,-2353,29580
-108,-80,55,25012,-19372,-30372
-109,91,-48,31455,22486,-32719
112,-51,19,32166,32723,-32719
120,28,-63,-31693,-46,-32719
-49,114,-116,32747,-44,16875
65,-117,-6,27513,-17231,23615
101,-29,-4,3061,-5240,-6843
96,-31,-120,-8782,-15457,-21506
-50,30,-95,3310,-3204,-14798
-16,-97,107,8387,5025,-482
34,92,-124,5616,20551,-370
99,118,71,-6559,132,-1321
87,-127,104,-2621,5983,889
-118,-121,-7,-2176,5836,315
-109,-54,-4,-7073,-6891,2694
-8,-111,90,3411,-31083,2480
E
19,-99,-47,8168,-27490,5024
107,126,-105,15773,32724,-5455
76,-112,88,15427,-2007,29046
-116,6,108,1759,-11418,32359
-51,18,-95,-6700,-8817,-28045
-117,82,75,-24445,19995,-15652
-104,92,31,-32572,-29737,-5433
62,-25,68,30066,32199,932
-101,-73,92,-18230,-702,6747
-109,-59,53,-2300,21966,629
-45,106,76,25493,32724,20287
111,-33,124,-23374,7858,-23340
-6,-28,-47,32748,18120,-32718
-83,-4,3,7296,-31270,-32718
115,83,-62,-9990,14655,-32718
106,-46,73,6377,19547,-32718
31,-24,-87,-18307,-32396,-32718
48,94,125,30948,3537,-32718
-44,-109,0,-5538,-12670,-32718
-41,41,-41,12943,-43,26895
-18,-109,93,32748,32724,23870
-107,-118,20,26233,-25019,-32718
-118,-127,29,13075,30127,-32718
-12,-26,-59,-977,12493,-32718
-93,104,82,-11835,-15146,-32718
-108,-124,115,-5505,-26945,-32718
-88,-92,-104,-24558,-18883,-32718
-63,-114,6,-24795,-18157,-32718
-29,35,12,-9830,-1309,326
111,126,123,1960,-17265,10306
47,90,101,32461,-3660,-24741
52,-114,105,30193,4878,-30458
-17,-49,-47,-29895,28532,-32717
-22,127,35,32749,15319,-32717
-87,-34,-115,32749,-4168,-32717
97,0,2,32749,-19852,-32717
21,-102,44,23656,-29911,-32717
-15,104,108,3013,-26274,17328
-41,-127,86,32749,-43,5469
-99,-98,-117,4224,-45,10889
E
-122,-69,27,18893,32724,-32717
95,54,66,1283,109,-32717
105,-24,103,21014,10828,-32717
-93,34,75,-4924,-45,-32717
-117,68,104,5376,32724,-32717
-122,125,98,-3810,-22193,-32717
112,-121,32,-12813,-14289,-32717
-105,110,-108,-21384,-11040,-32717
72,-46,69,-10065,29158,-32717
-27,120,66,-4782,18198,-32717
-92,-83,-82,-13213,-21778,-11007
-108,103,79,2986,-12900,29331
77,-16,-36,-1024,24458,15576
-4,-19,-27,5295,8023,25923
-67,110,-107,1549,2583,24731
-18,12,-79,15159,10206,-28256
26,-128,-89,-27215,-19153,-32715
-103,-70,-66,-30984,26708,-32715
123,45,79,32750,-14195,26977
9,-82,24,32427,4084,-32207
-68,100,-115,-12799,18150,25745
126,-73,39,-1203,-47,-20566
124,-24,69,-18516,-11686,-3026
-71,-16,-119,-625,-3766,3327
-18,-67,54,2644,-1066,1607
34,-110,-70,2990,11576,-4061
34,-37,-108,3484,5492,-5312
-72,66,-42,5832,-6320,-5371
-33,113,-71,4965,1037,-5697
-19,-71,-31,2380,-3832,-1395
-32,-1,-115,7704,-1758,7742
-104,-25,110,14868,-24708,11179
81,-28,73,8769,-29726,-5675
30,9,-54,2850,32721,-14559
83,-103,60,-19816,-7188,-22422
-98,-51,65,-2318,13633,-29938
-52,46,-113,-10350,-17171,-24023
-86,124,-34,-12348,-9989,-23331
80,5,42,-15467,-27448,-21892
11,92,36,-23861,-27110,-18082
E
102,-9,-49,-24490,-28063,-9851
51,-38,86,-4488,-29359,-459
37,-92,-33,17985,30616,23166
15,-8,113,-25559,32719,-23248
72,-48,91,-31141,-5910,-32714
3,30,115,32749,15535,-32714
11,-19,51,32749,18230,-32714
97,-10,-50,32749,-23434,-32714
-104,99,-10,15770,-26804,-32714
-84,-41,31,8194,-12976,-32714
-111,-85,-82,31898,-48,12015
56,-48,31,-19257,-12842,6990
46,51,-56,-22935,-28553,-21902
20,118,39,18880,203,29218
-22,13,-34,8307,32636,-32714
-15,-8,-42,-19061,-14492,-32714
-124,20,-3,-14039,11920,-32714
-76,74,-42,-5392,11367,-32714
17,-9,20,-12412,23447,-32714
46,-7,-114,-13781,-1139,-29645
76,-106,-107,-11844,13288,6933
2,-85,94,625,10927,15775
19,-85,103,504,15053,17170
93,-63,-109,20251,-11761,-23468
52,25,27,30369,30279,-32714
63,67,-35,29313,14325,-32714
102,-113,-78,-30399,7645,-32714
-50,-93,107,31157,29375,-32714
-101,-27,8,1767,-27171,-32714
22,34,76,10491,-47,30091
23,19,95,32750,32720,5418
-23,52,25,-19,-49,19321
-32,-85,-57,28362,32720,31973
-33,-39,66,13384,-47,-32714
-67,-122,-124,28082,32720,-32714
-47,-101,-116,29174,-49,-32714
-3,-118,121,-4398,-21957,-32714
-46,-111,-78,-16895,18178,-32714
10,118,-94,-14036,8408,-32714
-78,18,-95,-17250,-4675,-32714
E
-47,6,-11,-6964,18912,-32714
80,70,73,-4942,-26200,-31278
-61,85,31,-16441,4488,-15172
-43,106,14,-2476,25490,-3055
62,20,-66,-5890,26234,20428
73,-5,-88,-12119,-29540,22772
-23,-51,-19,-7928,11501,5151
-92,36,-110,-208,-320,-10374
24,-6,82,5373,-3639,1441
108,-123,43,6278,-8103,12686
15,46,96,30963,1078,-20486
52,-124,-28,-32748,14532,-32713
-63,-53,117,-31061,20063,-32713
106,-69,-69,32750,29915,-32713
62,-41,107,26919,-22340,-32713
-104,101,38,-30843,-25389,-32713
-87,-61,-27,-4452,2189,19213
52,26,69,31024,29418,-15113
-66,-96,-58,-7825,12060,-11872
8,16,30,9506,-8862,-7778
7,49,-119,12079,5670,-7916
-58,113,-83,2071,-364,-10515
-56,63,-86,3894,27993,-9722
121,76,-127,-8758,21738,-7637
-25,13,55,-6797,26043,-8528
-28,21,19,-4772,16006,-17575
78,69,109,-5600,9286,-12517
2,-81,33,-12119,-7022,-13592
80,37,-90,-5429,25738,-17102
7,105,-17,-11981,4546,-13354
-102,-121,26,-14640,5353,-21099
-47,97,-87,-8489,-12645,-27153
115,27,9,-11423,-17083,-9925
44,-123,-4,-11592,-17283,-6644
-114,58,88,-3287,-27401,9013
-11,118,110,5131,-27562,24577
-2,-88,-98,12410,-15967,-30297
-78,36,30,5257,-6839,-30942
-18,49,28,-19564,18294,-32714
-35,-108,15,-12844,-18198,-32714
E
48,17,82,7269,20951,-32714
-94,47,39,5416,-28319,-32714
64,-79,115,18012,8356,-32714
-41,67,-113,28306,-101,-32714
-68,58,-3,-18998,-15701,-32714
-128,-100,28,-21954,32716,-32714
-119,-51,-47,24492,6433,8309
-26,22,113,20252,-24059,24042
-119,79,-72,-31664,-15055,27550
71,-89,-94,-12618,28721,-32714
-117,87,-81,7858,-29778,-32714
-1,44,-17,5177,-2955,-32714
69,-88,107,-6700,-26719,-32714
110,103,7,-4447,-26841,-32714
-104,103,-73,3821,10546,-20610
66,-51,49,4112,-5018,-808
-20,16,-48,4923,2450,-832
94,49,-79,10007,-32311,-27389
21,27,-57,4397,5161,-28440
-73,107,55,19851,-27494,-32714
73,73,48,-23966,-7670,-32714
20,5,59,32751,-32223,-32714
82,114,46,-8757,-3242,-32714
-85,52,-88,13820,-11733,16386
-101,-106,51,32751,14766,11419
-93,11,95,19642,-52,30860
-104,-117,119,8761,32717,-32714
-53,122,-87,5833,-23682,-32714
-121,-105,111,-8402,-30137,-32714
120,92,80,4131,-5602,-32714
63,0,90,-226,32717,-32714
123,-52,47,-1591,3285,-32714
60,87,96,-8570,-4770,-32714
7,7,37,-13955,-680,-32714
-37,58,83,-2402,-21593,-32714
-117,-75,24,2295,-31100,-31811
-74,71,-97,-2990,9457,-11845
62,-76,51,-2376,4256,-4719
-8,31,68,-2587,8211,2893
-8,10,27,-3863,6920,5453
E
121,-56,-21,-4899,4842,25100
-102,-117,-103,-3313,6177,30448
-63,-74,-98,17662,-11201,-29419
-20,19,93,-21686,-30480,-32712
110,47,86,32750,-5394,-32712
90,14,68,32750,32715,-32712
-88,-16,-36,9566,-52,16375
-118,113,34,12636,32715,24745
-1,33,92,18760,-54,-16193
126,42,121,-11013,21874,-18285
50,-18,102,-14938,7751,-2436
111,-48,101,7714,17554,-5563
71,-45,101,-2312,-5758,-954
-120,62,-121,-6871,-49,-2577
-9,17,-59,-8605,15598,-7234
64,-20,106,-6856,19188,-5381
90,118,-45,-5138,6139,-11186
47,84,-10,-4794,4214,-9577
-68,-93,17,-924,15619,-8236
-20,-112,-114,-3738,19372,-15689
-78,80,-67,-8449,-19588,-16663
122,65,16,-10505,-19433,-8404
59,-43,37,-19270,-22001,4806
0,69,119,-18913,-13815,1777
-113,54,-117,-23186,-27415,5262
56,-125,18,-19356,28077,17717
-119,-6,-92,-13597,32714,11903
45,61,95,14225,-22266,5307
102,-78,98,7631,-21916,9534
-89,43,48,11407,-11844,15025
-37,56,40,11063,-17188,13632
-81,-82,54,22907,-4931,20430
-88,117,-48,23542,-4763,22084
27,-59,-113,25198,513,-26677
-102,-36,-78,22680,9590,-32712
-60,-55,-71,-30083,-849,-32712
44,48,-34,-32086,16351,-32712
57,84,52,18077,-22714,-32712
40,-116,0,25293,139,-32712
-125,5,-75,4101,32716,1121
E
127,-45,12,-31197,-53,-7788
42,50,-107,-21446,32716,17116
20,-90,-114,32565,-51,-32712
-24,123,-119,-12827,-3771,-26925
-100,-102,14,-14564,805,-21981
23,106,10,-8884,-23603,-15144
62,23,-123,-5001,-8647,-7739
-80,-31,-39,-30350,15792,-11265
75,115,-66,-7557,-5099,-7208
0,-121,-86,-13393,-7530,-5443
41,-39,-11,-11607,-13748,-2040
125,-32,-126,-9228,-4209,-62
-89,-35,-101,21455,-5838,-2843
120,17,-63,18679,-344,-15739
-82,-9,62,-17170,-3126,-32513
91,-48,-125,32753,-15047,-32710
65,87,83,30684,-19724,1611
9,32,25,-21686,17429,-1841
53,43,79,-30478,-53,31869
103,77,81,-6898,32716,28126
116,84,-100,-5622,10997,-19782
112,-97,65,-25557,-4265,-20736
-52,75,84,-12604,16549,-32361
-104,30,34,-29579,-7337,-30552
120,59,7,-16570,-16037,31370
38,-70,-1,-10287,17484,-32711
122,95,6,-15941,4799,-32711
85,-55,99,-11600,17988,-32711
54,-110,51,-8819,19996,-32711
30,-76,-40,2826,19665,-32711
127,31,38,3591,28601,-30171
-85,101,-66,6937,-29212,-12560
-25,-19,64,10378,32715,-8560
-37,86,-6,-4447,-3909,-3251
41,-90,9,-10713,7336,5933
56,67,107,1740,5558,18511
-25,103,-105,8914,5770,19116
93,84,-1,19450,-8244,-24831
-110,-25,92,-23810,-17268,-32709
91,123,-75,25081,1107,-32709
E
-104,36,84,19857,6116,-32709
63,127,24,-27629,-20347,-32709
19,46,-86,32755,-51,-32709
78,64,44,-31373,32716,-12485
90,107,-127,-6840,-53,-8951
80,44,-13,-2492,-31019,31040
51,3,44,-633,21194,-7737
-128,-95,-30,13748,20416,-24734
55,107,100,1204,-17537,-8171
-91,127,-56,-247,-17365,-12880
-4,61,-29,-1589,-11822,-8416
-88,-119,36,932,158,-12093
-117,122,-100,162,-6036,-10727
-64,-22,-3,1434,-3160,-5833
-35,-62,43,1409,-6604,-7789
-83,115,111,2144,-13462,-8106
-53,97,111,2195,-8590,-7099
58,-61,-22,242,2829,-8862
95,-45,-15,-2131,-7714,-7778
95,-126,4,-6987,-32187,-11036
-33,83,2,-8646,-9544,-7268
23,86,-4,-8838,1097,-6459
-95,33,-78,-14718,-13948,-2595
-121,42,-73,-13247,-14272,1642
-113,-55,68,-15977,4668,10151
125,49,-4,-19860,4643,5643
-121,120,-100,-12040,-1578,7972
-21,85,-54,-2326,-710,13095
15,85,-53,-9015,-7030,13863
-94,69,126,-10805,-16737,29781
-90,29,41,-3492,-31918,-28381
30,-92,32,-2042,32716,-32707
-126,116,-98,-3056,32716,-32707
93,-37,-24,-10207,32716,-32707
-72,66,37,-17825,10904,-32707
15,-3,15,-16189,5964,-32707
-103,-120,86,-15951,-19327,-32707
31,-96,-52,-12386,1554,-32707
54,-14,95,9324,17378,15325
-17,-31,-30,17141,32716,-1639
E
-121,88,35,-8711,-53,30362
15,-80,52,11684,32716,27207
120,-34,-54,-22479,-51,-32707
-24,-80,39,-13870,32716,-32707
-30,-36,59,13946,-20452,-32707
112,-103,64,3858,-17982,-32707
-63,45,-7,-3144,-3840,-32707
-38,-115,123,-4861,-31797,-27053
42,33,-62,3937,20186,-8380
79,82,-103,7950,7482,-5512
-50,55,19,7071,20179,11521
9,9,-69,-13334,11627,16399
-98,41,87,17409,-28939,-22552
-38,21,-53,21377,-29462,-32706
-113,-91,40,-25089,3926,-32706
51,-21,-17,27212,-29159,-32706
69,-107,-11,12147,-5809,-32706
1,-98,82,29322,-50,-1784
67,-62,-75,32758,-22313,-14528
-56,21,-67,7199,-18050,19695
57,-58,42,-3702,-29051,-32706
9,-7,100,-15187,-16078,-32706
112,22,-124,-1776,-16436,-32706
6,-111,96,-5234,-8006,-32706
81,73,-98,-3664,11609,-32706
-107,-3,25,-4519,19895,-32706
-62,-80,11,-11335,12753,-32706
78,69,-53,-7599,15770,-32706
97,84,-24,7838,28318,-18903
-117,92,12,3436,-28427,-19145
90,-21,-74,1974,-4104,-10536
-107,10,80,-2,-2014,-4891
49,21,60,11629,24535,8470
-37,59,64,21683,17026,17049
-126,-70,83,11136,3633,20497
-17,-43,-78,20675,-31459,-25186
-108,90,68,23200,-20779,-32706
-1,-3,53,-30850,19002,-32706
95,-68,52,-31547,-22493,-32706
-128,-127,-55,32759,22009,-32706
E
11,28,-65,278,13296,-32706
18,49,24,10819,32718,13862
104,37,61,-32766,-8289,-15913
10,-59,-50,72,-6491,23309
17,100,98,-8764,-23496,-7862
48,108,93,-278,-6363,-18650
-15,100,-4,12307,20407,-8785
109,-47,127,-1951,14915,-9695
-36,5,-24,-2252,3020,-15053
30,-30,62,5894,-8649,-18634
41,-78,-26,9655,882,-16995
-70,-114,-102,-9106,8616,-13470
89,-123,-74,8545,27687,-9461
69,20,18,5147,-18009,-8093
10,-42,-112,2113,-13902,-8602
-109,57,-119,6716,2649,-3229
-65,17,-23,8161,-4843,-1062
-58,-46,125,9530,1503,1908
-127,-14,-23,7632,-4452,3639
29,47,-55,5458,-7848,2855
56,53,-100,6670,-2718,2571
-20,-106,-5,2537,2003,2310
-49,-78,-5,2637,-115,1818
-83,-31,12,5106,-2492,603
-75,-29,21,5187,-3596,1188
-44,99,100,5353,1336,2763
-53,101,78,5214,713,2296
-95,-41,-119,3382,-5980,1621
-59,-10,-81,-155,-6217,1734
-16,30,-108,-537,2943,2124
-41,19,-105,112,-1089,1563
-56,44,107,-1496,1939,150
-54,40,97,-1561,2802,710
-84,54,-3,-2112,4150,1241
-85,51,-15,-1524,2860,1666
-110,109,63,993,5586,4965
-111,124,79,1179,5050,5354
103,-10,-14,9020,642,10066
96,57,3,9593,878,8309
91,113,-17,6725,-1812,5706
E
69,-121,33,858,-7483,2444
99,-118,53,-1595,-190,-421
108,-126,36,-1580,5211,28
-105,-123,-44,-781,662,16
-118,-125,-27,98,899,-284
-105,120,-88,1259,1360,-1302
-93,-110,-121,-523,2502,1215
-48,-49,75,251,3715,3514
