0,0,0,0,0,0
4,-7,72,-133,147,242
4,-7,72,-133,147,242
4,-8,-117,13,342,346
4,-9,-92,-46,442,318
4,-10,-70,6,-36,260
2,-9,-55,-46,-135,266
1,-8,-46,-88,117,308
3,-7,-31,-120,330,446
0,-6,-22,-195,-62,582
0,-5,-22,-259,20,436
-7,0,-17,-424,425,363
-5,0,-18,-305,558,363
-6,2,-16,-59,187,350
-7,1,-19,-22,586,436
-5,0,-18,133,21,254
-6,-1,-17,33,435,196
-5,0,-17,1,482,160
5,1,-17,-160,558,309
3,0,-15,33,547,253
3,0,-15,-25,664,392
2,-1,-11,-27,269,197
2,0,-14,-33,622,319
6,0,-14,-109,575,50
9,0,-17,-322,608,235
9,2,-14,-138,280,127
9,4,-15,-116,584,275
11,4,-17,-126,764,290
15,5,-22,-91,586,303
17,5,-23,-121,1215,389
23,7,-23,-211,799,244
26,9,-18,-127,994,295
32,7,-23,-298,1153,172
37,11,-21,-550,704,97
42,14,-20,241,1187,180
46,12,-18,-187,920,-123
52,13,-13,178,759,-9
52,11,-10,104,617,-153
58,10,-11,241,926,-128
60,9,-12,257,862,10
E
66,7,-5,-86,-318,91
62,9,-8,-95,303,191
63,8,-13,493,1260,594
62,6,-10,-278,680,156
63,10,-18,-135,127,216
60,8,-14,-169,931,335
61,10,-16,-188,56,232
60,12,-19,-114,1153,268
63,11,-18,56,446,82
63,8,-13,206,67,178
61,7,-12,198,-95,184
57,4,-12,112,321,131
58,4,-15,-138,281,100
57,5,-14,-123,-979,-188
51,2,-22,19,541,291
54,2,-18,36,-120,188
47,1,-19,147,-87,442
45,0,-18,71,-37,261
39,1,-19,-26,519,199
37,0,-17,-116,-5,-7
36,0,-18,-163,263,36
36,1,-19,53,115,92
36,0,-19,32,141,124
35,0,-20,421,653,164
38,-3,-22,43,38,84
32,-7,-23,342,311,11
32,-7,-21,213,445,-47
30,-7,-16,-20,-91,-34
25,-6,-14,65,-96,17
25,-7,-15,13,232,19
25,-6,-14,-276,69,257
23,-5,-15,-251,-134,191
17,-10,-17,1731,2187,975
21,-12,-23,-748,-469,133
12,-7,-22,24,-358,65
10,-6,-16,-338,231,194
6,4,-16,-941,-171,476
6,2,-18,-579,-230,94
23,1,-29,-201,1904,708
23,2,-16,-318,-232,546
E
12,2,-17,101,-116,568
13,2,-20,-236,254,555
13,6,-20,119,468,532
14,2,-21,152,992,569
17,1,-19,-79,302,346
15,1,-15,182,64,229
17,-1,-19,53,793,242
19,-1,-18,-64,781,258
21,2,-17,-378,59,509
20,7,-13,-207,511,406
24,4,-17,27,806,306
24,3,-18,1,693,337
28,1,-16,83,557,142
29,3,-17,-31,601,113
34,2,-18,-148,1228,-331
40,4,-17,133,415,196
40,6,-14,-312,325,556
41,6,-14,-52,251,553
45,6,-17,-251,785,565
45,7,-14,-164,529,571
42,11,-17,-728,-69,389
41,11,-13,-615,339,359
40,14,-14,-21,666,220
41,14,-13,-293,162,222
45,17,-20,2,836,419
47,13,-17,-30,490,367
47,13,-17,-132,124,375
43,14,-20,-175,692,256
46,16,-18,-416,268,167
45,19,-14,-205,248,220
47,21,-18,-147,801,388
48,20,-15,-139,-22,394
46,21,-14,-270,505,281
46,23,-15,-119,577,281
48,25,-16,-263,357,250
47,27,-14,-247,351,336
48,27,-17,-60,398,396
49,26,-18,-151,321,350
45,27,-15,-56,291,296
45,27,-14,-25,474,316
E
47,24,-17,-145,547,184
49,26,-16,-112,425,345
50,26,-16,-424,-383,455
48,26,-15,150,806,719
47,25,-16,-261,186,235
47,24,-14,-224,432,310
44,28,-16,-158,588,265
45,27,-14,-183,362,335
45,31,-15,-309,176,281
44,31,-14,-242,643,235
52,33,-19,-238,391,366
51,32,-15,-74,393,329
52,30,-18,58,742,323
52,30,-18,-102,530,260
65,32,-22,-272,2455,269
68,34,-17,-347,1672,300
61,41,5,-168,-994,410
56,40,-8,-257,649,519
59,41,-13,-415,891,411
62,42,-15,-470,943,436
62,42,-14,-77,145,485
61,42,-15,-122,163,485
56,41,-14,-19,179,319
57,40,-24,122,1082,426
64,36,-23,75,1091,327
62,36,-19,419,1083,304
59,36,-9,74,-504,44
57,35,-15,-156,856,200
64,35,-15,-123,571,231
64,34,-14,-112,1078,236
66,36,-5,-348,-28,149
60,41,-5,-462,164,204
63,40,-10,-425,813,225
70,45,-16,-38,481,419
67,44,-13,-15,254,264
61,44,-11,-153,62,267
63,45,-14,-143,427,266
69,37,-21,645,1193,487
69,35,-18,290,146,280
57,24,-11,421,-728,170
E
55,25,-13,511,50,295
55,20,-15,-547,984,6
58,26,-12,-427,531,280
56,29,-7,-395,140,272
54,29,-15,-494,303,135
55,36,-16,-329,434,234
55,37,-18,442,657,456
54,33,-19,-238,914,102
58,39,-17,-177,-529,-38
51,40,-15,40,893,282
56,38,-19,276,348,294
60,31,-17,457,68,422
59,29,-15,649,-44,306
48,12,-17,-316,589,247
49,22,-12,-263,-16,406
40,20,-4,184,-163,467
41,16,-17,-398,1227,624
43,23,-14,5,-916,419
35,22,-5,211,-1259,406
19,17,-16,-420,591,411
25,18,-25,-559,961,210
27,21,-19,405,-377,212
19,18,-14,91,182,159
20,18,-26,-510,799,142
25,25,-20,160,-10,178
23,21,-18,38,578,139
28,22,-26,-372,1176,196
30,26,-14,32,-98,200
28,25,-12,245,-365,335
24,24,-15,-477,1312,281
31,25,-21,-50,248,250
29,25,-15,-200,-158,389
19,28,-12,99,-1288,468
10,27,-13,103,-416,854
-1,30,-14,-844,-85,615
-5,32,-13,259,296,319
-3,29,-15,-338,70,505
-10,34,-14,-307,-279,489
-11,33,-14,-204,647,519
-11,36,-16,-33,135,326
E
-15,34,-11,-77,443,295
-14,34,-17,29,471,45
-13,33,-14,-150,761,-42
-7,32,-17,416,638,52
-8,30,-16,150,397,-47
-7,26,-11,251,147,-168
-7,26,-12,137,454,-142
1,23,-18,412,1064,-9
1,22,-18,428,911,67
6,15,-16,733,179,-100
4,10,-14,-4,149,-133
2,16,-10,-213,171,-7
3,14,-12,83,601,-120
15,5,-20,421,1190,-11
13,4,-14,335,-51,-68
5,2,-8,301,-365,-26
1,0,-8,36,11,-146
2,1,-11,114,754,66
6,1,-13,-286,337,-51
6,0,-16,178,704,117
6,-1,-14,-98,-66,131
4,0,-11,-4,-239,223
-1,1,-13,-158,574,117
0,2,-14,-395,470,114
-1,6,-13,-262,46,-16
-3,6,-17,-234,646,100
-3,8,-13,-229,-142,153
-5,8,-18,59,380,77
-3,5,-19,183,548,116
1,1,-19,141,503,148
0,4,-15,153,276,134
-1,2,-15,215,746,44
1,1,-17,155,793,131
8,4,-12,-107,109,286
5,4,-11,-113,327,434
6,3,-12,-15,543,361
7,2,-13,-97,557,385
5,3,-12,-229,252,382
5,3,-13,-113,269,415
6,2,-17,-73,732,369
E
7,4,-12,-344,193,507
6,7,-11,-438,301,534
12,14,-17,-796,987,789
14,18,-15,-1029,48,958
12,55,11,-3634,-4668,3600
14,-122,26,-11582,4410,5949
-70,38,8,-22892,-30538,12645
-68,19,54,25399,-28186,11617
45,-40,46,32732,-32292,5542
79,87,64,32732,23818,7378
113,110,51,32732,-4276,-5777
-61,27,-80,32732,-7508,-19776
19,-62,108,32732,-3142,-18565
-58,47,52,-29721,-1683,-17633
-95,-76,-37,-31014,-5718,-11613
-1,93,100,32518,2162,-5952
104,-66,55,-30848,6726,-3266
121,-57,-62,31999,-15498,3214
52,-110,-52,32731,-16797,5365
-98,-41,87,-14985,4161,4380
-94,105,66,-14472,-3350,-2414
82,-30,59,-20146,-6667,-9871
-73,-85,38,-15754,-3691,-7496
20,29,90,-9148,8014,-9706
85,-60,-52,-2734,18453,-10378
19,119,2,-3064,-9714,-11982
118,116,37,4632,8011,-13003
-67,-92,31,14295,-18194,-12299
-53,51,-127,20042,-32410,-12977
67,99,-23,23191,-11808,-11160
-44,75,-91,26117,17420,-9914
121,-15,-116,-28649,14817,-12870
-112,-76,11,32733,2994,-10361
-56,71,15,32733,-14158,-31416
-58,-66,-122,32733,10499,-28488
67,-71,-80,32733,-13052,30186
101,-47,79,32733,-12262,-32630
-123,19,-7,32733,-32409,-5988
92,34,-16,8199,360,1359
-76,121,-108,-20475,-32409,1748
E
-5,64,87,-32356,358,14465
1,-122,22,-23410,-32409,6125
27,-1,17,-16130,-13669,1591
97,-66,-98,-24331,31131,6155
22,11,-124,-5238,5632,-5091
24,66,6,26424,-22817,525
5,111,104,-19606,-18733,-5057
51,-104,113,-32028,15486,259
-18,-83,14,32019,-22537,7876
-48,-74,27,32341,22812,6205
-21,-55,-44,32734,12664,11016
-68,-125,54,32734,-7679,9082
53,38,-59,32734,-9968,13092
-87,-56,14,32734,-2852,9419
60,21,38,32734,-15420,7214
123,-24,53,32734,-6431,6904
88,121,-25,-28071,-17978,396
60,97,-63,-31973,-5618,4236
-2,112,-19,-31992,-1054,-122
-81,9,53,-24578,-8301,-5598
-119,36,19,-9415,9235,-7989
-123,-104,102,-30265,5046,468
-102,-110,-76,-20960,-7720,-11267
95,-25,-87,-17622,3005,-5452
73,39,110,-14519,-432,-6195
4,-50,-89,-1491,4162,3860
-52,9,-23,-5371,2530,3539
18,97,-44,4326,-20768,-8577
-100,29,-78,17008,-9357,7473
3,-39,-101,-22267,-3660,-7685
15,-31,-126,32735,8062,-17832
-117,99,-127,32735,-9542,-25843
65,52,-73,32735,10069,27413
-48,104,101,32735,2531,-32628
127,-60,-9,32735,-17606,-9264
-25,-49,118,16949,-32408,11289
-72,83,101,13995,-25065,1457
101,-94,30,-24284,-868,-780
-3,-113,98,22386,-4244,5758
-92,-15,67,32486,18750,29322
E
51,-32,-66,32734,-16081,12874
126,20,-58,-27214,-26928,15008
105,92,-125,-25032,361,-9583
-119,18,58,30628,-22602,7038
-116,-22,-19,-26888,-13530,-428
-99,-26,38,-26458,-28,271
-105,-117,-46,-31779,8684,500
-81,-34,18,-28214,22265,3017
-122,40,-92,-18941,-26107,2048
-54,-12,64,-31143,32646,130
-100,21,15,-21925,-27745,-147
105,40,-20,-19171,-5267,5243
94,-112,91,-21267,-18963,-123
51,125,0,-17647,-8109,840
1,-68,-82,-19328,-6300,1665
-121,36,3,-26036,-6227,7731
100,-116,74,-24225,-3104,6101
103,-12,75,-19219,10578,3501
-114,-92,-35,-11066,12889,4622
-86,-86,-34,-30293,-31631,-1907
-40,16,-70,-24397,13805,1249
-117,-81,120,-20425,9539,752
108,33,91,-22112,-8565,3940
110,19,-55,-10562,6142,9324
68,55,-70,-7180,13058,7597
-97,-102,15,9042,3093,8186
-22,-71,113,13527,6148,8350
52,-68,34,-21416,-5001,-2020
-7,-1,88,32735,26267,-13790
27,-44,114,32735,-30061,23595
83,27,96,32735,-1386,32028
-112,72,37,32735,-32409,-32629
-73,-18,44,32735,29446,31564
-88,-87,-44,32735,1587,-1391
-12,-71,-13,8946,9909,-12686
-10,-53,-26,-14847,-27936,-6664
-123,-20,55,21073,28397,2772
-127,-30,-23,-32474,17102,-838
48,-71,2,32335,24216,634
79,-79,-99,32733,-378,2852
E
24,-17,80,32733,4186,3709
89,-100,-78,32733,9105,124
78,35,116,32733,-6169,-885
98,76,10,32733,8992,2778
73,1,109,32733,-13402,-903
-30,-65,-65,32733,1118,4351
-99,-113,72,32733,-10505,-358
-76,-26,24,32733,-21910,-1119
21,98,30,32733,-7796,177
30,50,-110,-26665,22374,-3398
-30,79,-81,-27073,-32410,-1216
70,-96,68,-22015,7220,4919
60,14,92,-27505,4416,2750
36,69,-80,-28341,2479,2620
17,-56,-21,-20154,-14599,-1052
37,-75,-36,-21565,1878,2162
-16,23,-101,-20631,-5933,4385
97,83,93,-4680,16464,-236
-22,-70,30,2389,-22184,4844
-112,-108,37,1739,-5180,8268
-17,4,32,15661,25839,2650
98,-26,-124,14032,13405,4196
-90,-110,-49,-28755,11543,-8840
80,-28,123,-30845,-890,-14129
73,93,-24,32734,-3157,22058
26,-111,28,32734,-3558,-32627
118,-74,-10,32734,16928,-32627
-20,5,114,32734,-27333,-32627
-98,46,117,32734,-30315,13776
50,104,83,32734,358,8689
-81,-93,11,13425,16731,-3040
-77,-124,-37,-28819,29393,31281
-34,-30,63,-30641,-7259,-248
-28,-70,-4,31072,-31278,15489
-120,-123,62,32733,-6135,-1727
67,120,-55,32733,-9588,11163
57,-3,-22,32733,10571,9854
-16,47,-124,32733,-4826,11595
18,-83,74,32733,7604,8651
-109,-89,-96,32733,-4928,3504
E
56,40,-71,32733,29458,1788
-35,-15,-90,-27434,2311,5212
57,117,-73,30944,-24423,-2805
-45,72,-112,-31987,17451,9333
22,25,73,-16420,27656,571
-91,2,41,-9542,28633,-10562
-98,-57,95,-8217,-11442,3123
-62,97,-19,-15818,29029,-12972
44,87,-21,-11568,3884,-3039
93,29,17,-16345,-26728,-2919
27,-14,-31,-14092,6017,-6710
21,4,116,-4811,-14738,-5725
15,13,62,-17498,-13241,-4701
-57,-92,24,-9801,15810,-3323
69,-123,-100,-19430,-31368,-15752
-2,-69,112,-15917,-2508,-3706
-81,11,-10,-10046,-24725,-8931
68,126,-26,-10556,-3977,924
47,-72,-4,-9509,939,3046
-86,117,-27,560,-4537,3340
85,103,19,5017,-227,2928
2,74,-32,7088,7536,3155
27,61,-34,6195,6246,2951
-94,-99,-1,22857,2857,7666
79,-26,-112,28087,14250,6694
-100,-54,-45,-28667,29872,-10452
-45,-1,37,32735,-31754,-14522
-91,-8,-45,32735,5735,32498
-42,92,74,32735,5858,32533
7,126,-87,32735,-4949,31896
78,10,87,32735,-21374,-29168
-70,-82,-97,32735,-30493,17885
95,-101,-3,32735,359,9954
-101,84,7,4528,29764,-3304
71,81,-92,31215,-24804,-5299
15,-120,25,32735,13511,2466
-83,63,101,-9191,23711,769
95,-118,100,30075,-5082,7230
67,21,-123,30999,-32409,7590
-103,-19,-17,32735,29552,21763
E
3,119,58,-30923,22814,-2374
-13,-77,-56,32109,-6502,4296
10,-8,-75,-31898,-14117,12144
-47,88,86,-30657,-14274,5422
75,70,-49,-32341,-2161,5301
97,-30,-89,-28681,-650,9765
84,96,62,-31065,-15938,6591
124,-64,-33,-26484,13007,6147
-31,-42,-81,-22492,22742,-3082
-17,84,-20,-20911,-6558,-2285
-62,84,-52,-17287,3129,-4239
17,-78,93,-22459,-3246,-6652
-55,-108,22,-23367,-19447,-6537
97,115,71,-24473,-11492,-6911
-45,-93,15,-17587,31474,-14835
7,-89,-12,-22927,-14477,-7799
-23,56,-102,-12521,18923,-8845
-82,2,9,-8643,31091,-1546
-119,4,-39,-9059,-20311,-3232
-97,56,-38,985,15165,5425
-122,104,80,2792,3711,7297
-40,65,25,9712,18041,14801
-73,81,-125,14780,15397,13539
-109,37,-102,-22490,13483,11495
120,-65,-11,32739,-6578,5089
-117,-36,-60,32739,-8621,17145
92,-26,-49,32739,-21948,31495
97,22,47,32739,-7588,-32627
56,113,3,32739,-32410,720
-1,108,-44,32739,359,25465
32,-125,-99,21106,-17200,7134
0,-88,-46,3849,-4713,-20929
55,109,21,32739,-32410,-16104
72,-128,-44,-13867,-20792,18158
47,-113,75,-31469,32358,-5706
-123,63,18,30193,-4318,11486
33,-79,14,32739,15151,-5436
56,-61,-88,32739,-5319,6299
-44,-36,0,32739,10762,1827
58,61,-80,32739,-1621,5397
E
-123,89,95,32739,-20257,7613
16,17,106,-26176,-10103,4295
103,-38,-77,30532,-20755,7259
-16,71,110,32739,-6908,-1427
64,-128,-14,32739,-21940,-2889
56,50,59,-29093,4753,-6401
52,-125,-3,-22721,4583,-7315
-120,-113,-79,-29741,21787,-4641
-103,41,-119,30678,-6857,-16866
-43,44,-122,-21761,-3967,-9516
24,100,-120,-20128,6807,-11665
1,-108,-14,-23210,2370,-10612
-12,97,-59,-23354,22738,-3990
-70,-94,111,-15730,-16933,-7519
92,-10,-56,-10217,29465,1655
-68,-52,-86,-7520,14276,1530
91,-71,103,16492,6086,10343
124,-98,-103,10339,12250,8877
-125,34,-116,18662,11681,21575
40,89,-100,20478,12614,19690
10,85,29,-25852,10364,21347
-94,-107,118,32742,4547,16330
-8,45,-24,32742,13575,-28004
-72,117,-27,32742,-32410,22983
-75,-33,-87,32742,357,-32623
93,-5,44,32742,-32410,-6929
68,-95,24,32742,359,-27607
79,-94,-115,-7418,-12460,3037
-78,-12,-35,13361,-6293,-21760
21,-96,102,-15129,31295,-2334
79,-1,25,-3023,-9955,-696
47,-120,28,-14353,18894,579
79,127,-118,25716,-6301,1771
125,65,74,31715,-631,-1050
14,15,-75,-26093,11345,-6394
17,-13,38,-20303,27473,-798
91,22,106,29960,26514,1009
50,11,-46,-28792,1602,5465
-62,15,69,31172,-26113,6377
-99,-26,124,32742,-6559,772
E
18,14,94,-30140,-11023,-8156
15,-97,-20,-24543,-21955,-3609
-1,7,14,29697,25253,-6983
-123,-112,125,32742,-32410,-6982
24,-9,13,-23773,5129,174
62,-71,77,-26762,-9004,-388
49,69,-1,-24053,-3866,411
109,1,-91,-23701,-654,-212
103,-11,37,-19600,20712,-2345
98,-63,-123,-23352,-22378,-3176
-21,101,101,-22181,10633,-22915
-93,-72,-117,-18084,7858,-8550
108,116,1,-32074,-25278,-6724
119,119,89,-17335,-344,-19192
-48,2,116,-14955,-17595,-3908
77,-43,-103,-12310,154,-1557
-14,100,-91,4877,30222,1205
70,101,-25,1129,10522,2572
93,124,-53,676,16378,8638
-47,64,-103,6721,4902,16464
64,19,-109,15826,15367,21950
72,-37,95,-27606,-2605,29995
117,75,-31,-31081,4090,20566
89,-85,13,32744,-9963,-8588
46,-33,-128,32744,14697,-18512
-126,-80,31,32744,-19841,18495
43,119,79,32744,358,-23820
15,45,-65,32744,-32411,18609
-75,69,29,11928,-27858,4767
36,7,-79,28761,-31016,25477
-96,-70,-49,-2250,-4539,-10593
-96,11,84,32287,12721,3768
-102,-8,111,31449,5311,1234
-27,61,-40,-25709,-13856,2723
-102,-80,50,-22867,-28877,-7240
59,117,-38,30501,30805,-8882
61,-42,49,32180,-23390,5445
9,28,-11,-29836,3391,751
1,-36,15,31751,19383,-1883
-89,46,-66,32744,-16620,572
E
17,-14,-50,32744,3123,234
24,-95,75,32744,3523,-12588
-56,-109,110,32744,-8716,-20959
-112,75,35,-24210,-29662,-6182
72,79,-124,-24223,-13729,-8032
-126,-4,-58,-18719,-22115,-5795
33,-71,17,-14459,29840,-15241
18,115,-88,-12243,-19398,-10936
83,44,-110,-17442,-24060,-742
-51,41,66,-7051,10668,-10958
103,-99,-53,-13714,32200,-10808
50,17,-19,-23280,-16890,-8901
37,33,15,-9064,7625,-3224
-35,84,-70,-11547,-13406,-8736
-89,92,-99,-9296,6143,-4654
117,42,-87,-4419,-9272,-5540
89,27,52,3134,8969,-1387
72,47,70,-782,450,-1225
52,-67,-2,10815,1538,16882
-115,29,-98,9716,-1536,13261
-96,-81,-123,17413,-7206,21334
-30,40,-53,-23691,-3911,19028
78,-99,16,32747,9117,-2439
54,100,99,32747,13689,-20200
-52,6,3,32747,-21193,22563
120,40,102,32747,-32414,19706
46,-37,-109,32747,8448,-1000
120,-31,11,32747,31582,18826
-80,45,-89,-20,-32,-10333
112,90,-73,32747,-12836,-18218
84,-84,117,-6518,-24071,1161
-16,-65,-116,-26316,2502,5017
-21,105,30,-24965,-4466,-4053
84,103,108,-19157,4174,-9087
-62,-52,-98,-31111,-17368,-3720
-113,-35,-90,-22959,4888,-6301
-66,106,-127,28620,31611,21213
-110,-105,-52,32747,353,-430
26,-100,104,32747,24797,-29839
-36,-12,-6,-23324,16330,-3769
E
-68,103,-42,-29047,-3560,3547
-75,26,-6,-24940,-5762,-5702
30,-15,-65,-28290,28319,-8211
-94,73,69,-31712,32603,-2693
122,68,-26,31513,854,2516
-55,-44,-16,32747,-7590,-3925
-6,92,87,-30483,-2375,-145
6,-5,-100,-29562,-930,-1152
6,-74,-16,-19514,-9649,-12182
85,70,6,-21513,-16695,-9584
-59,-50,-47,-17666,17667,-4362
95,-71,-81,-25437,13279,-6454
-5,-113,-36,-11655,20242,-1440
-59,83,-6,-8537,-15909,-2755
-87,-13,31,-7395,-418,2310
-102,-9,103,-7882,8986,4053
-52,50,-67,5432,3585,9911
-45,16,-119,7484,7310,9927
-11,-58,35,-29955,157,12452
-27,46,60,-29154,-9014,5320
62,-1,-49,32750,-3067,-11725
54,-108,92,32750,5365,26894
4,49,39,32750,-20971,-31331
-63,81,-85,32750,-31090,13207
38,111,-111,32750,357,13195
-83,123,111,32750,-32412,19749
58,-71,92,28336,-20876,19764
20,-122,-62,-28668,-25335,-22110
17,-49,127,-13690,5216,-19910
44,-77,-101,26467,-4136,-4353
39,-55,16,32220,31819,1969
-64,26,-122,32750,27810,15247
109,108,-86,32750,-29265,-354
-92,-97,16,-31601,-4728,2351
79,54,-72,-31916,1701,1109
80,-44,44,-31989,355,13117
33,12,-56,32344,9683,2915
-34,-125,118,-23493,24996,3171
-33,122,61,-17052,-7483,-5641
-33,-108,120,-19648,-24952,-6862
E
-30,51,34,-21281,15951,-2707
100,123,-21,-22935,15044,-5614
-62,-27,62,-18651,-10240,-4488
116,-84,109,-15670,20315,-2126
-92,59,-90,-18098,39,-4299
-71,-6,108,-18573,3078,-7633
-115,-112,-5,-16552,-32436,-9755
0,78,62,-21002,-7602,-9123
79,70,93,-15195,-24355,-19775
-62,-30,-75,-18385,2756,-5443
-55,-66,14,-17681,-28842,-9536
7,111,110,-4761,30512,582
-114,105,-113,-22707,26315,-7281
95,-128,26,-11290,11786,3190
-26,-117,97,-8897,5336,6504
55,-55,-69,-5757,8599,9397
-67,-12,9,-7076,11094,12158
1,-44,124,4770,-3306,15879
-68,-106,-90,18637,-6202,21745
-82,12,-15,26187,-25825,18461
-73,-121,122,-27252,6378,5165
-56,63,-36,32752,14921,-21170
93,74,-35,32752,-26469,20423
0,-78,85,32752,28353,-1902
-119,64,-104,32752,24453,-12888
105,15,12,32664,7609,-24836
23,-46,-116,21859,17700,3484
-39,10,-126,1791,3134,-21130
-46,-123,-4,-16140,19773,-74
-17,-106,-81,25094,-1232,-2979
-128,69,102,-15725,-21131,184
29,-51,-124,26874,-30333,2675
75,-74,-46,32752,27013,2644
-91,-80,-79,-17449,-6216,17130
61,-55,-43,19439,-32412,25631
-97,-73,112,28204,-32412,-1344
-29,74,-14,32752,-3508,-2065
87,70,-46,-14872,-26029,-8835
-58,110,-69,29937,24144,1764
69,11,-52,-22214,-24415,-4828
E
-86,-21,2,-18380,-24740,-1041
-53,-49,118,-20700,-3059,-19149
0,40,126,-23339,-4931,526
-35,120,-3,-20234,-2727,-5196
67,-84,-66,-22865,5882,-5764
56,118,81,-30409,2920,-7631
-36,-53,106,30205,13267,-12886
59,35,-30,-7388,-20747,-28068
54,-55,-2,-21516,10071,-18751
77,7,97,-12845,29888,-11565
-70,-65,-103,-11582,20472,-13771
96,-65,93,-19243,-25334,-8487
11,-100,-23,-16136,-7072,-5134
-55,-84,-87,-1247,842,2074
-57,-58,-65,1904,11490,3637
60,-39,30,4986,-1713,12679
3,125,5,9302,-1713,15635
-51,-27,-73,13532,3489,19800
51,-110,79,-27946,-21910,16388
82,-110,32,-30838,-21670,3059
-14,-73,-69,32755,5553,-16194
-49,-51,95,32755,4378,-27539
-43,-23,-27,32755,-16864,-17905
34,61,31,32755,359,-19185
-98,-108,-94,32755,10703,23705
2,-105,2,31772,19357,12360
-28,-32,61,22161,23444,-27838
5,-67,-80,-7107,-2192,-5069
-15,29,68,-29078,18435,-3113
76,-63,91,-23257,2118,-4604
113,-66,90,-16994,-9777,-1739
-53,122,26,27773,29474,594
-105,116,115,32157,-24924,-5420
-13,-52,-62,-12812,358,-14267
28,118,116,26098,-32411,29797
99,-4,-126,-20611,356,10731
52,-29,41,-31488,17541,-26169
-58,71,-70,30971,21361,22274
-110,64,-124,-20666,6010,-6317
63,-93,55,-26893,12397,-3348
E
-51,127,-123,-28925,3544,-6095
88,48,31,-31557,-14271,-1728
93,-46,-101,-27780,5102,-875
56,-45,9,14280,-16048,-9690
-77,-100,-43,30386,-6577,-6913
-101,-82,111,-18127,-16271,-5991
56,-60,-87,-17148,4135,-5987
23,-17,21,-3500,-15789,-20157
-51,-118,-91,-24851,12293,-2856
63,-11,-103,-18883,-20635,-11631
-123,-122,102,-6858,29659,-9007
43,73,-114,-12522,32531,-11156
-50,-10,15,-7895,1999,-8400
55,40,-44,-5774,8966,412
-4,70,-51,-6583,3555,685
-39,120,-125,-6996,1107,8900
117,-84,52,-2942,1316,18088
-12,-77,-60,283,-1729,21182
105,-79,-64,11486,-29462,19178
-61,-47,100,-20028,26845,7846
50,16,20,32755,-23394,11183
-69,68,62,32755,26528,-32734
-84,78,-54,32755,-20293,-24919
85,32,-77,32755,357,-18492
6,106,111,32665,-31697,5835
-47,84,65,24158,20378,-11127
8,-12,86,32745,23706,-7712
47,54,-70,17135,-25853,-5325
26,-3,75,-10268,-28707,-883
-93,-104,84,-18503,-28315,-4446
46,-49,-16,-29086,-7534,-2805
39,-16,96,-18021,-14512,845
-114,123,60,-11199,20912,7595
-11,8,62,-23738,-32412,-8278
62,21,97,32667,355,23390
-36,60,-96,-25370,-32412,-4742
121,-93,69,-14787,12645,12841
-19,-31,-64,29744,18616,8809
50,16,98,-18050,-22557,-23800
-82,-88,17,-32181,-31227,4854
E
33,-84,-14,30769,7748,5364
-28,-14,13,-20155,20942,7948
-40,-54,105,-17702,11976,908
-118,-126,-9,-24136,-9114,1000
-102,-103,61,-30286,-16114,-680
9,31,-16,-20594,-13333,-3941
35,-100,76,-24530,26636,509
120,-59,-116,-27351,32019,1855
7,62,-102,-17125,354,-4220
32,113,76,-20547,-32413,-5298
-26,-106,-128,-24196,16057,-13759
86,-81,34,-18713,-29423,-10346
61,-63,-126,-7230,-16685,-6597
-25,109,-124,-12587,-26106,-5639
112,117,-6,662,22956,3517
1,54,120,-2328,4121,3215
76,80,-112,10054,17312,9801
125,27,94,10483,18421,10177
-57,-54,-51,10589,22473,14506
-120,113,-21,32365,12230,8481
-26,-112,-38,-28861,-9089,-6491
81,-47,0,32757,17097,-23056
1,-20,-2,32757,19028,-27599
42,91,70,32757,-24035,-6808
50,84,94,32757,-32413,14055
-126,-39,-16,32757,356,1826
28,-45,104,-8328,7460,29552
98,-44,-81,27352,-24177,2263
64,9,-33,-65,-30864,-21205
-56,-46,-93,-14823,7045,510
90,-124,91,-24921,-10191,8998
70,33,42,-4022,-29208,4635
26,-3,-7,-12869,-27888,22244
-123,44,-2,-19892,-24793,-1972
-26,79,83,-22106,32020,-6859
-38,-73,-86,-14233,-17773,12459
-43,-17,-65,-16719,16191,9070
-19,120,-49,-15917,-12928,-9076
101,-93,106,-16915,789,123
-16,-87,-1,-17462,18347,-2565
E
62,12,-31,-26924,10816,-399
70,-63,-7,-25317,-8483,1793
50,-113,99,-23966,-7849,-4288
68,110,-18,-29339,22494,-187
51,83,-6,-31991,-5090,-5947
71,72,-19,-32124,21899,-5547
-32,126,87,32165,-5724,-14444
-35,11,-32,32756,-13047,-14786
-64,-20,25,-25685,1464,-9260
80,-83,84,-29254,-18606,-4939
-96,77,-39,-20272,-6876,-21191
115,-74,116,-23084,-7987,-5120
-91,59,94,-8358,32611,-16474
48,76,65,-4,-16322,-3120
30,-17,-22,1260,-7937,-2489
14,-11,-121,6503,-2997,2796
9,3,-37,9671,9465,7129
-111,-123,36,17314,22357,5998
30,-122,-106,29054,10630,5949
14,-11,-81,-28443,14279,3232
-69,-19,105,32758,-5556,-16265
109,9,90,32758,28365,21353
64,-86,30,32758,-12576,-32614
115,15,123,32758,-7582,-32614
-8,59,46,32758,-32416,-30365
-117,-32,89,32758,353,12278
-2,112,21,-9,351,-15814
-128,104,-109,32758,-32416,-10013
-97,86,28,10905,-1667,3421
-96,-123,-4,-3455,2586,-1742
111,-58,-9,18130,14396,24241
-116,-65,-54,-30293,21181,7488
-5,101,-78,-27992,-32094,2776
-71,21,11,31012,-2649,5917
87,-48,-65,-24195,8956,2132
111,62,-102,-29041,13570,5017
79,-67,59,-31945,-18068,4042
-79,-70,11,-30770,-30747,8082
-55,51,49,-17629,12224,3198
97,-62,85,-27082,9292,4784
E
56,-69,-74,-25862,20275,-630
65,-14,16,-12551,31094,7838
111,-30,14,-23495,-18163,3789
-10,81,-19,-18547,18598,-114
37,-7,-29,-24874,-15604,2386
-93,-124,-57,-15473,19888,-6416
-72,13,-54,-30677,5457,-8660
74,-35,-21,-22155,-1055,165
105,115,42,-19086,7704,-6544
77,44,-31,-25813,3156,-9476
-99,-121,64,-20450,-3938,839
38,47,67,-24972,-11314,-6346
42,10,-32,-18492,-2071,-1155
-123,67,38,-22877,18932,-16401
-58,-67,11,-17685,-20521,10730
-35,22,-14,-14756,10309,8653
-122,-56,-65,-11036,31473,8220
-27,-91,26,-9554,2899,11059
5,86,-3,2700,24374,15689
-34,54,-66,8362,11416,21889
63,17,-91,32013,1182,7001
82,103,77,-27902,9877,8113
-27,-15,118,32759,22158,31534
30,11,43,32759,-7838,26434
21,-58,87,32759,-8891,-32614
54,-87,-46,32759,-32415,-31040
-51,125,-93,32759,-32415,-30596
-93,26,-115,14844,950,28500
84,-128,102,26128,13073,-10131
-8,58,-42,-15015,-11182,-14461
114,57,101,-32143,30468,-2119
69,-53,46,-23488,2265,-255
-49,44,54,3045,-26747,-917
-115,-8,-48,-12969,30672,-4263
77,-62,-44,23468,31069,6361
-64,-56,108,-13754,21783,8246
29,-38,-4,-15243,-17712,1656
-26,53,47,-25652,692,5929
-75,34,13,-18609,5569,2167
-127,-67,103,-23396,-19627,9450
E
53,-124,-75,-27836,-32414,10821
120,-62,86,-13882,-5488,4119
-21,-126,51,-11190,-28142,17737
119,41,108,-19702,12032,-6114
58,-89,-95,-13533,16773,-1285
24,-112,119,-285,-744,1202
56,-67,-37,-12435,20518,4508
-5,25,-13,-2895,23163,17767
118,98,16,4082,24672,7082
-115,-20,-61,4559,-27505,739
26,-40,-6,-7107,-32413,6037
127,-107,-67,-6762,-515,2650
108,-115,-29,-12524,-22897,8738
-75,-112,-81,-2934,31770,8832
-26,-51,75,-203,10606,8892
42,-8,31,-215,-26317,1928
-32,61,91,5867,-21573,-1235
-11,44,19,4644,-2398,1087
-111,107,44,987,11773,-667
115,98,-99,3549,-2929,-3187
55,87,93,-6359,-15100,2657
48,-116,71,-8071,-3033,3658
-90,-79,-38,-5321,-15490,5638
-107,-68,51,-8913,7438,-1795
-74,-99,66,-10020,2378,-9933
-56,-119,85,-9542,-602,-7583
-109,-69,-87,-21208,-8993,-14349
-108,-47,-92,-6957,-2930,-17870
111,14,74,8248,-23064,-31793
27,120,-74,65,-23542,-30715
-111,-80,-59,-7851,27542,-31273
-72,44,99,-9539,-32415,32132
-35,-102,5,-10928,-32415,-32683
107,-58,116,-17433,-30736,-9527
-43,-18,-107,-10823,4891,-7165
-76,-10,12,-12262,10055,-6601
-50,-97,-50,-11997,-4256,-4503
-55,-119,-123,-10422,55,-2625
-38,86,-91,-9228,-21265,5706
88,122,43,-2574,-31823,4227
E
33,44,-39,4904,-317,17912
117,-71,71,7296,6091,14272
-67,61,-81,24368,17881,12464
15,-22,116,-32049,-19202,13524
94,7,-108,11519,261,4074
100,-42,34,16560,-12718,-6
-1,28,-25,-28497,-22285,-8557
-66,-6,105,-31537,-15175,-6381
123,-35,-19,32758,2745,-14074
-63,122,94,32758,-14044,-20252
-88,-117,20,32758,-23230,11130
23,-90,31,32758,-28199,9155
101,91,-51,11437,355,20842
81,-34,-88,-9004,8946,20563
-71,-15,-82,-16730,-7989,5353
37,8,-78,-8937,3249,-1103
63,-20,3,-7752,6144,883
41,84,-40,-5691,16106,3154
73,-92,33,-13265,2901,-2223
63,19,4,-10058,3005,-90
41,-101,26,-10685,8079,2088
-98,59,-57,-9943,-23614,-2267
86,49,2,-4710,-20421,-786
8,34,-79,-2808,-23930,56
-86,34,-123,-960,32216,-644
57,86,95,-4767,84,-2752
95,-124,68,-9219,3834,-1854
127,77,-101,-57,-2904,-3681
-33,23,76,-1630,19847,-3298
105,89,88,-6437,4720,-4103
-55,-73,122,-9066,991,-7155
-15,35,-6,-10552,6104,-9044
97,77,-39,-14623,-4894,-8594
13,-55,-38,-14946,-2372,-9174
10,78,7,-14499,1353,-485
10,29,-103,-13170,-20709,-6622
-10,-37,-68,-10828,-1944,-6657
29,-106,-90,-8067,753,-5609
-18,51,102,-9580,-15927,-6434
3,28,-84,-13247,-21740,-7808
E
11,85,72,-14093,-1117,-8761
25,-18,37,-12430,-7157,-13057
-58,-42,-49,-6079,-23343,-7231
118,48,-88,-15653,-14015,-6910
-26,-74,6,-12596,-2759,-6876
-58,47,38,-17402,-15069,-3235
71,12,118,-15763,-15518,3444
51,21,-103,-8947,-4616,6257
107,0,-63,-15195,-7254,8448
0,67,-50,12635,18835,20209
-86,-27,59,15291,-3331,17904
-26,-96,46,-22130,3059,1140
-7,-13,-116,32758,-9634,6536
-118,-15,44,32758,31082,-3821
79,56,45,32758,-25276,15898
-16,112,-38,32758,356,12608
91,-83,13,32758,-21176,-6297
-10,-40,-31,-14950,-24395,7611
100,54,-81,775,-523,-21728
117,-60,-80,-279,-10421,-16531
124,25,-31,-6712,24649,2693
-102,44,17,-6816,1721,-5815
42,90,-102,-13719,5872,-7852
39,-8,21,-19303,9557,-3685
-6,-32,-63,-16722,6245,-2750
-108,64,88,-15295,9067,-1190
67,-75,78,-16300,13482,-5252
53,-118,-94,-19926,-7230,-4873
-122,-50,83,-18344,-504,-6695
-2,105,54,-16860,-5411,-6723
-99,44,-54,-12888,1328,-4326
-98,71,94,-10950,-2106,-6034
-60,-47,-114,-15369,-11943,-7620
-73,-110,9,-19599,-9936,-6259
28,11,97,-18300,-18405,-5312
127,-125,-68,-18721,-9214,-3536
-19,99,18,-24053,-9260,-1590
39,3,26,-22920,-9353,-2574
93,22,106,-20590,-13534,-787
15,83,31,-22120,-7928,2957
E
-113,13,84,-22960,-17604,4126
-98,-58,71,-21432,-1160,4285
-1,-20,64,-17620,-18311,5240
119,95,-84,-10721,-8191,3671
26,34,-77,-1973,1042,6011
46,43,0,4875,8262,4591
57,34,-39,18040,11063,8373
70,-20,-75,32511,18854,11369
93,92,-12,-29316,19056,6511
3,-123,-42,32757,15804,8661
113,89,100,32757,-2002,11580
118,16,24,32757,-2625,9537
76,30,110,32757,-13951,16343
121,-85,58,32757,-19372,10133
120,-3,111,18738,3099,1435
6,66,-3,-2401,5981,14052
114,124,-4,-11400,-19784,-11199
-114,-89,-24,-28700,-27678,-17932
5,-67,-11,-8870,11231,2100
87,-9,-108,-3921,12263,1654
-126,66,62,-13735,8539,-6763
116,117,101,-18115,2849,-8271
103,-29,110,-8817,1979,-6165
127,64,42,-7425,9701,-3357
119,9,28,-9515,11827,-758
47,54,76,-10224,10623,-338
-14,-116,111,-10880,8486,-3818
-96,-56,-19,-22843,-570,-9874
-48,-107,41,-23713,4595,-6058
20,-44,-3,-21068,7074,-4232
4,-110,126,-22247,4980,-7551
-20,-16,19,-21690,-6241,-4862
-24,-20,-49,-17697,-1922,-4443
-8,-90,28,-17194,203,-7946
-11,-61,-90,-16936,1065,-3366
-52,40,-75,-13335,-6106,-6874
-15,64,-90,-13317,3055,-9608
55,28,65,-15923,5232,-13659
88,76,69,-17466,-17902,-11791
-8,-60,-65,-17902,-8517,1448
E
-58,-53,-101,-9859,-4677,-4231
-78,91,-108,-4535,-11741,-8344
-108,-37,91,-9494,-31495,-10629
-15,57,13,-17143,-22733,-9660
-13,-25,-80,-1018,-9327,-524
52,56,5,10660,16969,7474
-46,87,112,8752,9699,5297
-86,118,-7,-25862,15615,12264
66,60,126,-30890,23573,13076
101,20,-80,32758,11109,12140
67,92,25,32758,29579,9453
-54,41,-47,32758,-28063,15215
-117,27,103,32758,358,16745
26,-10,-125,32758,-32411,3284
-100,-60,-120,6230,26628,32631
-25,-33,-9,-26586,-26606,-7190
52,-117,-17,-12966,-21141,-21139
55,-39,116,3653,-4598,5439
22,-34,-100,1668,19195,3448
-103,-116,-33,-19132,7271,-2238
84,-47,17,-25386,-4529,935
90,10,21,-27813,15839,-1245
-3,28,19,-29732,11544,-3731
19,-47,122,-31906,3186,-3269
-47,63,-79,-30713,1816,-543
-59,-113,-92,-29379,18589,-7216
-22,76,94,-28162,-6536,-7399
27,-76,73,-26635,-5194,-5647
-47,59,127,-22350,1142,-13827
25,10,90,-29240,-3959,-11809
13,-50,-82,-23139,-8460,-3988
-25,54,35,-18048,-496,-3572
-36,35,103,-23440,5026,-6363
1,-23,-19,-18873,-22273,-8379
-76,-85,110,-20766,-12935,-7526
13,82,-50,-21968,-5542,-6892
16,22,-124,-18128,-14001,-7961
113,97,35,-13945,-16099,-6210
-107,32,-78,-9138,-2153,-1869
121,78,-125,-1185,-243,0
E
112,66,46,8514,82,-1056
-118,80,-3,15676,15069,4892
-39,79,108,27409,19284,13182
-95,35,-33,-27508,8042,12199
66,-86,-54,32758,-14078,11549
73,-67,4,32758,4411,2453
-33,-103,96,32758,31215,5609
-119,109,-32,32758,-29929,28434
-33,61,-28,32758,1528,-9103
10,-16,95,25777,-19449,-5330
8,-126,19,-24692,17856,17420
70,91,-53,-15491,19191,-18539
-100,-122,96,-10525,-22493,-17193
127,20,-126,-137,2845,5524
-69,-48,97,2109,21866,1894
52,-87,-68,-14466,3930,1434
14,-63,52,-14642,7793,211
35,-74,-123,-23428,11100,4443
-44,26,-64,-22886,16208,7074
40,80,108,-19356,13127,2227
85,116,-5,-15617,11986,-360
107,-81,103,-18949,3334,-3396
111,-124,-17,-20433,584,-3284
-98,67,114,-14068,10813,-1386
18,-87,34,-17527,5267,-10746
32,52,-11,-20729,-10660,-10497
-60,104,-55,-18694,-4112,-6912
-54,-97,-48,-18024,2312,-9403
-116,26,29,-27877,-150,-11613
39,-24,-76,31505,-8223,-14215
70,-34,60,-30756,-18090,-15233
-112,31,-63,-28434,-14253,-9676
69,58,-119,-27859,-13945,-7049
8,-22,-89,-26367,-16561,-9550
63,90,-7,-20596,-20854,-2053
-41,-98,47,-7436,-5132,-111
-62,100,78,-1542,5309,-379
3,101,11,2417,7059,3564
32,-119,42,10114,15179,6221
-123,-75,70,21574,19109,11826
E
29,-110,-38,26788,24653,15055
25,16,73,-28097,17652,13815
105,-109,-2,32759,2300,10065
54,-112,-124,32759,-5339,11125
-115,67,6,32759,-5268,-3254
-125,70,-61,32759,-13936,21495
-13,119,1,32759,360,29501
48,-55,-24,18533,5748,13095
81,70,-86,-7723,29407,23105
11,-80,88,-20354,-24487,-20958
125,110,-111,-17885,12868,-22480
40,-65,-96,-16694,-26417,-7608
-52,115,-88,-11781,-32156,-4942
68,-120,114,-6736,-32409,-10653
-55,117,17,-9674,14210,-14365
103,-100,-110,-9581,-31282,-15785
69,77,127,-10563,9753,-18437
-7,32,10,-14008,15040,-21391
-12,-40,-5,-10194,-15912,-18953
-117,97,-55,-6462,-7632,-18218
-13,70,80,-9009,-18182,-18493
127,-14,-44,-3953,-6785,-19834
34,-125,5,-692,-25656,-17694
68,-55,-31,-4655,27026,-16256
-94,-88,45,-8515,-32412,-20306
1,-65,-66,-23806,-32412,-19919
-76,83,-34,-25356,-32412,-21356
42,-13,-62,-23413,-32412,-19547
-95,-125,-64,-16708,-29542,-4970
25,56,-72,-11513,-27821,-8068
11,12,49,-8751,-12242,-992
-118,29,72,-6807,-20683,-3897
-25,39,-51,10528,540,1248
68,-12,-15,7720,616,930
83,56,-91,11817,16636,-1644
115,-83,-54,20513,10694,-846
-98,-89,-111,25688,15075,-4285
-50,-14,1,-27836,18360,-6808
59,69,-79,-32762,4708,-9574
-111,28,-61,32761,-23099,-23960
E
56,-110,87,32761,-14138,29769
52,60,34,32761,-9055,-17775
-64,-88,-2,32761,-32411,-7258
-121,-110,86,3215,2419,-27665
65,59,52,-7368,19351,-497
116,-120,118,29605,-17353,27503
70,10,69,28443,14450,-3126
-128,-104,-1,-30931,274,-2967
14,-44,28,-6358,23739,-484
73,0,23,-17088,14413,-65
-122,38,-26,-23615,7815,991
125,-30,118,-22167,11385,1314
39,-113,-1,-16972,16997,5286
-10,-33,38,-18565,25252,5262
74,24,69,-17934,12124,-2009
-103,82,108,-17978,12101,-1498
-7,-25,93,-16150,21103,-6760
-8,38,76,-17343,7265,-9667
-102,-52,-44,-16586,-4250,-7834
67,-80,91,-24792,1402,-8188
65,94,107,-25894,2649,-8430
-70,83,98,-26897,-1949,-8560
16,-72,-57,-28050,-8447,-10350
-116,118,-121,-30802,-11774,-11236
57,-24,-40,-24235,-22610,-13112
-76,89,103,-24151,-16261,-8893
-5,-99,-117,-19305,-10104,-5448
39,-29,98,-21780,-8796,-4845
-108,-31,-94,-19013,-14499,-1021
-122,127,-67,-4423,-18208,2310
96,-109,31,-3835,2965,2360
-56,-61,-6,3656,22914,4074
114,-27,28,3548,21808,10373
38,93,84,-21392,11001,27264
-57,121,2,-31529,5938,18657
30,118,61,32764,-3713,16179
22,-77,-25,32764,-5822,15759
-128,123,-18,32764,-9501,-24277
-99,5,89,32764,20710,2690
-48,-71,-51,28495,-32413,23052
E
118,50,-95,-3967,31532,-3088
60,118,-109,-23770,-20413,-25632
-2,33,-80,30485,20260,-20145
-81,46,19,-17162,117,-1205
-54,67,74,-6662,12413,426
-112,33,76,-24297,-29257,500
80,-95,-119,-28498,11947,-369
-48,121,-10,30860,15353,-48
-23,-87,95,-31666,17261,-99
42,15,-111,32211,10972,-3647
76,122,49,-23826,8808,-4805
56,24,-50,-23556,6226,-7435
-99,40,77,-24022,12503,-11564
-61,124,86,-26520,1835,-9631
-112,-76,97,-22237,-4559,-5370
-87,-122,28,-21583,6224,-7684
76,43,85,-25017,-16663,-7685
-68,-35,-105,-27598,-17713,-3480
83,63,121,-27602,-8111,-10615
-7,-98,75,-24370,-16712,-14378
-34,-84,40,-13927,-23489,-6777
82,60,73,-8372,12110,-6441
9,84,123,-12599,-15376,-7764
123,105,-91,-4634,-1920,-1733
-78,109,115,3839,-2603,1609
-87,116,51,13518,29383,5079
-93,-72,59,16323,22120,6509
-102,-47,88,18836,25532,3078
64,117,-120,16765,24215,2730
113,21,113,20470,20028,3559
-37,-63,-1,-32453,-4440,5404
-81,-98,-8,-30631,32483,488
56,55,13,32765,-962,-1397
-30,-107,-95,32765,-13807,-31842
-11,-121,-91,32765,30035,-27330
-81,-31,-104,19586,11451,15612
-43,46,-111,-7599,-30170,25878
-77,-21,17,-24594,-17146,22616
77,33,12,-22724,5695,-13625
-116,32,4,-21931,18936,-6957
E
-1,17,-111,-19443,11769,1230
39,-58,90,-21791,13584,3938
-57,27,56,-27884,16693,-1782
-77,-79,21,-30533,8451,-1813
96,-106,-75,-31832,7531,-243
6,-114,6,-31317,7034,2524
-99,60,-67,-31890,10616,721
-60,116,-85,-30787,2842,-832
-78,-78,89,-32606,66,-4850
-41,-47,102,-29062,-3055,-6941
-72,-48,-44,-30995,-6025,-5943
126,-67,-115,-32165,619,-4489
105,89,-109,32216,-11408,-6581
-38,-39,70,32765,-20303,-5159
77,52,17,-29811,-10013,1405
-6,87,-37,-6469,27488,6500
108,-114,95,-3100,-9317,4465
-78,-121,21,-5535,-8179,-253
-55,65,99,-3660,-19718,161
-31,-77,37,1424,-11468,6745
-47,-62,-15,-8791,3249,7148
57,-92,62,-10334,17489,-257
72,-108,-3,-2228,13465,-2331
46,96,-16,22788,-5671,-10807
95,85,98,30298,-7654,-10311
108,46,-116,-28771,22888,-15497
59,46,44,32766,537,-23416
-111,-17,81,32766,-6968,29275
-1,106,93,32766,-30192,-21618
-25,-72,-4,32766,-27136,31030
74,-50,-15,32766,353,25341
28,94,98,30181,-32416,14345
8,27,-102,-17951,351,-7243
-49,92,38,-19595,16984,-32655
109,-68,-127,-15752,10656,-8975
16,57,87,-2343,12349,-1153
-93,-119,-35,-5020,10240,-645
66,-73,67,-18528,7912,7056
50,2,25,-17656,10241,2107
59,52,-30,-26140,6341,-1082
E
-127,55,33,-28535,9341,6382
3,119,-3,-29441,8853,5877
-17,-110,-51,-28956,25716,-185
121,-76,3,30782,426,339
-121,103,82,32763,551,2484
-51,71,-34,32763,6566,-7813
18,78,-6,32763,3387,-8590
-92,12,-113,32763,-2389,-5279
124,-99,3,32763,-395,-4944
95,-4,94,32763,3087,-9214
70,95,-94,32763,3757,-9913
-128,-64,87,32763,-3486,-14706
-40,-64,-114,32763,-12449,-16938
-81,52,89,-31784,21275,-6383
-127,16,21,-21385,-32416,-9281
47,-112,11,-4184,-1675,-1687
127,-20,-38,-4716,11472,-1327
-83,-31,-80,-1772,-2128,6577
-100,97,-73,-933,9487,8527
-85,124,-118,-1092,6751,4883
-50,52,-97,15432,6271,11868
-26,35,-89,18289,8619,13585
26,-24,-124,-24125,32665,-3357
28,-111,115,32766,11795,749
95,89,-101,32766,4642,-8883
46,-120,-37,32766,25472,-8072
-128,45,109,32766,-4346,21860
-98,-51,-124,32766,15064,9718
-74,73,-53,15936,19212,3360
29,70,-96,-8807,-31199,10396
19,-115,116,-20312,-16643,-27654
21,-88,79,-314,-16431,-9258
-66,73,30,-242,25426,6261
72,24,85,1565,17775,4671
-93,-62,76,-14492,10302,4436
120,86,-21,-25535,14142,43
-9,-87,-28,-30026,16539,-1433
75,-116,78,-25729,10475,-2366
-83,116,-82,-26925,7763,-668
-108,-84,-8,-28714,10248,-1902
E
64,70,-108,-28759,4682,-2702
119,-43,-26,-30804,61,-8964
-116,12,46,-29858,505,-7890
75,-13,-48,-26713,30,-7233
-20,-23,-12,-25063,1600,-8345
-57,34,-116,-30526,-7065,-5521
-3,13,114,-25575,-3125,-8228
102,87,114,-24148,-809,-11229
114,-17,124,-31451,-8028,-11126
-98,-69,-30,-28674,-12804,-12154
-3,-115,-68,-22352,-3382,-8910
-117,-25,-90,-23975,-13843,-5058
20,26,-57,-21488,-11622,-10727
87,-106,77,-21699,-13054,-9493
-48,117,-80,-10185,-9095,-5847
71,-79,-27,-9040,-5922,-2514
-122,-86,-24,-1597,1323,-1631
113,-38,8,5356,13112,-585
54,4,106,20617,20056,3925
12,-125,60,25293,16743,8424
126,-81,-57,30765,16496,9801
103,65,-86,-30250,-17044,5651
-128,104,-99,-32767,-30190,-1557
-5,-21,3,-32767,429,-32225
11,-124,-51,-32767,-12323,8024
-123,79,120,-32767,-32418,32507
-18,-60,-69,-32767,4134,18117
59,-93,-114,-4077,8143,10982
44,68,-29,-28703,25609,-21700
50,126,-29,-22920,23238,-13666
94,23,-32,-13104,-31611,-1589
7,-55,106,-9404,12578,-641
-35,42,-37,-14516,8227,2125
-61,15,80,32474,15126,-2133
-33,111,121,-28627,3088,-2160
46,49,0,30352,12332,-1628
18,-103,108,-32767,13192,-3411
39,-33,48,-26758,12926,-344
44,-124,98,-32310,4400,-3825
-17,-126,100,-29263,4015,-12404
E
38,86,89,-29347,-9378,-10066
-93,-111,62,-22215,-755,-14267
-56,60,-99,-19571,2909,-11726
-87,97,36,-22148,1040,-7753
80,-115,-79,-24681,918,-10614
-84,-7,49,-21859,-9181,-12968
-57,25,-126,-21905,-8864,-11424
-92,106,-125,-22876,-13316,-12843
-13,-72,-18,-18915,1642,-8630
86,49,108,-18965,-15280,-12504
68,11,-56,-20830,-14583,-12738
-96,-30,-67,-20088,-14190,-10675
-100,119,49,-8652,-4881,-4802
-100,88,121,-7018,-2068,-2740
-102,100,-75,-5046,2908,-1493
-117,93,-79,-3472,-273,1056
-89,-90,50,-622,10535,2929
-33,-56,97,7582,8044,3530
28,-28,48,-32027,6461,9115
-32,26,-99,-28290,-26165,29925
89,-53,-42,-32767,11521,7172
-71,-69,-122,-32767,-12485,-3524
-14,7,117,-32767,-15315,-7408
-66,78,5,-32767,-10323,3798
3,-63,-5,-32767,351,-23657
93,-56,-12,-32767,-32418,23567
16,106,62,-10469,-23726,-21075
-97,90,-50,28385,25341,-16158
-16,-110,-101,-29437,16995,-4764
90,59,-115,2456,5836,-7332
21,-35,23,592,5046,-1550
-7,-18,-38,-16330,12131,-5398
82,-99,39,-27212,14170,933
3,-1,-119,-26889,15703,483
119,93,112,31717,9927,548
-33,-23,97,31868,10729,-1085
-1,45,-83,-32768,13625,-3770
-30,-80,15,-32768,-432,-3784
-9,-96,107,-32768,524,-4206
-109,-31,-81,-32768,-2781,-7061
E
-107,7,-121,-32768,-1269,-6653
-41,-32,53,-32768,-2668,-4316
-71,-114,22,-32768,-18840,1067
112,60,1,-32768,-11351,721
22,-58,35,-32768,-22799,-3390
68,-11,85,-32768,-29930,-7210
103,-104,-12,-32370,-4853,-427
90,-105,-91,-13020,22916,-4439
28,-116,-30,-4922,18448,-10372
109,-52,-97,-2260,-9320,-7123
-114,-70,-28,13425,8494,-3608
-105,38,-86,24513,-27907,-1114
68,-59,-19,22888,-29032,13291
-116,-9,-51,28874,25784,11361
-107,55,120,-29594,6638,-5180
-11,-47,-65,-32766,16333,-5966
123,73,-20,-32766,-13182,-26821
-80,94,-77,-32766,23096,-20374
65,55,6,-32766,-22960,7970
118,-61,-23,-32766,26805,-15475
41,23,10,-32766,2450,-32611
34,19,-84,-8951,-11721,-18323
3,-81,55,-8739,23321,-17757
31,-3,37,-25402,-9101,-10687
-117,44,99,-14797,-22483,-8639
-127,-41,-8,-15103,-12762,2439
25,-8,46,-24470,14142,-654
18,115,-96,-25978,19789,-1132
34,100,85,-31670,12289,-580
-19,54,-101,-31989,11108,-2235
-23,90,40,31927,10627,-2398
-6,-33,25,-32767,7416,-739
2,20,46,-32767,7502,-3914
-92,-108,122,-32767,6387,-5467
96,-28,-17,-32767,-7196,-3911
-114,86,-61,-32749,-3844,-2119
-96,-113,38,-30658,-1666,-2918
-117,-18,98,32064,-6026,-7930
77,-7,-37,-32767,-18451,-2429
-7,116,36,-32767,-24277,-2605
E
-27,-85,-114,-32767,-8256,-7634
104,90,20,-32767,-29880,-7949
-19,85,-2,-32767,-18749,-9428
84,35,71,-32767,-2154,-16258
70,93,81,-32767,-5623,-13328
-33,69,-79,-4240,6586,-6952
-24,111,20,10092,-3825,-5140
-104,85,114,30201,-29946,10595
-120,-15,-90,30218,28045,14350
65,50,87,-29931,24665,14605
84,36,92,-32767,17356,11559
-128,-107,112,-32767,9958,4080
82,118,91,-32767,-3041,-686
-72,-69,49,-32767,-26643,-4038
75,118,-7,-32767,30871,-2149
79,-14,93,-32767,-23332,9529
-85,-98,-100,-32767,345,23136
-40,-120,-77,21052,-6106,8592
8,-18,109,-18246,9917,-16482
99,80,-7,-5056,5098,-6328
31,54,-9,-5349,14148,-1840
-38,106,121,-8450,7110,-3636
3,-6,-118,-22146,662,3565
14,83,-125,-20883,16510,1187
-12,60,-60,31957,16378,-736
-24,95,-101,-32326,8741,248
16,125,17,31981,20403,-1796
95,70,-42,32767,12968,-1816
41,-58,-34,32767,10767,-6050
-20,-15,75,32767,2239,-5450
54,-81,124,32767,1980,-6003
-101,-32,-79,-30429,5429,-7320
-98,-14,-81,-32290,-5646,-8836
23,48,-56,-30665,-1976,-9193
-73,13,48,-29027,-5034,-11088
-10,-10,20,31240,-10569,-10820
-75,81,-88,32767,-10339,-14219
-73,-76,-38,32767,-18979,-19008
-43,48,-118,32767,-22104,-16739
-46,-50,-64,-23076,-21984,-14881
E
24,-121,69,-10431,-3051,-2145
122,89,-74,-7308,3743,-2428
-99,-18,36,15653,9062,5521
116,74,67,12540,13173,5070
-21,89,-120,20857,15244,14573
-15,-40,-60,30201,19623,21605
-33,-72,80,-29364,22667,10794
-14,66,24,-32768,24656,2277
-72,107,-1,-32768,13171,2895
-77,101,32,-32768,-2106,12699
-125,-39,56,-32768,-24768,17223
-122,-39,90,-32768,-31936,31699
97,-66,-65,-32768,22787,12267
0,14,-102,-32768,-11413,24177
-42,-88,-18,-19243,15781,-10023
-104,-72,69,-5188,14975,-19845
44,-69,-123,-10697,13415,-7443
66,36,-99,-9984,6519,-7968
-124,-68,-74,-23833,12375,2858
-56,-54,-87,-26009,15886,1438
-26,-45,111,-25606,28221,7190
54,-55,122,-32466,24540,1095
-92,93,-86,31461,21386,-7492
57,-123,-54,-30681,1597,-6004
51,125,105,32304,-2876,-6375
49,-77,24,-32262,3596,-9340
33,-94,107,-31720,-561,-10560
-105,17,-63,-32036,-5248,-9128
78,93,-40,32527,-5864,-8788
-86,27,84,-32659,-6906,-8356
111,-57,34,-31563,871,-9800
119,75,-57,-32180,298,-9460
115,-72,-32,-27121,15406,-9952
39,-75,62,-27047,-9703,-14754
1,-73,-62,32231,-13389,-17502
16,114,-111,-32325,-9417,-18033
124,-56,-50,-23410,-14682,-9940
-21,-83,64,-7230,3701,-2095
-32,33,3,-3860,-5743,-286
-12,83,83,1641,19418,8075
E
-125,67,71,9883,22749,20764
122,66,115,15099,27677,22446
-52,56,80,23394,21556,18376
22,122,55,26304,16772,21468
-100,62,-19,-28424,1106,22963
-67,-55,46,-32767,-21499,21987
-31,77,104,-32767,22904,19321
121,4,-39,-32767,-32424,-3224
-92,-40,-24,-32767,343,-31289
7,101,85,30523,345,30479
29,51,46,11108,-17890,12591
-55,-82,38,6505,20514,1521
-29,-106,107,-23564,15269,-20615
108,-63,-17,-21976,1251,-3078
0,-37,-95,-11541,9428,-1135
-11,20,-20,-6972,16868,-654
-76,-118,-17,-19955,31113,-6063
-90,49,17,25960,-10084,-6245
54,-103,-22,32307,-14304,-3397
77,-40,19,-28970,-24959,-3188
-21,-67,48,-31753,19708,-4121
-14,50,-107,-28298,14160,-3242
33,-75,-23,-28943,-30490,-7289
-108,-66,-38,-27633,8541,-16659
36,84,11,-28842,-1544,-11286
-8,50,2,-23363,15016,-12031
4,54,103,-18246,19400,-17948
30,113,101,-21638,12949,-21565
-105,22,46,-31450,-2223,-26750
110,-78,-115,31343,-5895,-27920
71,-37,-123,32460,30137,-31484
86,-37,40,-32767,-16682,-22381
-21,-33,-53,-32767,26550,-20047
115,13,-83,-16001,6264,-15520
-118,44,-56,-13539,-20899,-11330
-118,-40,-56,22952,10470,8649
-16,-16,46,20831,11076,7244
-35,-124,-123,-24974,10896,14530
16,-67,-103,-32766,3631,16731
30,37,-108,-32766,-19753,4440
E
68,-57,-56,-32766,-14965,-14386
56,54,-62,-32766,25561,-9011
-17,-26,7,-32766,30252,-19312
-43,-28,-88,-32766,-20752,14235
62,125,76,-32766,27470,1124
-45,17,78,24727,25505,4134
-56,-20,-36,-8552,-21986,-1725
68,62,-29,-776,-18122,-14797
-107,53,122,-361,7716,-9767
-113,60,24,-12389,24843,-4814
3,24,-124,-23123,7568,-6924
-117,105,-60,-29215,20014,-4478
-79,-56,12,29154,14470,-8607
-45,-122,-44,-32766,13289,-6717
-63,-127,-60,-32766,23250,9321
93,62,-14,-32766,30633,3488
-85,-112,-86,-32766,22460,-4217
-23,-120,-99,-32766,31455,-14539
-33,-61,69,-29877,5273,-25265
28,20,53,31882,-2800,-20074
82,-52,67,-30768,-10019,-22018
22,-24,59,-28705,25338,-24246
-101,7,10,-23894,-10413,-22867
-21,-7,-28,-8787,1845,-23404
20,54,81,-16338,28714,-26865
-79,92,-127,-8872,-2596,-24111
-9,47,-106,-6489,-4851,-20743
-1,-110,16,-6144,25267,-15401
-67,-120,-55,-72,10646,-8846
12,61,115,2817,-14031,-2168
29,49,35,8998,7998,12139
50,99,30,11218,1139,16148
16,28,-97,22250,-15682,18370
-112,125,-19,-25395,-15086,23289
-106,-107,-45,-32764,-8004,22354
-101,-117,-81,-32764,8390,18461
84,115,106,-32764,-17038,-27133
59,-71,85,-32764,341,6252
-86,22,-107,-32764,-32428,13871
45,95,-96,-23222,-17013,-18016
E
49,-119,63,-2924,-19857,-19967
1,125,-7,-1851,-12845,-8576
116,-120,29,1437,-11859,-1031
-80,-49,-71,3055,9049,-345
-53,-1,-30,-11441,8065,621
-45,-107,-7,-26269,13722,-2437
-31,72,63,-29264,10609,-3028
79,61,-43,-27760,19008,-4621
122,-115,109,-23648,14806,-5671
-108,-18,88,-21267,11730,-5784
117,-124,16,-21873,12352,-5619
-88,-34,77,32241,11187,-22731
89,44,-2,31168,5780,-24703
122,84,43,-32763,-3060,-21274
125,-53,-86,-32763,-1494,-21023
-45,98,-68,-26898,13114,-20049
35,-91,-117,-16146,5796,-18519
123,-18,114,-27740,-18985,-19787
-9,-60,118,-16561,2046,-22453
-55,-96,78,-11818,-3277,-21400
62,103,-110,-8410,-3697,-25050
82,83,-54,-5995,5690,-22644
55,112,59,-6527,-21262,-16838
81,-46,-110,-10823,7554,-7676
77,-89,-34,-3859,-15434,-8890
-1,-73,-53,11724,-14033,10003
-94,-62,29,21460,1820,20669
23,101,4,-24511,13192,-27005
-23,-48,-34,-32761,11032,-31489
-68,5,-80,-32761,11920,-32617
-25,-84,-65,-32761,-32428,14121
-49,-8,-51,-32761,-10145,-30550
73,-93,-28,-32761,-7088,9536
-112,-7,38,-32761,341,28991
-48,-42,-70,-32761,-17030,2881
68,-69,70,27722,6130,-14290
72,-111,4,-30302,-25578,-17608
63,8,35,-2827,-11176,-6784
115,122,-90,-14116,-6719,-5464
-62,-5,12,-16074,19637,-2761
E
-53,48,17,-23341,19456,-2066
-51,9,115,-29728,14574,-8688
-15,32,-121,-29106,7688,-7573
127,-10,91,-31428,19953,-3199
89,59,-1,-30001,24108,-5753
-99,-58,11,-27016,14879,-7324
31,71,109,31490,23064,-10420
-6,62,119,32416,31970,-17009
6,114,-50,-32763,-22881,-20750
-66,68,81,-32763,4824,-17263
71,-31,-28,-32763,5023,-19746
-61,41,-29,-32763,-1694,-21193
-110,-2,96,-32763,-18905,-21197
125,10,45,-30097,-8032,-15705
-13,124,96,-27514,-19925,-15716
18,6,65,-13012,-17724,-17314
-85,-120,-115,-11727,-13080,-14864
-23,-101,-16,-2745,-1250,-5274
-59,-49,-1,-1364,12611,-2460
127,-16,-105,3918,-4790,2816
121,6,36,9474,14814,5003
4,97,-115,10799,371,6610
15,-34,108,17022,-572,14100
61,-35,81,-31725,-14225,10487
116,87,-70,-30060,21506,2996
18,-123,-69,-32759,-24227,27306
-36,-73,127,-32759,10290,28423
-113,-99,-103,-32759,-14815,13060
127,-11,-101,-32759,338,20886
-11,74,77,-32759,-32431,16757
104,116,-70,-23074,336,-30672
123,-83,19,-13717,-14672,-18642
-25,-98,-31,-13221,32596,2480
-72,-109,-33,-12065,31050,-2006
8,26,-121,-15650,-3086,573
113,-47,-43,-26954,28279,-4225
29,37,-97,27797,8321,-4742
-115,-13,85,-32759,13793,-6982
-124,1,44,-32759,18784,-11380
84,12,5,-32759,7235,-8690
E
2,111,81,-32759,7546,-8744
-75,94,-75,-30275,10239,-6901
-14,-119,11,-29981,5123,-6665
64,30,-66,-20854,6926,-10450
100,-68,-2,-19929,7654,-14202
68,32,74,-19998,-8383,-20451
-9,52,-55,-19705,-7263,-18017
27,105,86,-16148,-8960,-11677
-41,-52,-49,-17309,-11838,-12786
-86,-53,2,-24826,-26139,-11532
27,108,-3,-29391,-16383,-12056
-50,-9,80,-20108,-9419,-12486
-46,67,105,-10236,-7847,-13575
87,-28,-72,-7254,3752,-9407
25,-2,113,-6010,8339,10722
30,-19,-25,-3442,-7647,8893
-74,94,99,15931,13931,13378
-113,-49,7,19440,7497,17569
-34,-102,-31,-29835,-341,14408
38,72,-22,-30931,-10332,18713
-61,9,-10,-32757,-8927,11539
-82,-101,-122,-32757,19326,-11760
115,42,-26,-32757,-20991,26566
-88,61,58,-32757,337,24151
-107,124,80,17857,-12149,14913
116,121,-52,-7145,-6426,3170
15,-94,74,-15375,17792,-19804
37,48,-12,-15556,8281,-12778
-3,108,19,-5216,-7004,831
44,68,46,1396,12357,651
34,82,10,-3660,12915,-291
37,-124,-118,-25124,-5859,-266
-19,-8,39,-25519,11521,-4134
-29,-126,-8,-28010,-2434,-3219
107,-120,40,-25816,3426,-2214
97,-92,-87,-25306,1928,-813
42,-42,-111,-21358,4280,-66
5,5,-70,-19792,12722,-3145
-90,67,-58,-21304,902,-13219
62,-61,42,-28170,-6599,-14708
E
28,-119,53,-30074,-2648,-10755
-35,-49,81,-27966,-2324,-11947
19,92,112,31789,-4633,-16122
106,-41,-69,32350,-8293,-17402
68,117,-80,-32757,-21937,-19197
-93,-29,82,-32298,-19543,-16761
126,-4,1,-29482,-14854,-13008
-125,88,-9,-22985,-29201,-12349
39,-46,21,-15760,-1263,-8221
109,-75,-84,-9073,3790,4317
-72,106,9,6991,-14389,1560
15,82,-37,27220,12915,11441
-30,-52,32,-25529,22193,22819
89,114,-53,-32756,11221,19376
122,-3,44,-32756,-10333,8593
-126,-58,-7,-32756,-19496,-99
13,31,1,-32756,11386,-17437
-63,65,7,-32756,-17369,19221
-63,-91,-102,-32756,336,-32370
-100,96,-58,-32756,-32433,23093
-57,93,28,-23443,-16253,-16448
-88,-126,-7,-13600,-28478,-18658
-96,-88,-97,-8569,9160,-1191
99,-66,127,-11667,29427,-3024
-100,-91,-61,-16918,-12343,1949
-104,-8,50,-29665,15731,622
27,60,127,28773,20553,-1039
-30,-85,122,-32757,7880,-2032
55,84,3,-32757,8337,-2651
101,-82,101,-32757,7523,-8321
-81,113,48,-32757,-2164,-6165
-36,111,86,-30757,13450,-9015
98,89,47,32113,-8847,-15341
-37,121,63,-32757,-7332,-12534
75,-48,97,-32757,-3436,-13766
-27,-9,-30,-32757,-2995,-15950
-38,-74,27,-32757,-11308,-18046
100,-11,40,-32757,-20485,-16491
95,84,17,-32757,25157,-14732
-1,-105,116,-27247,-32436,-9499
E
30,4,-64,-8074,-27675,-577
-103,55,5,-10755,-7546,780
55,41,111,-10430,-5585,3908
30,-65,18,136,-5273,4145
-42,-95,-5,2640,8885,327
15,126,78,9730,14411,-2371
-125,-25,68,22381,21569,3115
-1,-115,38,25969,19649,5103
67,-65,-85,29169,18379,10803
-123,38,-114,23645,3888,9852
-9,-60,32,31628,-29048,4544
-50,-11,-66,-31040,-11916,-5390
74,32,65,-32754,-9173,17379
111,-48,32,-32754,-32434,-21098
-123,-98,37,-32754,335,-8901
-6,-49,23,-32754,-5515,17916
79,-55,-56,-32660,-8275,-15287
64,22,31,12476,10645,2432
-105,40,68,-8217,-22370,-14437
-1,103,117,-19806,28155,2031
112,-54,46,-14503,24216,3565
-89,45,118,-13304,-761,-815
15,-96,91,-27117,21135,-1838
-57,113,9,-31886,3387,2422
-25,74,-108,-31952,16895,2037
-14,96,-69,31859,8353,-271
-27,111,71,-32753,-5541,-74
-3,-47,105,-32753,4145,3962
48,-65,-109,-32753,20255,-729
-48,80,-128,-32753,1023,-4105
-72,-128,49,-32753,-372,-2235
-19,60,47,-32753,-4811,-7462
2,-86,-58,-32753,1164,-11192
-71,0,-82,-32753,-9840,-11747
-90,-79,-99,-32753,-23269,-9597
5,29,-21,-32753,-3124,-7358
-51,61,56,-29165,-25365,-9590
-78,59,103,-22759,-10424,-4181
0,22,-98,-16555,-2703,-4716
-10,-72,-46,-17250,-11235,-7078
E
13,-55,92,-5870,2647,3818
25,125,-34,-2145,-1848,5770
114,34,105,30144,13387,12776
-93,9,-34,31572,7998,16171
-27,-64,90,32332,8324,15455
-37,109,-110,-31672,-5308,10932
110,-40,-119,-32750,-5347,6670
-7,-27,81,-32750,-8782,-8496
-75,-97,93,-32750,31357,-7929
-30,-89,-101,-32750,-25151,32411
31,52,-96,-32750,333,14271
-37,95,88,31619,16149,6878
74,57,27,-1255,5980,4729
-88,102,2,-11049,9654,-2533
119,-106,88,-813,6154,-7551
32,-108,99,-6335,14832,-4347
74,61,-78,-21008,15600,-6397
-75,96,-128,-20809,-25665,-8854
106,-27,-47,-31812,26727,-10940
-78,-23,-43,-30834,16952,-13852
-11,14,103,32508,-2102,-12606
74,-54,8,32375,3173,-11259
74,39,68,-30163,4501,-9661
100,14,-103,-26346,8571,-14362
-47,79,-88,-27720,-512,-19506
-106,94,9,-32425,-9571,-18494
-1,-22,35,-29961,-9065,-18104
-77,-7,-108,-28207,-11931,-16146
103,1,-58,-31972,-3971,-16970
-12,57,79,-30534,-15728,-17986
0,-68,2,-26300,-27116,-14091
43,-18,-9,-29383,-10921,-18687
-43,-88,-14,-25563,-20669,-16267
110,7,2,-21617,-24014,-12738
25,93,-33,-12828,-9382,-11260
43,-54,117,-13644,-19048,-2076
-87,115,13,16085,10426,11927
41,81,20,20550,10378,15625
-101,-51,119,-24190,-20523,25047
93,-15,-9,-32752,-19929,4263
E
76,22,-112,-32752,-7368,28254
55,-39,42,-32752,-32435,-17771
-92,-11,-6,-32752,334,17313
-107,-112,-18,-32752,-32435,-6923
62,-51,93,23797,332,2758
-109,26,31,30744,-18208,-11434
111,84,-45,-16223,17437,27948
24,-105,-86,-8855,332,4641
1,-97,-76,-1136,5930,-8682
-95,-39,17,9166,-4665,4826
40,44,-99,9533,-1001,1505
-108,-98,100,-23763,24240,-409
-110,-82,33,-27118,20847,1261
-76,-110,91,-27182,18240,3208
-20,-109,-126,29669,7932,-3754
-89,85,-30,-31108,4058,-6181
66,-6,-17,-26286,-5722,-6284
32,104,73,-27592,535,-9539
21,-126,-122,-29014,-7514,-10966
45,-3,-77,-27079,-6972,-8207
118,81,95,-27785,-6465,-8499
-47,-94,-62,-31837,-16134,-7668
89,-11,-71,-26926,-20291,-8028
20,-47,-92,-20985,-10933,-8916
-44,99,24,-25062,-18053,-10274
-91,29,46,31508,-23673,-7622
-105,-78,-10,-30741,-18234,-11386
19,63,82,31799,-13881,-6218
117,40,99,-32751,-14963,-6613
20,64,-31,-9486,-1090,1611
-10,-113,-65,7625,3614,3340
-33,28,-116,11701,10950,10635
106,96,-108,16814,5574,15396
-122,53,-120,-31710,-15512,21435
-11,0,80,-29922,-20591,-21913
2,-41,-83,-32750,10959,26276
-100,-106,120,-32750,-16793,24405
-30,-112,-80,-32750,332,-19464
114,25,-27,-32750,-22521,-278
36,-85,93,13800,26158,9929
E
-12,49,42,-27065,-22547,-30420
-26,118,126,-26846,9927,-9072
-123,-89,-3,-22058,25429,-12808
22,-5,-12,-15911,-9992,-3602
-64,120,-108,-18636,24345,-2296
-113,81,-56,-22919,18767,571
-108,-74,9,-31112,12303,-5010
49,-26,-36,-30573,2722,-6842
-94,91,-26,-31441,2530,-7183
124,47,105,-32036,9226,-2057
12,11,1,32229,-7532,-2521
60,12,27,-32752,-247,-1542
46,-64,-87,-28883,-1538,-1533
-35,-69,-15,-32656,-9707,-4741
23,58,-114,32323,-16208,-4726
21,-118,-38,-32752,-16165,-3699
112,79,66,-30013,9911,-8627
75,48,-63,31979,-14508,-8938
66,-104,41,-25861,-7636,-6308
58,-99,17,-25798,2893,-7609
122,-30,92,-25310,-5480,-6499
39,-17,9,-24439,-4410,-4494
-60,-45,79,-21937,-4799,-5566
-95,110,-9,-22002,-4136,-5017
-63,-125,-104,-16708,-4501,-7764
50,-78,-47,-3781,-4878,-4441
-114,21,100,7380,-244,6923
-89,91,-2,30672,2028,17654
110,104,-20,-26918,1503,20251
12,-40,103,-32750,16707,15554
-36,-57,-58,-32750,-15696,652
117,-116,-127,-32750,1947,-9846
65,50,60,-32750,-15434,-19581
9,-111,41,-32750,333,15536
21,55,-9,-32750,-32436,22874
-115,-37,93,9218,-13034,-1135
-98,-63,111,-10610,12131,-16343
8,23,-44,-9046,-30964,-15474
44,82,-49,-15999,-17812,-8214
98,38,53,-14990,18377,-7247
E
109,-16,-46,-19645,7269,-270
37,119,-94,-26165,13215,-3842
82,114,120,28556,22582,-14690
59,41,26,32636,14379,-10815
-86,-128,73,-32751,14510,-9868
-54,4,19,-32751,4787,-12727
-75,68,2,-30298,-1846,-14954
60,109,106,-28795,-8031,-15832
-73,60,-86,-28130,-26174,-15637
118,-47,-104,-22119,-1133,-13574
107,-116,-60,-20136,-2205,-19019
-106,102,-31,-26993,36,-24961
-4,-4,-45,28995,-17722,-20174
-120,21,-23,-32750,-21435,-12815
-107,-38,-94,-31992,-1097,-3370
-7,65,-66,32534,-22934,-4804
-16,10,-69,-29073,-14325,-4141
121,-19,-82,-6159,-3991,7849
-71,-74,-93,-3816,-11405,6174
45,83,110,-682,1315,7582
1,121,-81,-4000,-2881,8375
-34,58,35,16494,-17746,16496
-105,7,59,-21250,-23304,20317
-56,-124,-1,-32749,-27101,-2648
68,-14,98,-32749,29210,14486
-51,-42,-94,-32749,-14402,-2086
-49,-91,-91,-32749,5240,28125
64,-127,21,-32749,28229,2696
16,9,55,-32749,-5843,27538
-109,38,116,-25896,17491,-4694
-92,96,19,-32605,10927,-14950
33,63,104,-29510,20550,-7470
10,-82,94,-19145,11651,-12814
-53,10,9,-8699,12659,-6704
65,3,39,-23749,13227,-4259
109,76,-96,31637,15897,-9220
-7,-17,59,-29881,-32582,-6372
120,112,-125,31262,19355,-11172
-20,107,98,-32749,9615,-5139
-21,-63,116,-32749,9324,-5564
E
-75,-67,-1,-26911,-31799,-19576
-15,61,24,-25470,-2555,-18586
-57,-46,97,-25768,16887,-16856
21,-27,103,-32072,16593,-21742
-90,83,30,31444,-14970,-30194
-73,-92,-93,-32749,-3820,-30037
30,117,76,-32749,-29670,-27772
-68,74,-51,-32749,-12836,30699
-47,-4,-62,-32749,27005,-25413
35,-51,-62,-30328,-17622,-21104
-5,-121,117,-7561,-4511,-8928
13,-1,-14,-7352,-2680,-6722
16,116,72,1860,-5061,-9946
91,41,-5,14699,5713,2541
-95,36,61,11920,299,3681
-20,120,118,26891,14858,14796
73,-106,83,28094,11361,16864
43,26,111,25010,7497,21722
32,10,-64,-29014,5776,22336
20,-77,96,-32749,-422,19296
-63,-110,62,-32749,-10615,2253
70,-59,66,-32749,-10775,-14318
-69,38,-51,-32749,-11231,9065
-74,-1,104,-32749,31352,-30360
-89,-87,49,-32749,22755,30794
-11,97,-79,-29021,327,-2863
123,42,38,-13823,13327,27200
76,-55,66,-13321,-3823,-12220
22,37,-20,-3589,5771,1399
-72,40,25,-2904,17497,-1992
-8,-50,-115,-14568,8714,-2583
-63,88,-100,-22373,12787,-2594
-90,23,-14,25721,32574,-1363
80,107,92,-32749,-31789,-4881
-12,-15,-68,-32749,30025,-11859
103,-30,103,-32749,11674,-11632
-117,113,64,-30269,536,-17259
110,-39,-93,-29891,8091,-24670
-50,-75,-43,-32202,-6590,-21510
114,52,-55,32196,-13638,-18240
E
85,71,125,-32749,-16850,-19970
-75,-78,-31,-32749,-21132,-20804
-119,94,112,-32749,26328,-16311
-96,-50,-27,-32749,-28087,-20167
38,113,74,-28444,-20035,-21387
-94,78,27,-9777,-10019,-8413
-24,-44,5,5622,-14437,-6252
38,-8,28,13512,2154,-6392
114,-105,16,17917,1098,1570
84,-78,20,19177,9655,3211
49,101,-36,20401,16500,9271
42,93,125,20658,17415,7730
103,-78,0,22478,24258,4637
-119,126,32,26932,12229,1498
1,-1,-110,-28956,-5244,-5855
3,46,-22,-32748,-28611,-6840
115,-73,98,-32748,5354,19392
-8,18,44,-32748,-14591,-16497
-72,97,-17,-32748,327,-10913
-95,67,-38,-32748,7158,18214
32,-32,-68,-5318,22004,-3160
-94,78,85,-31384,21183,-20110
19,14,77,30936,-3038,-14278
22,96,123,-24674,1002,-6865
-125,-41,-44,-25859,-29656,1814
62,-101,32,-30339,-31945,7147
-4,75,38,30856,-31193,-234
74,-61,67,-30805,-32443,-1067
-58,51,33,-23955,23407,-4876
15,-64,38,-31203,-29215,-6146
116,-104,61,31225,24007,4275
-31,-81,-58,-30621,31130,4798
-15,-109,-101,-23602,-30780,-6041
-12,125,41,-26734,10811,-3610
58,-6,-112,-15748,-5126,6963
-76,59,100,-11278,-21682,15313
-40,82,89,-12427,11339,16325
114,17,-9,-8742,9139,11672
64,-7,-114,-10353,9733,4866
61,26,110,-11918,14536,7203
E
70,97,56,-6592,-3138,4410
-117,81,-100,-3997,-563,4787
-88,4,26,-1409,7328,3600
-104,0,53,-3149,4710,4408
-109,125,38,-1582,1147,6610
-102,114,47,846,2133,2123
-76,-80,-25,-65,6265,-1804
-92,-101,2,-615,-2984,480
-52,-67,125,-3284,-4135,3687
-10,-62,-118,-2619,115,1824
25,-48,-64,-3620,-1181,2530
31,-43,-53,-2169,1591,2949
39,-35,-24,-2510,-657,4159
78,2,24,-1453,-1075,4489
80,-5,27,-249,-2602,3343
126,-2,70,-1302,-1682,-1243
122,7,-118,-4601,-3851,2285
-117,2,-114,-2416,-3919,102
-38,-49,-63,-1276,-1093,-99
-50,-53,-74,-1071,-319,-456
-2,-66,-28,-854,-3460,1466
0,-60,-34,-1139,-3156,937
57,-85,-21,-1006,-2219,-343
78,-94,-16,-431,-2403,362
112,-94,-24,-905,-262,2332
-118,-105,-5,-1320,-1230,1911
-107,116,-8,-502,-1058,-472
-117,112,1,-1147,-894,694
-114,118,9,-2036,-2952,2012
-47,64,-14,-2237,1790,942
-68,52,-14,-1585,1511,218
-107,17,9,-425,-2146,1726
-88,18,21,-630,-4454,2005
-44,-2,-9,-1556,289,-277
