0,0,0,0,0,0
-10,-7,71,109,-79,-396
-10,-7,71,109,-79,-396
-13,-9,-117,153,-229,-506
-15,-9,-89,256,-305,-473
-17,-11,-68,151,-425,-547
-19,-11,-52,45,-30,-516
-16,-11,-18,-316,22,-464
-14,-10,-16,-125,-447,-309
-17,-8,-12,54,-239,-320
-15,-6,-16,-402,435,-305
-12,-4,-16,-254,257,-222
-13,1,-16,-928,2446,-873
-14,1,-15,-509,752,-2560
-18,1,-10,-789,1257,-3680
-15,11,-11,-1553,3261,-4576
-63,61,24,-1057,2760,-9531
-71,65,16,-2747,3592,-10942
-109,-128,33,-642,2013,-14448
124,-69,55,-2463,188,-14655
19,-52,53,-1432,4810,-15075
-56,-57,59,-2644,6281,-19154
49,90,111,3007,-15931,26834
-60,20,111,7134,-16865,32238
-33,126,123,9775,13835,-32764
-64,81,-85,12150,25893,-32764
4,94,-110,21147,8652,-32764
44,-46,44,24471,-2640,-32764
52,-59,91,32006,13122,-32764
-96,-82,43,31622,22369,-32764
98,24,-102,30333,-25521,-26842
17,48,-68,-31512,32703,-27482
-41,-36,-102,-10889,19673,12499
-99,-3,-86,-29928,28200,26191
-6,94,95,13170,-5251,-12401
2,72,-104,-13319,9817,4124
46,89,-124,-10693,-3102,1521
-119,13,-15,-13492,-16530,5463
85,54,35,-12184,-8073,10139
14,-121,-74,-16174,-21283,17098
E
-35,-46,-66,-16170,24917,-32289
30,-25,13,-10853,32703,18862
-96,-126,35,-9557,30620,-29973
121,100,37,-10430,-26931,30058
8,-77,62,-3163,-15356,30187
-72,-33,13,-4767,-11528,30814
-15,20,16,-5962,-12947,-31685
40,17,-85,7730,-8240,30372
-52,-5,-78,11514,-12264,-31960
-2,-107,-32,4669,11259,-32761
-95,-15,96,11250,-7286,-32761
68,-112,35,18464,-8281,-32761
27,82,93,9770,11593,26937
114,-125,-62,7809,6491,23679
127,-39,-67,17818,5985,18485
11,-28,22,6603,10889,11967
-48,-88,-28,-3190,719,-3643
-16,-127,-38,-2145,7026,-3699
120,-124,-91,-6541,6422,-10199
84,-90,-19,-5787,608,-13371
-46,-55,10,-7747,-2884,-18408
58,-99,28,-9147,1304,-22947
3,-80,42,-1538,-12012,26718
93,127,-68,4206,27041,-32763
95,-79,82,-8465,7100,-32763
13,89,30,2671,-8883,-32763
-24,111,105,6443,30015,-32763
27,34,-90,16322,15284,-32763
59,-61,94,20987,26419,-32763
-68,-23,14,31512,-28047,-32763
-107,76,-47,23726,32705,-11937
-50,10,120,19576,19257,-13722
-122,-2,-72,11178,9180,5441
10,-35,97,-6667,-30177,1395
100,44,76,-26605,31828,27685
-98,-52,109,6803,-19350,-6555
91,20,-9,-6718,27883,19033
-76,98,-6,-6760,-13524,2674
-93,121,54,-1430,7267,16084
-77,-108,-88,-4505,-18787,20643
E
56,-14,-85,-608,-31931,26084
-94,-20,69,8583,-31856,25109
-46,42,-95,7385,5928,27653
92,-90,-20,-7097,-26115,-31295
-19,-41,-101,-7852,-22455,-32223
-97,-14,-15,-4671,1491,24348
78,-38,98,-3553,25490,23977
-107,-46,121,-12090,-23952,-28892
72,-92,-44,-2002,-22235,7384
-85,37,75,-3165,28832,-30753
-110,40,-25,-13377,-707,22969
65,-128,-118,-5386,8765,24479
-90,-113,-52,373,-530,-28668
84,-21,-92,-5099,11365,-32761
-41,-22,68,6497,2689,22962
-120,102,-73,5163,13675,23488
-107,45,119,-10732,11132,11218
-103,123,-68,-9399,17769,1697
82,99,13,-450,18685,-13978
-102,89,65,-1180,13265,-18651
-2,-92,51,-459,-8325,-26136
-101,-58,-44,-1266,3689,-23088
-26,-122,-55,-3476,3757,-30946
-89,63,-24,-2597,6148,-32399
107,53,75,293,-586,31900
28,-44,91,5074,4394,-32763
102,-4,-78,15570,292,-32763
-77,-69,-13,14458,2749,-32763
111,-70,53,21164,25859,-32763
89,17,89,27360,19713,-32763
38,57,89,-28503,23640,-32763
21,-86,-20,-32701,27928,-32763
-63,104,-20,-32701,-29475,-7260
20,-30,88,-32701,32707,-10170
28,2,120,-12720,32707,15987
101,51,56,-7053,-29546,65
-118,-45,-67,-7082,-30794,5088
-49,116,41,28465,-19054,24521
-51,86,100,2577,-4881,-443
-116,-69,62,-8505,10721,12057
E
21,-93,-111,-4103,-10905,10585
-115,99,5,-481,-4634,9067
59,77,-47,-3646,-10779,12867
5,63,33,-14080,-32548,16310
-87,-107,-87,-8389,28624,4405
-100,113,-100,2898,-7798,-24826
117,109,63,-2767,30931,-6243
35,21,-33,21132,29665,-30060
6,40,30,55,23284,10759
-120,114,115,-1297,-25016,23019
93,-35,51,-5638,-15998,22779
-51,-29,43,-5494,1029,28073
-31,114,-21,-9255,3316,31584
-103,43,-11,-1083,4882,28925
32,108,43,6765,-293,-30974
-22,-19,9,-20,2136,-32762
17,52,42,-5391,5301,-32762
81,48,43,-2011,-3318,-32762
89,105,94,4692,10290,28782
-106,-18,31,-221,-29223,24067
110,101,62,-2183,-511,12033
107,-28,-120,-1200,-5088,-1466
93,-30,22,-6590,-3121,-13605
-108,119,-36,-5975,-4459,-18070
-108,-48,67,-3135,-2941,-28306
43,-33,18,-1594,9635,-30948
-53,-122,55,-4179,1927,30877
11,-50,-57,53,-5867,32700
39,117,-119,956,9765,-32764
-49,123,-21,3270,19313,-32764
-4,93,24,4975,19117,-32764
2,-91,-61,14759,12044,-32764
78,-38,-91,18638,12569,-32764
-94,88,64,19726,17096,-32764
-93,-83,9,24627,31802,-32764
36,64,-3,23992,20338,-32764
68,-29,-1,23092,9525,-19385
-79,118,-25,12432,27202,-10995
-114,9,114,408,30618,3673
-30,95,38,2519,1243,3428
E
-13,-46,103,-16022,21415,17789
-83,61,33,-10587,25883,15454
-11,86,127,-247,27381,12696
-78,-96,55,-4573,30413,25240
109,37,93,-5066,2141,20950
98,109,-56,-6465,-18424,10514
88,-6,29,-4000,11038,21823
-127,113,69,-2067,25735,20322
-50,-69,-8,1276,-31857,14346
31,59,118,-4804,-22521,26754
41,91,84,-12888,-32669,25061
52,101,90,-1263,18391,-32756
8,23,-83,-3031,-21792,-31376
58,3,101,-149,26324,-32761
69,-13,-127,-6007,15720,29097
60,-4,55,-10317,30158,28074
108,125,52,-1012,21308,27377
101,-96,-18,-5748,-25233,31170
-32,-3,87,4967,11975,22826
90,72,-28,-4980,407,27312
-112,-122,-124,-2694,-11521,20786
-123,4,109,15230,31355,14241
98,29,43,3199,32317,20755
-111,-79,-54,-7699,-19489,9538
-121,60,6,-4662,24382,-742
12,-107,98,-10055,-12137,226
125,-19,-61,-7149,20529,-7079
-92,49,-40,-7236,5141,-12634
-111,68,32,-4061,2657,-20594
57,-49,77,-3090,6169,-24869
-45,-106,90,2275,14917,-30075
-52,64,75,2926,-293,30125
-70,0,20,10967,1801,-32763
89,4,87,7397,6884,-32763
-14,62,-122,7928,6442,-32763
-29,29,45,11897,6315,-32763
47,-54,33,8467,6301,-32763
88,-91,83,16695,10249,-32763
13,-58,29,17460,2803,-32763
53,115,-45,15831,738,-32763
E
-34,1,-57,16892,13219,-32763
16,-57,-85,21716,20156,-27951
-31,89,36,13347,28267,-11429
-112,-20,80,-689,-8036,-1191
-27,98,-66,-4278,-17458,5950
21,-51,-31,-1298,10783,9638
-120,33,44,-4154,11167,6111
62,66,-49,-7034,-8942,3275
83,40,114,-3931,-11711,7889
-61,-62,111,-4140,3173,10846
-126,-118,95,-5580,5720,16268
-15,107,76,-10396,-7856,30841
-104,-33,76,-12484,-29937,-28988
60,106,16,-16326,-10546,-32761
-128,-42,45,-18201,-3724,-32761
78,-31,56,-9868,-15708,-32761
-69,-24,4,2984,10106,-32761
-54,-76,117,-540,27108,-32761
-58,55,-58,-3689,25367,24970
24,65,-58,2138,32295,27514
-64,-93,-70,3236,25405,31789
-2,37,-105,-7829,24895,-31559
-123,-63,-31,-5747,-2186,-32761
-61,-31,12,-7726,-31834,-32761
87,-85,105,-1507,-25511,-32761
-1,-6,-120,9282,2567,32641
-46,100,52,4442,-11526,22133
-116,-126,46,-4553,19107,4088
21,62,13,-4602,918,-10704
-96,-94,20,5,-9057,-20919
9,-20,-4,-756,-8489,-25646
-82,-33,39,-5330,-4181,-27217
-32,69,-96,-3816,-18494,-25472
-89,-52,-106,-6233,6979,-30924
67,77,70,-3120,4723,-31929
55,-26,45,2434,3931,32150
-88,111,10,-22,-2632,32686
-100,15,34,2368,-3758,-32763
86,109,1,3791,6277,-32763
55,15,28,3408,1372,-32763
E
-52,88,67,3684,-5447,-32763
-108,17,-54,2808,7536,-32763
-6,-90,-90,3520,-5639,-32763
115,27,-88,3429,-120,-32763
83,118,71,2358,9029,-32763
-69,9,119,2310,367,-30970
-16,99,-70,-1093,537,-31179
-15,127,-54,-6459,2485,32046
94,-91,-83,-4402,23792,-32763
31,66,-98,-7223,-15405,-32763
36,-79,92,14184,-15362,-5337
105,43,42,-3175,10005,20542
89,-107,95,10407,18033,28333
-99,-94,73,-25373,-25367,-27299
25,91,-62,11005,3345,8018
-125,-77,52,-10453,31574,30600
-62,-121,-117,-9461,13448,27449
31,-73,-20,-5913,-18001,20298
106,31,58,-11415,-5815,-27628
-74,-117,52,4993,21191,15323
84,-27,108,-6821,-13140,14671
-56,116,95,-3660,-2851,28541
-8,-16,107,1670,-8506,14878
46,-54,-1,6892,-24349,16008
110,38,-81,7893,11477,30669
-94,37,78,12311,27045,30382
29,-21,68,9647,17955,27945
-119,-116,33,-4151,2631,28089
123,125,77,-8206,-7161,26144
-82,32,79,4045,-12122,23605
69,25,-91,5964,10466,25814
112,78,-59,-2900,4378,22686
45,88,73,-281,1134,19271
117,46,-19,836,10967,21364
99,-110,3,-898,-9615,18770
11,123,48,1415,2270,15484
112,103,-59,-3675,4095,10986
-66,-123,41,-9662,236,4192
-87,-90,103,-9815,-154,-3660
-43,37,-116,-9105,11411,-14291
E
-126,109,20,-6081,8940,-18379
58,-60,-33,-7779,1473,-26415
74,124,-10,-6086,6435,-28669
4,6,-96,-715,11620,32040
-104,-11,9,320,9318,32678
-60,72,-25,228,4075,32545
-45,-73,-28,1096,2530,-32766
9,-27,-54,8634,4986,-32766
-57,-56,-80,6151,17201,-32766
10,95,-11,3356,-6801,-32766
-40,-115,-91,5902,-21556,-32766
-62,66,44,9248,19642,-32766
-47,-122,85,8058,3878,-32766
27,61,81,263,-5780,-32766
10,-52,14,1118,1018,-32766
-100,46,41,-6299,3125,-32766
-26,-84,88,-11378,20540,-25951
90,-21,45,6875,-23671,-15211
-38,21,-87,9946,32706,-8908
77,-91,2,12871,25008,-15364
-34,98,-6,-1336,-19444,3525
-89,115,98,-3033,2899,13223
-52,111,45,-3395,12068,10992
-30,107,126,-31432,-10766,-23245
99,-104,-88,8113,-20658,12455
-18,-123,-88,5120,5093,26948
-23,-76,91,-3902,-8172,22771
-16,92,-63,-531,-21147,26306
-1,-26,-37,1386,2920,30277
89,-14,119,-3775,15823,28915
33,20,-79,-765,-28554,22863
123,24,83,-140,24241,10729
-67,-78,-120,-3132,27344,-24094
84,60,-16,-3933,-5758,17289
-47,2,92,-6195,-10005,14695
-89,51,101,-2745,-23187,15811
-47,-125,118,-2773,-12387,27558
-100,-51,-116,2145,-10369,21373
-66,126,98,-7264,30494,14360
26,122,119,-14496,-8488,15346
E
79,48,-42,-7623,31514,18728
37,-52,-42,-141,15460,19859
96,-128,-65,-5811,14489,14948
-12,119,14,480,-15712,9694
-78,93,92,-2138,-2061,3652
-89,-83,-68,-3042,-7661,3536
-65,-70,-94,-3973,-1120,-900
96,-59,64,-7901,-1483,-11988
14,-112,60,-7441,9965,-14344
113,-34,16,-2391,4975,-23904
52,39,27,-692,-5440,-28298
-25,-78,-90,1902,419,-28023
76,-52,-61,2587,2790,-25533
16,-119,84,3691,5655,-26406
-55,-18,127,4765,7410,-27576
58,88,-71,-1640,9256,-24921
110,24,-95,-511,8868,-25236
77,-99,2,1223,18546,31240
115,-89,63,8448,22898,32052
-44,-43,-94,9235,10281,-32764
104,69,92,12562,13202,-32764
-125,29,124,7368,-1670,-32764
123,-6,126,250,5704,-32764
-120,52,49,2958,22507,-23969
-47,-54,108,7563,25573,-19705
115,-4,-89,5605,-30471,-9247
-22,-122,58,20502,17370,-14221
73,-33,33,-9080,-27418,15856
60,118,7,-17596,-9201,2067
-91,54,-36,-4814,29835,10958
92,-40,34,25829,27397,21015
-9,-15,41,-3254,-5510,21206
39,67,-89,6264,-27154,22547
-104,-122,-35,-2134,-16905,21262
13,110,26,-2813,-21867,23682
110,86,7,1645,-2614,32323
73,-71,97,-1039,-406,30854
15,56,-36,-3936,-27202,-31523
-5,-120,-72,-777,23378,-32761
1,-20,35,-6059,4802,31425
E
102,-114,-70,-6449,-16752,-32311
89,-59,59,-10348,24167,26590
74,75,-120,-9237,5269,23131
23,117,100,-10891,-23255,24950
106,15,18,-8456,-17182,25212
-105,98,-46,4452,-237,11325
24,68,-8,4289,11929,12639
39,90,107,2798,18806,21851
-12,59,-54,13943,13621,962
51,-33,-45,6080,-11587,4681
80,-19,-24,3534,8280,1530
-46,-50,5,267,17363,1067
-33,-38,52,-119,-8915,-5688
-122,-72,-42,-12247,-7018,-3666
18,-10,-36,-1479,-17395,-18733
-67,-78,37,-6756,-14401,-26837
40,-124,-49,-6484,-10267,29672
-49,-74,-13,-1224,-11855,32083
17,-43,102,-3857,-3872,-32766
100,-88,97,-5517,-7080,-32766
64,-66,123,-12441,-1763,-32766
-43,-61,-46,-13755,5443,-32766
-89,-41,-15,-10325,4377,-25449
-38,-73,-34,-11365,-964,-27484
-29,-40,84,-7418,1519,-21810
58,-27,50,-3521,-31527,-14884
119,30,24,335,-13671,-12141
-34,-3,-95,-585,3567,-10807
-112,-13,-83,2838,-17427,3698
49,124,-121,16819,17904,-6747
68,-99,3,-22091,11741,13751
-29,99,-93,-12591,30420,6664
54,103,-51,5691,-25710,12524
-121,-103,-66,8894,-24960,23602
33,-95,-93,1355,30147,21148
69,52,-85,4130,-12158,23634
-7,-21,-42,-2185,977,22584
56,111,70,-1192,-2204,21275
-73,120,117,-7158,-9461,29162
47,36,122,-5926,4610,-31355
E
89,-124,90,-10044,-31717,-32214
123,-20,-76,-8894,24944,-32761
125,-16,-54,-13878,19135,-32761
-8,100,-124,-16865,-31110,-32761
-125,60,76,-7981,20655,-32761
-124,14,-23,1193,-5095,30457
2,-75,89,5008,-22729,14692
4,105,-118,2500,8311,25915
71,-45,19,-6290,-4930,18660
110,-46,111,-8636,-25876,18456
-69,-71,-96,-6550,1054,13216
16,-10,-119,1464,4263,3290
47,46,75,-7634,865,2969
-4,-15,84,5112,-12204,-1976
121,35,79,29810,-13379,-6536
96,106,123,-21745,14646,-15120
-50,-76,55,7969,-31209,-28384
-61,-33,25,929,12225,32628
93,-93,-128,7249,-9489,31156
-80,-38,8,404,11741,-32762
33,-80,55,2741,20075,-32762
-98,13,32,12591,19904,-32762
-97,-27,-73,8079,16289,-32762
106,-76,-48,13885,17140,-32762
-85,47,77,20402,3206,-32762
-46,-46,55,16467,-7865,-32762
62,21,-74,10216,-15017,-32762
18,-11,106,6581,13588,-32762
-54,-23,97,4831,24325,-23577
96,88,-101,2161,16927,-6583
-13,77,54,945,6270,-4968
-33,-1,-126,617,4726,6012
-119,-2,105,1567,6141,4663
121,108,-125,-1833,2166,15116
47,-117,-120,2083,-2896,11174
27,47,-99,3055,3095,17995
88,79,93,3263,12835,18928
-34,-117,34,-1524,-8276,15415
-24,53,-117,3901,-17613,23542
91,31,-94,19578,4381,23208
E
87,8,-61,9840,8671,23899
-42,-104,-77,4744,-16723,27833
42,22,22,7861,-12654,-29554
32,110,-66,14967,4300,30929
-22,-51,79,8951,-3463,32578
-27,49,-13,-8904,23085,-32488
-115,66,27,-10727,15720,-32759
1,-82,99,9273,-18316,-32759
-51,-80,-53,-3531,10005,-32759
-27,-12,50,-13324,438,30665
39,33,41,1184,6702,25093
-123,7,52,-1298,-8530,23796
29,-59,-92,-5811,-79,16672
109,-84,-31,-1284,8608,18326
23,-88,-23,-1918,11110,6753
40,98,-95,-8909,28258,4368
103,-21,46,-17131,27750,-5482
50,-4,117,-16554,19669,-6010
-39,123,-27,-4620,10795,-19926
-106,73,0,-7518,637,-22767
120,-54,-23,6962,16855,-29564
-92,-118,5,-7776,-6770,31747
33,118,91,-4820,15334,-32506
110,-24,106,-4558,14341,32451
-43,66,51,7822,29281,-32762
64,103,119,2376,29043,-32762
-20,20,-45,4996,27637,-32762
-22,87,69,8852,13850,-32762
112,-77,-31,1436,5882,-32762
89,-71,33,6197,7818,-32762
-9,-114,42,22420,20436,-27600
36,-65,-99,15610,-30994,-1653
-109,-18,73,11252,14189,-4619
-100,13,16,10552,26039,13924
-102,17,78,4840,8534,15442
30,37,-119,-7843,14511,16109
112,108,82,-10989,7142,8484
74,8,-38,3659,-29133,12548
-33,35,-125,9469,-17633,20452
73,-81,-79,-746,-29166,-30520
E
-126,-55,84,-8787,-12615,25656
127,-20,-113,14259,17415,24818
108,65,101,-13113,-30503,-29122
8,46,89,27681,10091,7648
22,-87,81,3521,32710,-19383
22,-67,86,-22222,-59,-12586
-49,48,41,-15112,-57,25761
-21,54,-71,-11312,16593,-30425
36,0,93,-13406,-3618,-32762
38,-82,82,-9404,3783,-32762
-126,68,24,-1593,547,-32762
-121,-46,13,-4659,13080,-32762
-2,46,114,2159,-290,22611
-92,-61,-103,-1747,-12851,16295
-67,-37,110,-13941,-16381,116
77,-66,89,-16616,28460,-849
-11,94,-105,-8716,11195,-12717
-119,74,-97,-12188,8869,32240
46,84,124,-12774,11171,-26031
34,-122,21,19081,-21863,-18559
122,106,-98,-16338,15649,32690
96,32,127,-14132,-27139,-30580
-100,59,-107,618,32710,-30681
105,110,88,19763,32710,31618
67,2,-73,20483,32710,-32765
-100,60,-91,-25101,5030,-32765
-29,32,-76,-32697,-13377,-32765
39,-33,-94,19384,-23028,-15680
-29,126,-101,21157,-29947,-15214
0,12,105,9135,4877,-8317
-23,60,-9,9983,25548,-2947
-110,107,98,5852,16164,648
118,51,19,215,-6826,-12073
-83,-78,70,-2125,-17201,14260
-100,-80,114,3180,10282,-5598
76,-91,-65,-1707,-10135,10392
84,60,104,-110,-21632,14497
58,-103,-62,3472,-31549,16123
122,-91,-80,9259,-7679,15818
41,-107,44,5448,4903,17654
E
93,-65,115,7403,-3746,17944
44,22,126,10806,3105,25949
91,-30,92,5547,4721,20794
-66,52,53,-6489,14545,-31144
-13,-21,-40,637,-29280,28989
14,-82,-83,938,22092,-31061
-69,112,-16,1768,575,-32763
-93,-40,-121,-8139,14754,32480
-81,119,68,-3311,1888,23162
19,-115,-25,-3464,-8584,26993
-53,86,-1,-8888,-16413,25586
-63,95,-60,89,20846,13822
71,-54,-54,-361,381,13614
115,123,38,-5322,-4092,16630
119,-98,-87,-6448,17837,11982
6,121,-59,-2772,4086,6481
-92,-106,111,-7914,11609,7233
36,-113,37,-7616,6889,3900
47,80,-1,-3137,-339,-2876
11,94,-11,-3091,-5270,-2130
7,-95,-21,-5773,6881,-5798
-26,-111,10,-3843,3796,-7309
11,-104,111,3508,-401,-12668
115,-94,-48,558,3541,-16361
-26,70,-85,4584,9433,-17915
32,-101,73,9579,-9302,-19691
80,39,103,4986,10851,-31321
-104,-43,-35,11345,13438,29946
55,46,-33,5942,-10169,-32766
37,92,-13,10054,2472,-32766
53,52,40,16671,2663,-32766
10,70,35,14828,-3794,-32766
-112,-51,93,-5899,-5994,-32766
-125,-79,-8,2187,24767,-32766
-78,-91,-95,7892,30875,-20461
-66,-8,31,10107,-29261,-7170
77,-21,-66,10087,14699,5303
11,-68,49,-31733,19898,-30256
-110,19,-81,27612,-26557,-31361
67,98,-56,-17074,19155,10912
E
124,-108,-92,25648,26304,19900
-78,72,-5,15575,32708,25913
-43,-2,-112,32722,32708,29521
62,-97,52,-2621,-3287,-30068
-85,-100,-2,-2529,3060,-32764
34,-120,-88,-7756,32300,-32764
-84,-92,-49,-26401,-9763,-32764
73,34,-100,16372,19654,-32764
94,-29,-15,-12234,-31478,-32764
19,27,13,3957,-20406,1828
102,1,110,-261,-14036,-22450
38,-68,-108,-14227,25311,26460
96,-16,-27,-4280,-17422,16621
41,-42,-117,1039,29130,12109
-87,-43,-80,-30772,-24953,17760
-128,-53,-60,4570,20420,2372
-33,-25,89,6822,-11154,5692
24,111,-84,-12366,2803,7551
-113,118,-91,-4305,8088,-953
-81,-57,-71,-3094,7236,-377
90,-125,32,-1526,-6579,-10274
-54,35,108,351,-1081,-12084
-62,-26,30,-2050,408,-13410
68,9,-115,-3705,-688,-16600
100,-44,68,-1242,-1809,-19153
-41,57,89,6262,5962,-30055
60,-89,31,10862,10909,-30103
95,15,69,27202,8759,30753
-48,0,123,15781,1725,-32765
75,41,13,-12235,17614,-32765
-92,76,45,550,3186,-32765
56,-58,45,5282,4031,-32765
-63,-95,-79,3912,12771,-32765
-72,109,-39,12743,-21538,-32765
-26,-73,-107,15965,32709,-16245
123,0,-83,12814,12508,-11296
-84,-115,32,11548,19537,-11434
-102,7,94,13771,-26192,-9542
76,-43,-72,25316,23297,-566
-26,-13,123,846,3080,13766
E
107,7,66,-295,32710,8545
23,111,103,-16312,6737,11243
-12,-110,2,-14378,-891,22921
6,-45,-8,1275,9844,23446
-80,1,124,-8110,1888,-29251
102,-105,-7,1015,14728,-32115
-64,72,-89,-14875,12263,-32762
-97,46,68,-17042,9723,-32762
106,-101,52,-7848,-26317,30740
102,-67,-50,-8433,-6768,31797
-61,-29,-17,-4817,20531,-32211
-37,-74,18,1062,677,21417
-35,-13,-63,283,-23372,25646
97,-64,-127,27,-4271,16297
66,-27,33,-1265,-1993,24876
-122,90,-37,-15845,-4712,12199
70,-8,-98,-3929,-13539,9128
97,-40,45,-132,-8397,10697
67,14,-114,-8039,-1923,13996
-52,48,106,-9050,-791,13349
18,-75,79,-6217,-15557,13437
-41,80,-70,-5771,-20065,19435
9,-12,123,-12233,-7111,17546
-82,-56,-109,-6467,-7976,5576
113,-24,-19,3975,5010,3906
-108,91,-115,23,12783,6756
25,-18,-111,1605,-4266,6325
35,-26,-60,3178,-5645,7399
116,-119,108,1025,16406,591
31,87,91,1096,9527,-7170
16,4,26,4122,6172,-11928
-89,-64,-41,5134,4486,-15785
28,-93,96,975,-344,-18185
62,-95,122,-1949,-1539,-15131
-124,85,-14,-9661,11148,-5077
-114,-110,-86,-3815,9543,-14136
7,19,7,10918,3250,22533
3,81,124,5889,4620,-32766
52,13,122,12540,12347,-32766
63,-37,19,20350,7631,-32766
E
-31,34,-109,17442,21759,-32766
-104,117,43,9855,-13446,-32766
0,-85,0,10841,11449,-32766
-58,-39,-107,25427,-19755,-29115
-109,-71,104,12459,28973,-10553
-60,48,-102,9831,-31581,-88
46,-40,-78,15667,32710,-1874
-28,-107,110,-23674,5729,-7491
34,-66,25,-2740,-23833,18022
-42,-8,21,-30794,11356,1277
-100,-110,36,-13870,29193,11459
-42,-18,-20,-12463,32613,22380
84,30,-20,27641,32709,-25346
52,48,-122,4421,-13496,-32765
53,-32,-90,30391,-5142,32664
-110,-77,85,-10125,21333,28319
-19,-11,-75,874,32709,-31270
75,-113,-70,14953,-29750,-4275
-20,24,22,-25100,-29155,-20417
48,-110,58,-14859,-23601,-32765
106,98,66,-916,-13163,12008
12,12,102,10008,25857,4743
44,119,-117,1604,19276,9957
-19,104,-63,932,12392,9528
38,-93,113,1367,-16776,9570
-122,-109,57,2797,15885,16148
-71,21,-64,-5340,-2944,10400
-95,-49,-50,-5208,3914,9754
-13,23,-13,6757,-8367,11209
-21,9,-96,7674,-946,11484
-83,-3,-35,7436,-7769,2931
89,-1,-42,6588,-4759,-1027
49,-23,19,4030,252,-7430
39,-33,27,3095,7509,-6514
-58,36,44,1138,13385,-19336
112,83,92,-1738,8283,-16120
97,-80,122,-3389,4446,-12912
-30,101,95,252,6130,-14463
-42,113,58,6272,26365,-25312
77,103,25,7072,10060,31306
E
56,-97,0,10226,14425,31601
-74,-120,17,14293,29558,32702
110,-62,-83,19924,8234,-32767
-128,72,5,20497,2653,-32767
57,67,0,19537,2646,-32767
-89,2,11,12878,4768,-32767
61,-109,25,12959,18604,-32767
-101,112,52,15735,15226,-32767
-74,59,-15,19322,10548,-23894
-64,-15,86,10542,27522,-8101
-87,3,-27,-1192,-32341,-17864
25,-116,35,-1874,-508,-7715
97,91,-35,-6197,20129,4521
-75,-67,-51,-13025,29372,17118
70,-75,68,-19270,-123,22125
118,20,107,-18465,-19557,-32586
-96,64,-17,-21505,23858,-30445
-108,61,34,-11419,32707,-32765
76,-13,11,-16032,-27840,-32765
-96,43,37,-6585,31044,-32765
-28,18,116,16479,32707,-32765
22,-90,-63,23993,-62,-32765
-9,-14,116,-29466,16621,-32765
-59,77,-28,-7798,5302,-32765
-63,-122,47,-7728,19722,-32765
2,31,-115,17405,-19450,-32765
108,0,94,-2449,-11669,-32765
58,65,76,26933,-5894,32000
9,-92,-12,341,18266,-5023
46,-3,-65,-5503,-22060,-22280
105,-119,34,-1344,11896,22582
-121,28,74,-6300,-5625,-32765
80,-63,32,6024,32078,-32765
-61,-100,98,9078,-7912,-32765
-112,71,7,5612,-7178,-32765
45,-114,64,4839,15407,-32765
72,-37,-18,5470,9442,-32765
-9,106,-43,10919,-3600,-32765
-38,118,-75,6370,2680,-32765
30,-35,-25,-7277,-2858,-32765
E
8,-50,-97,5390,-5120,-32765
-88,10,77,-1194,-5788,-32765
-24,117,-80,2638,-22474,-22364
-35,-107,-18,5610,-15339,-4019
101,-39,28,2139,9924,-16284
112,-100,31,31747,-19580,-8946
-41,25,51,22990,32707,31151
-10,-74,64,-2614,24656,21156
6,-32,100,-6012,-20385,26640
13,46,-90,-1044,-32622,19790
14,-102,58,2751,22187,-27036
-101,82,112,2012,12907,-32764
42,-63,-73,-1980,-9852,-32764
-49,15,8,5520,17841,-32764
19,81,-69,12327,-22043,-32764
4,62,-1,9852,-27573,-32764
57,50,35,-616,-12679,-32764
-126,78,-121,-10001,6036,-32764
64,36,-65,-1554,-31130,-32764
36,57,-100,8735,-18370,-32764
94,84,-10,-7346,-29085,-32764
-30,105,-45,-6717,28645,17785
8,-59,49,-1327,30182,5827
38,-63,-119,-7700,-5236,15409
20,-15,-24,-6957,-15815,1270
20,-14,-19,-9611,25169,-1270
-89,86,-121,-6779,19323,-10536
76,116,40,-1906,1069,-10509
-108,-84,88,-141,-17988,-12730
12,-46,46,-5221,-25114,-10594
-90,57,113,4550,-11075,-12718
105,112,85,5835,13841,-21583
54,54,-85,-2962,-2914,-17962
72,-77,-63,-1783,12323,-24911
-69,-27,-119,4615,16263,27709
-32,101,95,4262,7497,-32767
75,-34,-65,10248,20555,-32767
36,97,63,11944,22192,-32767
56,108,-27,10553,14065,-32767
60,40,-2,15778,7831,-32767
E
-62,46,-2,21834,15239,-32767
120,1,-29,15276,4765,-32767
108,-107,10,24280,7007,-32767
45,2,-84,20231,30742,-32581
6,-103,-126,20668,-27934,-17497
-16,61,-16,11693,32706,2148
49,-75,9,-6732,-7940,5439
110,-93,-45,-7453,24048,3526
23,-108,110,22992,18773,17267
-86,-66,48,-11740,15733,25007
75,115,39,-3824,7967,17904
79,101,57,-4401,32706,23514
75,29,-20,-20597,-7796,-27365
-112,-115,46,-5502,-26978,-32765
42,27,-37,-23188,-21359,-32765
17,61,18,-3071,27305,-32765
-103,-104,-7,-4985,14147,-32765
50,-47,73,-18198,17047,-32765
47,68,39,-3570,26608,-32765
123,19,-67,-28680,-4811,-32765
-67,-86,-20,-1845,16224,-32765
-75,39,39,-12254,-17467,-32765
-43,-113,-99,-12297,20608,12282
67,108,96,-3689,-32730,10273
-75,100,110,-12508,-32572,3692
10,-43,53,-7365,688,-11914
-72,-36,68,-6422,12899,-17118
-47,-21,59,-897,-1721,-26774
3,-89,93,3861,16946,-26455
53,28,105,3069,-7397,32747
63,112,75,5546,12466,-31641
43,124,-18,5252,9850,-30498
104,92,91,4920,14889,-29903
75,-26,-97,4586,5460,-31119
-34,12,-48,-798,-3215,-32008
69,-69,103,-641,7923,-31765
114,-21,-36,7746,18580,32241
-125,53,-66,8887,15703,-32768
-6,-60,-30,6037,10499,-32768
108,112,44,6432,19321,-32768
E
116,23,42,9565,-30549,-30479
79,100,94,7429,26919,-23653
-110,-126,-96,2231,-30278,-5724
114,40,34,11735,32705,-2607
65,72,126,4986,32705,23391
-61,77,124,695,13541,-4652
77,-107,-5,-5579,-8100,14102
123,62,-78,1799,-31426,17851
63,59,-61,-3795,12698,17229
-86,28,-65,1736,32570,23102
96,-110,-94,-13085,2256,-26841
-7,-97,81,32082,-20132,-32766
61,-23,-111,-13257,-6463,-32766
-52,0,-123,-1677,8276,-32766
56,90,107,-15159,16019,-32766
-39,-39,-96,-12800,-25427,29948
31,-16,59,-9048,22853,17652
-99,82,92,1673,-64,18224
-126,127,21,-26159,32705,-26134
36,-65,-100,-17397,-26554,-28086
-76,-7,22,-25515,27715,-6012
-40,44,-119,-18776,-8881,-19315
84,-75,-45,-19241,-13719,-19089
114,-73,-87,-11468,12498,-14337
44,-85,45,1373,1596,-15654
93,-87,12,7774,1189,-9534
22,63,126,17974,-1307,8542
121,-109,88,17050,688,4418
60,-56,-58,10607,16109,-32266
-72,110,115,17417,-18527,27701
-117,93,71,-4224,-14835,32387
122,42,-45,-2153,10975,-32766
95,-34,-89,-2549,17541,-32766
-124,-111,-55,-3104,5874,-32766
127,49,-57,-3502,-7094,-32766
-42,-86,108,4010,11713,-32766
-53,-123,88,10787,-1672,-31969
27,44,-116,10393,-21169,-15239
-93,-103,38,2939,-31483,9225
27,100,112,13623,32704,9429
E
-34,-16,-83,-24383,-22093,30842
-75,115,55,-17371,8598,26179
-11,105,81,-3335,9595,7741
-120,115,126,-19667,13857,10605
-57,94,-26,-11517,-28852,16054
0,-120,109,30679,31062,-23389
-120,-103,40,-12321,-23521,-32765
81,-66,-81,-15315,16032,-32765
-78,100,90,-13597,-28249,-32765
-95,-67,-25,-31812,9999,-32765
-108,88,-102,-10520,-20016,-32765
-126,-75,-26,-8188,-12770,-32765
95,-45,-27,-28283,2504,-32765
124,-16,-45,3452,-1929,-32765
-114,107,18,-12681,-20207,-32765
-104,96,38,-10986,-29575,30929
-10,-52,-16,-5987,14731,18428
-75,88,17,-10277,-10067,5543
77,-62,67,-1934,21722,-4244
-39,-104,9,1632,6757,-18823
-29,6,116,4,-5603,-15711
72,118,43,5743,-35,-17112
99,-38,-6,6387,1334,-16556
78,-26,-53,6773,-5981,-12951
-27,-16,112,7298,-9769,-12964
122,-84,-97,6723,-8702,-21601
-7,85,20,2734,-1784,-20733
-21,81,4,10468,17413,-28837
19,18,-12,13149,3763,-32015
88,-81,126,26703,14784,31380
-59,30,-111,-30319,26226,-32766
1,63,8,-31620,8520,-32766
30,30,29,-32693,11005,-32766
-119,-30,-25,-32693,9895,-32766
81,33,-7,-32693,23618,-26098
-85,73,5,28203,-26099,-6323
123,-112,66,-31147,32703,30225
65,91,85,-17349,32703,25869
-55,-6,-65,7123,-15204,-2876
96,107,96,-4078,-7575,2547
E
-127,-127,-72,-15348,28078,11946
-14,-53,-21,-17744,9947,15112
-120,-50,71,-10610,-30240,16095
-57,-12,-111,-13434,31593,-30070
58,55,-47,23007,32703,-30709
51,117,61,6739,-9470,-32765
7,-43,-94,-20131,-22818,21782
-26,-88,-57,-25009,-7792,-32546
-33,119,-105,-21626,634,-31617
-101,12,-127,-3967,-31020,25884
-76,-46,-92,-18183,-2443,-30470
-84,-30,-107,-21507,27254,-32765
-120,21,-94,29844,-2266,-32765
-62,-6,-56,31638,22158,-32765
25,-95,-70,-32695,-9174,-32765
115,-79,-35,-19235,26735,17243
-25,110,86,-16914,2428,9613
77,-63,-86,-11798,-3269,2793
4,50,-19,-5031,8285,-4367
2,12,-29,-4879,7965,-2850
87,27,89,4493,-2605,-10424
30,-1,64,5899,3405,-10471
-53,-50,-59,6448,-4121,-10288
-86,-109,118,8851,6555,-6215
-27,0,-125,9836,19450,-10454
2,122,-123,11554,4980,-14317
55,72,88,24003,2535,-23608
98,22,124,24961,1333,-25285
125,-107,-48,-32239,16228,28424
120,-109,-68,-31230,10824,32676
-45,36,61,-32691,-538,-32767
42,112,3,-32691,8216,-32767
-45,-26,34,-32691,11872,-32767
68,89,4,-32691,-4739,-32767
84,116,21,24085,2023,-32767
-84,38,12,10320,30249,-10853
121,16,33,13148,17401,-15123
40,93,-75,428,18825,1732
104,-90,-70,5915,21641,-9815
-34,85,-7,8317,-26818,12301
E
42,35,-43,-8385,6831,332
-33,39,26,-16285,11621,13311
-115,0,8,-4866,-4182,14594
-59,12,-28,-15874,-6051,30348
-49,-111,-13,30374,27570,29143
-7,7,27,30383,30337,-30185
-14,-47,82,-13736,32701,-32766
-98,-64,-78,29436,24342,-32766
22,6,-79,-30599,26908,-32766
71,16,36,31823,-26270,-32766
-48,57,-114,-32692,-2373,-32766
-38,47,78,-4163,15142,-32766
-102,30,60,-14526,23394,-32766
-45,-53,-81,-10946,27243,7382
-98,-35,68,-6580,-2661,27582
-105,81,-99,584,-32734,22711
108,-95,41,-2687,19380,9872
88,19,-94,5654,-5572,8691
121,44,-98,-8404,12670,673
-38,13,26,-6936,729,-8827
-4,9,7,-4212,8413,-5683
-86,-59,-121,-708,-3297,-9150
37,106,78,179,-2004,-10122
34,100,98,2503,-4074,-8380
-90,-4,124,3396,5287,-10802
-82,-3,75,3496,7495,-10518
76,-92,-110,10747,11908,-30083
-78,-20,-75,9436,6654,-30264
51,14,-35,14988,12136,30389
-106,-55,-113,15025,7196,32766
-58,91,-70,13677,13912,32766
100,60,38,21138,21676,32766
34,-114,-102,19767,19053,32766
66,-99,103,25246,18574,32766
-21,-118,5,22145,12613,32766
-105,42,74,18724,12828,32766
120,-48,89,14578,28944,-30370
-89,55,-127,10441,19684,-18460
12,-99,-114,11067,32362,-13156
-95,23,-5,7360,29102,-8572
E
-36,117,-122,8852,14453,-5982
71,-68,-87,-9655,6616,-8578
67,-123,20,17880,12418,297
30,1,-95,-2228,-28647,7091
-37,125,-121,-29089,-27070,25125
123,64,43,-897,27833,8342
115,17,13,-8095,32703,18596
28,116,-17,-6087,32703,31476
-125,-11,108,-10093,8665,-29587
-40,-89,51,-9623,-27556,18617
-27,-40,109,-12605,29694,-32160
55,116,119,-3662,18413,-31400
-65,45,-104,-11494,-11156,32767
-123,10,35,-8531,-22040,32767
-16,68,75,-2427,-3376,32767
-38,48,58,-3570,23583,32767
41,103,-123,891,31588,32767
111,96,-10,21882,-12638,32767
29,21,-125,17668,22602,29212
3,-123,-97,-2273,-20334,2837
101,26,79,4928,-11382,1543
88,-43,-118,4267,28429,1825
-103,-43,110,-2577,-24970,-7086
-122,18,5,-7452,6151,-14519
-94,51,59,-4755,-3397,-15871
-23,-50,-13,-11377,718,-30692
-107,-47,53,-9461,-7700,31813
10,-12,-28,575,-195,31822
76,48,-90,-2555,-1779,32765
40,-82,-70,-5905,185,32765
-123,67,-90,-4073,-3858,32765
-94,-28,-2,-4107,4683,32765
-11,62,28,-3694,5584,32765
125,32,117,-70,12923,32765
89,-49,-118,-844,11631,32765
60,72,59,-2517,5817,32765
-91,-28,58,-872,955,32765
26,-6,121,-499,11730,-25760
112,-74,100,-1279,24343,31906
-16,-69,57,5891,-14899,2635
E
-8,-15,-23,4073,919,-3669
56,75,-84,6163,-7528,10442
-40,55,-15,-30798,-7569,12733
-78,-91,-49,3505,-19371,-29889
110,91,-57,-1649,-29524,-30266
-30,-111,-39,-2709,13482,22500
-124,89,-93,-1613,-22461,20618
-114,18,111,4274,-27016,19763
-83,-122,-110,816,7393,28633
-128,-39,92,-239,11165,29644
110,70,113,-2555,-4919,30005
76,124,-28,14632,-25875,32724
110,34,113,8603,25087,29753
2,87,-105,-212,28667,-31577
-65,109,56,16046,-15640,32767
42,25,13,-2758,-4118,32767
76,-26,-17,4701,7258,21547
85,42,46,20651,17174,17598
57,-83,-60,11605,20681,23683
51,22,-98,5194,-18178,26136
-101,-77,4,24364,13342,8089
-93,65,73,-7539,17865,18464
66,-115,96,3561,-30419,17762
103,-107,-120,-5944,-2293,12376
39,111,-68,-3930,17471,11784
113,-90,-91,-7596,-1959,4244
-111,-57,91,-6141,21579,-1140
-56,-51,81,-7507,-13608,-10428
-5,-114,101,-11876,-32421,-12472
50,10,-72,-23025,-9536,-17177
14,-4,115,-24455,22013,-19682
24,20,-21,-19745,3721,-25331
-31,67,104,-16793,769,-29634
-15,-100,-3,-11394,8958,-31381
-5,30,82,-11989,12021,-29407
-41,-115,39,-9581,13187,32198
125,-99,51,-457,9513,-32445
7,-102,-32,1749,7939,32541
-25,101,-41,-8345,-163,-24853
-30,-20,-4,-5249,14133,31170
E
51,97,86,-4587,11983,-32290
104,-7,-110,-2539,-6398,32485
21,-48,-114,-425,-836,32762
67,-85,-72,-1276,15870,32762
-4,-108,120,-1345,19157,-28589
115,-52,-7,-7030,22161,-17108
77,-77,-18,-4454,21948,-15197
105,-128,90,-1417,14267,-12250
11,-126,79,178,10947,-9567
35,70,62,-1560,12880,-4027
63,28,-64,-401,-10238,1771
-85,36,-23,2134,3393,2131
-12,110,107,961,12773,11911
15,-117,55,39,5353,12162
104,-82,-121,-929,-12993,16922
-96,-78,90,-1253,5268,24679
7,35,106,-1317,-9111,25214
119,-95,44,-581,-20881,-28366
116,-118,47,11614,-5072,32764
-121,-109,80,-5654,21669,32764
-24,-25,106,-16560,-14096,32764
119,96,-14,11317,29047,32764
124,19,63,-6526,-31399,32764
90,3,9,-8828,-29181,32764
-101,-51,-71,7060,32266,32764
76,95,-84,5608,-31110,32764
-33,-23,40,-14332,-13519,27641
13,79,30,10828,-21620,-31065
41,27,-55,16460,1991,32104
73,-21,28,5964,-30844,31715
87,65,-16,19669,17360,16820
-67,-109,-108,15908,-25209,17712
77,-34,14,-569,5288,15544
-89,61,-122,4297,-1639,14394
39,-65,50,-157,15291,1368
61,-54,74,1073,9896,3261
-45,-90,-104,-4467,-9553,-10105
-78,36,101,-6203,5444,-5736
14,103,74,-12500,11536,-10529
71,77,-1,-17838,19003,-15897
E
-39,-63,-41,-18659,17585,-23037
125,-117,78,-9185,13950,26312
99,61,-98,342,21121,32760
-89,60,21,4355,7937,32760
71,-111,125,2291,415,32760
-38,-35,72,-3857,6264,32760
123,52,42,-1897,12959,32760
-82,113,-93,1253,7809,32760
46,-70,108,445,10274,32760
81,124,-95,286,18302,32760
-94,51,0,3347,22566,32760
-50,11,118,4292,-936,32760
-5,-44,20,13441,-5960,32760
-85,-115,90,6196,-8490,32760
85,106,-115,425,-2282,32760
-78,-4,12,3566,11777,-30271
-105,-92,34,16919,-19811,-13037
-39,-123,-50,9091,22581,-13348
120,49,85,-2351,-9537,1863
112,36,8,-3012,20083,8310
10,-116,88,-3880,-367,16933
-3,88,19,-3514,-2424,17093
-79,69,-51,894,-6506,20999
84,117,-82,2055,-11053,20457
31,73,-21,13107,-20868,22031
38,121,38,11834,5393,26858
71,-36,100,6534,-9011,32572
2,116,15,1299,-22886,-31422
65,24,-82,5145,-3886,32762
-75,-95,-30,-1592,27208,32762
-106,3,93,-12301,6277,32762
-74,-34,88,-11788,13708,32762
-98,-63,64,-20617,-22609,32762
-93,125,-68,-24158,-7605,32762
9,65,99,-10684,-12386,29337
13,93,58,-7825,1844,27384
-52,31,-24,-3313,-25501,28918
-61,70,-124,-5257,5471,-30769
-85,51,-18,-7735,-18403,32762
25,76,61,-2497,-16874,32762
E
30,54,-123,1717,2711,27425
-1,-23,-125,-1710,-5887,19595
110,-63,2,426,14936,-1690
89,-128,9,519,10820,-2100
29,22,-16,981,3839,-11937
-47,52,4,-687,-189,-9111
103,59,46,-4108,-4352,-12288
29,13,51,-4197,-869,-12378
-97,-73,102,-6544,-6349,-18084
-28,-102,-68,-6326,6580,-27229
88,103,38,-7225,3717,-28965
33,61,-6,-5540,3281,-31252
28,-102,-55,-2232,1181,31314
-1,69,-98,2594,17687,32760
93,19,25,6528,4819,32760
31,84,31,10940,-9367,32760
-105,67,1,11673,-1716,32760
14,-3,-37,9083,4574,-30218
-96,91,-50,6937,13935,31908
-42,-42,46,10732,10986,32760
11,126,122,7354,16173,32760
4,-104,118,7648,1160,-32101
-22,28,-85,13643,15706,32535
-98,94,50,14663,20728,32760
43,-22,111,12865,19270,32760
-30,120,-55,13476,30224,-32398
98,41,101,12756,-29698,-10223
-91,45,75,11333,32700,-14041
-36,-83,74,30670,24841,-14961
90,-125,-14,24270,-30217,-23585
-86,72,64,-20876,157,19488
70,0,90,-29036,27165,4338
-75,-57,88,30493,-9236,18064
29,95,-76,-18032,23013,19822
-33,-2,-74,24264,-20905,12271
90,-81,-94,-17417,4458,-23447
-35,51,-86,-6868,-7533,32762
25,-76,-72,-469,19680,31389
-59,97,-58,-2682,30187,-32317
-59,123,-128,-4673,-7899,28242
E
123,26,108,-1764,-14556,-31268
44,-52,115,-3237,13196,32762
103,-127,57,-400,-14170,22914
111,-102,127,6245,-24882,23232
-65,43,-36,2285,8643,32673
28,58,99,-306,-11433,25465
19,67,-10,9313,-10481,25059
11,67,-116,15147,4001,31967
63,34,-104,10409,1107,21805
-94,-68,26,5029,-16707,14312
110,103,-92,-4209,15106,4873
-42,-57,-46,-7460,4820,-1461
-23,40,-29,-19383,-2946,-24411
23,70,-69,-23822,17225,-15822
58,98,-106,-20040,235,-23236
5,-40,-54,-13298,15314,-28813
100,90,-117,-8738,2038,29433
-18,20,-38,-10018,3005,32760
59,-8,-78,-8174,15597,32760
59,43,-98,-4539,16560,32760
-125,-75,102,1884,12438,32760
21,-87,-114,2938,21702,32760
72,-59,53,8459,8202,32760
-42,39,4,7361,5722,32760
1,30,-109,7077,-32571,32760
-104,85,-1,12393,-28758,32760
67,-100,-112,22363,32704,-17929
89,-101,-67,13995,32704,-4072
76,-55,-101,-7622,32704,5549
-115,2,109,-6938,-30361,6980
123,-78,-51,-19465,-8830,13990
22,-55,-87,29948,20788,-26845
83,41,-82,6313,-28769,18243
68,77,66,-13377,13321,22179
-16,38,-78,-13618,-4952,18786
16,-118,74,-6953,23763,14143
41,-76,-97,-12611,-21206,32355
119,-97,-112,-3120,-17884,24701
83,101,-26,-6284,-11949,1328
29,53,-13,-1886,-9187,-21076
E
1,-114,-13,-23218,15642,17086
-91,62,-37,-10491,-8392,16004
26,-33,98,8194,-32078,13612
-27,-47,106,-9394,27891,17687
-90,-84,54,-1146,13635,10297
-94,-114,-45,3434,-5026,8545
8,14,-88,518,-31625,10628
-63,73,99,6349,-8817,12785
76,94,92,1463,-17517,20872
24,53,29,1180,4111,21066
-46,-18,-44,6015,5963,20569
71,-125,-69,12813,-17513,25684
-72,-29,-40,17602,-8009,29904
108,-117,88,10621,4629,-30346
120,-64,-126,-1507,12441,19432
122,26,69,-4576,6201,-4376
-90,88,-77,-2540,-535,-7076
9,91,103,-10624,22654,-9259
28,-123,48,-13277,5014,-20802
2,-111,52,-8781,-5357,-28563
37,75,33,-19979,11606,-20031
-42,-123,14,6055,23372,27175
19,37,65,23990,8575,32747
124,6,98,3100,3623,32762
-72,50,95,12140,3163,32762
-102,-114,14,10035,8299,32762
34,74,-61,13297,-258,32762
-86,73,62,13854,1596,32762
-88,-53,-44,11364,-16019,-29580
71,-31,120,9548,-4795,-28150
111,-95,-43,5841,-11096,-27646
35,-112,56,6107,3545,-23243
42,35,43,6830,7274,-13165
85,-32,54,6371,2477,-16454
22,70,-26,6159,11427,-10111
103,113,-53,4005,14950,-10820
82,-40,-37,-932,-20741,-1874
10,-52,-74,1850,-17242,-6137
122,66,-64,5962,-26206,-1533
33,51,-80,-1335,3278,2854
E
-45,73,10,375,7015,1289
42,16,43,861,8399,4207
44,30,48,1897,5638,2336
-85,-8,79,2399,7051,-14
-38,85,84,1901,4441,353
-63,109,123,-14342,-10469,6965
71,91,26,-11681,24408,14885
4,-31,-13,-1681,-14089,14267
124,-2,-87,-6632,15201,30000
-110,95,19,-8402,-1760,-31885
-84,-43,-84,-10372,2854,-31683
-46,121,-3,-11255,-18984,32764
96,96,74,-3032,2817,32764
-65,47,126,-635,5432,32764
72,44,29,-4620,-9913,32764
34,-45,-38,621,-31170,32764
-127,-81,28,8740,-4015,32764
-39,-35,69,5892,19040,32764
107,116,-14,7151,-9676,27583
90,0,-44,-7783,14819,-31045
-105,-12,-73,-12882,-25988,32764
66,-85,121,-4740,28976,21896
-12,-41,121,-459,9171,13991
111,92,-10,-336,6983,11919
69,-87,-66,-16570,21037,-9187
-3,-118,86,2898,-13932,-14690
-93,-47,-40,-4082,20829,-20804
119,69,-33,-12076,8448,-26642
-47,-109,4,-10419,725,28142
56,-69,9,-5285,19329,32764
117,87,-2,-3863,-5762,32764
27,-87,19,-2141,5405,32764
-30,63,19,553,5305,32764
-22,108,-35,955,-1631,32764
18,-19,96,-1855,2302,32764
-73,17,51,2325,5804,32764
-90,-46,38,3196,-169,32764
46,90,88,-199,-1410,-30138
16,117,36,599,2409,-20984
-31,-14,29,1239,6335,-14759
E
-99,0,60,-1626,23158,-6124
108,-44,-82,-11721,26891,1086
-26,44,19,6642,-30565,14457
107,122,65,-576,-16960,2125
39,3,-36,-12123,16745,-29579
55,-7,80,-3041,-2658,18412
-63,-49,-61,-7518,-6840,24642
96,121,126,18527,931,28063
-13,-42,31,-7958,22667,-29635
-35,35,127,-16705,20525,32764
60,25,47,-4322,15173,25876
120,122,88,-769,-17836,-30476
-83,-29,-72,-11740,-19706,26527
95,43,14,-1124,3125,-30693
-41,67,82,-10834,14061,32764
21,94,-106,-9441,3681,29929
16,-25,-104,-5227,-7194,29803
33,110,-91,-2918,-15844,25948
-18,84,-30,-295,-3071,24373
-18,-93,16,-2058,-568,31456
83,-118,-112,-543,28137,30898
-55,-63,-112,3948,-23638,16378
52,65,-97,5514,-11534,17825
17,80,-58,7524,-13567,4675
64,21,76,2984,-18054,-3680
27,38,-44,-8216,3227,-11529
-103,73,-106,-6421,19157,-12420
-72,28,110,-8645,1537,30060
-31,95,-103,-8170,-117,-28717
50,53,-86,-6492,3388,-29729
29,-97,-45,-7717,2856,32407
-71,-77,-26,-3496,7532,32291
-89,106,49,-1317,14515,32763
52,-103,-121,1100,11161,32763
19,-64,12,3910,7631,32763
52,-11,59,11767,10846,32763
-92,96,33,14777,10073,32763
100,-52,106,13030,9081,32763
-80,-102,100,17832,8026,32763
-46,108,-101,17947,7526,32763
E
68,-9,-51,15759,4497,-28609
-34,51,119,13710,1001,-31327
5,51,72,12884,15010,-26395
109,120,-1,14403,24023,-21765
-98,90,38,6366,3653,-17292
-74,36,23,2437,3540,-15530
112,-114,-7,-2316,2519,-4731
-102,-73,-61,-2594,4602,-3954
59,111,9,-2829,15104,8416
30,75,-87,1981,-876,-9382
36,103,-71,-5879,-12149,14276
29,-121,-82,-7535,5218,24821
34,109,85,-3842,4943,21624
56,-51,118,-2455,8459,24491
-96,-108,16,-4194,-11715,-28019
56,30,111,-1607,-5542,32766
102,114,-9,1109,-8756,32766
-86,109,-32,1799,-28692,32766
120,97,-85,3071,17466,32766
-25,105,86,2679,25770,32766
54,-63,-4,1044,22717,32766
-14,-97,18,2989,-17823,32766
53,-55,-15,-5705,-6825,32766
-104,-44,-43,201,-2098,23410
-36,-87,-66,5947,-15510,-29652
31,127,-101,-7956,-31406,32766
-103,-81,-19,9373,31090,10903
-100,-69,91,3561,3301,18046
124,11,-18,-2401,14590,16786
-29,-121,104,-3983,4351,10149
22,-26,41,-9664,-8757,-2785
-28,-2,-63,-9875,-1009,-5377
4,68,-39,-2821,17643,-32336
-109,-97,89,-1463,7087,29194
-89,-52,63,-3252,5604,32242
49,67,-64,-1581,7153,32764
-112,23,69,1066,6089,32764
-66,46,47,952,-4550,32764
82,115,-26,3747,8650,32764
52,-58,26,7902,2190,32764
E
104,28,-55,7708,-3704,32764
90,117,63,6935,5017,32764
-47,53,-53,9194,5172,32764
-127,-120,23,16132,-7718,32764
107,-120,119,17658,8021,32764
-50,8,-61,16622,11114,32764
-67,-55,56,12332,3855,-32011
1,67,-40,6559,20218,-12175
-119,-94,-116,1754,23460,-7314
113,-37,75,15536,-26856,-10394
-47,60,98,-23980,31950,9692
112,-122,-125,-6670,-2861,14421
108,-9,27,-19979,-13850,16937
-124,60,-95,-29342,2533,18316
53,-32,-50,-24545,26145,-28456
-127,-124,-89,-16552,29482,27163
-87,24,107,10164,32701,-30515
67,-62,114,-20044,-28446,32766
-17,-83,-92,-8801,12250,32766
1,117,-105,-10763,-29470,29454
66,-81,126,4918,-27325,-31666
45,82,116,-9810,27189,32766
-108,36,-13,-18307,-1536,32766
86,-29,-48,-11139,-17608,32562
19,-108,-126,-7205,23948,25901
124,-72,30,-12699,162,-30459
-9,31,-10,-21380,28617,32766
-108,113,-102,-3155,30756,32766
63,-53,-82,-3945,179,32766
-124,-36,48,1456,-7985,24855
-112,18,-98,-775,-23985,14736
41,55,71,869,-4645,518
105,20,8,-408,-3146,1414
-113,-72,-5,-2620,11909,-17603
37,-2,7,-2224,-1898,-27360
15,-36,42,-1850,-3919,-32057
-102,42,81,-11636,-1282,30700
-57,-14,-72,-10362,13904,32766
48,-13,-4,-9933,28410,32766
14,38,101,-7777,22492,32766
E
-90,119,73,2814,22978,32766
35,-58,-114,2308,12012,32766
-94,-70,-91,3085,-8946,32766
-47,5,-65,-386,6497,32766
25,-64,22,1543,13373,32766
54,85,-123,4421,9742,32766
-79,-59,-34,11432,7044,32766
-81,26,103,12437,19257,32766
-107,-118,37,12031,21552,-24094
-112,-128,20,13662,-31497,-9608
88,73,-68,8285,-31084,-12225
-8,116,-117,31301,11953,-17106
101,-93,113,29785,24079,22648
59,-18,-56,-4910,-26187,9354
15,61,28,-20603,-5682,22211
-23,-124,-91,-16816,-7113,26207
4,59,74,-8439,19845,-28117
-30,-107,-33,-14335,32703,-32768
10,96,-89,-3406,28903,-32768
25,-88,-49,-14739,25044,-32768
-96,120,54,-8007,21119,-32768
92,-120,16,-13995,15051,-32768
44,-120,-45,-5552,-26726,31634
87,98,-4,-4194,15410,-32390
-17,-37,-70,-12637,-29689,-32768
-120,120,35,7302,12456,19328
-33,55,41,3985,-20743,25923
97,94,121,3301,13852,-28993
-68,9,44,916,13268,31379
-28,19,-119,1102,6557,29647
-26,-89,-22,-3012,12538,15135
-80,-1,-44,4773,14142,23018
-4,-4,20,1874,-8809,6482
-69,-45,-34,-6123,19574,-3556
77,26,-25,-10283,1480,-17996
-30,-65,111,-9271,4161,-24289
-45,-11,-8,3715,10716,-32425
100,-54,-20,-19484,14424,-28156
21,-50,-115,-9791,14535,30603
82,-26,94,-9025,13060,32727
E
55,-114,-85,5248,17234,32767
99,67,60,2515,11154,32767
108,91,-96,8360,9792,32767
-2,9,-30,9836,13523,32767
-44,80,110,12355,16152,32767
-99,-107,2,13737,9525,32767
23,93,81,15061,10566,32767
-61,-124,-110,18175,14876,32767
-46,-51,-116,18187,10286,32767
19,-87,-102,15382,7079,32767
81,-9,109,19749,-24251,-17115
-125,-41,-124,13442,-31659,-14255
101,-59,73,15250,22312,-8150
13,-40,3,16725,22203,-314
-70,42,22,-4754,25008,5683
92,19,-68,15403,-7089,6100
-39,-103,-26,-8318,31180,15885
-29,-62,120,-10532,5323,14948
-112,12,-88,-14266,32704,27156
-104,52,-107,10662,-29647,-29778
-14,-17,-39,-502,-3291,-32100
-32,92,-81,-12730,-1048,-32767
70,-5,-77,-9526,-13488,-32767
-103,-67,122,-905,-18142,-32767
-28,-48,75,-6269,12569,27880
6,100,-15,-6735,-1752,27412
-126,42,22,159,-6139,-30439
41,-79,-26,457,-14415,-32767
-78,87,110,-4496,-19100,31155
25,-49,78,1473,17205,32539
-40,-53,-11,6599,32374,-32511
63,4,-15,5927,5031,28384
-6,-35,-117,1234,-28221,25608
-117,41,-82,7298,-3458,18223
-1,106,121,5051,-13073,7372
84,-31,-105,-2842,6538,2333
-79,1,-82,-6040,12952,-1379
-68,19,-63,-10180,7909,-13514
54,74,20,-9323,-1294,-19265
-98,-93,-101,-12349,8156,-23830
E
-30,28,-5,-19076,4873,-26781
57,38,-103,-10733,25833,-28922
-11,-4,-78,520,28318,30173
27,33,-33,5699,2420,32767
80,-86,69,4669,6323,32767
-19,46,78,6942,9503,32767
64,75,-14,8343,9234,32767
22,-76,-63,8783,9143,32767
39,-23,68,12938,4128,32767
-27,-50,-91,12941,4300,32767
43,-9,30,19385,8067,32767
119,-42,76,17462,19815,32767
26,91,28,24940,13217,32767
-116,62,-111,23779,17563,32767
71,-124,-61,6781,-7598,-22864
-47,-126,97,11391,24207,-16877
5,-30,121,14590,5391,-146
110,-111,-45,4600,10331,-2003
53,-73,103,655,21403,7225
-126,41,45,-5569,-25262,17537
88,35,108,-22269,17485,18885
-109,-15,14,-30424,-21853,-31156
-8,-32,100,179,-13100,22534
-21,-84,117,-3602,-17782,-28653
-28,80,41,4853,-2261,-32767
-32,-101,-51,4747,-4073,-32767
23,60,-81,-6553,8927,-32767
-126,9,18,-2091,-9327,-32767
-35,80,-87,5194,24844,-32767
-98,15,94,-6767,19808,-32767
-7,49,15,-4091,-28405,-32767
42,38,-60,-2417,-23676,-32767
101,117,68,-4506,14535,30226
-21,-58,-97,-2373,-5870,28421
-9,53,-24,-6249,-5449,-31036
67,-65,28,-3474,3504,-32767
-127,36,120,367,-7643,29173
29,-40,-105,-3708,13320,24454
55,107,-56,729,-10941,17432
69,-101,-56,8416,-28764,3862
E
-8,51,-118,-2845,12668,1389
33,58,27,-6999,-477,-9247
-111,-116,-57,-9987,9799,-20762
-87,-32,126,-11861,-1991,-24091
83,37,62,-17211,3997,-28375
-80,-85,15,-14782,7062,-28928
66,-117,-18,-11807,8056,30594
-10,94,-55,3837,12988,32687
-79,-105,88,-9185,5059,32766
-61,-36,-77,-4711,7998,32766
59,-78,92,-2444,-1833,32766
52,-53,40,-4288,1481,32766
-18,114,-73,-1328,11474,32766
-39,39,69,959,5078,32766
104,-12,10,-301,-588,32766
102,-60,78,809,-11736,32766
74,-12,66,2955,5573,32766
126,-50,38,3206,14089,32766
125,-66,-115,3759,-6918,32766
-78,104,-110,9738,30588,-28030
-78,-114,-111,4872,9652,-28606
116,57,126,1440,13305,-15706
-47,-52,32,1245,13129,-16537
110,22,-51,11817,-23058,-18785
11,-54,109,-11303,32401,9810
-78,-58,-109,-2823,-23881,7981
53,15,11,-2993,18836,14925
89,121,5,-3089,-14706,10196
-49,-3,41,1385,20095,21397
-56,-113,17,-2655,-4083,17045
46,-74,-28,-13904,-13307,-31089
-65,36,78,-12277,-23820,32657
-110,-53,-95,-16979,-21214,-32061
89,-123,-38,-1781,-3900,32767
99,94,-61,-6226,-3805,32767
-127,41,-54,-4825,-12723,32767
65,48,40,-221,-16095,32767
-108,31,-124,-2355,19787,32767
9,88,-112,-3095,1757,31888
81,127,85,2135,-14527,-32476
E
74,115,-32,-2542,9032,31379
38,-40,94,5914,-11426,16454
-30,109,83,8242,-20645,17591
116,-2,-92,8403,-797,27976
34,16,17,8810,-4009,22329
-6,-58,-37,10778,-704,1719
-19,-28,-36,1919,23213,10885
39,17,-28,-3853,-6380,1997
-63,4,80,-5037,-19163,-4724
-47,7,-119,-12097,15276,-14022
74,120,-77,-9935,-3964,-23886
7,-90,-107,-10680,8203,-28800
-55,60,-78,-8057,996,30265
110,-104,-18,-3002,5802,32405
26,-33,-82,-2612,4739,32765
-123,-39,58,-390,5412,32765
-101,-99,-33,1156,7057,32765
94,-30,-65,5642,3760,32765
44,37,-49,4863,9230,32765
92,-104,13,5807,7944,32765
-22,71,-3,6603,8779,32765
23,-42,-86,10225,16355,32765
118,19,-115,7063,15063,32765
-55,-89,-55,8418,19676,-26529
-126,-4,65,11197,18373,-24234
103,-67,-8,9939,21840,-19076
67,51,-91,5235,-2931,-13690
38,126,116,1711,8961,-5720
-97,86,51,-145,21217,-736
22,104,-106,-6528,13643,14151
-30,-52,-38,-11041,-905,21340
-127,-83,-7,-31134,3592,18054
-93,98,94,-7347,-18383,-25235
83,-123,-31,-18880,12400,26631
112,40,106,-19041,8308,-30725
109,-85,34,-8333,17614,32766
72,16,105,-5588,19332,32766
-63,95,-65,-5417,-5158,32766
-59,3,58,-11355,-28586,32766
-34,-10,56,-6737,-7872,32766
E
9,-118,-38,-4177,-23384,23163
78,76,-95,1257,4085,-30465
-127,-66,97,-4608,25568,-32472
-3,63,85,-7863,15146,32766
65,119,48,-4768,-12834,30337
-44,-62,108,-2460,-30691,28986
82,-51,-75,9286,21035,16699
89,71,7,-4576,27450,8152
-67,23,92,-344,28445,-27101
-70,-123,-96,796,13416,21285
31,-109,88,-2201,-3231,16393
87,42,16,-1839,-21562,17210
69,85,-1,-4328,4031,10390
104,42,95,-7618,-7454,-3355
52,14,67,-15579,17525,-16344
-12,-68,-115,-13394,13938,-26695
-127,-44,-45,-12401,17464,31724
45,-85,-63,-9648,4453,31181
21,-25,16,-3266,24851,-29074
-88,-49,89,10230,24964,-22913
108,113,13,11206,22395,-24000
-126,70,92,21936,26094,28607
16,23,-37,21116,4633,32763
-117,18,-24,15510,-175,32763
-83,-87,46,20668,10054,32763
73,57,42,20599,-14142,32763
5,55,-97,12354,421,32763
-44,62,-126,15962,-2582,-27734
59,-120,-83,3562,-26914,31084
103,-86,5,7242,16995,-23637
-58,31,88,15086,26907,-20262
10,-100,-93,17647,31606,-14714
67,65,88,16376,9478,-10984
-2,-52,-15,9036,16506,-7456
113,-98,58,6146,26898,-601
55,78,72,6498,-5961,-1510
51,-90,52,3377,15768,-5723
-96,-113,-57,4943,-30502,4821
-119,85,-119,6932,-28800,-6686
46,29,48,-1119,17030,16007
E
90,24,75,-6112,18260,10473
70,18,22,-17460,-18120,18402
87,-44,-46,-12806,-30628,31074
35,-108,-39,-17056,-13956,-29352
80,-11,37,24349,-20798,32766
-65,-76,6,-25562,26050,32766
54,-15,-128,-19691,10231,32766
96,-101,61,-16558,-27693,32766
-64,47,-93,-7983,-438,32766
93,-55,-2,-7542,17380,32766
-10,-51,-107,-2597,-18121,18208
-76,78,107,999,20793,24320
-9,-22,14,10199,13979,-28338
-38,-89,101,-1551,17670,26488
-51,84,104,2376,-22709,31751
62,109,-29,9127,-26989,21950
17,-91,100,5855,-5187,-3759
77,-7,110,-2552,1846,-2891
-105,54,85,-2218,12758,-8601
-55,82,78,7209,-13739,-27484
-104,124,53,-8445,-17839,-29731
114,-94,-66,-4402,19253,-32411
31,38,116,12363,26812,-29623
72,119,-80,-13409,-13116,31329
55,67,60,2177,19319,32763
-37,28,119,3708,7512,32763
-51,-84,-42,4192,909,32763
-54,55,-70,7370,13799,32763
12,25,84,7288,1364,32763
100,-84,9,5204,6916,32763
-8,-62,85,10522,20741,32763
25,117,0,11952,5981,32763
-64,82,-4,9794,-6833,32763
43,43,-18,10237,14750,32763
-35,-100,77,10717,24719,-23014
92,-56,76,7832,-26266,-11954
-34,115,-116,-4851,32712,1781
-75,-109,48,-3779,5368,9572
-34,88,95,-6333,-6041,8054
118,-14,109,-19595,3245,21390
E
-69,-125,73,-10878,-28026,18149
75,13,12,-10242,-22968,23611
-8,-85,-111,22837,-31635,-27802
28,-41,-124,6976,-26433,-32571
42,-13,3,-1616,-32486,32764
43,80,16,135,30511,32764
-5,-65,-119,-4432,5424,32764
14,81,111,-4914,-17767,20276
121,-107,-93,-1382,21169,-28610
-3,-6,-31,-5656,-21126,32764
-88,-93,-27,-5690,11593,32764
29,45,5,-6314,-25344,32764
32,-94,97,-8927,-11412,32764
105,-65,89,-5716,-6597,32764
-97,95,-21,12306,-28117,32764
-100,36,-65,14346,-24424,16609
-101,11,-127,3705,25079,18676
-114,-49,34,2204,-9644,9844
-55,-88,41,-666,3457,3919
-100,-73,-24,-5572,6563,-4797
-35,-78,-91,-5220,1943,-15512
-100,-17,84,-2964,14447,-22203
115,109,-1,-7132,9454,-27407
-9,106,118,-5906,10820,-30711
44,-101,-10,-4863,9894,30676
-73,30,108,-5564,6004,32761
-74,42,105,-2109,4980,32761
-96,37,10,-2158,5610,32761
-15,-81,-40,1401,-11482,32761
31,-4,79,4468,5495,32761
41,111,75,6163,3550,32761
115,2,83,3203,-452,32761
-11,-103,103,1679,-9078,32761
0,59,31,7903,13393,32761
-31,-70,65,6894,17601,32761
-104,-61,73,11499,25040,32761
75,-34,-82,11877,21896,-27789
-55,13,-122,7126,15670,-19852
17,-69,-74,7969,27197,-12328
67,61,-9,6332,21664,-6857
E
-4,-49,103,20980,5881,-15803
81,-105,-42,27332,23353,-4385
51,94,33,75,-26159,-31984
24,118,-128,13282,319,9460
-120,57,61,-18495,32582,19473
7,-63,47,-15067,5205,-31792
120,86,62,-12092,-31162,26023
49,-33,115,-4813,27927,-29778
-42,68,47,-5457,23440,32762
30,-66,-5,-4780,32330,32762
-117,-72,-125,1688,13084,32762
-80,-92,-32,-5215,-6104,32762
-8,46,78,-4589,-12489,32762
-46,61,-2,-3116,-25722,32762
-128,127,72,-5176,9910,32762
21,62,-54,3244,2822,32762
-94,-34,-19,4444,-862,32762
-122,-103,-116,-943,-7677,28973
-80,41,-63,10768,-13862,21521
5,58,72,7427,4654,19242
74,96,26,5457,2979,16864
106,57,-26,1689,-168,3934
-76,40,-13,3320,-750,3513
-53,28,-26,-1018,997,-4370
-45,-23,-52,-3562,1139,-11105
-59,-114,-61,-5208,6888,-12438
-106,2,-54,-10211,-3054,-25872
-57,106,-92,-10003,1603,-28687
104,79,74,-9216,-6966,-32747
90,-28,-11,-11987,-5078,31636
37,-37,-9,-9969,-6517,32760
125,-104,-21,-8817,-5736,32760
2,60,32,-8912,-11175,32760
-50,40,86,-8583,-7606,32760
-104,110,18,-6964,-2997,32760
-33,22,-31,-7179,-23127,-26845
-118,-69,-2,-11997,-21786,-32386
-61,113,-26,-4872,14266,32745
87,91,-19,-5440,9762,-24160
-61,97,21,-1035,12991,-23806
E
-87,97,-10,-8051,5389,-25085
65,-62,-47,-6959,14989,-16352
24,-105,121,-4300,22793,-17785
12,103,20,6068,23420,-13274
19,64,-116,9438,-27504,-24581
32,-118,-96,-16210,32708,12850
24,-123,-48,-5094,19216,2432
-54,61,75,10456,31801,8475
29,-8,-94,-7640,24055,21779
70,27,98,-2859,-4949,11301
-24,-10,-92,-8412,13133,17642
8,101,-54,-17836,-20152,14152
-5,111,-105,-10487,21349,13508
-90,6,-120,-20564,5976,-29915
-25,88,-102,-5351,-27320,-30592
-24,54,97,-12977,4716,32761
-72,88,112,1078,-30559,32761
80,59,-96,-6012,-8974,31475
50,-94,89,-4221,-22126,-32347
91,-24,23,9640,2733,32761
83,38,76,7619,-24057,27241
31,96,16,10378,-11947,28521
-26,80,-78,21755,8745,22898
-88,-4,6,18604,9151,13304
62,-3,-17,7759,-8363,20620
29,45,96,13291,13049,21495
-20,27,44,6128,9692,6695
-22,-19,64,-403,-281,4579
-16,-25,-111,-3732,-3871,-1889
7,65,58,-12028,-5794,-9460
-7,110,94,-5573,-10119,-13812
-56,-107,-77,-7316,8504,-21140
-5,77,71,-6054,-15200,-27304
-83,56,100,-7585,-1846,-26668
-54,15,-6,1427,10572,30172
44,-10,-95,1851,3212,32464
-25,112,-48,-1982,-4696,32759
-102,-35,-111,5830,-50,32759
89,116,-105,4846,673,32759
3,-103,-120,5321,2922,32759
E
8,-25,-112,2783,3130,32759
-16,96,-109,1880,1508,32759
107,99,-108,-1378,4151,32759
-10,78,44,-1204,15003,-29445
101,-127,6,574,18799,-23819
-51,-5,47,3691,-30231,-16041
-17,53,25,5977,22667,-10755
16,22,0,6983,442,-3309
-23,106,49,5420,2454,-631
-6,-127,-45,-937,7449,5271
24,81,-11,-846,4345,9188
-87,-63,24,-3559,1753,18808
-74,53,68,-3312,-1384,16564
35,73,-122,-14115,24270,-28161
82,51,-98,-1192,-28673,12510
110,-32,52,-5291,-1518,-32009
-34,72,-64,-15645,19086,-30641
76,61,-14,-528,-6347,32761
94,-76,-106,-5856,27118,32761
89,40,-62,-4783,-20280,32761
82,-11,-34,-6562,-25941,32761
-65,-118,82,-10264,16607,32761
-128,-96,-66,-10131,-31370,32761
46,-70,-84,-3342,-32109,32761
4,15,-26,-5290,13952,32761
124,49,69,-14399,-6233,32761
75,17,58,-2738,16221,32761
-14,112,76,-1308,-15577,23260
2,-77,-92,-4387,3786,26185
-45,-110,124,-835,12068,15171
-94,122,56,-10642,-14887,348
-126,-59,-5,-10041,3908,-10907
-13,-4,-28,-5481,9096,-18710
-42,-123,84,-2453,9634,-26777
85,114,-23,2970,-3469,32735
69,-57,111,6035,-9637,31069
59,9,17,4614,-5436,32760
64,-75,79,4846,-2811,32760
15,98,-23,3764,11261,32760
-124,-118,53,5449,13047,32760
E
-101,-100,22,3047,-2968,32760
-67,-2,0,7520,-2861,32760
-90,19,-86,3925,-10300,32760
96,26,-32,2946,988,32760
121,119,14,929,-16096,32760
67,68,119,-2082,-5778,-31619
31,-94,-97,-2062,-6484,-26024
10,126,-48,-1151,26170,-32421
-75,-31,87,3037,28570,-24474
-19,127,120,1554,26348,-18203
120,55,80,5557,17132,-15514
-116,-124,90,6681,20380,-12716
-74,13,-124,4840,17674,-7620
-99,107,54,9981,32188,-5070
-25,-46,-95,19706,-30296,-15365
-57,-30,89,-15416,1247,24745
104,123,-57,-12523,10492,8974
93,-84,-98,-9904,-31380,17270
121,-98,-22,7040,-26478,-12105
102,-48,2,25722,29460,-23220
-28,-70,-93,-3005,-28499,25074
-31,-17,-120,15200,30560,-29278
14,13,74,-8575,28496,32764
-73,-18,-32,-12453,2143,32764
-116,-60,65,1409,-9381,32764
7,84,-1,-3562,-26566,30829
-127,123,-117,-1404,404,-32127
-83,-82,-100,-5528,19274,32764
-19,-112,53,-8830,-3423,27154
64,-106,-126,-5299,-16456,22737
-59,2,-63,-4582,11116,22351
110,-122,39,-6673,5850,22504
10,-113,19,8602,-8153,17696
24,-27,97,-11028,-29747,16360
37,48,-41,-8669,13915,10196
123,23,95,-6524,394,9611
-35,-43,-52,-7037,8725,-2481
-3,-17,71,-8200,-3540,-6973
-82,78,-82,-5223,-1101,-17749
-116,-34,109,5049,9654,-26770
E
-71,-22,-4,4504,3664,-26551
-1,105,81,-1546,-19132,28931
-88,-7,65,10630,12679,32761
-57,97,-89,10721,-2580,32761
81,-104,-11,19723,11160,32761
-102,114,74,12300,-8885,32761
-110,8,115,18069,11088,32761
117,-91,-49,17483,648,32761
99,-92,-91,4649,-1960,32761
38,-49,125,8495,6927,32761
-97,-110,-64,6491,5377,32761
-94,102,-49,3395,7462,32761
59,62,-67,1372,9955,32761
4,-12,-76,3212,8854,-32662
-56,13,9,5604,18628,-22655
-93,125,-57,3559,22566,-19791
113,51,-26,3949,18500,-6851
13,33,-101,3851,5883,-2554
95,11,72,1536,-12724,1120
52,-19,-104,-5093,17392,7289
-52,-110,65,-4928,11289,12589
-96,-115,121,-23613,-679,22666
-22,101,-100,6171,14714,11101
9,-4,-80,-6658,32707,30857
0,-38,-115,2320,-19273,-29517
28,-14,83,21789,-25096,27981
65,-109,95,-12757,-11075,-31113
-106,51,-68,-2823,11814,32764
54,1,-108,12772,-17811,32764
34,63,125,197,7480,32764
61,3,-76,-2608,13876,32764
-92,18,47,10047,-28581,27986
9,13,-125,2240,23398,30702
-81,37,17,2500,-16435,32545
112,51,-24,4512,13251,-32293
49,-113,-27,5925,11513,32764
6,50,-84,-1485,31077,32764
-64,-22,94,2057,12599,32492
71,15,119,-593,5451,21541
41,-94,7,4508,-13991,15140
E
70,12,-37,4148,-2737,1877
79,20,115,-865,24673,3003
-123,-21,-54,-6531,9619,-15563
-47,82,20,-3276,-12975,-22015
66,40,109,-8286,-21572,-25036
-34,57,14,-8590,11882,-27288
-104,109,-115,-8991,-5876,-29830
-42,20,78,-3829,-889,30605
98,105,61,-6013,-3972,32762
91,-84,123,-5930,-23440,32762
-14,-91,-33,-1245,-29196,32762
70,-105,7,-1177,-18329,32762
-1,46,67,176,2465,32762
25,-116,97,485,186,32762
111,127,-67,-2432,6795,32762
-106,-117,-94,-1675,27620,32762
13,-27,-32,-13286,2674,-19490
64,-65,-30,8183,-9167,28334
-51,-72,42,-4084,-17937,-21380
59,87,-120,2464,-31787,-21113
-2,76,-98,9102,32710,-2531
-61,28,-5,2810,20338,-13612
108,-56,126,5275,-5343,273
42,9,13,3524,8657,6938
2,-104,-48,-990,27159,11981
33,-74,64,-2593,5999,8259
-59,-47,37,-13697,2696,21438
82,-45,45,-1293,-7438,8046
44,-109,-127,-1849,-23171,8807
5,-94,-68,-12594,-10208,26791
1,56,-74,-12522,-23360,32417
126,-24,-6,-4090,-25212,-30706
12,-27,13,-7837,18202,32763
50,-88,-98,-8396,-12227,32763
73,124,-62,-46,29766,32763
97,55,25,2279,-266,32763
89,-98,-29,-2262,28985,32763
-14,-67,-89,1766,-5965,32763
-59,-70,70,-1156,30804,32763
60,-99,3,2774,-14892,32763
E
-30,116,30,3150,-8236,32763
35,-83,-91,-528,14984,32763
114,-76,-90,-1400,4528,32763
-46,-67,61,-708,-12230,18396
-25,-50,27,-5110,-251,18107
8,-51,-21,-3101,610,9469
93,110,-9,-4635,7104,-7204
-86,-104,-4,-7722,12775,-8011
-16,49,-77,-12041,3907,-17356
-3,-96,83,-9798,4142,-18487
-9,-84,-89,-18848,652,-23928
92,39,47,-4009,18018,27150
-48,-80,116,375,19699,32762
1,-5,85,1072,1144,32762
79,-42,-68,1307,5598,32762
95,-45,-11,6250,13331,32762
-38,-6,60,9371,16375,32762
-101,-115,88,11687,8688,32762
-117,-68,-27,8304,25684,32762
29,2,-2,19566,-28644,32762
-107,-53,-124,24131,-11044,32762
-80,112,97,20847,-10753,-31146
-102,-1,-43,16690,32712,-15574
7,-58,-116,15535,-25524,-20146
106,-99,28,20065,-13412,-9500
122,51,-116,-25660,32712,-13605
8,96,28,-8539,-23870,5930
9,81,-51,-2862,19341,-2848
-114,97,-46,-32184,12805,23506
43,102,79,8185,8424,-2127
-38,-107,105,-7549,12930,14334
46,18,-28,-6480,-22887,15143
-87,50,-43,-11776,14184,17496
-99,83,86,-13617,1490,19395
-5,-107,-45,-28325,-13380,-30672
-101,-70,-49,-25882,-4412,-31067
80,-48,-17,-30529,-31833,32765
62,-100,95,-9050,-23863,32109
112,-84,-42,-11625,-22836,27349
-27,88,-67,-23323,-21890,-30893
E
-38,88,36,-25168,-28809,28385
-127,-121,-60,-18087,-328,18557
-59,-42,116,-15925,-20747,28060
-6,90,-68,-6542,-3620,28914
-16,19,107,-8317,-5198,30399
44,-92,115,-10548,5948,-31187
-63,-100,13,-1990,12321,29833
126,-116,-50,-1164,30570,13277
93,7,-128,-10319,24195,-6596
-58,94,2,-551,13573,-11234
10,-98,-101,-1505,-9825,-17604
98,10,52,-3883,-7243,-25112
-1,-77,9,2507,-2925,-30516
-39,-81,12,3795,2165,30503
22,105,-36,3724,930,32637
-124,-13,43,4983,4221,32764
-86,-66,103,9425,-870,32764
-71,70,-58,15455,6147,32764
20,119,-81,15288,5308,32764
-103,-30,-45,15082,3313,32764
-28,-45,-113,12921,12794,32764
-86,34,4,2505,-18899,-28386
-19,-101,-112,5230,-11090,-27793
-55,-99,17,10868,17897,-20205
32,98,-106,10271,9538,-20498
-60,1,-67,7335,6725,-18108
-111,-60,-102,5756,7838,-8623
67,95,-66,4370,11001,-7910
1,104,-64,1174,19398,-3610
-63,103,18,162,9926,1970
-63,68,38,4009,10538,5429
-50,69,26,3190,4598,4834
16,44,4,762,4826,14102
91,-10,-112,-622,13736,5420
104,33,-46,-23407,-21959,23913
-118,85,-69,-8601,2090,14084
64,15,69,-4534,19331,7549
10,121,3,-11966,29651,27330
0,-89,-1,-8153,13531,-27199
45,63,-16,-9688,17251,32765
E
-107,-122,14,-11940,13665,32765
-95,65,36,-13505,-23433,32765
71,114,-63,-19185,-2282,32361
-124,53,53,-28975,14102,32611
-63,72,6,-3187,-58,-32675
112,-111,-31,-17343,-5653,32765
40,-14,-48,-3695,-10496,27012
-74,98,6,-10723,-16714,25842
73,61,-100,-13446,31541,12879
9,89,16,-12118,18950,10545
-13,-17,-95,-11977,-23921,522
17,-54,-99,-12427,12248,-6764
-3,43,126,-4537,25198,-11577
72,-36,-102,-7613,10123,-13206
-5,-24,43,-4785,-12196,-21933
96,31,27,-4825,-4338,-28096
29,24,-13,-430,5705,32608
39,62,121,1776,2855,-32323
-106,-31,-96,10388,8266,32192
23,119,-54,16129,-7288,-32351
-13,69,-105,21534,-11220,-25508
-41,111,-64,22835,-9802,-23001
-34,23,82,15901,-6705,-25779
21,87,-82,5817,-6327,-21647
121,-80,-51,6390,-1971,-23136
64,120,-71,7837,3929,-28604
-28,43,-88,8038,1656,-27983
82,-100,-90,4129,-3285,-27719
-37,54,75,2615,1250,-26019
-102,-2,-73,-1090,21914,-13788
-40,117,-82,-1702,15540,-14246
51,104,124,758,17967,-4595
118,-120,-118,1112,16630,-4907
-119,6,-87,-3523,19888,5941
109,21,6,-1898,18825,3481
-93,76,-65,-1146,1357,1189
112,81,8,3152,31156,3193
85,4,19,-3285,-6430,2800
73,112,72,4883,-24081,7855
0,25,-56,-1769,14787,8340
E
30,72,67,-400,3864,9249
-122,37,-41,6399,-19181,12912
-44,-2,72,5039,-16913,23927
-86,-38,3,-273,-16743,-29114
103,46,76,-6087,-15103,-31826
32,-48,-81,-4864,-20695,32766
0,6,-95,-6861,12604,32766
-103,-50,116,-11781,15295,32766
116,-18,-121,-19712,14525,32766
-45,-23,13,-14253,16385,32766
38,-13,-37,2407,-14991,32766
-99,99,9,-4101,6054,32766
26,-126,-68,-4519,10338,20305
-30,6,51,-3075,-6689,20699
32,-1,10,-10156,20225,13969
85,-66,57,-8864,12648,11566
-120,62,-80,-9962,908,-1823
-118,-20,46,-5796,4937,-4887
-93,42,-49,3997,-5657,-16832
42,-100,-25,1629,3643,-17985
-74,103,-15,3999,1880,-25394
-103,-8,-4,7233,2198,-27789
-72,56,-19,7737,3010,-29787
-43,79,8,6353,-10247,-31689
40,-76,87,5189,-12949,31693
98,116,-57,9105,6204,32764
26,18,10,6915,17569,32764
58,24,0,13959,-25638,32764
58,1,12,14192,15814,32764
-89,4,-10,10229,-22850,32764
-26,-45,87,8379,-12374,32764
46,-59,-93,6539,12477,-26395
61,-14,-7,7222,9357,-25322
28,58,72,7921,22779,-14377
103,119,60,9884,24872,-10238
-124,67,102,9460,12805,-6289
44,4,-74,8880,10215,-4605
66,85,45,4540,15141,-1210
50,-115,81,3821,12642,3792
-13,46,-74,3377,-21732,4651
E
117,38,62,-1023,-16952,8107
17,-59,55,31441,-20793,22032
8,-113,27,-60,4195,11342
-43,108,18,-1796,10755,5865
97,-112,-100,-7922,-10369,32687
-62,-73,-6,-16865,7206,-28666
-76,-46,-99,-10079,-22007,32767
89,-118,-88,-10008,28293,32767
-124,10,90,-6541,-19401,32767
-31,22,71,-1145,1848,6488
66,52,56,-11768,-25275,-24010
103,-58,-45,-21184,17577,32767
-128,-8,110,-3683,-4591,32767
-84,28,86,-11585,21301,19819
-20,21,-98,-13719,25602,25633
28,38,-4,-4978,-22656,23209
-3,58,78,-8813,22121,20798
-36,-102,31,-16624,16143,16192
-15,-63,-63,-17829,-30999,15954
-111,-92,-104,-11694,21175,-667
73,24,6,8650,-18625,-5946
-87,7,-26,-14575,-17805,-13767
21,-58,61,-4016,-18949,-17428
117,0,57,187,13700,-24186
52,63,-50,-1558,5821,-25523
50,82,-34,6516,1238,30477
-60,76,-39,5072,4758,32287
14,-79,40,1335,9056,32694
-127,98,85,5683,11015,32765
-46,14,78,8011,11797,32765
79,-128,-1,6878,18523,32765
-117,96,58,16617,26821,32765
82,-122,-54,17671,5312,32765
-96,8,84,12447,9960,32765
-59,-42,-75,12933,9800,32765
-42,-54,-10,15040,-5699,32765
-59,-61,79,10416,1850,32765
-15,93,110,8369,27345,-22613
99,-110,-123,10648,21327,-22351
-47,68,-44,9076,7912,-9879
E
-6,-91,-3,8552,19527,-9617
28,-25,-17,3515,30876,8011
-92,-33,124,79,12198,-11941
14,-105,-79,-10425,-24902,32066
68,-11,-46,15480,-15610,-8401
-128,-30,-83,30478,-32516,-28824
-50,-29,94,-16326,27066,-28741
-109,-63,-85,-11101,-24510,32766
75,-127,-35,15,-19234,32766
-86,46,-85,-14803,-19529,32766
78,116,-38,-8421,295,32016
-2,-100,-100,-8965,-7010,28994
-78,5,83,-4065,11619,-31430
-110,100,108,-12790,7010,32766
73,-103,-34,-19279,-5740,32766
82,47,126,-4203,-10936,32766
-128,-15,-32,-2677,23132,32766
62,76,-77,-13382,-3557,26247
13,-120,-43,-7869,-14607,20450
50,-89,-123,-5618,1037,21365
20,-39,127,-11966,8444,14066
-108,-110,69,-13048,-2238,3390
-56,92,5,-8660,10804,843
97,-37,-103,-8517,3752,-5085
62,-112,-97,-3618,-9034,-9390
-44,-88,80,14867,11947,-22460
108,-124,94,9857,4396,-28177
58,8,-124,5448,-11093,31787
-3,57,83,5870,-11513,31720
-13,-103,-108,14793,16426,32763
9,-54,9,17498,7818,32763
109,-48,7,14854,-9677,32763
-22,-6,-94,26217,26436,32763
75,77,8,21438,-3514,32763
-99,-27,69,26236,17327,32763
-6,-12,94,23092,-5447,32763
-97,-52,101,20116,-17673,32763
10,-97,-87,16041,6584,32763
86,-63,98,8706,-917,-28772
-118,-111,-3,1396,-32459,-30342
E
103,-7,-117,3000,466,-26717
125,126,61,7571,8024,-28142
58,-122,-41,14100,14607,-25796
-11,20,-15,11876,13128,-25801
-51,108,0,6050,-22625,-4688
-121,29,-83,4503,20352,-8692
-128,77,-48,-1840,21692,10705
-48,-124,81,-19260,1111,12560
-5,-27,98,-25676,3996,17722
-125,-15,-104,-27727,25942,20674
35,-98,75,-19986,28606,-25788
-76,61,100,-8296,-14715,32764
17,-25,-28,-4369,-27701,32764
-38,66,104,626,-28827,32764
51,30,-68,-6197,-20093,32764
1,-41,109,-11737,31859,32764
1,88,-91,-15762,-25732,32764
-106,-14,-85,-21713,-9499,32764
-18,-95,-95,-18316,4878,32764
-106,-27,-48,-19212,-26081,32764
-128,-18,-48,-20819,-3871,32764
-74,17,86,-16316,21001,29303
127,-96,33,8011,-4126,-3352
-75,42,31,3407,-7212,-4611
-26,94,53,-3837,6965,-6057
123,-118,37,-3879,4067,-8488
107,-47,69,-294,-2816,-11952
-99,62,72,504,-11721,-13082
-43,-27,-61,3647,-5083,-18913
-108,51,69,9585,-8711,-24410
65,18,-52,8678,-7940,-28896
11,-38,-59,8967,-1721,-29492
-92,-39,-45,9339,-16602,30630
56,125,8,7811,-7623,32762
7,-15,-107,3393,-2257,32762
47,-100,-118,5135,-3595,32762
-115,-90,106,6936,-5720,32762
-29,-88,62,5596,-3191,32762
107,96,-60,6393,-2917,32762
-85,-76,-44,6693,-645,32762
E
-115,9,117,6905,18832,-28551
38,-27,-45,6866,16834,-23027
-22,-110,-98,7219,11284,-23807
-42,-9,106,13388,-28643,-16035
36,114,85,9335,-30853,-15110
-7,30,-81,-473,28329,-5508
-71,-95,-90,6367,7683,-17950
108,5,87,257,-23981,32537
39,-26,9,-928,32240,15212
93,-25,-113,-17016,-28127,22726
-62,24,49,-17493,32594,-31946
59,-117,-58,-13070,-20024,-30985
80,49,75,-23033,-1160,32764
108,70,5,-14369,662,32764
-78,59,61,-23591,23561,32764
-41,-76,94,31929,3337,32764
75,74,25,-25025,3638,32764
-3,-125,84,-30055,6115,32764
9,-37,81,-31869,-16406,32764
100,-23,63,-19631,6419,32764
-7,51,67,-20110,-15544,32764
71,-116,117,-11429,-23108,32764
-116,-78,-12,-12713,10903,32764
-84,9,-81,2504,18176,28733
118,74,-50,-2106,-28339,23766
61,-35,59,-11464,-21127,3872
-76,-11,-63,-2526,18421,-8959
1,66,30,-3358,-6373,-18345
-80,-11,-46,-10199,-2546,-19147
76,-68,0,3972,-2857,28238
120,35,79,13161,15480,31659
91,23,-50,14357,6289,32764
2,-49,-121,17105,-16141,32764
-107,-34,-32,21089,-12536,32764
-13,69,-94,19355,-3990,32764
-35,-108,-85,17930,3375,32764
8,-7,104,15529,2874,32764
116,-81,39,14512,3198,32764
-26,65,-98,11545,9420,32764
87,-96,-86,9813,14347,32764
E
-17,52,48,16777,23149,-23664
75,-57,65,15359,17019,-17845
-100,-83,68,-14862,28494,208
-19,113,2,-393,-28924,-9234
125,103,-21,-16172,-27099,13733
-6,-16,65,-26921,-24057,11548
92,3,-45,30535,10407,30401
-23,22,-108,-29690,31010,29655
-6,-24,-89,31525,-20358,-30197
-3,-92,-128,3072,-30386,32765
20,109,91,-10814,-10113,32765
-124,19,-44,-12284,9442,32765
100,-91,-95,-19567,-10172,32765
45,22,-18,3334,-727,32765
-44,24,-109,-13814,28578,32765
126,9,-23,-20212,7225,32765
-81,-58,89,6721,32720,32765
-128,-5,94,-9905,25237,27176
102,115,63,-11651,-19400,31200
-94,50,-8,-6931,-13257,2173
-23,-40,106,-13235,9700,-5090
-37,-9,-30,-15599,-16169,-16192
-111,36,50,-19513,-7011,-7764
-7,79,-1,-23230,8167,-17012
-31,64,80,-21151,11002,-31881
44,-37,123,-18909,14905,-20143
4,4,105,-7611,-22150,-24129
-94,-10,-96,-9063,-7043,28124
39,20,7,31,-21837,32758
-86,-54,-22,-3623,20227,32764
-52,101,-106,1698,-6992,32764
-88,-49,66,-9140,-17911,32764
79,-26,114,1703,-25947,32764
-17,-58,-13,629,14784,32764
24,26,-120,-459,20408,32764
-21,-78,19,226,12965,32764
-14,25,-34,1919,16672,32764
17,20,46,5475,9931,-28521
-61,8,113,5372,12051,-22381
-59,29,82,-494,19224,-15573
E
77,55,-17,-8042,23643,-7595
72,-113,-10,128,12790,-7248
12,-51,119,4436,10432,-5373
-50,40,66,2834,18025,968
-50,70,99,2213,3741,3981
-29,51,116,6234,-10075,6598
-121,6,-51,-4618,11226,18215
-49,102,5,2353,6958,13791
-24,-103,-119,-11976,-7511,18489
-97,-39,21,-14468,-3161,25445
-104,86,48,1291,-8513,-28148
-67,6,111,-5752,-31344,-32616
90,8,-123,-9243,18548,32767
81,-21,-20,-9431,-10152,32767
-109,50,52,-17714,18922,32767
79,-67,-114,18253,-15037,32767
45,-55,3,1151,9153,32767
9,-37,71,-7517,30629,17942
72,116,-33,-1429,-27131,27712
-65,121,83,-5475,-7733,12259
59,-12,-109,-9927,-18448,11965
63,-4,109,-11768,854,14415
14,-26,63,-10190,6760,13838
62,-18,-124,-7436,2250,8279
42,-16,-61,-6084,-2441,6434
86,35,65,-690,-16082,-1936
-115,65,127,-6880,-3772,-3683
116,-26,-41,-2797,-5690,-18465
-100,75,-64,1099,12396,-25916
114,106,72,-4532,6464,-26551
-4,85,82,-3211,6154,-30644
76,-107,50,1103,6718,30745
127,43,85,1838,5230,32765
-64,66,93,2016,14861,32765
99,0,103,3835,11517,32765
23,7,120,-3091,-5192,32765
-18,-25,87,-2485,2155,32765
-61,64,34,709,-4159,32765
-73,-38,27,-1034,-1446,32765
-124,41,61,-5569,7771,-23145
E
-25,47,126,-5173,16521,-21025
-120,-114,-106,-454,17891,-17636
28,-53,17,1306,4345,-12820
127,-39,0,-1629,8643,-11070
100,6,-80,-2689,13214,-3463
98,53,-68,-2088,9430,-2595
4,27,-64,2172,14521,7308
22,77,-122,2191,16447,6980
-73,-101,-75,13839,29780,16659
-20,61,-9,-19115,12326,1689
66,13,49,-4938,28187,23646
-39,82,-127,-8065,-1161,-25179
-33,-36,-4,368,-29251,32077
32,-67,90,-9117,27786,-32537
-13,-89,-38,-16784,15663,-32767
102,29,42,-10904,-27653,-32767
28,-86,14,-7912,-17352,-32767
114,54,89,-7070,1881,-32767
-87,-116,-4,-9783,-8534,-32767
101,99,-112,-13700,-32386,-32767
-10,-4,18,-7056,26578,-32767
28,72,-83,1393,8092,31968
-56,53,25,-1357,-21477,-32500
9,-84,60,2584,16311,-32767
103,-28,-51,5054,2963,-32767
-123,123,11,10818,14870,26040
43,114,-53,7066,-6054,27392
42,-111,-47,620,5212,19124
-21,81,-18,-1469,9765,12052
93,-111,-24,-4176,19853,-10834
-6,67,-38,-6711,13914,-16305
13,72,22,-18000,-2628,-22109
-120,23,-45,-19330,-957,-21355
-125,-16,122,-30219,-4130,-27373
-98,15,-91,-29607,3617,28915
-12,-122,91,-21144,6635,-32768
-99,-60,102,-18446,-11931,-32768
-112,92,-51,-16753,23241,-32768
-33,-71,66,-11635,20753,-32768
-122,7,-43,-15095,2975,-32768
E
-118,-127,-50,-10595,28738,-32768
-39,11,93,-8186,19219,-32768
-7,-32,-94,687,-29378,-32768
-36,-16,-7,3450,28780,-22124
-101,127,116,1785,14824,-15878
-126,-35,-128,-7131,-16545,-30498
126,115,-68,-10398,25670,-16513
-3,-69,-97,-5135,31814,-9150
-127,27,102,-2707,-32089,-10114
112,36,-22,7703,20994,-11021
26,18,99,4445,24194,-4641
10,57,-78,573,-381,4528
90,-1,-126,-2162,-1019,-4558
118,-17,77,1097,7579,7370
17,7,23,1588,13489,5696
-72,13,75,2598,213,8668
-10,45,67,6325,-911,12145
84,-127,-15,6894,-3850,14484
-34,-54,-68,14314,-16923,17351
-121,-127,119,114,-16497,-24362
-3,19,34,2604,-20906,-32765
83,118,103,544,-22199,-32765
-56,-98,-8,-222,-4357,-32765
38,-55,87,13701,-5670,-32765
11,-11,-35,12394,-30128,-32765
75,-25,88,4133,-24045,-32765
-71,8,-45,9873,31394,-32765
36,16,102,17261,-5387,-32765
64,-6,-38,-3700,-22158,-32765
14,62,-20,-15614,32099,-32765
-116,-83,75,8640,-22253,-32765
38,79,74,-2003,18728,-32765
88,-108,-128,3010,32419,15348
53,-30,-109,-7115,6923,10342
49,45,-122,-5125,-13620,-13921
-52,14,-108,138,18741,-25796
103,118,31,-8581,1532,-21737
110,104,74,-23668,14079,-14369
41,-59,-67,-17880,-26605,-28888
-64,121,108,-29396,9335,-30561
E
-38,54,-62,-24787,11170,30701
39,-8,120,-16499,7052,-32766
11,105,2,-17226,18496,-32766
102,-52,99,-7976,21825,-32766
103,-86,-79,-6388,20979,-32766
-93,94,55,185,18973,-32766
-89,5,-48,278,17356,-32766
123,12,51,3937,18779,-32766
-24,95,87,6440,18564,-32766
36,-4,3,11702,9754,-32766
61,126,-44,14313,-10735,-32766
-100,66,111,-10458,-16024,-32766
-34,92,96,-2339,-10624,-20242
77,-75,-116,-917,12702,-15617
-79,74,82,11047,23434,-11342
-83,-63,77,5118,538,-4234
-66,12,71,10323,14625,-702
89,-27,114,6082,8366,6531
44,46,111,5934,-7366,7021
-21,-121,-18,2443,31843,19627
22,84,93,-824,3058,21428
49,71,115,30,19156,21596
31,84,-106,-11829,5667,-30807
-31,99,107,-5580,-4907,-31425
-24,64,90,-26484,7018,-32763
50,81,-93,-19522,23942,-32763
93,-122,-119,-2133,29414,-32763
115,77,-51,16761,-23282,-32763
-117,-10,-120,-7090,17450,-32763
-112,79,110,-5921,-24345,-32763
-4,-107,-62,7441,-3801,-32763
-3,-125,-91,13358,-8365,-32763
-89,-103,6,23306,27387,-32763
7,85,123,15162,-6339,-32763
-62,-46,1,3786,2021,-32763
-52,-23,-89,-5675,-32026,22511
-107,-122,-88,-1513,29901,6931
-37,-102,101,-3598,4687,-17090
-127,-105,1,-11714,-6684,-21017
-116,91,-95,-23304,12670,-21335
E
-118,-41,-3,-24927,18933,-21932
15,-115,-55,-23630,8755,-22462
-62,63,-76,-8433,-31627,28005
-37,106,66,-7149,-29584,32572
119,-17,37,-8105,-1772,-32765
59,-78,-73,-10379,-11895,-32765
25,33,121,9022,-14109,-32765
72,-68,102,-888,20134,-32765
14,-39,50,7923,27733,-32765
32,-116,-31,7813,25768,-32765
61,76,-56,11685,30775,-32765
6,-57,58,7072,11546,-32765
80,73,22,9561,-21638,-32765
-126,-31,-2,4683,1676,-29907
28,39,71,6006,32653,-28498
-128,37,32,1695,-27045,-19598
-126,105,38,14008,32722,-12204
94,2,117,16555,-10505,-9011
41,-125,-90,4616,-5968,1939
-57,39,82,2464,-31268,-774
82,52,35,2343,7685,12169
45,34,82,-1875,-1410,14155
-15,49,104,2857,-2510,19745
58,-14,23,2189,-80,24021
-12,-21,50,-2332,-15309,27781
-122,-46,-39,-209,-6136,30110
52,-63,48,-1861,-9430,-30706
82,-65,64,-9503,-366,-32762
60,-47,68,-8189,-2383,-32762
-8,-54,9,3186,17640,-32762
118,-23,-14,4339,-26347,-32762
53,117,66,1193,8728,-32762
66,-2,-111,3940,-5332,-32762
-27,61,64,1749,30444,-32762
-22,90,-62,-10196,26628,-32762
70,124,-124,-622,12359,-32762
-12,0,-110,1184,-17954,-32762
59,67,-16,502,28781,-32762
-110,73,-15,5492,10316,-32762
72,-75,-34,-7046,5354,28820
E
-23,28,39,-9814,9907,31645
73,21,127,-6196,18279,10717
-53,62,-29,-4919,24512,-152
21,66,-17,-9607,8179,-14237
45,-65,-119,-10004,-6811,-22401
99,28,-87,-10054,-3530,30562
-86,48,-79,-12408,12911,30961
-28,-12,3,-12289,5382,-32762
11,-82,-21,-10855,-2154,-32762
111,-14,124,-9337,24978,-32762
122,-106,-51,-8746,6454,-32762
-40,67,-2,-4045,12990,-32762
-70,33,-114,-3254,21176,-32762
-90,121,-107,-929,7353,-32762
-103,0,75,2335,17215,-32762
-34,19,-65,4042,18439,-32762
73,86,43,4120,10511,-32762
118,-53,62,-10579,16661,-26522
-37,-113,-126,8354,-17814,-31858
119,55,106,-943,2581,-24498
-97,-15,67,1604,-27638,-14225
47,57,87,5003,-28996,-10588
2,126,-47,16505,266,-7879
48,-67,28,17209,-25310,-11867
18,80,91,1711,21015,2484
84,39,-74,6598,23696,-3030
-50,32,6,494,2039,11899
-101,-20,70,1837,-17850,3493
-42,-57,-50,4834,564,17072
-81,-25,38,470,-10975,18416
109,-41,84,4071,-7245,25685
-118,-81,0,5563,6568,25742
-67,63,-85,608,-2485,31217
-10,-115,-28,-610,-18715,-30895
-66,-48,108,729,-3682,-32759
-41,-62,-88,7041,-22743,-32759
38,51,-13,2913,4381,-32759
32,126,11,-8434,23359,-32759
-6,60,35,1678,-23141,-32759
104,105,90,2409,-19,-32759
E
1,-7,-99,-7959,9658,-32759
101,55,-33,846,-6876,28217
92,14,96,7833,-16731,22133
-95,-50,41,5819,-10445,25908
126,-76,-78,2081,8009,-29118
-51,-15,-112,4560,-9951,-32759
-74,-14,-41,5232,-13639,-32759
-2,-122,78,-5989,14565,30038
-14,-53,95,-3593,-4527,17251
-53,-82,-17,-11759,-30326,-611
-125,103,-106,-2531,5951,-29311
-82,39,83,-6499,-9258,30960
-40,44,-127,-9787,4846,30797
-109,-80,79,-7523,20039,-32760
-98,-54,57,-3809,29038,-32760
61,90,-28,893,21375,-32760
-111,99,98,4951,6499,-32760
-76,-93,49,5573,5778,-32760
-20,47,89,3292,12918,-32760
80,95,5,3671,12659,-32760
3,-112,-75,7341,19117,-32760
126,38,35,4923,18427,-32760
-103,-48,-57,5935,3847,-32760
-118,-76,-33,-1464,-8431,-20382
-93,31,48,2655,-15784,28650
22,-30,-24,-3094,-10233,-28436
43,-41,-85,1179,26863,-19631
-48,-56,6,7059,-23635,-19700
81,47,7,4119,32722,-15208
-57,127,-115,11244,25870,-12094
-26,65,83,-5676,-2707,5151
-122,85,-97,1970,17252,-698
15,-98,109,-6721,-6069,13391
4,-117,98,-4243,-2879,9704
81,-38,121,-1101,2054,16422
80,28,68,-3625,-9089,14005
-73,52,44,-2388,-10649,12279
-30,111,58,-1948,-3743,17211
-72,-93,85,-1343,-7281,26780
30,-66,51,-1028,3766,29589
E
-24,37,-81,-4515,31996,-31404
-48,65,113,-9354,-19118,-32320
98,-103,108,3221,3738,-32759
95,-124,-123,-1380,-18828,-32759
52,-57,-88,6780,-8367,-32759
52,127,-62,7349,-18094,-32759
-4,45,107,1549,10934,-32759
-121,-16,-88,1364,2174,-32759
-52,-52,-29,-347,-25182,-32759
84,7,31,452,10459,-32759
-39,-105,22,6819,-9131,24458
69,-51,91,7179,-16989,23661
89,-92,68,9541,-14299,12722
4,90,15,9964,-18519,12004
-9,-72,-6,7194,-6733,4715
-70,-66,23,1707,-4970,4838
-44,107,11,-14627,15407,-6481
-98,-119,120,-9384,5498,-12844
-34,-99,-46,-9864,5038,29319
11,97,-105,-12593,3799,-30529
88,43,-33,-9235,11337,-31778
-70,-59,-84,-5095,1233,31895
-104,-14,125,-10364,-7248,-32761
42,74,18,-6871,3676,-32761
69,-57,-9,-10024,16789,-32761
-10,93,123,222,4758,-32761
10,58,32,10348,5746,-32761
-3,-30,90,11472,3186,-32761
31,92,125,6692,-12867,-32761
25,107,63,2648,-18068,-32761
-42,-26,71,-2943,-3741,-32761
2,104,-96,-225,4328,-23324
-68,14,-61,4062,5758,-13242
74,-9,-52,3674,-1261,-11166
122,-44,-34,3358,-3527,-15567
-78,-42,-84,3165,6680,-15085
-81,52,-103,8032,14325,-13402
-21,38,-74,7196,9832,-11814
100,107,-48,-1211,4266,-7051
-41,38,-27,10781,21723,-14726
E
-13,59,9,-4422,27268,23556
-34,-88,-78,4916,-19337,-3352
20,-15,-80,-14008,-3263,14677
-19,9,-106,-4851,-85,9607
-109,65,45,19455,-32606,8627
43,-81,36,-19637,27009,20921
-80,-52,72,-13719,14330,18404
13,7,28,-17825,12360,24255
-93,-79,60,-16395,8398,21729
-55,56,-100,-22394,-29724,24064
36,-28,-98,-20412,3491,26928
-117,-97,89,-30603,11811,30233
-38,-31,-24,30726,-26498,24199
57,68,92,-22520,-32432,-29224
89,93,38,-22195,5024,-32758
17,-33,-128,-20352,13732,-32758
-107,-107,39,1717,20332,-32758
-111,-64,-59,-7433,25660,-32758
127,91,-86,-2222,-3280,9354
-82,115,115,-5556,24666,13896
-111,49,102,-2784,-11365,-15103
80,92,-18,371,-8837,-9576
41,99,-115,-23779,-31512,146
-25,-77,-3,-2139,-21283,-23314
118,20,-87,3929,15204,-32713
69,-35,-109,11,3764,-30017
44,71,-74,5579,-7982,30949
-67,-67,-32,7301,4263,-32760
32,107,22,4711,8612,-32760
-82,-36,74,8559,10309,-32760
14,-14,-24,8905,14468,-32760
-52,-70,123,12270,19839,-32760
-20,-40,99,16936,10665,-25827
-19,115,4,17915,4001,-21424
53,-102,-103,18695,-1654,-18908
18,69,6,24799,10323,-8485
-88,-25,-7,16793,19441,-8395
23,66,-126,3244,18193,-1609
-123,32,17,10742,23405,356
35,-20,96,13628,-17899,1190
E
17,-14,115,15441,452,-3397
85,108,115,592,-5773,3722
118,117,11,1394,-6905,3732
-20,-102,-86,-788,-3125,5462
-104,-103,65,-371,16553,14994
50,-84,-64,-281,12596,-5182
70,-102,-108,-12452,-871,12726
95,90,-35,4158,-32667,17223
-124,-29,-81,-22270,-24192,18119
36,75,-121,-12284,13213,28339
-35,-92,-8,-15240,-899,27483
75,-126,-56,-18632,-18788,-29615
68,63,-91,-9642,3059,-32757
-128,76,-101,-14911,-20633,-32757
-120,116,103,-17551,25239,-32757
-52,35,-66,-10560,-609,-32757
-116,-122,43,-4067,-18718,25780
-124,69,22,-10302,23208,-30424
-9,-48,-78,-14832,21439,-32757
-110,-79,-35,-12580,-8845,26881
-127,20,-116,-23658,28174,23448
28,87,-46,32332,-18127,26110
-31,105,-31,-15749,9782,9571
63,-79,-96,-11512,12751,2115
-119,-43,36,-9045,15985,-28376
-9,-4,-18,-7856,11951,29756
-99,-79,90,-6240,7640,31123
63,-87,68,-4405,22359,-32758
-65,-4,-5,-6716,11792,-32758
-73,-56,-37,-858,29910,-27253
7,-96,-76,16435,-30948,-30466
-51,8,105,14335,20022,31961
-19,-70,-119,16906,5613,32592
-106,-54,-22,21784,21665,-32758
88,28,-39,14232,5060,-32758
120,-76,-11,9482,-10119,-32758
-90,21,82,20147,-31496,-32758
33,-34,-128,18537,20822,-30812
78,-74,30,22157,-28570,-6211
121,-34,39,10461,4285,-17362
E
32,-84,121,17479,28771,-12163
20,-42,-100,15635,22902,-3546
-10,54,-9,8850,18215,-3129
62,-104,32,1152,-2974,2798
-108,-111,119,4322,23905,4324
75,44,-95,-7721,-5613,2583
9,87,103,-7573,10154,3768
23,118,94,-8753,-9750,-635
-6,-125,46,-6887,-8394,-3357
-104,-103,122,-22381,-17074,1898
-18,64,-126,-17233,-28231,-19467
-85,100,-102,25782,12027,-31821
22,73,-25,-28982,-17982,-32755
54,-71,20,-8187,4484,-32755
104,5,-120,-17908,-13951,-32755
117,-70,-90,-1994,-11640,-32755
-10,89,110,-18651,15457,-32755
-113,114,-9,-13112,15976,-32755
-86,-32,-43,-10679,26245,-32755
79,25,-12,-9123,5012,-32755
126,100,24,-8467,-15840,31650
34,115,11,3532,20547,-32378
-124,-53,-105,289,32722,-32755
-72,124,-45,-8739,22092,20379
26,64,23,-9206,12372,16653
-107,-98,43,-4105,32115,-24094
-6,4,29,-4694,11469,-18640
88,125,-54,-6257,-13403,30452
11,-90,-120,-7335,-4581,-30968
-4,-49,-40,-12497,9129,31494
-121,127,-57,-8816,6197,-32755
-88,59,-121,1654,-3996,-32755
89,28,-117,-2842,-5463,-32755
-43,75,-116,-1691,31589,-32755
-5,106,-14,4611,13378,-32755
78,-8,39,10388,10627,-32755
-12,109,-89,10901,4459,-32755
-42,122,76,14307,-1589,-32755
17,-43,-8,14297,172,-32755
-118,62,12,21356,10386,-32755
E
112,-53,93,16319,-11802,-32755
-59,55,31,3243,-11134,-29696
-41,-118,42,-747,24548,-8619
93,-90,-98,-4728,14776,-14562
-126,11,-7,-665,-26970,323
-84,-5,125,-6020,-2205,-15535
105,15,-5,-800,14206,1039
116,6,-67,1231,14465,-1921
76,12,-56,-4336,-3465,7696
40,4,66,-3172,7779,13601
17,-36,-39,-3243,-2993,15234
-68,-20,-6,2041,-10433,12117
104,33,18,-5480,-15294,26451
76,10,18,-10200,7607,-27284
117,-102,-90,-12459,-5103,-32753
-64,72,72,-11506,-5510,-32753
-112,101,-98,-7480,20046,-32753
-37,-71,106,16536,23545,-32753
-1,65,-97,16642,14378,-32753
-26,8,-76,-11257,-17236,-32753
-27,12,-76,-1384,26287,-32753
-128,64,63,-5636,-8825,-32753
-127,79,-102,11685,-15382,-32753
-20,-7,-107,-10233,22942,-32753
-106,28,-4,1543,11962,11771
73,-104,-122,-5762,32581,16001
110,22,16,18552,18276,-2059
115,-20,-97,-2101,24730,-29121
36,88,35,-29699,32218,-19830
-115,-11,48,-21778,14973,-32272
-51,41,76,-11618,23423,30366
-28,76,-72,-12114,-10711,-32754
-110,104,107,-12127,8382,-32754
122,107,28,-11979,1550,-32754
44,-53,-100,-2656,26108,-32754
77,-1,48,-4757,-4998,-32754
35,94,-14,-1560,11303,-32754
36,118,14,191,16687,-32754
-23,-91,-21,2782,18493,-31645
-97,-117,-38,1762,-11631,-29973
E
-105,112,42,3513,26026,-23327
-28,124,-71,2641,11256,-21513
3,104,34,8308,-31339,-17788
-39,-77,-109,12242,-30027,-12175
-68,45,-84,13422,32723,-6462
89,-79,116,10633,32723,-9050
57,-95,26,3178,17336,-1106
17,-125,-110,2898,12349,3843
17,115,72,-473,20245,8218
77,-120,53,-3854,5898,9645
103,126,-122,-32185,3198,20316
49,-98,-49,-4620,23882,14821
-1,-32,-108,-9095,7436,16094
97,64,-105,-20249,32723,20110
83,76,-128,-13877,-32663,-25702
71,-116,62,-6969,-10705,-32751
-52,66,124,-12960,-28462,-32751
-48,-34,-9,15944,17200,-32751
41,-42,73,-16702,7467,26554
50,82,-65,9806,-46,-30674
89,-86,60,-6070,29024,-32751
-75,-55,-81,7276,1189,-32751
49,25,40,5813,25507,-32751
88,-7,-68,-7793,3723,-32751
-86,126,-58,-14325,-27087,-32751
13,0,-82,-9725,24595,-32751
18,-15,-115,-352,32723,20668
-33,67,87,-8183,-46,27502
18,-22,-112,-7065,32723,31240
-78,70,1,-16112,-17277,30695
-85,42,76,-5744,-16147,-32751
-124,33,-36,-5977,22719,-32695
65,-88,36,12696,28164,-30495
97,-105,-35,17494,31511,-30627
108,53,-41,14343,-5746,31825
-18,-95,95,13659,553,-32751
-40,37,67,13599,19855,-32751
80,38,-39,13774,18136,-32751
87,-78,-9,12973,-2406,-32140
-111,100,127,3949,3189,-28002
E
-111,-11,72,15164,-24662,-12919
87,127,-51,11315,5897,-18211
64,-124,-2,12318,9245,-14065
-118,69,-89,12532,-27465,-10419
-128,41,12,14727,-31231,296
-27,47,12,4186,15343,-2140
-116,-41,100,7423,8813,-4978
-118,-85,41,8278,2727,12262
121,22,-65,8420,15147,10481
122,89,51,5445,-8755,11164
4,-93,-25,3968,-3691,9335
103,14,-57,-3244,-10127,14013
1,30,87,-5487,-12583,16744
7,-109,26,-1827,-9631,28887
-21,39,5,-4667,5944,32476
59,-7,-117,-11879,-27169,31640
-58,-26,120,-1807,-20905,-31860
-13,90,23,-812,-853,-32745
75,17,-40,-2938,1112,-32745
61,39,30,-822,3874,-32745
-107,-44,90,-3961,-4835,27205
13,77,-37,-2499,7796,20481
98,-80,-39,-4258,809,22300
-84,-42,-28,-8780,18840,11768
30,113,37,-7295,4055,8827
-85,86,-114,-7773,-904,5626
119,50,-115,-7832,3422,6978
-106,-105,-36,-8063,10173,3362
-14,-125,-107,-5511,4186,137
-23,-118,-51,-6343,3279,1028
39,-109,52,-6507,3647,3071
38,127,43,-5789,2808,2390
81,31,-69,-3461,211,-1149
74,52,-98,-3032,1644,122
62,53,-63,-2549,-4401,283
72,60,-40,-2165,-4389,462
-108,44,-97,-2112,-2501,1405
-55,24,119,-1414,-1503,1003
-52,11,116,-520,1032,557
-57,11,121,-313,4547,495
E
-80,12,-85,-528,2838,-169
-104,12,-31,-557,-4,-1233
-97,18,-47,-461,91,-1053
-81,36,-65,-60,762,-1406
-78,47,-79,-251,1738,-511
-85,59,-68,-526,101,906
-82,52,-70,-911,1541,835
-87,27,-67,-751,-742,639
-85,27,-70,-617,-789,544
