102,-61,80,3287,2417,-5581
-124,-71,96,3674,3825,-6831
-86,-79,115,4017,5362,-8145
-42,-83,-119,4349,6770,-9347
108,-68,-28,5595,8389,-11424
54,112,-54,5438,8268,-12485
-91,-121,-14,10840,-2488,-7640
125,-106,-67,11010,-4352,-7022
89,-95,-127,10449,-5668,-6796
57,-88,69,9329,-6053,-6980
-52,-82,-99,5206,-2878,-8789
-81,-84,-124,5042,-2358,-9051
-108,-86,111,4879,-1667,-9137
-127,-84,95,4338,-419,-9148
119,-79,84,3660,1144,-9277
114,-70,79,2953,2674,-9477
108,-59,77,2350,3559,-9708
96,-48,75,1844,3183,-9863
-99,91,35,-7062,-1134,-4502
-111,-110,48,-9093,652,-2868
-105,-55,76,-9779,2669,-1657
-84,-7,114,-8816,4174,-1312
-13,-102,90,-9067,4181,-1679
-11,94,-125,-9958,3537,-798
31,121,76,-8802,2205,13
44,115,124,-8240,1957,372
58,100,-88,-7908,1648,986
74,79,-47,-7895,1539,1741
111,56,35,-8057,1701,3375
-126,57,75,-7858,1628,4223
-107,53,114,-7545,1564,5238
-86,42,-107,-7182,1580,6575
E
-63,89,-78,-6750,1355,8143
111,-99,-84,-2065,-3539,11809
-79,79,-107,-668,-4028,10562
58,40,123,1566,648,-3588
17,84,-119,1627,1842,-6618
-46,-121,-104,1668,2341,-8173
-118,-72,-95,1428,2550,-8102
-11,80,-115,-196,965,-176
-1,87,-122,-8,607,195
10,89,125,153,331,378
21,88,116,323,171,392
32,85,105,558,72,313
41,83,95,852,109,180
49,81,85,1084,368,149
56,80,77,1189,667,212
62,80,69,1263,829,216
67,79,62,1496,860,-53
68,80,54,1852,714,-493
59,92,-56,962,-1642,-1552
64,95,-77,738,-169,-1814
68,104,-86,689,2062,-2355
66,117,-86,483,4372,-2950
57,-120,-78,383,5592,-3465
40,-101,-67,-72,5738,-3504
89,-105,-70,-6639,-8615,8591
107,95,-117,-5652,-9017,8378
112,44,87,-4533,-9279,7943
-13,-107,-115,-1306,-9827,8751
-76,117,99,-1620,-9857,10137
110,90,59,-2237,-10449,11397
109,79,-30,-5141,-14496,13115
81,76,-121,-4818,-9876,11852
E
77,-117,-61,-4135,-8667,11492
127,53,94,-1298,-7826,9883
-101,100,-128,-711,-7568,9262
-69,-115,-101,-314,-7545,9043
-116,6,-80,3429,-2597,-1714
125,2,-120,3362,-107,-2426
102,-2,97,3017,1716,-2595
-78,-58,-104,3119,1628,-3381
-97,-67,127,3058,1626,-3207
-113,-75,103,2774,1721,-2978
-126,-84,82,2281,1853,-2778
119,-92,65,1752,1919,-2609
110,-100,53,1176,1919,-2492
102,-107,46,568,1635,-2524
94,-115,43,96,1183,-2690
85,-123,43,-115,812,-3027
76,124,47,-286,645,-3686
66,112,54,-370,846,-4666
56,96,63,-381,1479,-6001
64,-101,78,6374,5780,-12706
74,91,61,8224,5720,-13253
123,-117,22,11637,3231,-13896
-104,72,26,11655,1956,-13662
36,-66,111,10194,-1503,-12680
109,-81,-104,8545,-1237,-12863
-63,-77,-68,5997,417,-13160
9,123,-102,-3019,9566,-11482
11,-77,-114,-1561,8922,-10247
-74,93,-83,1017,8041,-6050
-112,-106,-57,719,7882,-5016
53,108,115,-2431,6082,-4006
51,-95,-77,-2553,6358,-4968
E
21,88,124,-1131,8261,-9927
-115,112,2,-257,1169,-8303
-126,121,-18,-815,-415,-6579
-118,121,-36,-1903,-1224,-5108
-103,109,-44,-3200,-1175,-4173
-88,41,-106,-5297,-151,-3077
-93,-82,37,-6991,378,-721
-90,91,-20,-8294,251,1590
-59,121,-122,-11825,277,8224
96,-124,-45,-683,-2223,16002
-124,-112,-48,2457,-2128,10004
-98,-59,-55,4282,-1615,1977
126,80,-68,4631,-851,-11908
72,-126,-69,3741,-971,-14358
-29,98,-90,4578,2016,967
-39,112,-107,992,3200,1467
-53,105,-116,-2827,4677,1202
-76,78,-118,-6057,5702,694
-107,34,-114,-8315,6098,462
115,-21,-109,-9155,5641,585
83,-77,-106,-8595,4258,925
63,-124,-106,-6831,1887,1375
58,97,-110,-5020,-336,1860
70,72,-118,-3697,-2396,2243
94,49,127,-3181,-4070,2840
-18,-78,125,-6677,-11498,11184
-42,-99,-105,-6088,-11578,11219
-99,-108,-107,-6086,-10358,11018
118,-102,-128,-6588,-9383,10835
75,-91,118,-6515,-9208,10518
28,-75,121,-5896,-9610,10301
126,65,-24,-2209,-11876,12037
E
109,124,19,-2015,-11820,12561
105,-68,63,-2141,-11422,12730
112,-2,108,-2135,-10798,12544
-128,60,-106,-2063,-9867,11984
-104,118,-73,-2188,-8826,11233
-75,-90,-49,-2648,-7708,10501
-108,-10,127,-3830,-6867,7653
81,-105,-123,-3336,-4052,4409
107,122,78,-2579,-3244,3302
126,99,20,-1483,-2691,2145
-118,84,-43,-253,-2284,909
-111,79,80,852,-1921,-348
-111,81,-124,1573,-1369,-1528
-117,86,116,1830,-639,-2519
126,92,100,1840,160,-3277
107,97,85,1930,850,-3700
62,105,-117,2876,1579,-3841
44,113,-50,3456,1519,-3895
28,-117,94,2899,916,-5171
29,-106,-92,1954,913,-6517
22,-91,-95,930,2869,-10109
-30,-85,95,2544,4323,-13322
-109,-75,-103,6451,4061,-14428
105,-69,-117,8303,3848,-14216
65,-64,115,10360,3227,-13557
-70,-66,114,12641,-5207,-9818
-38,-99,70,3514,12253,-13626
-77,77,-99,2477,11603,-10129
-86,76,103,1014,11158,-8654
-87,87,56,-714,10117,-7076
-76,109,22,-2335,8909,-5645
62,102,-128,-2994,8092,-12685
E
-112,-104,-84,-3005,8656,-14075
63,125,-40,-6749,275,3182
59,80,-91,5069,-5487,2941
67,-110,-92,5008,-3404,-5464
-115,-18,-114,-4176,-7157,4355
123,-28,106,-5086,-7286,5374
100,-36,70,-6077,-7509,6532
-70,-118,-24,-3018,-11547,11389
127,-27,46,-1997,-10759,11240
114,16,91,-2154,-10023,10574
112,56,-116,-2692,-9028,9865
124,95,-68,-3453,-7912,9534
-111,-124,-22,-3718,-7278,9539
79,57,86,1996,-9468,7790
-126,71,50,4290,-9816,7645
22,107,-92,344,-3314,2485
28,100,-104,-448,-1640,1133
24,87,-113,-553,-564,127
15,73,-125,-161,-62,-572
-91,-113,-61,8840,2450,-12169
112,91,-103,12593,507,-12556
107,94,4,9071,1111,-13272
67,-57,80,6997,-723,-15038
-128,-45,97,5100,-674,-15213
-32,100,-104,-8522,1987,-585
-53,-116,-107,-7572,2607,420
-57,-80,-95,-6253,3417,30
96,-107,60,-2758,6390,-9081
-122,-27,109,-3815,6442,-10141
-101,52,-99,-5015,6166,-10454
-100,124,-54,-5857,5669,-10279
39,115,59,-4853,2567,-7759
E
14,-119,69,-5142,2361,-6622
-10,-115,81,-5514,1843,-5009
-30,125,95,-5552,1182,-3245
-43,92,110,-5472,875,-1327
-49,44,-128,-5616,1182,795
-41,-105,-82,-7384,1912,6068
-51,116,-36,-1604,-5735,21789
106,-124,114,4751,-7618,16329
-100,102,62,5822,-6842,10106
-79,-127,28,5250,-5047,2724
76,103,52,-901,848,-12767
-123,-5,110,-2651,1824,-7126
89,13,112,-1684,1549,-3635
70,27,107,-101,1413,-1267
74,42,100,1569,1886,-390
92,61,93,2867,2709,-733
113,82,90,3714,3405,-1466
126,103,88,4068,3422,-1787
-127,119,82,3645,2525,-1309
125,127,71,2421,1430,-322
123,-128,56,646,605,772
124,122,44,-1328,623,1462
-126,113,38,-3793,1389,1834
-121,96,44,-6059,3125,1914
-120,71,61,-7427,4674,2209
125,37,85,-7713,5830,2947
105,1,107,-7925,5840,4309
79,-39,120,-8024,5307,5651
50,-83,120,-7520,3221,7060
20,-128,104,-6923,637,8174
90,-43,-92,-5022,-10453,9716
-113,-52,35,-4676,-12385,10358
E
-120,-118,38,-8146,-11602,12291
87,-54,73,-6734,-11889,12706
104,16,-111,-7541,-11909,11587
54,-113,94,-3186,-13182,11263
-108,-81,-119,-1266,-13101,10428
-121,-43,-63,-1670,-8233,4634
-37,-79,-105,3642,-4901,-1115
-37,-71,110,4993,-4490,-1362
-104,-56,-59,1984,2700,-2972
124,-70,-77,2247,3060,-3672
95,-82,-94,3137,2810,-4409
68,-92,-113,4035,2564,-5314
41,-99,123,4514,2776,-6430
12,-105,102,4517,3427,-7772
-20,-113,79,4206,4352,-9129
-58,-126,53,3860,5760,-10360
-102,109,18,3363,7223,-11269
106,81,-27,3611,8169,-11776
78,-56,-117,12962,6197,-12001
108,121,-127,13778,3815,-11977
-120,55,-114,13873,809,-11793
111,-52,38,816,2653,-13228
81,94,97,227,7920,-7345
80,-98,-113,99,8632,-7360
67,108,83,-1596,10362,-7016
59,-76,-98,-1711,10462,-7411
4,-126,103,-906,9197,-8544
-23,-72,-109,-878,7967,-8107
-91,-2,-109,-2531,83,-4684
-90,-18,123,-3008,-1352,-4204
-84,-48,103,-3877,-1748,-3374
-80,-98,93,-5298,-1196,-1957
E
-81,86,94,-7102,-399,157
-85,-18,103,-9243,430,3469
-89,96,119,-11723,1491,8135
-91,-88,-117,-13504,2163,13746
-91,-61,-99,-13216,1697,18991
-82,-46,-85,-10535,668,21863
-29,-126,-78,-235,-1540,12416
29,-105,-82,8885,-2328,-10123
-107,90,-66,4641,-530,-14744
96,-114,-59,3226,65,-8498
67,-41,-109,4578,2610,-1059
122,69,31,7828,4372,-2065
-107,-122,-35,8019,4893,-3068
-95,-65,-105,6325,5072,-3201
-102,-29,82,2751,5834,-2443
45,-77,-87,-7478,8665,-71
-27,104,-125,-6548,5394,-405
-44,78,-126,-4733,2212,-287
-113,-52,66,-6944,-10481,4863
-92,-93,62,-8476,-10515,5667
-83,114,53,-9368,-10673,6559
-100,20,96,-9813,-10757,8098
79,-41,-95,-8594,-11183,8751
-115,-124,86,-6072,-13864,10340
96,-74,-119,-4727,-14504,9977
65,82,75,-3718,-10201,9093
83,-124,-127,-4480,-7370,8777
105,-78,-83,-5057,-5135,8337
-127,-39,-50,-4775,-3898,7870
59,-117,86,-765,-8286,6118
103,-99,119,-1727,-7910,5047
-115,-91,-106,-2051,-6611,3723
E
-86,-92,-83,-1402,-4899,2322
-69,-97,-75,159,-3285,1112
-59,-102,-83,1999,-2059,181
-56,-103,-106,3496,-1188,-658
-58,-101,117,4456,-497,-1544
-65,-97,77,4831,385,-2676
-79,-95,34,4650,1571,-3988
-104,-103,-10,4399,2954,-5511
120,-121,-51,4456,4208,-6976
80,102,-96,5018,5281,-8358
38,58,113,6056,5754,-9393
-80,97,-56,12526,2838,-11491
-101,14,-100,14253,1570,-11646
-113,-66,125,15214,512,-11335
-112,123,116,14604,-388,-10467
-99,70,119,13016,-180,-9629
-72,27,-124,10947,686,-8708
54,-71,-83,6539,3734,-8236
106,-94,-68,6375,4243,-8734
-96,-105,-47,6545,4382,-9302
-63,92,53,-682,5685,-10153
-49,-114,45,-1148,6736,-10145
-73,113,95,-621,7580,-9883
-83,-80,126,-1997,6909,-8908
-88,-21,-99,-3699,6340,-7963
-86,82,-35,-5842,5761,-7645
-81,-126,-5,-6178,5410,-8271
44,-60,-114,-5047,-2896,-2276
50,-125,125,-5108,-3050,624
48,-87,83,-5765,-3845,9446
107,-97,-60,-8098,1053,22718
-124,122,-42,-3650,1803,15189
E
-110,-105,-12,1682,1474,4884
103,64,33,8114,-784,-12751
120,91,11,1662,4679,-2735
-118,111,29,2755,4546,-1247
-93,-128,47,3561,3712,-281
-65,-113,60,3840,2625,184
-37,-102,67,3553,1740,134
-9,-82,111,-3183,5703,-346
-28,-92,109,-5013,6231,899
-47,-106,100,-6121,5745,1881
-64,-120,85,-6386,4556,2643
-81,120,66,-6134,2916,3341
-102,103,42,-5440,502,4330
-128,84,11,-4882,-2503,5608
106,76,-28,-8088,-7055,9087
-87,69,79,-6893,-9017,8357
-110,122,115,-7532,-10117,8091
126,-83,-97,-7162,-10599,7838
124,64,101,326,-10965,8119
-105,99,-107,349,-10955,8433
-67,-119,-54,-788,-10740,8672
113,13,-112,-2331,-7878,6331
-107,33,-95,-764,-6660,5510
-77,48,-98,652,-5594,4829
-51,59,-115,1548,-4630,4241
-28,66,114,2085,-3832,3635
-99,-62,44,1283,-292,-4599
-116,-77,39,156,-268,-5474
121,-92,38,-896,455,-6503
97,-109,41,-1566,1667,-7716
68,-128,45,-1045,1999,-8628
-67,-104,-108,16065,1575,-10819
E
-63,83,119,16600,2341,-11776
-34,-82,121,16568,432,-14118
-5,91,-106,15357,-570,-15080
-44,109,-94,-390,7578,-7403
-43,-97,-103,-226,7197,-7889
82,124,-121,-3003,11300,-14207
94,56,70,-1562,13163,-15039
67,-117,-102,-684,12734,-14574
-79,-115,-58,-9119,161,1806
101,99,-81,-8273,-7153,25859
-90,-16,-110,-3987,-8459,24734
90,63,104,5228,-4880,1607
98,-91,113,4908,-2310,-6888
73,-2,-126,3634,482,-12564
-54,95,-75,1676,5319,-13969
-128,116,14,2211,6568,-11693
66,-119,-93,3288,7073,-8841
18,-91,110,4006,6670,-5859
-79,-122,13,-7310,9916,294
-106,100,-72,-7414,10062,-725
120,71,29,-6593,8053,-884
96,51,63,-4939,4507,-439
84,38,-92,-2935,535,99
104,37,65,1548,-6458,764
119,39,60,1614,-7055,979
-122,40,53,1211,-7137,1439
-96,22,-93,-11109,-4427,6816
-117,5,115,-12666,-3722,7073
-125,82,-75,-8230,-9091,7796
89,122,-73,-7648,-9248,8197
52,-92,-59,-6629,-9313,8444
-24,-120,101,-5852,-8711,8293
E
-23,-77,-110,-5236,-9420,8781
83,92,85,-3502,-8469,10021
-121,122,123,-4538,-6914,9275
-66,-116,-95,-6132,-5734,8336
45,-116,-88,-7983,-5444,7191
102,-128,-118,-7607,-5855,6798
-99,114,103,-6242,-6045,6215
-48,101,56,-3859,-5864,5389
53,99,101,3156,-3258,2149
68,108,-53,4229,-2508,1217
77,118,-18,4646,-2044,358
82,127,-111,4623,-1625,-561
81,-122,-10,4443,-994,-1666
73,-116,28,4402,-227,-2918
57,-110,65,4478,396,-4135
32,-105,98,4570,703,-5419
0,-99,127,4644,866,-6691
-38,-95,-97,4665,860,-8041
-82,-95,-63,4743,706,-9099
125,-100,37,5430,381,-10047
69,-113,-59,7013,399,-10577
10,121,-96,9247,24,-10845
-55,87,110,11399,-789,-10679
-114,41,59,13051,-1337,-10550
76,-99,-44,12470,447,-10501
75,70,-84,10486,2183,-10692
101,-14,-109,8564,4401,-11244
-109,-99,127,6673,5481,-11653
-49,88,112,4970,5193,-11930
99,93,69,-2735,10537,-9369
-106,-98,90,-2705,10423,-10993
-57,-30,118,-2939,9952,-12315
E
83,90,84,-9534,-1180,17559
124,-71,88,-8797,-1866,20801
-42,-113,77,-1612,-3794,20376
-128,32,56,5898,5131,-13204
72,94,95,4898,7885,-12541
27,-109,-114,4775,9524,-10134
-117,-20,114,-7952,10882,2833
97,-54,-127,-7815,10372,2555
58,-85,-121,-6012,8487,2045
27,-107,-120,-3112,5988,1391
8,-117,-122,234,2934,417
1,-115,-125,3174,7,-368
4,-106,126,4912,-2598,-481
11,-95,118,4889,-4347,182
21,-88,104,3554,-5432,1360
33,-89,82,1575,-6055,2688
67,119,-30,-5650,-5345,4973
69,92,-78,-7409,-5005,5252
64,64,-126,-8548,-4822,5592
-72,21,-126,-8917,-2639,4467
-104,38,96,-8690,-2974,4540
118,63,67,-8425,-4066,4785
85,95,44,-8524,-5402,5046
53,-122,28,-9003,-6490,5286
-110,82,75,-5307,-9168,7223
111,118,103,-3725,-9883,7801
83,-102,-122,-2929,-10213,8061
62,-64,-87,-2888,-9979,8035
64,100,84,-6017,-7234,6337
80,-119,-121,-6767,-6316,5787
98,-87,-67,-7177,-5394,5223
-93,-32,80,-4319,-4401,4319
E
-65,-23,112,-2251,-5003,4253
-27,-98,89,1543,-642,-4962
-45,122,82,1197,-998,-5726
-61,84,82,2114,-1715,-6701
-75,42,86,4159,-2463,-7774
-103,-53,78,10284,-2558,-9773
-118,-105,60,13194,-1936,-10207
122,97,35,14918,-1169,-10010
112,-98,14,8421,-335,-7294
-120,-120,19,6224,473,-7134
-91,121,21,4313,808,-6891
57,110,-57,-1029,6215,-4570
44,113,-113,-1880,8035,-3855
23,123,83,-2489,8392,-3041
36,-125,45,-2782,6075,-11693
-124,-90,89,-2525,7337,-14371
-113,108,75,391,10822,-18706
-105,-82,120,892,9984,-16387
-116,-21,-112,1334,8211,-13543
119,33,-111,1151,5858,-10440
98,75,-128,132,3691,-7538
83,100,104,-1506,2157,-5451
72,107,82,-3599,1241,-3721
65,92,71,-6377,931,-1438
62,-53,115,-12337,1446,5863
64,57,-92,-13779,1084,10871
75,125,-43,-13325,105,16369
94,61,-123,5620,-1285,-2353
73,-100,119,7633,661,-10345
-76,86,-115,9252,4425,-15754
86,-102,-86,8359,5790,-12989
-99,41,73,1987,6828,917
E
-101,58,108,624,6999,1440
-103,63,-118,-1766,8527,1413
-115,54,-87,-4694,11162,1448
76,-50,-95,2431,-9878,-1373
116,-42,-128,1036,-8610,-1024
-107,-44,98,-218,-7153,-190
-81,-52,73,-593,-5969,759
-84,-115,-21,-3813,-1240,3732
-110,120,-42,-5063,-1693,4695
113,92,-69,-5729,-3071,5833
77,60,-101,-5588,-5223,7021
-128,18,-105,-5578,-2122,5345
105,39,-120,-5901,-2322,5017
83,67,125,-6444,-2889,4922
59,98,113,-7027,-3566,4885
31,-125,101,-7360,-4182,5171
125,23,93,-5960,-8390,8394
85,67,109,-5391,-9253,8844
53,113,-123,-5035,-9719,8854
31,-95,-90,-5045,-9808,8432
38,83,-116,-4535,-5294,1932
45,89,-82,-3171,-3933,998
65,69,-66,1845,-1652,906
73,61,-85,2584,-1432,614
79,52,-108,2982,-1096,8
82,38,120,3069,-620,-741
62,112,32,924,1168,-4210
68,-107,43,11903,-4619,-5154
77,120,72,12598,-5266,-5704
94,89,113,13726,-4857,-6379
115,57,-93,14949,-4373,-7280
11,116,92,1609,-3381,-5827
E
-111,54,-37,-2072,8073,-9442
-121,65,35,-459,11330,-17988
-14,116,76,-671,11792,-18492
-37,103,127,-3448,4256,-7654
-51,-126,-118,-4201,3519,-5333
-60,-121,-112,-4904,2946,-3150
-65,116,-112,-5447,2515,-1176
-64,74,-122,-5746,1825,768
-86,117,-35,-9584,-1653,12944
-125,-24,-64,-9654,-1867,16436
90,93,-87,-9163,-1480,19422
58,-86,-107,-4491,-649,18358
80,-93,-105,-704,-471,12399
110,-53,-96,2741,-572,3616
-128,14,-84,5289,-1223,-5771
121,79,-72,6416,-2070,-13203
85,126,-63,5600,-2200,-16374
-86,-73,-65,-1244,-733,-3794
-100,-57,-63,-1675,489,609
78,63,78,8848,5265,-5335
96,95,98,8074,3565,-5051
100,121,103,5486,2310,-3094
89,-121,95,1734,2985,-460
63,-125,79,-2437,5911,1935
15,107,-116,-10911,-9572,8479
41,125,-65,-9462,-9616,8908
77,-116,43,-7810,-9971,9298
124,-101,-49,-6210,-10535,9616
-75,-86,-83,-4920,-11160,9823
-8,-72,-120,-4088,-11690,9726
65,-61,96,-3731,-11594,9203
-114,-58,61,-3506,-10809,8134
E
79,-108,-48,-1650,-5782,3528
118,121,-104,-246,-4313,2430
-114,101,15,1350,-3467,1803
-99,93,56,2702,-3090,1371
-89,96,21,3563,-2558,748
-81,105,-19,4223,-1841,-300
-76,118,-60,4705,-828,-1670
-76,-122,-100,4983,223,-3265
-82,-102,121,5054,1388,-4984
-97,-79,91,5355,2653,-6611
-123,-50,68,5872,4035,-8028
-42,81,-96,8601,4309,-10215
-114,127,-52,10050,3230,-9886
-99,-80,68,10177,-2166,-6322
-121,-118,-48,8247,-1142,-6285
115,101,-90,6336,309,-6145
101,62,-125,5242,1550,-6281
88,24,98,4683,2173,-6537
120,79,67,-1363,7442,-13761
-92,118,87,-832,5620,-11601
-54,-105,92,-941,3979,-9370
59,116,-66,-12899,534,14784
120,124,-69,-11470,326,22578
105,66,92,2112,4068,2490
-109,68,-127,1861,3540,3831
-70,63,-99,1463,3152,3990
-96,-2,112,-6191,-7452,6165
-117,-11,83,-6311,-8311,6485
-112,77,-36,-5481,-5945,5048
115,100,-41,-5025,-5601,5082
93,125,-41,-4882,-4754,4935
77,-102,-38,-5361,-3607,4763
E
4,-125,99,-4342,-10350,9730
9,-99,-127,-3132,-10388,9102
117,-12,83,3041,-6247,3463
-121,-95,-48,3060,1148,-3334
118,-127,-73,4007,1453,-3986
103,94,-97,5016,1758,-4463
91,56,-121,6109,2286,-4848
84,17,110,7160,2910,-5179
80,-65,58,8442,3801,-5866
79,-106,30,8507,3866,-6076
114,-99,9,12698,-2560,-3329
109,104,36,14289,-3461,-3537
104,51,71,14852,-4316,-3822
101,1,118,15442,-5921,-4309
105,-38,-82,15389,-6708,-5138
120,-61,-23,14679,-6910,-6351
-101,77,57,-615,6536,-7791
-38,-120,84,-2328,7772,-10311
74,-7,124,-4997,8130,-14865
119,53,-114,-5853,7652,-16348
-100,118,-94,-6443,7091,-16755
-72,-73,-73,-6526,6757,-16655
73,-103,-73,-13133,-1524,6293
80,-42,-95,-15277,-488,12069
92,-15,-104,-16891,1210,18523
114,-1,-97,-16703,2639,23483
-109,42,-77,-13901,3325,25029
-68,-102,-49,-8603,2624,21552
-69,-115,22,3210,6473,-7472
-86,-71,61,3872,8135,-4652
-82,-25,105,4542,8219,-2470
-71,18,-112,4401,7343,-629
E
93,-48,-72,-5986,11242,-748
44,-70,122,-3726,10172,-417
-43,-84,-87,1496,4343,1605
4,-80,-121,-1764,-6632,3043
117,-81,-8,-7739,-7729,7421
-111,68,-73,-4972,-7590,6255
115,110,-76,-7312,-7160,5837
86,-103,-76,-9311,-7148,5759
-13,-128,89,-6697,-7107,5303
-14,-102,-118,-5661,-7296,5259
82,-7,111,-677,-6199,4357
113,2,-122,177,-5261,3502
-114,8,-111,1019,-4437,2588
-91,11,-112,1863,-3717,1685
-74,12,-123,2621,-2945,753
-127,-46,-31,4799,1529,-3969
114,-64,-53,5543,1209,-4519
104,-83,-73,6446,1059,-5080
99,-103,-93,7178,1559,-5704
96,-125,-114,7716,2253,-6338
93,108,121,7673,2808,-6975
89,81,100,8291,2887,-7434
85,50,82,9349,3036,-7551
102,-72,33,15333,-1213,-7162
120,-98,30,14833,-1313,-7601
-116,-125,31,12987,-371,-8055
-96,101,38,11460,493,-8377
-77,70,53,9985,1660,-8280
32,54,118,-6475,-633,901
-109,55,-50,-3603,7747,-8867
-101,87,23,-862,11225,-16111
37,124,107,1268,13621,-19518
E
81,-87,-104,1579,13625,-20224
92,-112,3,-937,9052,-14688
-82,-124,-33,-1028,-9609,20985
10,123,82,5804,4898,-15726
-84,-53,112,6938,5487,-18280
-79,82,-106,3400,5508,-4707
-100,109,-80,1179,7365,-629
-102,-126,-40,210,8716,1453
-99,-110,7,156,9057,2096
-97,-98,52,513,8865,1915
-100,-90,89,18,9105,1727
-108,-88,115,-1555,9985,1625
-123,-95,-122,-3693,11429,1404
111,-109,-107,-4948,12591,553
77,-123,-93,-5138,12570,-81
32,122,-83,-4111,10591,-66
-21,113,-81,-2481,6714,868
-73,106,-90,-1141,2020,2112
-117,98,-114,-1376,-2067,3636
111,82,104,-2547,-5435,4718
97,54,52,-3868,-8183,5299
108,-35,-111,-7310,-10732,5578
101,-58,104,-7024,-10986,6042
85,-70,74,-6657,-10779,6205
-59,56,-102,-8332,-7231,8680
-56,104,-68,-8238,-6938,8719
86,55,-116,-3853,-8178,7856
-128,80,-78,-3528,-7382,6813
-87,94,-42,-3568,-6481,5661
81,62,127,2947,-4123,1699
100,70,-78,3993,-3586,1102
116,80,-88,4324,-2709,183
E
126,89,-100,4123,-1622,-1023
127,93,-109,3611,-451,-2395
120,91,73,3122,554,-3824
104,84,-67,2884,1269,-5185
69,-51,-108,13391,2923,-7727
47,-72,94,14037,1664,-6590
105,-28,117,2895,-1590,-7034
113,-48,108,905,-1195,-6778
115,-61,92,-1020,-1631,-6116
109,-65,74,-2505,-2197,-5150
98,-59,58,-3323,-2226,-4046
124,52,-36,-2235,9151,-13610
90,72,-88,-5944,9147,-16806
-100,107,-92,-7093,8581,-16559
-38,-103,-84,-6929,8166,-16112
-119,118,6,238,3196,-9321
126,-85,-4,-11709,4836,2323
92,-96,27,-16522,6219,11511
101,59,46,-8281,-276,25091
-112,-73,26,-2670,-3008,23442
105,73,108,8787,2909,-22433
20,-104,-122,5584,1781,-16769
-18,58,125,-4266,15203,-1065
46,-68,-124,-11866,-5387,4367
60,-127,-121,-13904,-5537,4810
61,65,-123,-14260,-6670,5251
-12,-67,-124,-9575,-9020,4046
-70,79,62,-5000,-12343,8780
-128,123,98,-4759,-12399,9404
75,-83,-111,-4594,-12831,9981
-27,94,81,-3805,-13706,11428
-29,-94,-110,-3500,-12551,11273
E
92,-128,79,-5771,-6026,6647
-127,-103,125,-6348,-5813,5599
-89,-91,-82,-6135,-6171,5047
-104,-53,-47,6394,-3750,806
-96,-44,-95,6480,-2236,-804
-102,-41,112,6080,-829,-2122
-120,-45,68,5684,275,-3072
43,-92,-65,6501,2709,-5195
23,-111,-95,6849,3421,-5841
3,119,127,7152,3991,-6477
-84,-64,-109,6227,5355,-7440
-92,-94,104,4727,5184,-6934
-94,-120,67,3326,4827,-6282
-92,114,37,2549,4113,-5457
-106,-105,28,6399,-2025,-4069
-96,107,55,9588,-2838,-6991
-77,57,97,12536,-3886,-10376
85,100,24,-174,7095,-1074
97,-102,5,-970,9531,412
51,116,-38,-5518,5576,-12971
-121,-93,-26,-6290,5334,-15755
125,-93,23,-7057,5050,-17186
126,76,18,-6300,849,-11666
104,115,12,-5650,-1031,-9932
81,-111,9,-5252,-2273,-8323
20,-92,124,-9601,2854,9728
126,74,-96,-7166,1081,19699
-42,-98,-115,-3858,-1439,21646
-114,-46,46,2225,-4253,14664
-116,-55,36,6248,6051,-17449
-56,-116,-91,9310,9466,-18471
-88,104,67,-2826,11469,-374
E
121,102,111,-6943,12117,2287
72,76,-91,-9282,13290,4322
-90,-84,-69,-7386,14552,8150
-126,126,-113,-4264,11748,8375
115,94,82,-1553,7370,7310
124,78,3,976,1584,5332
-98,80,-87,2667,-4141,2814
-48,92,74,2756,-7656,905
55,94,89,-2173,-8334,-571
95,73,68,-5165,-8130,-79
-128,36,-88,-7865,-8451,772
-49,-121,-61,-12002,-11354,3041
-121,3,110,-8954,-8683,3676
-101,98,-37,-5103,-10531,5271
109,124,-40,-4198,-10056,5169
66,-106,-34,-3341,-9317,4835
-124,32,68,-1609,-9720,1912
99,48,100,-1201,-10452,1428
64,60,-114,-438,-11168,1366
-18,-113,-118,-225,-11267,4971
-83,-13,-106,5573,1298,-3532
-76,-39,120,4836,2727,-4965
-74,-72,90,4364,4141,-6155
-77,-111,59,4207,5371,-6932
-85,103,29,4262,6208,-7188
-109,-31,-68,2701,4979,-4633
-102,-55,-87,2637,5021,-3840
-92,-79,-110,3543,5414,-3061
-88,-106,121,5640,5015,-2183
-94,124,98,8286,3129,-1245
-106,104,79,9952,762,-222
-119,93,62,9969,-638,930
E
-126,98,44,8682,-1035,1893
-124,116,24,7006,-705,2186
-112,-120,10,5874,507,1235
-97,-112,6,6175,776,-714
-87,-116,29,7127,-1599,-3234
-81,126,80,7814,-5098,-5651
-74,108,-99,7184,-6095,-7535
46,-126,103,716,13839,-6997
99,-106,107,1247,17100,-7240
-101,-82,112,1635,17062,-8084
-39,-56,122,2056,15703,-9861
-95,56,-64,1588,11550,-16661
-42,114,-44,473,10664,-17352
43,-87,95,-8334,-4904,1575
-118,-127,-42,-13468,-3815,19822
116,107,97,5248,7110,-15451
61,-93,124,5232,7482,-12675
-97,20,106,-6057,13161,4104
112,-17,-115,-7003,13454,4941
64,-58,-89,-7091,12283,5558
-4,-126,-73,-3572,5609,4581
-19,110,-81,-1030,1479,3471
-24,95,-98,358,-1983,2753
-20,83,-127,630,-5110,2398
-20,-106,-76,-8394,-6402,3233
-47,-97,-106,-9143,-6393,3192
-84,-76,116,-10494,-6569,3614
-128,-45,79,-11699,-7668,4574
-101,-125,12,-10021,-12840,8434
98,-69,41,-9056,-13600,8712
126,109,49,-4073,-10060,6513
-86,126,99,-4434,-9283,5834
E
-41,-120,-113,-4325,-8867,5339
58,-111,-45,-2243,-9256,5086
113,-106,-24,-912,-9136,5047
-87,-100,-14,266,-8296,4845
61,-85,-99,3715,-2771,603
65,-84,116,4167,-1970,-932
58,-84,76,4403,-1183,-2491
-63,-106,-32,4601,3439,-7258
-103,-121,-54,5488,4531,-7627
115,120,-83,6754,5322,-7570
83,104,-122,8075,5835,-7190
59,89,87,9026,6168,-6561
91,126,-13,12140,7788,-4983
110,67,-60,12644,6926,-5031
-127,3,-95,13057,5439,-5256
-111,-63,-117,13248,4361,-5607
-96,127,127,13019,3611,-5928
-81,69,123,12140,3537,-6226
-65,27,127,10547,2919,-6497
53,74,-74,-55,116,-8928
56,116,-84,-1232,-1184,-7725
45,-94,-102,-2213,-1987,-5813
-13,72,117,-2867,2589,-2385
-4,105,-119,-1993,3429,-3308
13,-120,-89,-1130,3304,-4408
-113,40,48,-532,3958,-10914
-88,98,82,-1061,4655,-12470
-72,-94,116,-1681,5284,-13400
-113,36,111,-613,4244,-9658
126,59,116,-1129,3285,-8111
106,64,108,-1971,2649,-6336
90,51,89,-3008,1886,-4258
E
73,-83,56,-9273,-2971,18670
100,-73,106,-777,-4609,15517
-36,-103,96,3906,-5123,8705
-96,119,-25,7304,-2149,-14298
-121,92,-34,7367,7739,-11072
75,127,-38,7449,6999,-7364
-97,-45,66,-9584,10224,3644
-81,-59,-116,-10246,11319,2991
-101,-107,45,-4159,4082,917
-107,-118,49,-1510,-287,772
-107,-128,31,209,-3345,810
-99,117,0,546,-5235,1296
-86,105,-36,395,-6035,1756
-67,92,-74,25,-6661,2275
-43,80,-109,-960,-6726,2703
-17,67,117,-2375,-7057,3183
33,-80,-110,-8057,-11479,6541
22,-104,101,-8345,-11792,7142
-70,125,-16,-8068,-10261,6691
-103,-119,-21,-8179,-9808,6612
121,-106,-19,-7884,-9387,6690
-104,68,59,-829,-3662,2196
-124,79,71,-622,-2766,1511
113,83,81,-242,-2069,1261
99,80,88,458,-1826,1389
89,69,88,1574,-1994,1682
83,51,81,2998,-2299,1871
79,-111,-33,6794,378,-140
78,99,-59,7260,735,-263
81,50,-83,7792,1024,-444
103,-41,-113,7795,1764,-1425
126,-78,-115,6847,2499,-2362
E
-100,-110,-109,5608,3412,-3509
-65,119,-97,4728,4198,-4504
-26,96,-82,4319,4947,-5337
-100,44,65,5488,-823,-3224
-109,38,81,5776,-2326,-2260
-118,26,96,5935,-3057,-1686
-127,9,111,6673,-3363,-1615
127,-16,127,8105,-2626,-2227
-126,-42,-109,9888,-1049,-3229
-118,-64,-87,11216,543,-4346
-110,-78,-61,11363,1268,-5037
-103,-78,-39,9549,1003,-5231
125,56,-108,-4332,-7780,-232
105,96,92,-5413,-8177,1232
83,-126,38,-5303,-6681,2104
-103,15,107,1549,8078,-6476
-53,56,-101,1304,8241,-8002
-122,71,55,-4660,5357,-11293
-111,120,85,-4195,5510,-11083
-107,-91,117,-3234,5730,-10630
-111,-49,-110,-2269,5516,-9958
-117,-8,-87,-1775,4896,-9053
-123,29,-72,-1714,3949,-8285
126,63,-64,-1905,2810,-7550
118,94,-63,-2566,1755,-6591
110,116,-67,-3833,994,-5017
95,120,-72,-5560,771,-2868
73,99,-77,-7678,1028,412
108,-96,-1,-6093,-3064,21562
124,-100,-29,3005,-5869,12297
-14,-120,-66,5934,-5126,3770
40,-71,-101,7550,-3139,-4923
E
-98,126,-124,8027,2363,-15218
-116,59,-98,8676,5707,-12765
36,-116,-82,8470,6334,-9239
112,3,-88,-3600,14923,-1655
62,61,-90,1123,-6078,3108
98,49,97,-73,-4140,2900
-70,-13,-124,-3104,-2186,2819
18,-102,-93,-7841,-7333,5302
53,102,-116,-8734,-7852,6565
84,43,108,-8367,-8357,7454
123,-74,27,-6546,-6952,7550
124,-122,-18,-5650,-6097,7210
111,96,-67,-5225,-5712,6950
85,65,-115,-5464,-5574,7077
122,-48,-90,-3017,-8402,8696
66,-47,-126,-2978,-8431,8277
-74,-122,83,-3027,-6523,4633
-112,-90,101,-2488,-5738,4455
113,-62,122,-1713,-4909,4318
89,-37,-114,-827,-4186,4112
71,-27,108,3562,-733,-206
80,-48,109,2919,-1240,-1422
94,-70,115,1897,-1334,-2788
114,-91,124,804,-640,-3830
-118,-107,-123,-655,680,-4274
-91,-115,-117,-2844,2273,-4559
-67,-118,-116,-4046,3016,-5012
-49,-122,-118,-3614,2992,-5406
-39,119,-118,-1436,1856,-5559
-37,88,-118,1422,486,-5455
-57,-79,-75,12614,-8038,-4020
-61,123,-38,13356,-9288,-4026
E
-33,69,105,9078,-8488,-4828
-12,84,-122,4660,-7182,-3736
15,109,-109,630,-6996,-2388
44,-119,-111,-2767,-6773,-1080
74,-96,-124,-4627,-5619,-400
99,-79,115,-4849,-2944,-331
113,-65,91,-3582,880,-1126
113,-50,61,-1870,5087,-2160
-102,74,-33,-695,10429,-6055
-117,-62,31,-2764,8104,-12259
108,61,-65,-936,10093,-15764
-111,113,-2,-211,10951,-15080
-91,-89,59,531,11403,-14215
-82,-32,113,1378,11182,-13487
-81,25,-100,1959,10326,-12869
-84,80,-69,1969,9056,-12013
-92,125,-49,1219,7744,-11036
-106,-102,-37,-350,6578,-9320
122,-99,-32,-2736,5344,-6296
76,107,-35,-5040,3794,-1308
-21,-111,-107,-3832,-3183,16950
97,84,64,152,-5023,18777
-122,37,-122,6550,4035,-15663
32,-111,-89,10028,3824,-16356
120,106,-51,11421,4854,-9807
-70,62,-127,-2905,14212,-2291
99,50,83,-3200,16910,-2099
-103,32,-97,-1980,14531,-1307
123,-17,-83,-133,-9261,1998
-124,-80,-5,-5048,-4447,2930
41,120,-99,-10833,-5378,3954
-40,124,58,-4153,-8067,4887
E
-77,122,80,-3521,-8110,5165
-118,125,-82,-2837,-8099,5694
92,-121,84,-2492,-8376,6229
44,-103,64,-2684,-9139,6517
37,51,112,4031,-1076,1653
105,-20,89,4351,3611,-1540
-127,-38,86,4232,4782,-2138
-101,-57,84,4323,5801,-2719
-77,-78,84,4576,6499,-3118
-57,-99,85,4730,6784,-3138
-42,-116,85,4716,6633,-2788
-32,127,84,4618,6257,-2185
-25,118,82,4493,6147,-1427
-19,114,78,4294,6260,-662
-15,115,73,4073,5907,-201
-15,121,64,4472,1554,-739
-17,124,65,4885,-2253,-1518
-19,125,75,5560,-6384,-2431
-16,126,97,7364,-9576,-3384
-7,-128,-120,10322,-11056,-4508
-92,109,125,13862,-13493,-8314
96,103,-125,-2770,-3938,-3328
-124,-123,123,-4804,2618,-3352
-104,-107,-118,-4682,8221,-5049
-105,-88,-20,-2710,11965,-8035
-114,-57,-104,-1334,13485,-10741
126,-18,-125,-1477,13874,-12680
104,18,107,-2646,13423,-13763
80,46,76,-3418,12715,-14318
-25,-108,-94,603,5247,-10086
-44,-80,92,755,3687,-8897
-35,118,-71,-4800,205,-6283
E
-69,-102,-58,-17097,1011,14568
127,103,-2,-12471,-2481,22092
-45,67,126,-208,-5378,11436
-13,110,89,9766,36,-17306
-75,-115,96,6612,2183,-15080
123,-97,102,3580,3354,-10563
86,-82,118,1779,3718,-5947
72,-64,-109,1706,3536,-2621
104,-6,-103,4850,2292,-906
-118,34,116,6126,1830,-1768
-83,74,67,6073,2015,-2669
-45,-124,-67,2231,4893,-3164
-51,-116,115,-171,6767,-2999
-74,-119,-20,-2136,8533,-2834
-111,127,37,-3593,10392,-2614
87,111,28,-4364,11610,-2037
-75,86,62,-2073,8079,360
103,85,110,-121,3995,2256
43,89,-94,1680,-1312,4253
84,-127,-127,3375,-11074,4746
-118,-119,20,2216,-10619,3640
-67,-117,-29,771,-9523,2357
-48,63,113,-886,-7254,8873
-37,104,-106,-910,-6848,7962
-22,-116,-70,-1477,-6415,6968
25,-121,-104,2768,-3617,4776
54,-97,-110,-37,-3561,3756
84,-92,-103,-2476,-3292,2364
111,-107,-84,-4174,-2859,912
-124,116,5,-5164,-2345,-295
-110,69,-95,-5696,-1879,-1022
-99,15,-128,-6026,-1796,-1368
E
-87,-41,99,-5237,-1867,-1573
-67,-90,74,-2220,-3406,-1916
121,19,123,18175,-5381,-8960
-121,101,-60,18241,-2604,-11356
110,-90,127,15512,-380,-13199
-96,-67,-42,5479,2313,-12556
104,-93,-23,3349,1828,-10184
-21,125,102,1992,988,-906
-43,-97,-81,1182,8230,-4685
-32,-104,-116,257,10698,-7080
-12,-126,111,-461,11903,-9781
20,93,87,-902,12262,-12287
38,-124,42,-467,12607,-18497
-117,88,41,316,12931,-18802
-99,80,60,2712,10539,-16638
-44,123,71,2755,8086,-15016
-82,119,25,-5262,-3168,-6118
-112,-126,0,-8590,-3248,-3449
117,117,-18,-11522,-2923,267
63,118,-37,-12590,-6151,17742
-115,92,-63,-7235,-8041,27254
-71,20,109,5089,6421,-20180
47,53,121,7049,4436,-21160
-92,65,117,7707,2682,-17665
60,69,107,7027,2209,-11980
26,115,104,3352,2382,18
66,-121,111,1690,2745,1323
105,-110,123,100,3542,1935
-116,-109,-114,-1796,5566,2453
-84,-118,-84,-3169,9013,3298
-53,123,-30,-4788,14469,4399
1,86,-125,-5543,19996,5309
E
-60,-111,-75,1861,-6769,-2660
-66,-98,116,-1091,-6515,-1337
-65,-93,58,-3880,-5500,-293
-54,-94,-57,-7369,-5158,742
-50,-95,-79,-8403,-4572,1171
-47,-94,-93,-9793,-3603,1655
-45,-92,-100,-11123,-2599,1999
-47,-93,-99,-11828,-2066,2299
-54,-99,-93,-11565,-2234,2602
-67,-112,-87,-10239,-3828,3002
-90,-128,-90,-8103,-6325,3432
-120,113,-104,-5251,-8914,3929
98,105,-124,-2930,-10318,4222
53,111,111,-1660,-10621,4280
0,-125,95,-1726,-9844,4246
-65,-98,85,-2217,-9592,4650
119,-67,77,-3568,-10259,5414
-84,56,83,-5724,-12859,6985
-123,93,99,-5446,-12442,6533
111,-127,126,-4674,-10920,5607
107,-102,-96,-3882,-8940,4641
113,-84,-60,-3276,-7592,3893
125,-72,-20,-3198,-7029,3512
-118,-60,27,-2822,-6448,3363
-101,-51,78,-1926,-5922,3361
-82,-44,125,-524,-5311,3158
42,-85,-127,6198,981,-579
60,-111,87,6405,2312,-1422
70,117,46,6482,3240,-2056
60,-24,117,5879,5487,-3759
67,-51,82,6150,6452,-3918
78,-80,49,6688,6950,-3665
E
92,-111,18,7338,6875,-3076
106,110,-8,7888,6280,-2164
119,73,-30,8434,5183,-1265
-128,35,-46,9051,3361,-339
127,-45,-56,10100,-343,242
123,-86,-52,10659,-860,-263
118,-127,-44,11377,-1479,-1138
114,90,-35,12263,-1828,-2736
-82,40,102,-2716,9142,-8039
99,89,-67,625,12838,-13740
-67,122,-23,1280,13486,-16058
114,29,122,95,14359,-16084
126,96,-82,-1073,14018,-13689
116,-94,-31,-1649,13225,-11506
16,-128,63,363,3188,-8150
-18,-114,-87,-8193,-4040,6005
80,53,85,-10886,-6044,16792
-98,122,45,-10308,-6860,20084
94,91,-46,-2548,-1486,4840
-122,-101,36,3845,2597,-14579
18,123,-123,6313,6374,-9178
107,-36,-110,-2776,-7109,3949
-113,-68,124,-3667,-7217,4565
-77,-103,101,-4066,-7204,5175
-45,116,77,-4671,-7019,5680
-11,-85,116,-5636,-9645,6478
-33,-122,54,-4383,-11418,6829
-104,90,-71,-3117,-14035,7656
104,84,-126,-3743,-13737,7606
52,86,86,-4557,-12117,6974
-51,109,42,-5864,-6174,4693
-99,125,38,-5783,-3772,3915
E
112,-115,38,-5137,-2622,3871
74,-98,38,-4290,-2585,4479
-29,88,85,-8258,-6746,6460
-32,118,-107,-5696,-9143,6986
-45,-102,63,2909,-5459,3063
-49,-113,58,4057,-3198,1893
-55,126,36,4964,-1791,1163
13,-99,114,1456,3258,-4403
35,121,107,1438,4263,-5211
54,79,98,2897,5007,-5474
34,-107,74,15522,-1324,-3699
-38,-45,-127,13637,-4299,-1053
-18,73,119,-1721,-6412,-5584
-32,96,91,-3462,-2814,-4298
-21,118,76,-3807,2382,-3612
16,-113,79,-2721,6698,-3875
77,-82,100,-1325,9010,-5079
-97,-45,-120,-257,9647,-6945
-75,103,22,280,8380,-15647
69,-17,123,-340,8904,-18921
117,64,-81,-495,9400,-19402
-111,-104,-29,-511,9415,-19089
-110,74,51,-865,8530,-16078
125,-107,74,-1403,7814,-14371
89,-48,85,-2242,6442,-12863
-111,-77,29,-7017,-3155,-2208
-109,89,35,-9625,-2434,2632
88,74,-118,-15541,1196,17592
-61,-128,-72,-13075,1014,19103
114,-110,-18,-1722,-381,11295
-124,-109,-24,4366,-1051,3744
-83,-55,-110,11056,2619,-14276
E
55,65,-118,9724,5855,-15764
-60,-83,-105,8328,8420,-15218
-87,-21,117,481,6253,-911
103,-53,-53,-4466,11893,2491
54,-76,-99,-4135,13337,2519
-6,-95,110,-3135,13497,2385
-67,-104,55,-1279,11943,2372
-118,-101,-14,1303,8419,2204
108,-83,94,4012,3454,2182
110,-52,68,5585,-1696,2219
-112,-15,-87,6243,-6222,2420
105,87,71,-649,-7941,1993
-81,91,-51,-3619,-6730,1638
-24,81,-108,-5680,-5226,1059
-62,112,-51,-10053,3356,-550
-71,44,-98,-8867,-365,921
64,-109,-58,-2976,-12748,4747
-119,113,78,-2840,-14470,5273
-51,75,-107,-3857,-14826,5723
62,-60,-98,-6609,-13413,6460
65,-99,-107,-6902,-12807,6708
47,123,-121,-6997,-12354,7172
12,96,116,-6863,-12365,7833
-39,75,100,-6456,-12602,8531
-102,63,88,-5803,-12909,9005
84,62,-106,-5142,-13066,8993
80,-109,-28,-4730,-10414,6169
91,56,69,-2867,-6789,3172
73,71,118,-1243,-6604,2888
62,76,-92,555,-6122,2634
91,-67,-89,4998,3136,99
110,-87,-111,4080,3214,101
E
-122,-101,-127,2553,2889,-34
-93,-111,117,975,2430,-615
-60,-119,111,-43,2416,-1370
-27,127,107,118,2604,-2191
4,111,107,1616,2377,-3035
28,86,113,4261,1982,-3632
46,55,122,7184,1734,-3814
57,21,-123,9540,1124,-3408
73,-50,-80,11738,407,-2195
81,-79,-46,11984,1113,-1611
94,-109,44,11915,1882,-1829
101,-108,94,11317,2004,-2739
108,-95,-119,10156,1902,-3825
111,-70,-88,8357,252,-4403
109,-38,-69,6114,-1699,-4338
79,46,-97,613,-3325,-2345
48,93,112,-1761,-2495,-1186
-85,77,-74,-194,9557,-17198
97,31,-104,-118,12639,-18321
102,108,-57,-90,12044,-17523
48,121,-74,-1040,-431,-9194
38,-109,-103,-1886,-2643,-7123
27,-113,122,-3085,-3686,-4829
12,105,91,-4181,-3291,-2455
-13,94,-104,-7200,-5454,17547
45,-125,73,-7926,-9403,23642
-115,-75,-13,-8397,-12725,26915
-123,-46,105,-7348,-11486,18312
-64,-94,127,2497,5095,-17586
-82,93,-56,6954,6366,-22127
69,-118,13,3624,11455,-3939
85,-78,61,2485,12085,-4054
E
79,-51,100,-101,13198,-3084
50,-43,-112,-3598,15691,-1667
-75,-74,-76,-6721,18818,-192
99,-92,-97,-5117,16841,-492
19,-102,123,-2407,12674,-930
-47,-99,61,817,6232,-1093
-87,-61,78,5215,-7198,872
-58,-36,114,5449,-10803,2509
-82,-39,95,955,-9791,8327
-32,-69,-124,149,-9328,8267
9,-102,-94,-522,-9126,7385
41,123,-62,-825,-8776,5870
66,69,83,-1950,-5980,3466
-45,-74,-114,-7673,-5394,6903
-68,-95,98,-7579,-5127,6715
-92,-109,56,-6874,-4407,6235
-119,-117,19,-5904,-3704,5864
104,-119,-16,-5066,-3729,5813
65,-116,-52,-4521,-4649,5963
22,-113,-88,-4262,-5769,6243
-29,-111,-126,-3747,-6774,6884
-92,-109,94,-2854,-7758,7825
86,-101,59,-1968,-8656,8714
27,86,117,-6984,-6041,6152
57,102,-75,-3087,-4905,5389
85,109,-35,738,-3786,4259
108,107,-23,3955,-2705,2963
123,100,-37,6149,-1685,1695
-126,89,-72,7145,-747,569
-125,75,-117,7084,72,-313
-127,58,92,6497,846,-1034
-127,37,49,5654,1645,-1721
E
-94,-67,-41,4289,4114,-4256
-74,-112,-61,4364,4584,-5053
-58,97,-79,4990,4391,-5684
-67,-37,-121,9666,-274,-6016
-83,-74,-123,10686,-2046,-5366
-97,-108,-117,11255,-3099,-4600
-103,116,-101,11430,-3014,-3671
-101,86,-70,12122,-3159,-3207
22,114,-117,-4775,2797,-3868
5,-125,88,-5449,6683,-3084
-128,42,-38,-3379,6842,-12590
91,-111,11,-5350,6251,-17316
102,86,66,-6427,6131,-18461
-105,-88,76,-6815,5369,-17684
-76,71,89,-7387,3781,-15579
-92,127,96,-7374,3074,-13738
-120,-101,101,-7475,2452,-10828
103,-111,99,-8003,1724,-6950
73,97,89,-8982,392,-2273
56,-126,49,-11581,-2832,9289
-103,91,-23,979,-4792,15459
120,10,76,9434,8591,-18040
32,89,115,10217,8278,-14898
-25,-92,-108,9368,7525,-10703
-46,54,107,-7737,14702,2702
92,-54,-59,-1301,-6147,2266
125,-75,54,-3281,-6299,3964
-93,-107,96,-5442,-6221,5042
-53,109,-124,-7989,-5545,5295
-89,14,-101,-5086,-12692,4292
-128,16,115,-4376,-11576,4285
-105,56,64,-1338,-10055,5487
E
92,72,61,-1144,-9159,5718
-60,-115,57,-2195,-7284,6167
-108,-83,64,-2818,-7880,6542
102,-45,81,-3537,-8754,7030
93,-112,-32,4233,2180,-1911
106,115,-58,3688,2763,-2642
118,85,-80,2949,3152,-3249
-125,57,-96,1962,3264,-3719
-114,30,-108,1078,3034,-4074
-104,3,-116,740,2730,-4224
-95,-22,-120,1398,2352,-4104
-87,-51,-120,3335,1568,-4000
-79,-88,-114,6092,1250,-3828
-69,124,-104,8935,1533,-3470
-56,77,-89,10586,2333,-2706
-22,-65,-117,15169,-6278,-5156
-47,-85,-84,15997,-10082,-7374
109,107,30,-398,6024,-4685
-104,-122,83,969,8005,-5955
-59,-94,-113,1375,9541,-6880
-121,70,99,1461,11224,-13245
-83,-128,-118,1672,10959,-14630
-59,-64,-87,1555,10340,-15652
-64,-115,-53,-1047,4508,-14320
56,106,-44,-12677,-2520,-452
58,93,-93,-16323,-1801,9409
52,-98,-96,-16133,-1767,15272
90,-107,-85,-1744,-4800,21070
121,101,-84,4061,-4954,15755
-106,-124,-88,8335,-4817,7598
-85,-37,-94,10301,-3664,-1926
-79,77,-95,9989,-1170,-10784
E
-95,-70,-86,8807,1764,-17298
125,18,-62,8248,4035,-20325
-41,81,106,5001,4938,-6821
-59,-108,-116,1834,5538,-2869
-70,-70,-84,-1865,7866,-437
-117,-92,-83,-7206,14523,1196
91,-127,-114,-7418,15996,1348
30,94,106,-6309,15641,1350
118,50,-75,830,3957,1371
102,57,100,1933,-597,1298
-110,68,115,903,-7600,1685
-61,66,96,-343,-9691,2230
107,-39,99,-5784,-8225,6455
122,-86,-122,-6082,-8103,7666
-127,122,-97,-5817,-8723,8480
-128,76,-78,-5497,-9685,8998
119,36,-64,-5392,-10572,8971
70,-24,-108,-6278,-11569,8218
-125,-91,-4,-2622,-10182,8510
-97,93,-60,-6638,-5876,7705
-123,-109,-65,-8184,-5378,6469
106,-57,-63,-8995,-5771,5693
57,117,-57,3430,2467,-3067
66,89,-89,2328,3985,-4350
71,54,-124,1305,5491,-5454
68,-114,-18,5198,6978,-5827
66,113,-48,7199,5731,-4861
66,94,-67,8535,3566,-3937
69,81,-73,9131,1418,-3257
76,71,-70,9578,232,-2904
85,59,-59,10029,-72,-2650
121,4,79,13336,-3236,-2615
E
-122,-6,-111,13603,-4451,-3294
28,54,-125,-392,-5284,-2493
47,71,116,-3098,-2526,-1252
45,81,82,-4535,1781,-294
121,110,119,-1955,11909,864
-73,-60,-73,-623,8019,291
-114,16,-95,1793,7306,-16059
123,89,-30,-3,8113,-17632
-65,-121,-17,-723,6826,-15745
88,-10,-109,-3585,-3031,-4111
83,-55,83,-4103,-4360,-2116
71,-127,4,-5084,-5471,852
48,-101,85,-9168,-6109,11077
86,-114,-13,-10757,-4186,19215
-67,-121,-125,9235,7652,-10541
124,-56,-96,10264,9699,-14820
-93,-112,37,1366,7521,-5226
-99,-76,79,-2539,7541,-1220
-92,-55,-128,-6004,9056,1627
-83,-49,-68,-8103,12261,3310
-99,-74,90,-6507,17977,3762
-124,-87,-90,-3209,16737,3005
107,-92,-33,-87,12588,2459
73,-89,-76,-1911,-5741,496
80,-99,108,-5068,-8932,514
85,-121,29,-7645,-9553,457
90,107,-46,-8506,-9804,723
99,80,-110,-7531,-9338,848
111,59,96,-6282,-8345,1172
121,44,53,-5028,-7572,1218
126,41,-64,-4500,-8187,1688
108,52,-107,-5704,-8440,1672
E
80,68,106,-7000,-8922,1672
-100,-101,-9,-5800,-9497,3245
117,51,51,-4881,-8252,6175
92,78,71,-3874,-6993,6822
72,107,91,-2752,-6728,7635
56,-117,110,-2074,-7137,8374
44,-80,-124,-2305,-8286,8772
65,89,94,-4940,-10535,4486
87,107,-110,-4121,-9729,4103
113,122,-62,-3585,-8749,4035
-112,-120,-19,-3540,-7743,4196
-79,-109,23,-3846,-7065,4251
-46,-102,63,-4031,-6484,4199
-14,-99,101,-3578,-5954,3869
17,-100,-124,-2289,-5278,3287
45,-103,-106,-322,-4455,2408
71,-105,-105,1935,-3358,1303
95,-107,-124,4053,-1919,-95
114,-108,93,5474,-80,-1741
126,-112,42,5993,1851,-3701
126,-125,-19,6265,3896,-5705
112,106,-81,6510,5930,-7372
84,67,106,6776,7601,-8327
-41,-83,-102,8513,7771,-6035
-68,-123,91,8420,6911,-4246
-76,107,44,7743,5966,-2598
54,45,-103,3993,5512,580
74,42,124,3430,4621,784
81,31,101,4402,2288,171
7,-103,107,14849,-8308,-7548
-36,102,120,14087,-8535,-8610
-74,76,127,9800,-7005,-7927
E
-102,84,127,2903,-4343,-5744
-117,124,122,-3998,-2127,-2932
-114,-74,120,-8667,-226,-821
-95,-15,-126,-9630,873,-672
-56,99,45,861,7256,-11506
51,111,102,1962,9246,-14146
-102,-128,-100,2199,10866,-15973
-113,75,-121,2946,13601,-17684
-97,-95,-69,3272,13128,-17282
-121,91,-18,2656,9899,-15783
100,-81,-27,2371,6492,-14591
-76,63,72,710,-2115,-8501
2,80,-126,-10657,-6757,10683
72,122,-127,-16788,-5730,20275
-18,120,-76,-21472,-3614,27890
-50,-63,-121,-17356,3102,25010
121,106,-25,-8752,5534,13837
-84,-125,29,1474,6012,-144
77,-121,-24,7797,5884,-6762
80,-35,87,-519,7405,1811
104,-26,-108,-2173,10339,411
-116,-47,44,-1507,14011,593
27,-62,-119,347,8388,626
-126,-17,121,-1290,-10535,3642
77,-101,27,-8024,-8016,4464
-125,105,92,-10550,-5839,3943
-74,-108,-77,-14661,-1773,1922
-68,69,-90,-13620,-4210,2183
43,103,-71,-9731,-14365,6102
54,73,106,-10553,-14504,6380
-48,56,-117,-9242,-14695,5903
-113,79,80,-8284,-13566,5350
E
71,113,35,-7295,-12247,4853
117,-120,31,-3795,-12540,6998
83,-83,70,-3820,-11641,6305
60,-49,117,-4062,-10431,5482
87,39,115,841,-6597,3772
107,37,-123,3122,-5667,2707
122,26,-125,5142,-4345,1285
-128,7,109,6750,-2849,-141
126,-20,73,7911,-1407,-1239
120,-52,30,8602,-288,-1881
114,-86,-13,8959,501,-2178
115,-124,-50,9110,1269,-2388
123,92,-78,9156,2209,-2783
-118,46,-102,9040,3301,-3430
-98,-8,-124,9098,4314,-4175
-77,-70,108,8854,5274,-4497
-57,126,80,8007,5606,-4206
-128,-53,65,15354,-7341,-10624
96,-60,60,12178,-13114,-9756
111,-117,40,-3901,10121,-2665
-59,-90,94,-1266,11953,-5845
61,123,127,1751,12397,-14727
81,-64,-76,819,12297,-14802
61,-82,78,-550,9394,-14757
31,82,115,858,2725,-14536
29,-100,93,1088,-918,-14032
119,-99,-35,-8901,-766,-347
-108,116,28,-11063,-2684,22018
-70,94,40,-4746,-1277,20246
93,-108,29,4109,1729,-3265
113,-114,-20,7835,2042,-17495
-65,-121,-30,5055,3475,-8419
E
-125,-39,42,5530,5366,-1535
-88,31,107,4282,6617,675
-75,53,-127,2070,7369,1338
-75,57,-108,-895,8055,2159
-88,43,-89,-3730,8811,3153
91,-71,-88,-7047,9198,3300
65,-107,118,-5165,7078,1698
31,126,57,905,71,-1640
127,-88,-38,-329,-11114,2260
-80,-106,-76,-2609,-11802,3691
-29,118,74,-4411,-12158,4595
94,-31,123,-4974,-11411,4323
91,-55,66,-5055,-10895,4407
20,-94,-88,-7505,-9197,5766
-12,-101,-125,-8121,-8453,6206
-46,-107,99,-7791,-7705,6554
-83,-108,73,-6678,-7223,6616
-124,-105,49,-5358,-7204,6607
82,-96,27,-4136,-8212,6716
100,18,96,2089,-8696,4997
66,38,122,1789,-7814,4561
37,61,-105,812,-7603,4400
27,-76,113,-162,-5306,4223
51,-64,-105,1141,-4397,3759
76,-59,-78,2423,-3415,3105
100,-61,-65,3617,-2364,2332
120,-69,-67,4799,-1362,1532
-120,-82,-85,5884,-324,720
-106,-97,-117,6598,835,-149
-97,-116,96,6742,2075,-1080
-93,120,46,6476,3251,-1930
-95,98,-11,5735,4266,-2467
E
-102,74,-71,4672,4928,-2517
-111,52,122,3161,5051,-1932
-115,34,64,1281,4920,-966
-122,-46,104,9160,-9234,-8089
106,-120,-109,17852,-9241,-11892
98,25,-86,24526,-6328,-15121
117,-103,-87,26477,-1214,-16542
-103,40,-106,23885,3849,-16014
-60,-33,-125,16821,4770,-13416
85,92,-65,-6075,4064,-1359
-115,-124,-33,-4299,4381,-3228
91,-115,123,-1318,15903,-15805
-100,-50,-56,-870,17890,-16843
-50,-82,84,-957,15345,-14691
-91,58,120,-1497,9455,-12263
-121,108,-126,-2208,6982,-10781
104,-123,-117,-3128,5393,-9216
70,127,-110,-4090,4224,-7407
35,89,-107,-4935,2873,-4800
-30,-108,124,-4782,-1279,3852
94,-109,-65,124,-9949,22121
-114,-80,59,617,-7154,18707
119,-83,125,6803,4225,-18690
50,125,-89,6517,4594,-16863
-128,85,16,4769,7443,-7677
124,-106,66,5074,8624,-7190
114,-46,108,5181,8621,-6712
95,3,-124,4516,7695,-5392
72,36,-114,2537,7181,-3238
50,48,-108,-746,8238,-575
-98,-123,81,-10991,17828,6089
92,75,51,-8642,14604,5699
E
-104,42,-85,-524,-14561,898
-66,-87,-109,-6870,-9818,4261
48,-74,120,-2411,-6922,6582
43,-110,121,-2993,-8670,6658
33,110,112,-3696,-10751,6631
-86,15,106,-5051,-7923,3377
114,22,71,-5216,-7148,4382
84,-121,-4,-8053,-11985,10635
-88,63,49,-9703,-10669,8823
-128,-127,90,-9074,-9908,8337
97,-64,-118,-7683,-9599,8262
71,112,89,-1656,-9469,7646
90,-127,-126,-827,-8048,6412
114,-124,-98,417,-6371,4904
-117,123,-87,2173,-4775,3442
-96,105,-95,4288,-3437,2147
-79,83,-120,6161,-2498,1153
-68,60,97,7247,-1827,483
-17,-77,-111,3357,3518,-4977
-15,-109,127,3201,4645,-5696
-17,114,108,3416,5577,-5807
-85,-61,91,4504,-9591,-8961
-111,-76,-126,2409,-11110,-9561
-126,-80,-82,-541,-10512,-8656
-128,-74,-40,-3042,-7339,-6523
94,47,60,2556,13684,-15608
-69,99,100,1292,12641,-16849
13,-95,-99,392,11768,-17094
-122,34,48,329,10649,-15503
-85,94,117,743,9984,-14115
-62,-109,-86,1360,9250,-12956
-113,-29,-81,-637,3048,-5685
E
121,-63,-116,-2728,1173,-2015
107,127,100,-4596,-710,2233
-123,-92,16,-6111,-4632,11334
110,66,-26,-6551,-849,14845
-102,-122,125,5235,3137,-10872
46,-33,124,7169,1113,-14980
-73,54,107,7464,418,-16259
77,-123,92,7524,1498,-15384
-73,74,122,8030,6927,-5968
-65,127,-107,6470,7389,-2985
-44,-88,-75,4046,7491,-800
-82,-65,112,-3729,10615,454
-121,-81,-102,-3624,11500,1546
101,-96,-66,-2499,10961,2549
78,-107,-38,-644,9348,3290
66,-110,-24,1539,6452,3309
75,-101,-29,2958,39,2634
92,-101,-42,1526,-2148,2525
113,-111,-58,-543,-3742,2603
-120,123,-77,-2464,-4764,3071
-93,91,-100,-3247,-5308,3244
-64,53,-127,-3686,-5833,3595
2,-111,-89,-12369,-7740,6974
-33,-102,115,-13730,-7162,6598
-78,-88,70,-14013,-7467,6542
122,-74,32,-12530,-8630,7080
-124,-21,-61,-1675,-13443,9519
-91,-89,54,-4361,-9793,6262
-122,-43,103,-4605,-9809,6405
112,1,-102,-4392,-9563,6523
107,96,29,-1272,-7386,5656
120,112,55,33,-6534,5032
E
-119,121,69,1184,-5684,4334
-101,124,72,2135,-4896,3605
-81,120,66,2845,-4097,2819
-64,112,53,3283,-3314,1862
-69,-114,-60,5169,3472,-6132
-65,98,-80,7056,3838,-6104
-56,52,-103,8657,3892,-6170
-45,-50,109,10852,1898,-6313
-44,-104,94,11147,-14,-6183
-43,98,83,10661,-1276,-6022
-116,82,-77,-1106,-3744,-5755
108,108,-112,-1426,-3267,-5940
69,-127,113,-995,-1321,-6273
39,-112,93,-518,1439,-6364
27,-100,87,-651,5119,-5796
35,-88,102,-854,7585,-4768
69,-72,-118,-664,8552,-4242
-124,-49,-64,-390,8456,-4624
82,38,84,-16,9187,-8742
-52,103,-87,452,10223,-12176
-111,12,82,1033,12051,-17985
-62,105,-100,1054,12083,-18772
-110,100,53,1658,9095,-15529
97,-90,76,1225,7465,-13162
96,-65,-74,957,-5120,-393
104,-126,103,-21,-7154,2807
-59,-99,-56,-6869,-8937,18287
-120,93,-46,2833,3715,-13084
-90,99,14,6855,8050,-6325
-100,-119,28,5924,7357,-3834
-87,-85,44,3457,6371,-1521
-61,123,29,-8324,12804,3669
E
-82,85,102,-9973,13777,3851
-110,40,-80,-10049,12207,3901
104,-119,-20,-7400,-5587,6924
-124,77,-70,-7217,-11480,7852
-78,14,112,-7529,-15194,8330
47,100,107,-8081,-13184,8208
-110,107,-68,-5122,-10772,5257
83,-114,-61,-4787,-11413,4999
103,46,96,-1763,-10884,4843
77,73,-118,-1541,-10440,4854
54,100,-75,-1500,-10197,4955
-74,-38,-120,4191,1593,-4033
-74,-69,106,3790,2941,-5094
-77,-107,75,3705,4433,-6103
-81,105,41,4147,5985,-6908
-109,-42,-82,8579,7383,-6568
-119,-85,-118,9766,6573,-5312
-126,-119,107,10301,5476,-3704
-127,116,82,10045,4681,-2198
-117,108,59,8716,4723,-843
-96,112,34,6504,5921,205
29,-64,-107,-2176,6122,199
52,-47,112,-2464,4844,-447
-55,76,-77,-4341,-7715,-2812
-64,122,-56,-7482,-5304,-292
-91,-49,85,5648,12058,-7992
-96,39,-86,1617,11608,-14390
107,42,64,-1280,8548,-13387
126,111,96,-825,6798,-11785
-121,-85,119,212,4409,-10725
-117,-35,-124,1042,1805,-10026
-121,-2,-120,1425,-48,-9232
E
122,6,-121,1364,-977,-7939
101,-15,125,972,-1572,-5402
82,-71,102,18,-2227,-836
84,77,57,-1381,-2892,5787
121,-77,-8,-2933,-3363,12444
57,107,125,-3914,-2187,15066
-110,116,-96,4424,3999,-16239
-110,82,-65,5508,2996,-17600
-74,95,48,2460,8654,-4011
-53,126,95,611,11387,-2984
-41,-109,-107,-1988,13437,-2044
-94,-114,73,-6528,12263,1119
-119,-127,118,-4576,8450,1910
122,120,-117,-1680,3740,2304
126,119,-121,1084,-1106,2534
-111,124,110,2466,-4994,2125
-80,-125,75,2335,-7751,1438
-47,-119,39,1204,-8853,628
46,-110,-52,-3680,-2707,-1223
51,-105,-55,-4410,-2213,-2088
47,-101,-54,-5147,-2218,-2838
50,-65,99,-8011,-11332,10249
60,-118,49,-6676,-11594,10979
119,-20,-87,-4248,-11096,10521
105,67,81,-5608,-13929,6175
31,103,100,-5468,-14487,5041
-38,-120,-116,-4798,-14595,4639
-95,-92,-58,-3692,-14248,5068
122,-69,15,-2370,-13579,5986
106,-49,94,-1024,-12412,6854
115,-29,-91,-74,-9884,6786
-28,-104,-103,7141,4493,-4858
E
-33,100,99,8125,4323,-5511
-8,-96,-116,10669,-15711,-8920
-28,126,-77,11929,-14825,-9546
-35,-124,-52,4812,-8384,-4386
-127,-63,31,-1859,10838,-4842
127,-22,110,52,12660,-13553
14,96,98,601,17866,-18919
46,-99,-80,1287,17571,-17884
-25,116,-113,1873,13847,-11461
-95,-78,-66,1394,10845,-9856
-124,-3,-113,-3247,-1654,-5808
108,-62,97,-5285,-3493,-1490
116,78,48,-6985,-5090,4860
-127,-15,125,-6174,-10135,25790
19,-120,97,3366,5461,-15353
-109,-1,-102,5797,7376,-21942
-84,109,78,4295,7879,-7179
-103,-91,-127,2369,8252,-2850
-96,-49,-72,949,8539,-630
-88,-117,-8,-7257,11272,2368
114,105,-55,-4861,8865,2021
73,86,-103,-1289,5019,1587
58,89,93,2260,-175,1469
76,106,23,4253,-5202,1680
124,-127,-117,4280,-8214,2232
-70,-109,-67,2503,-8947,2936
54,-103,-88,-1364,-7205,3297
99,-112,-90,-2461,-5279,2831
127,-128,-91,-3151,-3758,2382
-108,106,-95,-2991,-3686,1941
-88,78,-110,-3406,-4307,1866
-16,-79,-110,-5119,-7019,3909
E
3,116,-108,-5584,-7533,4659
-35,-84,-89,-8914,-8042,6489
-68,-104,-81,-8685,-8312,6601
-110,-117,-8,-8007,-9049,6675
92,-118,-125,-7396,-10474,6764
28,-109,80,-7073,-12187,7052
-119,68,45,216,-9100,7622
101,121,71,-1088,-8301,7078
75,-74,95,-3663,-7720,6370
43,47,-113,-8395,-6135,4629
36,93,-82,-8808,-5174,3811
32,122,-47,-7564,-4506,3195
34,-128,55,1929,-4987,2167
39,116,74,4695,-4983,1559
45,101,80,6389,-4474,587
51,84,75,7012,-3533,-638
87,-126,-22,211,1159,-5346
96,101,-29,153,1502,-5625
105,73,-37,679,1958,-5613
115,46,-47,1942,2587,-5273
126,22,-58,3873,3217,-4679
-110,-30,-65,10177,1614,-2264
-115,-41,-46,11578,-736,-1828
110,-58,41,13061,-7574,-1909
97,-66,112,14044,-10765,-2882
96,-69,-60,15289,-12312,-4631
121,-24,101,14661,-12441,-6262
-107,26,-102,11214,-10745,-4961
-73,83,-81,5859,-7484,-2865
-41,-120,-90,348,-4384,-431
-13,-83,-118,-4641,-1049,1826
111,-103,11,-2744,16759,-20414
E
123,47,62,-3521,14530,-17173
-96,104,80,-4016,11824,-14868
-79,-104,89,-4738,8728,-12112
-82,-79,88,-5718,6207,-9008
-104,-88,74,-6663,4350,-5581
109,119,47,-7163,2391,-1622
-72,42,118,-2102,-5171,24945
58,97,47,3877,-5074,21068
-107,103,38,6048,-3432,11023
-109,95,95,5038,2041,-18664
47,-97,122,3144,2212,-19366
-49,-50,-106,1198,2153,-16255
-115,-17,-72,-177,2605,-11452
-119,69,93,1405,5508,-1621
-101,100,-102,2883,5769,-827
-91,-126,-55,3913,4867,-450
-84,-98,-31,3833,3412,-149
-117,-86,-52,-4826,9408,452
81,-115,-49,-5742,11909,1142
-119,71,-31,-1778,6650,5568
107,68,-34,19,2245,6274
101,71,-42,923,-1474,6219
111,73,-52,736,-3892,5324
127,71,-63,-218,-5458,4439
-111,62,-74,-1339,-6412,3910
-94,47,-86,-2512,-6701,3804
-81,29,-98,-3476,-6614,3833
-61,-16,127,-4730,-4854,3569
-66,-101,-96,-12190,-2032,-131
-88,-112,96,-12350,-4227,722
-117,-122,39,-11316,-6713,1981
105,-126,-7,-9351,-8999,3347
E
68,-123,-38,-7299,-10686,4509
-5,125,-112,-476,-14877,9192
81,77,42,540,-11714,4422
115,97,-42,43,-9929,3208
-109,107,-79,-425,-8113,2293
-82,107,127,-751,-6101,1757
-60,103,64,-496,-4428,1638
-5,111,117,2878,-2662,2086
64,-84,102,6020,-3292,1439
84,-58,-101,5919,-2241,632
96,-35,-115,5472,-1246,-316
103,-18,124,4886,-488,-1256
103,-7,106,4544,270,-2049
90,10,-112,5654,1689,-2952
-46,101,69,12707,3160,-7801
-78,100,61,13027,2984,-8562
-107,90,53,12664,3187,-8988
125,70,115,11552,3420,-9265
87,-126,-24,11414,-3752,-11803
-105,-67,78,11767,-4308,-13052
-81,-111,116,10490,-5042,-11811
-58,121,-101,8433,-6149,-10216
-39,114,-65,6032,-7585,-8665
14,-99,-105,-4158,4617,-7629
127,81,-40,-7782,2123,-8569
-53,124,-52,-7919,2078,-11254
105,-52,-66,-8102,3697,-15903
50,-98,-92,-6685,3650,-12733
80,-45,-102,-6137,2927,-10228
108,3,-116,-6094,2063,-7214
-126,36,125,-7236,1742,-4099
-109,49,120,-9244,2002,-1101
E
-100,34,-122,-11539,2499,2006
-98,-18,-89,-13495,3117,5808
-102,123,-43,-13889,3090,10536
56,-90,-71,5588,-5083,15463
125,102,108,7916,-5234,8293
-96,115,39,7619,-4339,-300
118,114,29,-168,-27,-14777
40,-101,64,-115,363,-11750
89,114,-3,-972,5182,-561
101,-127,8,-3968,5797,557
106,-122,25,-5866,6476,1403
105,-126,52,-6202,7356,1724
99,122,85,-5368,8001,1478
92,116,123,-4070,8530,932
83,111,-95,-3146,9249,557
69,108,-57,-2683,9706,844
-63,-122,-48,-2268,-5461,9484
-100,93,-85,-4746,-5485,10249
109,50,126,-6996,-5869,11319
79,-46,-103,-9191,-9603,16160
-109,81,60,-7193,-8891,14462
105,-103,62,-7185,-8459,12897
45,52,114,-7764,-8778,10317
24,-128,-95,-8162,-9530,9832
54,100,-66,-5775,-12925,10405
103,-122,5,-3698,-13428,10292
-87,-93,66,-1437,-13826,9945
80,-44,-109,522,-12387,8714
-90,-27,-85,-382,-10286,7764
-117,-89,54,-8367,-4126,4669
-78,124,-58,-8003,-5154,4236
-38,85,-114,-6051,-6356,3701
E
-5,-128,-79,9818,-403,-5714
-61,-75,118,11043,65,-6708
-86,-48,118,10368,570,-7575
-115,-26,-66,8811,1539,-8862
105,-16,81,6973,2793,-10187
-99,-115,-77,8800,7902,-11844
114,92,118,10410,8675,-10749
76,-78,-60,12010,6844,-7416
96,116,-101,11972,6223,-7038
-128,52,126,11894,5691,-7272
-90,-13,110,12061,5772,-8065
-47,-80,107,12851,5960,-8953
-7,106,125,15068,4563,-10111
56,-87,94,25355,-14410,-17180
64,-99,-70,24679,-21372,-17633
94,91,-16,546,-12804,-8735
100,-70,-69,-6824,-3614,-4931
101,13,127,-10569,3704,-3060
102,90,77,-10666,6761,-3060
115,-88,41,-9161,5983,-4429
111,-126,5,-10254,-570,-14140
-120,104,-1,-7929,-1973,-15037
117,-88,-4,-7696,-2027,-14693
-97,-20,121,-8477,-931,-4148
127,-81,-93,-8176,-947,115
110,88,-53,-7763,-1507,5167
103,126,52,-6766,2236,25731
-125,-32,95,-5658,6465,13996
-90,-29,123,-4649,6380,4293
121,11,-106,-3416,4794,-4966
-122,-114,-63,-1030,1394,-14819
100,87,-46,1897,2594,334
E
126,104,-37,2914,4652,-539
-116,124,-26,3546,6600,-1791
-121,-111,-12,3353,7833,-2616
112,-93,2,2091,8079,-2504
2,-121,79,-5645,7494,3193
-28,90,122,-7553,7212,4947
-101,-102,21,-3613,5333,4208
-110,-124,34,-1351,3351,3662
-109,120,97,117,1761,3545
-102,112,-41,308,1422,3864
-97,100,-117,-625,2726,4291
-105,81,68,-1945,4158,4407
57,-32,-122,-4953,1930,4312
18,114,122,-2225,-6251,5000
21,91,108,-2159,-7307,6312
-68,-128,44,-9914,-14159,14020
-124,120,52,-9582,-13296,14181
71,125,-118,-8835,-12070,13686
106,37,63,-4472,-5298,6975
75,82,89,-3769,-5651,6652
46,127,122,-3360,-6051,6660
23,-85,-96,-3155,-6598,6816
66,116,106,-602,-7592,7720
104,-108,-125,1301,-6886,6053
-116,-85,-113,3352,-5683,3653
-86,-71,-115,5160,-4241,916
-66,-69,127,6305,-2604,-1759
-57,-79,102,6601,-902,-4155
-59,-101,72,6177,733,-6119
-68,123,41,5411,2217,-7637
-104,-86,-70,4253,6657,-9916
-94,127,-106,2782,8810,-8996
E
-77,101,98,-376,11987,-7218
0,103,116,-9948,19354,-123
-57,37,-106,24887,-10367,-7753
-33,104,88,10876,-3477,-7515
9,-83,-120,12390,-5766,-8161
-108,100,-26,12252,-13109,-10606
112,66,117,-1725,6779,-10622
117,-117,-101,-2521,7311,-13434
110,-40,-65,-3881,7586,-16183
60,106,57,-5848,7250,-19099
-93,41,-76,-3494,2100,-12558
-112,-109,-42,-7772,-1323,-3347
-83,70,-73,-11497,-4183,6924
-46,98,86,-11696,-6500,14298
27,117,-88,-11050,-7127,21628
-123,-92,-72,-9745,-5675,26096
113,-46,56,-4539,529,17765
91,-118,29,3845,3151,-18261
-80,-121,77,1511,-871,-8210
-85,-77,100,1291,1279,-3761
-57,-26,-119,2365,3692,-2392
-60,90,-71,-2241,8924,-1628
-121,69,121,-5249,12418,238
22,-95,-84,-3586,9843,4938
-28,-114,112,-1249,3488,5510
62,120,86,-2632,-10110,5402
125,95,-118,-5018,-10553,5908
-70,53,122,-7275,-10463,6633
31,-72,-111,-10882,-10039,7874
69,110,-84,-11981,-10697,7843
97,35,-68,-12219,-11505,7492
112,-36,-60,-11657,-12091,7256
E
107,-99,-59,-10494,-12397,7366
85,106,-58,-8882,-12905,7844
116,93,20,-9705,-9931,9485
41,127,-91,-11175,-8305,9268
-30,-84,-119,-11888,-7479,8991
-94,-31,-128,-11787,-7292,8969
111,29,-117,-10710,-7765,9288
69,92,-92,-8660,-8493,9906
37,113,97,-334,-11304,11820
68,-72,-98,-996,-11096,11253
-55,73,75,-3383,-8037,6490
-17,89,110,-1496,-6899,4476
12,96,126,1639,-6106,2603
32,98,122,5066,-5667,1011
45,101,102,7734,-5297,-397
52,102,71,9131,-4798,-1776
-101,-81,37,6042,1392,-7726
-113,-118,15,5925,1132,-7911
-112,100,0,6022,841,-8123
82,98,-47,79,1342,-9013
103,122,-69,109,5727,-8292
102,-116,-101,215,8698,-7173
89,-99,123,95,9956,-6160
77,-80,100,-349,9983,-5448
79,-58,93,-1034,9223,-5359
99,-34,104,-1456,7987,-6172
-113,-6,-128,-1674,6758,-7889
94,89,-51,-3947,6638,-14284
-92,123,-33,-4394,7425,-16010
-125,85,40,-4320,6122,-11800
-99,-127,48,-4516,4753,-10072
-78,-93,54,-4998,3831,-8513
E
-64,-83,59,-6560,3246,-5644
-90,-125,51,-7641,2801,-3470
58,-84,83,-2804,-3013,23889
-97,-119,62,1388,-2161,15172
-55,113,60,6685,2146,-17867
111,-72,75,5718,3189,-20914
-67,28,-121,4224,4216,-14790
-110,77,-77,3523,4175,-9841
-118,-123,-30,2621,3369,-5650
-62,-95,59,-8450,9733,1975
-84,-119,67,-6694,8269,1678
-109,119,66,-4162,4933,1711
123,104,51,-2198,1021,2456
101,88,21,-1814,-2189,3429
-62,-33,110,-6282,-8652,5656
-95,-20,87,-6220,-7981,5293
124,3,74,-6295,-7631,5313
-31,-92,77,-7373,-6515,6182
-67,-46,90,-6981,-6344,6327
-99,-1,106,-6573,-6076,6544
-125,44,124,-6211,-5810,6773
109,89,-114,-5965,-5720,7045
91,-122,-94,-5763,-5925,7285
79,-78,-72,-5452,-6368,7451
85,83,49,-3769,-7969,7901
104,116,80,-3251,-8224,7922
-125,-110,111,-3004,-8821,7856
-94,-85,-112,-3198,-9601,7725
121,-35,56,-3827,-9318,6423
55,-75,123,-2437,-5186,3004
87,-91,-127,-953,-4512,2049
113,-100,123,1039,-4315,1250
E
-124,-103,103,2939,-4168,512
-110,-97,70,4354,-3792,-244
-105,-88,29,4974,-2936,-1075
-109,-77,-14,4822,-1745,-1884
-123,-69,-55,4101,-263,-2616
109,-66,-95,3244,1101,-3185
79,-66,123,2492,2052,-3530
45,-70,85,1970,2444,-3697
-74,-126,15,-4675,-628,-5767
-88,111,36,-3716,-445,-6990
-102,92,54,-765,231,-7689
-121,71,60,4108,-493,-8073
115,51,49,10427,-3046,-8095
22,-87,-123,22896,-11665,-9451
3,113,93,20581,-8664,-10509
-49,-75,93,11518,-5010,-13038
-60,-127,-115,9753,-6320,-13271
-67,96,-57,8214,-7340,-12638
98,-25,-125,-1005,11153,-8430
-102,66,-120,-3002,11115,-16342
12,104,-100,-4535,11846,-18775
111,-103,-73,-6262,13126,-20818
-21,-110,82,-7247,15076,-22365
-92,112,-43,-5607,11503,-17376
-103,-58,89,-8756,324,1600
-110,68,87,-10032,-1213,6114
-97,-123,78,-10989,-2473,12197
-69,-113,63,-10727,-3694,19297
97,-77,-119,4897,-4552,11103
-114,27,116,4259,-2269,-3043
122,-106,116,1862,579,-14858
-91,37,-90,-1440,3641,-21253
E
-125,91,-4,812,3817,-5331
108,113,23,1223,3730,-935
117,-116,49,1236,3277,1653
-108,-88,70,719,2627,2680
-69,-65,85,73,1832,2516
-28,-93,86,-6408,8721,-588
-55,-118,92,-6793,9648,-918
-85,117,100,-6207,9024,-1053
-113,103,106,-4286,6524,-706
117,95,107,-2042,3319,453
95,92,99,55,-545,2211
77,89,82,634,-3648,4131
107,-52,-94,-11979,-6619,8767
61,-40,115,-9887,-8322,8685
-75,-112,33,-10999,-6614,6170
108,41,74,-8096,-8546,5685
79,82,121,-5774,-10805,6259
53,119,-74,-3957,-12532,6897
44,-35,-127,-1834,-12767,7755
-74,67,69,-1763,-10283,6715
-27,88,100,-1362,-10303,6585
25,109,125,-1029,-10526,6509
83,127,-108,-906,-10580,6288
-113,-115,-88,-997,-10172,5735
-55,-108,-69,-1259,-9177,4892
42,-118,-46,-898,-6101,2812
77,-128,-49,-132,-4730,1978
103,121,-61,949,-3999,1370
122,117,-82,2263,-3573,852
-120,121,-114,3447,-3230,377
-112,-125,102,4323,-2641,-145
-109,-111,50,4877,-1888,-880
E
-113,-95,-10,4966,-786,-1718
-123,-79,-76,4591,364,-2432
114,-69,117,3959,1365,-2840
89,-65,61,3433,2042,-3102
17,-115,-107,24280,-6771,-10437
-100,125,67,-7326,1592,-4545
91,72,-108,-8620,4517,-12516
-100,-85,-74,-9291,6318,-15773
-93,96,62,-6221,6546,-15240
-107,-99,73,-5563,4733,-12089
-113,-57,80,-6131,3492,-9117
-117,-41,95,-7885,3199,-6487
-128,-60,-126,-10177,3897,-3906
110,-121,-69,-12227,4829,-1062
61,115,86,-11186,4843,8804
62,-96,-115,-7841,3354,15771
112,-70,-100,-4392,1215,21018
82,61,68,1073,-1524,17014
117,107,-119,4846,-1453,-17439
113,48,-66,4478,754,-12260
-25,120,-73,-9698,6029,6151
-125,-112,-8,-3970,2938,1372
112,127,-19,-1548,693,2235
99,115,-35,332,-1286,3393
93,108,-53,1420,-2828,4549
92,100,-74,1275,-3649,5547
96,89,-98,-6,-4315,6060
104,71,-128,-2255,-5264,6096
116,47,92,-5022,-5924,5673
122,-44,-42,-12137,-3044,3995
97,-71,-95,-12882,-2085,3973
56,-90,103,-13017,-2187,4449
E
-120,-97,-71,-9650,-9162,7913
75,-83,-109,-7327,-11621,9090
17,-63,-128,-4383,-13323,9849
100,88,13,-598,-8352,6694
80,125,46,-2417,-7313,6453
60,-93,77,-3817,-7605,6604
40,-56,114,-4535,-9104,6889
78,106,120,338,-10128,5901
112,-122,-103,1135,-8591,5657
-107,-96,-79,1435,-7356,5416
-71,-74,-62,1582,-6468,5068
97,46,-67,8348,-5960,1981
-125,80,-91,9348,-5677,780
-95,112,-120,9645,-5041,-665
-73,-118,103,9505,-4065,-2239
-62,-100,68,9292,-3013,-3762
-89,-95,-60,10796,-147,-8150
-120,-108,-114,11514,1186,-9414
94,127,86,11642,2328,-10469
-97,-27,-83,9433,4102,-9872
-117,-75,-107,9564,4535,-9096
-123,-123,-127,9919,4870,-8310
-116,87,113,9903,4775,-7590
-100,44,103,9013,4248,-7066
1,-128,88,1320,-4103,-7787
89,94,47,9628,-6752,-4788
-121,-91,89,4247,-5740,-3628
-69,-20,112,-1056,-2360,-3603
44,84,110,-6718,5996,-7979
106,122,99,-6341,7821,-11451
-79,-95,88,-5234,7806,-14703
-95,77,77,-5117,6210,-20003
E
-33,-101,73,-5815,6176,-20498
-90,26,-98,-12410,5644,-13144
-103,-92,72,-10865,559,741
119,44,86,-9675,-1347,6039
113,-122,88,-8647,-2772,12638
-119,-80,83,-7290,-3849,19978
91,-40,-106,6774,-6497,12033
126,34,102,5643,-5313,436
111,-119,69,2959,-3352,-9715
125,82,76,-570,1474,-17007
50,114,100,907,1471,-12913
0,-113,127,2318,949,-7881
-23,-81,-105,3166,-206,-3147
85,20,-122,-3831,123,1272
92,18,-125,-5248,3420,640
89,10,-115,-6237,6715,327
-78,87,-44,-2141,-5241,2163
-90,85,-74,-3612,-5792,2683
-106,81,-110,-5076,-5817,3469
-126,74,112,-6164,-5105,4083
105,66,78,-6578,-4290,4611
-68,70,-108,-7300,-6356,5778
-103,89,106,-8121,-6546,5232
120,111,68,-8099,-6623,4849
87,-121,38,-7276,-6918,4825
-112,-122,22,-9957,-6638,9758
122,-64,41,-9758,-8002,10807
107,53,119,-8066,-11690,12327
120,109,-78,-7343,-12743,12581
-107,-97,-12,-7103,-12823,12398
56,-49,-120,-2936,-7750,4007
97,-69,-112,165,-7521,2932
E
-124,-80,127,3501,-7477,2006
-96,-80,85,6435,-7296,1063
-74,-45,-110,8461,-4623,-1745
-89,-37,82,7572,-3614,-2513
94,-48,-59,4929,-2158,-4036
75,-65,-89,4596,-1935,-4816
60,-88,-114,4595,-1362,-5906
46,-117,116,5124,-363,-7234
31,105,87,6083,1044,-8663
-74,-89,-68,12052,3744,-10887
-105,99,-106,13709,2862,-10300
-128,25,119,15103,2053,-9254
116,-48,98,15972,1492,-7929
117,-118,91,15932,1231,-6629
-124,75,101,15232,1162,-5653
-100,24,125,13792,1388,-5095
56,113,62,6419,-11757,-11110
70,-99,81,4771,-8032,-8815
92,-53,111,3517,-2235,-6310
119,-8,-107,2859,3753,-4356
-102,40,-67,2496,7909,-3411
93,89,63,-8781,7526,-19970
93,-83,88,-10404,6461,-21218
24,72,-118,-11711,2596,-20803
-38,-125,-100,-10853,-10,-19079
-114,-88,-87,-9196,-2401,-16475
58,-78,-80,-7174,-4040,-13015
-27,-99,-78,-4883,-5175,-8928
-97,104,-83,-2844,-6061,-3426
122,18,-100,-1516,-6510,3289
-119,-123,125,-1671,-5891,11423
105,-103,66,-5733,5247,9620
E
-23,97,102,-4013,6385,-1763
-31,-127,-114,-1814,5550,-11398
93,-31,-86,27,3342,-17070
-117,70,-78,173,1352,-16493
-55,-100,-83,-1005,696,-12549
47,113,93,3207,8457,-3325
56,-91,-123,4899,7629,-3902
-63,-63,112,-10083,10974,-1041
126,-114,90,-9768,12325,-1962
48,98,60,-7799,12119,-2374
110,38,-93,-1478,4754,59
79,28,93,-744,1258,1608
81,-11,-116,-2193,-4081,4389
103,-45,-60,-3271,-5282,5439
-120,-84,-65,-3806,-6313,6260
-79,-125,-70,-3990,-7197,6941
118,-106,-114,-9473,-6811,8081
118,74,-89,-10934,-6535,8501
83,-79,-57,-10460,-9222,10556
57,119,-53,-9673,-10655,11714
-123,57,-49,-9235,-7321,11906
-82,-106,-50,-6178,-8603,11284
112,-54,-46,-5230,-9902,11549
84,90,62,-6627,-10997,8507
114,118,118,-6545,-8829,8163
-110,-116,-97,-5635,-7304,8328
-72,-96,-69,-4510,-6797,8723
104,-69,57,-3676,-8311,7224
-83,-78,-56,-3212,-8133,5490
-20,-92,-113,-1825,-7459,3330
28,-103,76,242,-6716,1208
88,-101,111,4347,-5182,-2365
E
98,-88,-96,5414,-4108,-3881
96,-73,-106,5638,-2832,-5199
82,-59,-120,5365,-1475,-6370
56,-50,122,4750,-113,-7283
99,-70,-128,3482,228,-10524
84,-79,55,5394,1428,-11026
-69,-92,113,16798,3420,-10953
-108,-111,68,16244,-338,-11104
125,117,54,14528,-5698,-11442
120,80,76,12225,-10449,-12123
-122,36,127,10402,-13779,-13111
-1,-109,123,12490,-7803,-18202
8,-110,-116,12182,-7271,-17236
23,-89,-115,9650,-7095,-15111
45,-48,-125,6078,-6146,-12248
120,69,98,-157,-1421,-8169
-91,-126,83,-1964,2714,-7939
88,-58,-96,-10781,12668,-18035
120,-62,124,-10705,12012,-17651
-98,-54,84,-10540,10561,-16535
102,119,-74,-5692,-182,19330
41,-80,-99,-3440,-892,27728
121,-86,-4,-48,464,25815
-63,-97,103,-1014,209,-10861
-84,-84,-128,-1242,2630,-4562
-61,-46,-111,-1364,5032,-421
90,92,-89,-1683,6811,1806
122,120,-93,-2452,6741,1856
-110,-116,-104,-3958,7999,1787
-88,-102,-116,-5784,10653,1537
-65,-89,-123,-7226,13435,1318
-43,-78,-120,-7313,14587,1464
E
-26,-69,-107,-5970,13500,1870
-82,-86,-70,390,-3602,4367
-120,-102,-94,-855,-6198,4932
95,-116,127,-2850,-7405,5837
53,-126,88,-4680,-7927,7080
-76,-123,-7,-6589,-8503,8261
-123,-111,-28,-5959,-8673,7748
86,-91,-45,-5654,-8478,7199
-68,76,-67,-8830,-6435,9235
-96,-125,-58,-9129,-7296,10026
-119,-69,-39,-8871,-8655,10412
-123,89,90,-8578,-10522,9412
-99,-120,-102,-8976,-10315,9064
61,-44,-125,-4049,-7443,6156
114,-65,-119,-3291,-7438,5576
-93,-86,-120,-2773,-7897,5061
-47,-106,-124,-2261,-8227,4580
-5,-124,126,-1510,-8180,4130
32,116,115,-480,-7884,3707
66,105,97,869,-7514,3260
97,99,66,2237,-6975,2634
126,97,19,3365,-6277,1652
-107,100,-40,4005,-5238,244
-97,107,-110,4240,-3856,-1492
-102,116,75,4226,-2089,-3295
-128,124,4,4478,-522,-4820
87,-127,-58,5033,664,-5848
36,-127,-116,5993,1294,-6521
-14,123,92,7147,1662,-7058
-59,106,42,8483,1810,-7536
-119,50,-49,10178,3058,-8827
124,16,-88,10483,4395,-9603
E
117,-20,-124,10481,6027,-10055
125,-53,107,10128,7802,-10215
-110,-87,92,10078,9013,-10141
-79,-124,92,10619,9332,-9808
-40,86,104,11522,8532,-9281
120,-73,-8,13041,4967,-10913
-116,-72,26,12688,4088,-12330
-112,-56,51,13906,1719,-14376
127,-29,60,16073,-1208,-16750
-64,94,-63,15656,-16890,-14939
114,-109,113,10472,-17868,-11124
43,125,-36,-7377,-1305,-267
-67,113,87,-7368,5505,-8308
-89,-63,57,-8685,6791,-17344
122,-95,83,-7969,5813,-16353
68,113,103,-6960,4393,-14859
-113,-69,-113,-6514,435,-7133
97,109,-88,-7961,54,-3641
-122,30,50,-10608,-2473,13095
-73,124,-116,-9155,-4214,28386
-45,-112,-118,-7100,-2404,29418
-69,90,120,-6409,-427,21808
56,103,104,-4944,638,10498
53,-76,97,-2958,1291,-1575
-68,107,104,-1079,1876,-11347
-1,117,120,579,1708,-16471
58,-60,-124,1821,524,-17074
-101,20,-119,2032,-505,-14758
52,95,-115,1434,-372,-11424
0,-97,-105,944,432,-8055
-77,-83,73,-6741,8379,747
-116,-127,122,-8673,9852,2280
E
98,74,-77,-9317,10956,3127
-31,-101,103,-3706,4788,5373
19,75,-115,-1419,-3316,7168
-120,-55,-59,-6082,-6659,6725
-85,-119,-1,-7225,-7471,7116
-88,97,-41,-8228,-9290,11026
112,87,16,-8458,-9585,10902
50,90,-105,-8277,-10128,10520
-15,106,110,-7631,-10746,9872
-81,-120,84,-6860,-11187,9045
109,-79,71,-6441,-11037,8333
-70,78,77,-6462,-8686,7668
-120,-124,91,-6147,-8585,7993
94,-70,115,-5838,-9155,8317
29,-128,48,-6445,-8273,7352
39,-94,102,-5198,-7267,6630
57,-68,-108,-2950,-6852,5903
83,-48,-70,-249,-7094,5046
-81,-73,-89,3790,-808,-4668
-95,-99,-107,3711,-885,-4935
-106,-127,-116,3713,-1441,-5151
-111,101,-118,3964,-1965,-5557
-110,73,-113,4625,-2185,-6299
-106,41,-104,5528,-2118,-7537
-101,7,-94,7274,-1955,-9173
-95,-33,-84,10202,-1652,-11126
-87,-78,-72,14907,-1637,-13819
-65,125,-47,20142,-912,-17309
87,35,120,26853,3964,-24340
-99,53,-63,23959,4926,-24360
-36,106,61,20373,3879,-23057
44,-126,39,14369,-4411,-16753
E
55,42,-107,-11729,944,-7749
91,26,89,-15068,1520,-12479
113,2,85,-16110,1881,-14346
-119,-29,73,-16514,2435,-15672
-98,-62,54,-16321,3171,-15937
-56,117,-45,-14687,4261,-9709
-48,98,-88,-14681,4264,-6891
-41,67,121,-15830,4472,-3431
-100,-128,29,-15370,6940,16082
111,-7,-98,10350,-270,16077
-87,98,94,9296,-1741,1063
-39,-100,96,-5592,-1520,-18342
-113,-125,-128,-6718,-175,-11084
111,-119,-106,-6707,758,-4337
121,-88,-91,-5589,1727,-209
-101,-46,-76,-3380,2290,1119
13,92,96,-9564,13238,2872
36,109,57,-11170,15360,2027
58,124,32,-10975,15630,1377
80,-119,23,-9193,14167,1380
91,-112,29,-6134,11242,2488
87,-112,45,-2164,6423,4136
67,-120,63,1217,1053,5996
32,123,78,3047,-3820,7423
-11,108,84,3259,-7781,8767
-68,99,81,2095,-11351,9391
125,100,70,-655,-13469,9833
49,120,56,-4276,-14306,9890
-123,-38,46,-11133,-13783,9915
54,123,126,-9651,-10465,6482
96,-124,-43,-7357,-11830,5039
-112,127,44,-5334,-13180,2991
E
-62,112,122,-3715,-14108,1097
111,107,2,1738,-11520,9493
101,-112,-56,394,-8015,8020
-102,-118,-78,248,-6951,6478
-63,127,-102,562,-6050,5039
-37,114,126,1294,-5343,3852
-20,101,93,2311,-4853,3048
-64,52,-88,1108,-1264,-694
-61,44,-95,959,-1516,-618
-46,79,-87,7136,1020,-12158
-84,86,-119,14327,2178,-15924
119,79,75,22005,3214,-18782
-79,121,12,25253,1548,-16895
77,-23,-109,1373,3744,-12720
114,4,-85,645,4897,-12757
-120,41,-72,482,4119,-12628
-120,84,-72,813,1460,-12099
113,-127,-87,1331,-2366,-11218
72,-78,-115,1635,-5973,-9864
-83,125,16,-2470,-937,-4321
-29,-87,89,-9010,8362,-7145
116,-104,19,-9081,5751,-13377
43,95,65,-7491,4380,-12361
-84,-50,94,-4663,1349,-10645
125,-128,86,-3284,-617,-9875
86,45,74,-2421,-2045,-8982
-44,124,106,-5624,-1302,-1675
-77,104,-90,-9003,603,4337
-104,41,-108,-15763,4540,30736
-109,-77,-86,-14355,4825,-31741
-82,116,-98,-10236,4235,29434
-90,-121,43,-4317,2281,18277
E
-59,106,-102,1657,-971,-15043
-70,120,99,-2057,2585,-2313
-101,121,117,-1509,3857,1532
-92,-125,-117,-74,4400,3020
-67,-106,-35,1148,4267,3045
-41,-86,102,1138,3797,2608
-23,-104,97,-5498,6150,3732
-45,104,-91,-8583,8522,3791
-85,40,-81,-10691,10763,3288
113,-33,-70,-11687,11760,2426
45,-104,-64,-11061,11188,1499
-79,54,-76,-5948,4900,1401
-113,34,-90,-3381,890,2361
-125,27,-108,-2351,-2712,3714
-119,20,-123,-3273,-6146,5452
-96,-1,117,-5995,-8761,7162
-20,125,-109,-9852,-12092,9916
120,-103,53,-3414,-14789,9988
-97,124,113,-1349,-14449,9628
-66,122,-83,-756,-14021,9325
-23,115,-124,-10581,-7527,8675
-112,66,-40,-15171,-7342,10221
68,48,-93,-15569,-9388,11769
-90,57,105,-11068,-14479,14041
108,88,109,-7444,-15675,14053
75,-125,-124,-4081,-15649,13284
67,-73,-90,-1662,-14539,11888
117,-9,-86,2858,-1026,-4459
122,-7,-95,2844,211,-4903
124,-7,-107,2558,1331,-5348
123,-10,-121,1808,2588,-5895
119,-21,118,751,3846,-6543
E
111,-41,101,-244,4979,-7314
101,-70,85,-877,6098,-8146
89,-105,71,-748,7147,-8862
75,115,60,287,8053,-9333
65,84,55,2214,8348,-9700
72,51,84,11825,2544,-11337
102,69,-71,18865,-3311,-12725
-101,126,105,24309,-8217,-14087
-98,3,101,12868,4913,-13182
-115,-53,-121,9403,10340,-12727
80,-120,105,8587,13116,-13441
41,54,-119,7944,15957,-14249
21,-110,-92,5856,14664,-13929
34,80,117,4280,10242,-12533
69,17,124,1312,-1756,-8128
117,58,-44,-2458,-1456,-4176
-113,85,-43,-3049,1942,-5144
-74,115,-53,-3574,4666,-6935
106,-31,-73,-5666,5645,-13766
-124,95,-10,-2077,1087,-9055
114,113,-35,-2156,-920,-6138
81,107,-68,-3392,-2757,-2478
35,67,-102,-5796,-3964,2868
-15,101,100,-12707,-4366,20277
47,-68,90,-15415,-2962,29145
-110,-97,102,-15221,2310,-31431
120,106,119,-11675,3841,26028
41,125,-119,-6514,4008,12194
106,-54,-102,-1349,3075,-3515
115,123,-74,3874,-608,-22939
-107,-76,-56,3993,-912,-23358
84,119,82,-1379,3367,-479
E
-120,-113,83,-2663,3753,-963
-79,-94,87,-3927,5091,-1696
-49,-78,103,-5250,6724,-1942
-32,-65,-122,-6597,8777,-1325
-88,-84,-33,-9881,-9352,8680
-118,-83,-52,-9841,-8906,8870
109,-79,-65,-9361,-8647,9156
82,-74,-75,-8579,-8810,9423
58,-66,-80,-7605,-9067,9545
-66,-128,52,-7875,-7556,7897
-54,-101,84,-7046,-7035,7264
-39,-82,111,-5908,-6955,6654
-25,-70,-123,-4894,-7207,6088
103,-90,-24,300,-8538,5080
123,-101,-44,1754,-8528,4030
-121,-110,-71,2581,-7742,2627
-120,-119,-102,2913,-6367,1053
123,-128,123,3089,-4892,-429
99,117,90,3334,-3590,-1606
68,105,58,3643,-2573,-2339
-85,-42,-91,3517,-2845,-4297
-94,-81,-86,6065,-2774,-5807
-99,121,-87,9541,-2313,-7504
-96,54,-98,13277,-1697,-9196
-86,-22,-113,16556,-924,-10893
-71,-107,-125,18805,-661,-12349
-52,63,-120,19436,-493,-13469
94,91,65,13693,2148,-15895
-76,59,-105,10408,3736,-16327
113,87,31,4886,4005,-16622
-66,-118,69,4870,2303,-16774
49,118,-106,13695,-1767,-17432
E
53,87,-92,13435,-3512,-15820
39,-49,-126,9772,-4771,-13393
-78,126,27,1917,-1836,-5322
-108,114,42,-3295,4738,-8758
121,-8,87,-5370,5177,-10013
75,-77,-116,-6465,4725,-11760
-80,-120,8,-7858,4708,-15156
71,98,83,-8489,5428,-16302
107,88,74,-8279,4600,-13191
-53,119,90,-5368,-3422,-4643
-49,105,77,-4921,-5783,-1068
87,80,-119,-6586,-5728,27225
105,119,-47,-5804,2988,27324
64,91,-72,-4472,3111,12490
-120,-84,-92,-3447,2909,-3215
-69,56,-113,-2698,-1191,-21439
126,47,-56,-1432,1001,-1066
-96,70,-100,-149,4036,-1074
-72,102,119,1628,6804,-2927
-74,-117,80,3438,8392,-5174
-99,-76,28,4156,8816,-6689
116,-40,-104,3023,8423,-6897
-73,-81,64,-9563,11651,-2358
83,96,-100,-13046,14657,-767
114,-91,-68,-13937,17344,1214
-97,39,-69,-5676,8642,3382
-114,49,-58,-3015,3688,4102
-115,74,-28,-2160,-758,4984
-108,104,18,-2604,-4782,5631
-99,-120,-111,-3848,-7673,6325
-91,-90,96,-4987,-9671,6903
-85,-63,118,-6263,-10127,7395
E
-79,-40,-109,-6809,-10136,7462
10,77,-122,-8943,-9101,9319
42,93,-78,-8758,-10396,9926
84,109,27,-8304,-11453,10244
-123,121,-62,-7691,-11664,10281
-71,126,-96,-6898,-11290,9968
-18,125,119,-5788,-10715,9523
36,120,70,-4230,-10472,9153
101,117,18,-2050,-10692,9043
-75,122,-35,388,-11446,9437
31,-120,-95,2375,-12338,10130
-100,-106,86,3297,-12826,10708
44,-104,-69,3064,-12506,10708
-75,-127,-113,1807,-11501,10105
-88,113,16,1075,-3289,1108
-124,99,49,2167,-2722,115
95,98,89,3447,-2614,-473
61,103,-127,4593,-2924,-775
22,118,-121,6057,-4026,-1437
16,125,102,5989,-4230,-1942
16,-123,70,5303,-3928,-2577
-125,86,-14,7534,1987,-9653
-124,-113,6,8058,3856,-10509
-93,-54,-83,13658,3603,-10658
-128,-43,118,14144,5275,-10887
-107,-5,-96,8466,4730,-13447
91,-13,126,10539,867,-16381
-117,-71,-51,6041,-16876,-9783
35,-57,114,-12014,832,-2401
27,-92,-117,-6465,3070,-18939
9,-112,101,-6703,801,-15513
-20,-126,75,-6949,-1232,-11587
E
-57,118,58,-7502,-2080,-7506
-97,104,48,-8350,-2096,-3367
113,82,43,-9416,-1881,1274
-127,-70,87,-14328,-1157,27112
57,119,-111,-15431,754,-31264
-69,53,116,-6638,4742,19717
88,89,-107,-1131,3262,4862
71,-117,-105,3184,422,-7459
-90,-65,-128,4806,-2231,-15245
58,37,-122,-728,551,-11122
-85,65,-53,1764,2755,-5946
-87,75,-41,4322,3146,-5278
-68,87,-52,5822,3721,-5220
-40,103,-79,5206,4813,-5345
-14,119,-103,2794,6975,-4968
1,-124,-116,-320,8754,-3899
4,-117,-111,-3311,9838,-1847
0,-117,-93,-5640,9779,591
63,114,60,-6718,5564,5955
102,101,110,-6752,6425,6255
-114,80,-93,-6572,6726,6564
67,106,-48,-931,-6751,5302
75,71,-80,-1132,-7117,5444
83,37,-118,-793,-7501,5715
112,-49,39,-1681,-5909,5992
117,-74,25,-3108,-4727,6230
115,-102,19,-4397,-3898,6407
104,126,12,-5208,-4020,6748
-99,100,40,-2415,-6201,7245
115,117,38,-1391,-6171,6952
77,-121,36,-702,-5750,6359
-38,-117,-51,1226,-762,718
E
-35,-119,-58,453,-827,469
-33,-119,-62,-215,-837,165
-32,-118,-63,-631,-772,-111
-32,-118,-63,-710,-657,-218
-32,-118,-62,-533,-622,-139
-32,-119,-62,-298,-722,85
-32,-119,-62,-215,-918,358
-30,-118,-63,-369,-1097,524
-27,-115,-62,-663,-1098,446
-27,-119,-56,570,-734,-359
-28,-121,-59,461,-698,-493
-27,-124,-61,277,-560,-668
-27,-127,-63,132,-378,-755
-26,126,-64,51,-242,-711
-24,123,-65,31,-179,-591
-21,120,-66,47,-179,-474
-18,118,-68,64,-232,-412
-14,116,-70,24,-307,-435
