0,0,0,0,0,0
-1,-5,57,187,-119,-191
-1,-5,57,187,-119,-191
-1,-4,119,-85,48,-33
-2,-3,-110,31,-186,104
-2,-1,-92,-38,-38,173
-2,-2,-78,99,-97,236
-3,-3,-67,339,-152,217
-5,-5,-40,110,-444,306
-6,-5,-46,-101,-437,287
-10,2,-37,-586,94,451
-9,4,-39,-230,8,526
-14,16,-31,-56,-484,568
-15,15,-33,-101,-242,496
-17,24,-36,-1195,-52,366
-13,36,-38,-1692,360,465
-7,52,-36,-2008,97,352
-10,78,-31,-1415,-198,587
-17,85,-22,1360,-305,707
-20,68,-26,1283,-628,574
-20,67,-30,590,-599,399
-18,64,-39,-727,227,456
-19,67,-35,-478,-260,399
-25,72,-30,-127,-510,332
-24,74,-27,94,78,296
-24,79,-25,-143,76,170
-25,79,-23,328,79,55
-25,77,-22,500,-45,-24
-33,60,-25,934,-207,-139
-33,56,-29,764,189,28
-34,52,-29,654,225,-5
-33,41,-36,517,43,-35
-33,42,-35,700,9,-11
-29,25,-39,591,163,4
-29,25,-39,582,-9,5
-32,20,-41,489,-295,9
-36,22,-40,435,154,73
-37,18,-41,229,79,45
-37,17,-40,433,2,220
-37,4,-40,682,118,623
-36,5,-39,611,-298,534
-32,-2,-42,577,-173,340
-32,0,-41,470,-250,246
-33,-4,-39,873,-560,-65
-36,-8,-37,941,-180,73
-49,-31,-37,1220,-907,199
-58,-37,-39,699,-699,151
-64,-42,-40,365,-600,219
-70,-46,-38,431,-569,394
-80,-53,-35,658,-633,513
-80,-52,-33,528,-522,428
-86,-56,-30,273,-688,502
-92,-54,-27,302,-382,566
-94,-55,-23,400,-388,607
-98,-57,-19,1108,-943,707
-108,-63,-16,660,-355,529
-105,-63,-17,654,-47,454
-108,-67,-15,809,-411,440
-112,-74,-13,1073,-219,553
-115,-87,-11,1104,-538,453
-117,-87,-10,1115,-861,339
123,-106,-7,1101,-286,164
126,-105,-7,889,-167,281
116,-120,-3,881,-759,405
115,-119,-3,1099,-330,515
107,-127,0,772,-363,652
105,127,0,733,-488,580
101,124,3,620,92,556
102,125,3,751,-639,475
91,119,8,759,-579,729
90,119,7,821,-475,754
77,115,14,797,-502,904
79,116,13,605,-557,786
75,118,20,654,-257,674
76,119,20,754,-478,591
71,116,27,1150,-457,391
71,114,27,1194,-543,521
62,103,32,689,-281,395
62,104,33,614,-566,361
58,103,34,746,260,99
62,104,36,703,-107,17
85,93,44,1250,434,-1043
96,81,53,308,-679,-1453
-102,28,109,5548,-1725,-10713
-5,-63,-117,10908,7213,-11627
100,99,1,8527,3365,-21852
39,116,108,12498,649,-24140
-115,116,55,12576,6237,-26967
89,-119,81,12282,7605,-24280
37,-101,32,8472,-6412,-23302
17,-72,-119,11454,843,-24115
41,117,-26,11404,-7342,-25047
-72,-90,-73,5819,-10733,-12703
116,-19,-73,68,4719,-18025
-35,-59,-80,-4670,6081,-16645
-50,-29,0,-13311,9072,-20120
-126,-70,-56,-11831,11535,-23041
11,38,-93,-8806,7253,-28130
115,-17,-64,-10028,7791,-25338
-18,-67,1,-14338,6831,-18224
5,-15,-33,-12221,6618,-19550
-69,-26,-110,-14033,-6485,-4561
68,-80,-105,-14413,6257,-11019
104,91,18,-15420,-390,1279
117,61,-37,-13130,-3763,3447
-14,4,119,-16968,5576,13666
-60,42,102,-11733,-2691,16615
5,-114,49,-838,-16682,-30165
-83,119,-107,-3273,-12044,-32010
127,-13,86,-13651,18448,-8086
-48,39,86,9756,-7114,-21918
-29,-12,17,6704,1467,-14480
94,-79,88,2437,-1594,-6591
-66,54,-8,-4026,-1829,2416
60,55,48,9897,-2241,-7130
-76,98,-51,15548,-2445,-2206
-46,93,97,5975,-4771,2137
55,-63,101,-3407,1822,3902
121,-16,114,-5426,-797,2163
-65,39,-87,-4678,4864,4849
-35,14,-64,-646,790,2207
-61,-27,-113,8392,838,7058
-78,-50,-25,-5875,24484,12482
-112,-101,105,-18874,817,18907
-71,109,-113,-7076,2521,13030
11,-82,76,-21008,-20978,19743
-14,-103,-58,-8102,-10334,22252
9,-65,-60,-12633,-6929,11580
-55,15,-65,-28737,-6014,22937
-14,-7,111,-18570,-18359,21072
60,120,80,-2225,-21910,27316
-5,116,-49,4819,-31453,26905
-78,-14,-44,-635,-24872,24429
55,56,-115,-5011,-16536,22119
16,-97,51,2071,-29431,20410
-83,-62,71,9825,29529,17448
0,107,2,19489,-15314,13283
-96,80,-10,9878,-21390,17855
33,-6,-106,15325,-25225,10792
58,-35,92,17877,-21332,6291
48,-128,35,2077,-18775,5262
0,-118,73,10729,-19434,4238
88,48,120,5410,-10834,461
36,25,119,10114,-11469,626
-60,109,2,20141,-3248,-885
-37,55,-37,21487,-6762,145
-100,69,-11,14868,-10169,-3337
-118,-108,72,12250,-14031,-2313
-53,23,61,7438,-14283,-52
20,87,24,10328,-14469,432
82,-118,-18,16831,-9311,-5079
-29,26,113,21620,-8328,-2879
31,-74,52,20899,-15401,6126
-43,25,41,16993,-11664,2493
35,40,-87,13852,-7420,3126
83,15,6,16163,-8642,3059
49,-109,-7,18587,-11698,5751
0,6,-57,16930,-10740,4014
-41,105,-29,15405,-8259,1585
-122,-128,124,16047,-4282,64
-99,48,15,15746,-4838,-2070
-92,-106,66,25649,-3470,-808
-68,-59,7,18495,-7051,-3485
-74,86,57,31210,4503,-13264
-118,11,-51,24702,-1939,-11459
13,-115,-118,24147,-13017,-11812
-72,1,-20,9048,12898,-12299
-107,-76,-69,18414,11977,-14868
80,125,126,16413,16121,-12480
-103,121,7,15526,15630,-13642
-33,-56,-42,6292,19966,-10074
32,35,97,5186,26971,-13977
-58,1,-87,5460,31157,-18056
105,-65,22,-1052,27863,-16147
-96,84,32,-2909,21530,-12496
-111,20,-64,-3979,13413,-9688
-63,-63,38,-7077,5883,-3678
46,88,7,-8121,7525,-736
-101,45,-86,-10907,-1084,6775
-93,-5,116,-4796,-526,3767
-105,-8,114,-7516,-2011,5155
2,-125,80,-9192,-17366,24064
101,101,-108,-5938,-16278,-27160
-108,-19,-13,5438,-3024,-32045
-11,75,29,5985,-1984,15171
-67,61,86,4757,-3823,20657
48,-40,-114,1306,6008,-11821
11,114,77,4646,2126,1363
115,-45,-14,9495,-3276,-6031
-48,107,6,9670,-7150,-697
-25,114,78,10410,1077,-3913
76,94,-120,-8653,3892,1728
67,104,-92,506,-1437,3916
41,113,126,5199,-17000,1580
44,-93,0,2370,-2088,-2773
-119,-75,-25,-1121,8502,-791
-124,-60,-118,-8929,9996,-1160
103,-21,43,-10779,238,2598
74,21,99,-3550,-2656,7130
126,81,116,-6487,-1937,6714
17,-32,2,-17706,-6885,12387
48,30,-100,-12798,19769,17436
-116,-58,96,-8532,-5625,16251
15,52,126,-8272,-13320,10069
40,-55,55,-22070,-11363,11411
41,-23,-24,-2625,1638,4445
-97,114,13,-21936,-20759,13321
47,50,61,-19145,-19444,9679
-23,-39,-72,-15854,-17414,9809
87,112,81,-10619,-18068,14613
57,114,112,-7624,-27729,9208
-119,-75,52,-6475,-4358,8968
79,-111,99,31660,31596,-4331
74,-87,121,-15618,-8806,17325
25,-74,-102,-5261,-11610,11137
-49,74,78,-622,-9913,9959
-76,65,53,3864,-12633,10496
77,-75,-10,4084,-5926,1075
33,-36,27,2521,-7805,-553
1,18,-110,11823,5840,-16883
31,9,-84,5584,-13423,-16041
28,4,18,5986,-14986,-18029
-47,-98,103,9822,-11199,-31674
116,1,-59,2632,-11455,-28656
76,113,-34,10171,-10322,30454
20,-65,-63,634,-27437,-32725
40,-93,-35,-8485,-16895,-32725
-5,10,117,-12943,28765,-32725
-113,72,31,-16869,-24361,-31924
89,47,-15,-20408,30952,-22813
59,-45,-91,-30012,32386,-18431
-45,53,-57,-29000,-32727,-15107
74,37,57,-28511,-32727,-9624
-103,-112,-110,-27320,-32727,-2497
49,111,73,-15488,-32727,283
-123,28,-1,-11138,-32727,3124
-85,48,57,-336,-32727,1238
82,-128,-99,-1491,-32727,3764
-17,-94,75,251,-12586,2923
-34,-125,-36,11651,-1899,-4482
19,8,49,22051,-10384,-14786
-88,22,-117,25312,-5040,-13702
-122,108,70,-27739,7558,-18208
-35,99,-62,-32565,2610,-16832
45,-34,-18,-32643,7962,-19529
-127,-103,127,-32643,-19423,11402
17,32,-69,3401,-32725,15779
8,24,-91,4689,-20598,-2371
79,-44,123,-23394,1030,-31359
-10,-82,-56,-15934,10630,16329
-14,-97,-18,-20816,9464,23187
66,30,89,-16588,10020,22224
-36,125,39,-13482,14368,21119
107,7,-63,-20771,18414,17989
87,-31,81,-23622,28749,22970
89,-18,113,-19199,-28655,26911
-128,39,-47,-31829,-32723,22514
6,-59,71,-27298,-32723,18555
94,-31,64,-25443,13496,9664
11,102,-24,30614,15624,11148
-83,-77,62,-18112,20043,8945
-8,34,21,-14064,11831,16298
-26,79,-15,-10274,-8170,13339
107,-4,-68,-12181,-3715,10364
38,109,-128,-7378,-2394,16111
2,-89,96,-566,-1142,12380
34,-90,-112,-3790,-1036,12169
74,-83,-38,-874,-7785,12602
84,-96,-34,1405,-2565,12080
-108,86,-50,-3259,1098,9789
116,29,-45,-1929,-3275,9427
3,25,-63,7138,-1935,5339
84,-26,-120,213,-978,4884
103,-14,94,633,-9131,1684
48,21,81,-2591,-5278,1554
53,41,102,-3381,-1996,-3057
-60,118,-71,-2880,3824,-12499
-101,71,-80,-1920,1101,-10427
63,-85,-61,-76,-2518,-11700
100,-98,-73,-2603,-1682,-10000
-113,-50,-22,-11052,2673,-8762
-103,-80,-7,-8336,5850,-9842
-127,-16,-98,-7170,8293,-9351
-87,-49,74,-8842,10517,-7961
31,-62,-93,-6762,12101,-7389
113,-26,109,-5143,11409,-4906
0,54,74,-1944,1939,-95
-38,38,99,-3636,5061,608
29,91,112,1420,-1539,5673
91,87,124,-1215,8072,6109
-37,77,-91,877,168,1170
-63,87,-104,3257,-3082,3250
85,13,116,8963,-13073,9027
28,-50,95,5580,-8417,5248
32,-1,106,-3036,3840,993
100,46,94,-5079,6264,-4955
-108,11,41,-8642,-4651,-8455
66,-16,76,-10782,-10747,-8265
-28,-127,-101,-3820,20248,-25252
109,-65,-97,-17632,954,-14800
101,74,10,-8904,29448,-32405
-20,55,58,-5138,20985,-30489
-44,-17,112,-23098,17427,-22239
43,-57,112,10674,11148,-29262
88,-13,-95,-13433,13993,-28088
107,-22,106,19933,-13277,-11160
75,-117,-63,-11404,16370,-24989
-5,89,-125,-10218,13342,-21517
75,-83,1,-6124,3624,-24193
69,-119,58,7227,-12898,-19722
39,11,23,-9070,-4245,-24794
-110,12,-61,-9992,-12871,-28931
-1,-24,-78,-5832,-13775,-28191
-109,22,-108,-8222,-12996,-21891
2,-101,59,-6798,-22430,-23499
-49,73,-55,-8737,-19999,-25911
-95,-105,-82,-19901,-5223,-21056
42,-50,81,-7729,-3654,-13514
118,-105,46,-3195,1216,-7469
53,113,36,-9184,7890,-1067
100,109,48,4670,4361,16639
-109,38,9,4625,13772,23432
-90,-16,4,-1944,19724,25536
92,-18,-20,-5410,22482,-27970
-43,-33,67,14015,8501,-32722
65,108,126,-2827,-2637,21867
-51,87,12,-6673,8603,6458
50,88,-73,7857,571,-1626
-62,-38,-33,8363,-1774,-1577
125,30,-45,7840,868,619
90,60,-34,8747,-4534,2212
-102,19,102,2787,4173,-662
-80,14,99,7120,-3776,2316
116,-22,24,2270,-2281,8709
-90,5,1,2646,-1609,6540
104,94,47,779,8944,8430
-113,112,-12,-125,15437,9837
11,29,11,3079,8111,12026
27,7,69,11008,1097,19961
87,69,-122,736,9268,23826
-114,87,-117,11939,4954,20438
6,-22,34,-19170,27114,24119
-6,-19,-108,-20836,29678,24870
67,-109,-38,4032,-17164,24947
-9,6,22,-15611,-11373,30054
-39,46,-103,-13580,-10385,31974
-62,16,-52,-10253,-14999,31749
-86,4,15,1696,-15530,-32020
126,-64,-33,1241,-26346,-32721
44,-38,63,4070,-23429,-32721
73,40,77,2439,767,24200
88,-58,124,-1622,1045,24577
6,120,24,-11593,-12747,23859
109,-93,77,-10432,-742,24746
126,79,-101,-7933,339,17614
24,-76,-39,-689,-20986,18385
-34,37,121,-1388,-26224,8304
21,3,96,6164,-24251,4020
43,-37,-76,7368,-13996,5895
1,-86,-95,8083,-20039,6029
117,-14,124,6454,-20673,1529
61,29,-72,9384,-19733,2651
7,13,-93,2683,5145,6642
46,22,-125,6299,-23458,-15828
18,-120,22,6591,-7804,-2673
39,41,53,5530,2290,-56
75,-32,3,2872,244,-2600
41,-103,3,2097,-5706,-957
-28,76,99,2556,-8295,-1748
-23,85,123,2627,-4428,-1650
-75,19,-103,5928,3688,-2013
-69,29,125,4810,550,-651
-119,23,97,6786,-6027,3231
-77,82,-114,6669,-3367,3471
23,-71,-84,79,-4881,-3577
13,-95,-71,1135,-3474,-1901
61,-99,42,10246,-4825,-1805
34,-107,47,10194,-4644,-688
70,-16,-45,16966,-12048,4955
-53,-55,33,14646,-6645,229
-44,-44,-10,15502,-6354,778
42,-32,22,15919,7748,3296
25,-91,-22,15920,9531,5930
20,-96,115,10447,-5288,5210
-104,120,61,9263,-9998,-5967
92,-88,-93,-85,-16353,-19069
5,116,102,-2520,-25863,-25360
71,-55,69,16862,-11219,-18793
84,69,106,-7883,32333,26281
-105,-106,-83,25354,-9737,-32724
-48,-103,-31,32665,18190,-32724
-19,-120,111,-32636,-13828,-32724
122,-90,-10,-32636,-22262,-32724
66,-41,87,-32636,-20575,-32724
-104,-41,51,-32636,-9172,-32724
17,115,88,-32636,30015,-32724
-92,127,-96,-20699,30389,-28968
-113,-89,-72,-14844,4806,-6056
-11,62,53,6066,8036,12183
115,-51,-75,15435,3115,7337
-115,2,47,-25872,20132,-3119
-1,68,17,19742,16146,11001
21,-91,-8,31085,15410,13253
127,-17,-78,30138,15213,15474
30,119,-113,14292,30720,19849
9,-15,-126,21219,21660,32261
108,4,54,27819,18621,22873
-113,67,109,10310,28059,29892
56,123,89,28023,-2042,26905
111,-122,19,23275,14014,28295
30,-1,123,8188,-22172,-31248
-100,23,84,-1898,-32723,-32404
64,-126,-24,4857,11660,-32721
84,84,54,18012,-555,-32721
28,-48,64,20720,-15435,-32721
67,114,-23,-25331,-24995,-32721
77,26,71,32693,4419,-32721
-23,-45,-27,18122,7365,27139
102,18,106,28447,-25115,28428
86,-90,-5,26109,-13137,17422
-4,37,25,8183,-2137,15463
7,-87,-73,7339,-11230,14740
75,85,105,12135,-11003,9189
-125,37,-37,12370,1033,7358
-63,-80,21,14610,-9500,3507
112,56,-102,11553,-5380,3144
-19,81,32,12504,-9558,6113
-103,-50,52,12717,-8565,4954
-52,-46,-95,16226,-10745,3706
111,-109,49,14204,-11385,2336
-9,83,101,10079,-11070,601
-7,123,-27,10744,-10190,1906
17,-36,-46,8881,-4404,3125
34,-33,-67,10737,-7638,3063
-122,-85,-117,16756,-9374,5001
-100,-32,87,21655,-14499,2266
59,-42,-114,12003,-16461,6792
94,-37,-39,14019,-12157,3813
-53,-81,-109,27817,-12443,-292
96,-45,-2,20011,-12883,-396
110,68,-92,24013,-6064,-5447
17,88,123,28079,1979,-2147
-87,-73,124,27247,6411,4817
-84,27,-99,27185,7825,6205
-110,-92,-125,-29738,9933,25653
13,26,81,-32633,-10346,13741
19,-7,-13,-32633,-9955,23227
-110,-112,-43,-32633,-2320,23411
14,27,-117,11865,13323,10394
124,67,-123,15138,13865,16457
66,35,-89,-19466,18443,-32189
-66,119,-118,-21789,10727,2340
3,113,-71,-29440,-2866,-6186
-91,-74,-92,-18601,-2493,31961
101,-42,53,-11436,21120,-7552
84,51,-105,23869,5207,22730
86,-86,-50,-30712,-16873,-32723
56,-24,7,32260,14110,-32723
-126,-82,77,-25952,-14158,-32723
-2,83,-96,-5114,10176,-32723
-115,-70,-18,-2793,6315,-32723
-113,-61,109,6196,183,-32723
63,116,54,10816,20625,-32723
125,31,60,-21206,15000,-29735
-98,-31,84,5099,31143,-13811
125,93,38,16814,-32688,-6894
-15,51,13,21381,23126,2511
99,26,-16,15598,-30763,1961
-6,127,-24,6735,-32168,16851
86,-14,54,-11487,32211,-30141
-102,13,9,12038,20295,-30021
-52,29,43,-1890,-31721,-32722
-45,-101,95,-13711,13736,-32722
70,127,67,-17400,1077,-32722
49,5,62,-26931,887,-32722
48,12,99,-30209,-7415,27036
-56,-38,-91,-23822,-9496,15129
-76,-13,-121,-16978,-29663,23311
-111,13,-122,26433,8697,-11238
-22,-74,-108,-31267,-5353,-2756
-51,63,-38,32447,5020,-16318
-29,-4,49,-32634,10163,-27516
65,-48,31,-32634,13725,32749
29,-99,-25,-21445,-4812,31077
-9,-18,17,31419,2523,-32723
34,114,-74,-31939,-103,-32723
-71,-37,-125,-15446,-1638,-32723
20,112,-55,-16791,-16688,-32723
-32,-97,-103,-12831,11281,-32723
44,10,-111,-5202,-7505,-32723
-69,-115,-125,-7434,-6958,-23429
32,-51,67,11379,-3686,-13805
-63,100,-97,9387,-5313,-1823
-11,106,126,-19161,22778,3078
-50,-127,-46,-15622,14250,4880
76,-4,-11,-10828,3786,13097
-90,18,84,-16939,-1469,9508
37,99,53,-15358,-3967,8013
0,52,-121,-5923,4526,12441
-98,19,3,477,4574,19123
-120,14,-28,-492,4006,14807
127,6,-5,-10249,11360,11879
21,-57,-46,-6881,-7161,18924
27,67,101,-9879,-5529,22774
-84,-76,35,-12798,4664,20918
-126,66,65,-19099,9823,23242
54,45,97,-17525,-1409,23335
-61,9,-111,-24388,-8382,16428
119,-96,-75,29889,-4789,18507
-120,-46,59,-8206,11560,21227
-33,-74,-92,-18680,-11960,21353
-68,48,-100,32690,-1015,19887
-100,-27,107,-28875,-4714,18848
87,-97,-71,-14802,7893,21424
29,39,99,-19244,-3018,9222
-82,-71,66,-17916,-3779,7208
89,-82,116,-5575,3451,-5800
2,-91,86,-3397,8283,4362
-58,-79,-12,-7463,4078,-12316
-70,51,-29,-6254,13299,-20283
29,-10,-15,-11552,23337,-31509
92,-56,-33,-17755,1841,-22628
-5,-72,19,-5956,-2414,-20671
-124,-4,-3,-3423,-13241,-16190
-67,-59,51,-11598,-4218,25475
-114,-103,-61,-18659,9739,-32720
-69,-9,34,-29598,-19149,-32720
-5,-78,-94,-16082,-30723,-32720
85,0,-50,-15581,28565,-25319
45,76,124,-22024,-32723,-18573
-5,101,13,-31903,-32723,-12005
78,-9,39,30590,-32723,-10728
-123,-80,1,-32638,-32723,-5710
-122,20,-53,-32638,-32723,-7862
-105,112,92,-26765,-32723,-6220
99,-16,30,-25758,-32723,1166
112,39,-41,-18197,-32723,2336
78,109,-23,-17562,-23297,2302
80,27,-92,-155,-18729,-3343
56,-89,-57,3464,-3738,-4857
-75,-36,-37,11830,780,-5454
67,96,-110,13833,-5006,-5495
15,7,-122,21245,-5805,-12126
-71,-108,-96,23979,-1035,-14747
6,-103,-9,-27200,17802,-25491
-109,-82,-86,-32636,22849,32221
-125,-100,62,-32636,-16626,31120
-97,60,89,-22420,-13926,26395
49,127,-9,-875,31841,3778
9,30,-125,754,-11860,7534
-80,-91,117,-4583,1751,6399
-37,112,-94,-10293,6598,7377
-119,51,-70,-12508,21902,10275
33,39,-96,-14667,30541,12079
100,-93,-127,-9716,19772,12964
-16,109,-53,-5164,-32527,4823
-125,-38,-97,-19338,-30948,16242
10,-117,68,-17966,-32722,12906
-32,-7,86,-10166,-32722,15877
-27,78,90,-3118,-32722,16434
-27,-56,19,-15539,28506,19267
-60,-118,-31,6672,-4683,20728
61,78,117,12390,-3561,25086
-65,-57,76,25170,-1486,22940
52,84,2,-26363,9009,19522
-42,66,-75,12302,16166,25501
41,119,0,23933,-1044,29524
6,-57,87,19375,-12479,24957
62,-124,-56,15209,-23473,21110
-77,-83,-119,15548,-10590,20510
124,98,-109,20381,-7625,12208
-98,-28,-65,26921,-9213,10159
110,103,-125,24366,-7937,10586
21,120,41,30434,-24504,13007
-26,79,-20,-30510,-21619,9245
66,23,-113,-32590,-12586,4246
-19,-70,-48,28142,-24672,6028
-128,-62,4,19445,-25194,1523
45,82,-28,13228,-12141,3413
1,-3,53,11362,-19776,-7082
-127,97,1,22131,-773,-1824
-26,-124,98,26801,-5616,1274
-73,-110,-62,23213,-8404,2704
-1,-91,-21,17155,-5176,9699
-75,33,113,17122,-9355,12983
71,102,-109,11332,-5366,14931
98,23,-91,13312,-5115,11747
-23,84,-97,16292,11300,-1621
-31,115,-58,16679,-3863,18416
-30,18,-116,11018,-457,8309
5,-40,47,11600,-7615,12461
-73,-101,-120,4465,-6392,11788
-41,-119,113,3169,-4155,10256
-117,-105,96,-5171,10525,3780
-4,36,-41,-9340,9078,-616
124,64,-38,-5073,2342,4503
118,64,-47,-6347,-3266,-5090
-124,115,-101,-1787,-5839,-20843
-12,-87,-87,-1324,4681,-26542
84,-25,33,-2647,11716,32562
64,102,-34,-2805,8885,31203
-75,80,-113,-1791,21139,-32725
2,-106,-47,-938,14775,-32725
-75,10,-81,15312,29704,-32725
-54,-19,-112,16824,21995,-22450
-94,-43,-47,19419,24565,-21450
80,109,106,16779,31999,-23445
92,62,-96,-24735,-30985,1066
67,96,48,30194,14081,-10373
-88,123,10,26551,21017,11946
120,-46,-18,20923,26470,5467
42,104,30,-3275,-4573,14897
-86,1,29,-4311,-4546,12248
4,51,-113,-15302,18589,12768
-87,-100,-64,-7022,-10474,21612
-65,73,97,-18573,-777,4170
-99,-93,72,-8404,-13327,3849
-82,69,73,-2392,-14122,-5700
47,31,116,27529,16468,-27751
-4,43,55,-16974,4967,-29506
92,-18,-5,-37,219,-29747
-42,-126,-6,-7236,-2314,-29613
-117,33,111,-2647,12527,-32029
-79,-25,26,718,15047,-26863
-32,-107,-56,9303,23308,-19169
101,13,22,27169,2525,948
45,-106,-88,21024,5711,4614
71,-24,46,17151,9803,8755
54,40,43,15155,10914,7109
-122,-80,-71,11355,17105,14140
68,-39,127,10111,7763,17159
84,-105,82,684,1117,23142
-53,-125,102,223,6131,21852
-95,104,-69,-15642,123,24446
82,77,-14,-23852,-6644,21181
-73,92,15,-24855,-19484,15992
-83,71,-117,-17112,-12797,18204
95,125,-54,-26149,23094,14009
27,-38,-14,29908,18791,-5241
-6,89,4,-9490,-23695,31583
-115,-121,-124,-14725,-10725,-29518
-119,29,-97,-4497,1065,29967
-3,-26,42,-4126,-2684,-32727
60,-73,38,15843,-8125,-32727
30,-80,78,16903,-2795,-30079
-14,114,-122,23422,313,-22284
-51,122,-104,21283,1971,-20925
51,109,104,22792,-2846,-8953
-60,32,-64,20245,-2886,-3096
77,-121,-5,11914,-9501,10338
18,29,-84,8692,-12043,14327
84,-123,50,1421,-9783,15189
-29,-61,3,-6739,-11730,15359
41,-11,-125,25346,-18123,9180
102,15,-84,-30480,-8973,6529
5,-18,-41,-29733,-12867,3260
26,79,-46,-23161,-25999,4473
2,-27,32,14546,28168,7455
96,9,-40,21907,-8779,17908
-20,-77,-55,31352,-4626,12871
-80,-22,54,-27763,-12258,6057
-64,-96,-46,-15193,-15175,11146
-46,28,-17,-25958,-18275,6825
125,-111,114,-13910,2342,6613
-31,-69,1,-14384,-2468,4367
5,76,66,-22279,-7779,3554
82,102,46,-17778,-8206,1208
-48,27,91,-22945,-939,-7125
-68,59,46,-13375,5820,-9472
-82,-102,9,-16384,-2178,-2142
-77,-32,91,-4043,-3317,-8081
108,65,-101,-16330,1692,1827
-97,88,-31,-14878,1550,-5716
117,-28,39,-21871,3872,-4016
118,-41,122,-19899,2126,-2211
79,-125,-80,-8219,6503,-3384
52,85,-9,-10556,4783,-1433
20,87,92,-7421,1284,-118
80,-28,-57,-3823,-6100,3664
109,-27,-90,-5441,-5384,3173
40,-44,-94,-8058,1095,-2902
-33,-4,-85,-7544,-439,-3736
-104,52,-49,-6431,3563,-7584
-124,30,-41,-5913,9863,-7810
67,71,-100,-14737,15185,-6058
48,16,106,-13770,8090,-3173
-77,81,35,-2511,39,1810
16,-66,37,-2999,-89,484
-8,-81,33,5515,-4441,2590
36,12,-117,18070,-5245,3696
85,-30,-95,23758,3735,67
85,-80,78,20611,-9814,1868
-40,-88,54,22081,-24746,3737
-16,-118,40,29822,-22509,7677
-98,-41,27,-29713,-13049,3848
110,112,-110,-32634,10879,3494
-74,-127,31,13664,2880,8119
98,36,108,11714,-4407,10292
74,-79,-86,11227,-14052,-6295
93,124,8,-5890,-29256,8553
-112,-47,-56,-3146,-27736,-29068
37,-61,6,-23291,-22041,-18596
47,89,-14,-30389,-19598,-32248
96,55,-53,29416,-26716,-29229
120,-11,-45,-32634,-10512,32486
42,-108,-33,-32634,-9593,32238
-127,87,-102,-32634,-3569,-23775
-124,-93,104,-32634,1829,-20689
120,-38,-2,-32634,6976,-18322
18,-2,82,-24517,-23048,-18966
116,83,94,-12285,-30476,-13428
-92,-61,66,-8235,-27053,21064
-106,79,-113,-3291,13216,8891
41,-70,-50,-32149,5198,475
-69,87,-114,25105,15683,501
-55,101,114,23214,13620,3033
44,-30,65,25063,30697,8803
114,52,76,30880,-28802,11104
-102,22,-25,32517,29644,13096
-71,127,119,30887,-31670,16953
55,-1,4,-31685,-32725,30099
-56,-64,-83,-32631,-32725,25210
113,104,-119,20237,-32725,-28923
82,33,15,23315,-32725,-32729
-7,0,95,15979,31518,-32729
57,-95,-69,19001,16182,-32729
62,97,-23,-25605,-4468,20220
118,6,-86,-32631,2625,15318
31,99,-14,-32631,1838,26230
69,40,-18,8308,-4524,23838
25,-119,-73,28708,-21021,16119
-20,47,-42,9971,12208,6700
4,69,-74,19154,-572,9955
-37,111,118,24511,-6353,6913
-53,-125,-24,19126,6005,9154
9,73,-87,13435,1655,7204
6,27,-56,12911,-14,8754
42,114,91,11601,-1963,11728
51,-16,111,14994,-2508,9015
0,102,-111,21533,-9809,14044
93,33,27,19857,-9828,10910
122,-118,56,21490,-14492,13314
62,-20,-42,23031,-4952,7968
-47,23,121,22878,-7580,5082
50,-85,44,18643,-236,3399
61,11,-81,17928,1645,5238
55,58,-74,23434,-754,2467
50,8,-91,14637,2440,345
68,-104,24,14400,6162,1512
115,83,0,11169,7169,2008
-68,120,-69,11590,846,4077
-105,118,-37,10706,2707,2850
-84,-72,20,-1454,3726,7666
-92,7,1,5389,4936,5079
-84,-37,44,3800,-301,10083
104,-35,76,4848,-7491,9825
33,-16,-95,3228,-7909,7275
2,25,54,5584,-5433,5861
9,17,55,3506,-5259,5106
-18,99,-128,1260,-3995,4385
13,105,-95,-3135,-4039,5731
23,3,-66,-1520,1940,-3824
-18,-26,-108,-12742,-5117,2323
-81,105,113,-84,2496,-6092
-82,87,116,-2466,670,-3903
-99,-81,10,-6923,4552,-4697
-64,-39,-1,-7502,5002,-5415
29,-79,82,-8606,4748,-5706
51,-84,30,-5505,4762,-3758
119,-82,-66,-5437,2623,-2407
-122,-38,-94,-7005,3235,-1624
-128,53,105,-12130,4217,136
-106,-101,119,-12795,3576,491
-87,45,-57,-9962,-821,8243
-54,86,12,-6697,-5902,9917
-9,106,88,-4486,-8549,7880
101,111,-83,731,-2587,4724
-97,62,-110,1889,-2077,5063
-54,45,114,1003,-8589,3910
-86,53,107,981,-9326,3183
30,42,40,-1380,-5330,5043
64,62,66,-1602,-9073,3715
47,93,81,-1641,2256,8520
88,60,101,-1148,310,7561
-44,-11,104,2263,6042,9136
19,-36,100,-877,-993,9840
88,106,89,4667,-2474,11258
89,84,91,-1218,383,11479
123,-85,54,1051,-979,8053
102,121,39,-1342,-794,4840
96,-99,16,-3560,1953,467
98,-90,21,-2389,2058,2252
105,-73,29,-2965,2675,-151
113,-52,29,-2148,836,-3312
122,-5,24,-625,957,-2705
123,-18,24,1001,1303,-1800
-91,-61,18,-1042,1441,-1902
-108,-20,16,-2310,516,-2602
103,118,-8,-4871,214,-3186
99,-105,-1,-3041,1418,-1665
111,-50,26,-4301,6887,-3884
-122,-35,85,-4435,6101,-4868
119,17,-67,-4419,3196,-4447
84,36,-30,-4721,2203,-4523
48,77,15,-7497,1027,-5220
-62,-110,-102,-8359,2855,-8564
106,-122,-34,-6687,3751,-8010
-72,64,81,-2282,242,-6314
118,12,87,-3717,-523,-5018
43,-17,102,-695,-1193,-5560
-35,-52,115,-772,-3008,128
-1,-46,125,-1987,-859,-478
9,-59,-79,-1750,823,2446
10,-58,-84,-556,1028,2291
42,-41,-89,-2327,1162,5341
80,-14,-76,-3331,1395,5821
-99,-24,-41,-1766,2697,5435
-77,-23,-34,-1892,3078,5057
-47,-19,-22,-1843,5664,4022
9,5,-39,-32,4776,-1949
-18,19,-48,51,1819,-2392
-72,6,-53,-1383,5624,-6243
102,-50,-48,-2401,15444,-4693
-17,68,83,5951,15262,-4606
-97,34,-50,1930,13010,4219
-56,106,-117,7323,17143,20653
82,2,-26,-1983,-44,-5301
-96,79,-24,-12453,-526,983
118,-110,72,-18516,-6758,-6268
-90,-50,-35,-20642,-8342,-22293
-37,109,78,-13546,7553,-30942
-113,-44,-83,-8541,10742,-32002
-65,20,60,3752,8668,-31381
53,38,-55,7143,14705,31888
-55,108,18,6568,8325,-31838
103,-85,68,2276,18000,-27461
44,87,99,15112,-23940,-27194
-109,73,-28,19987,5587,30329
-76,-1,2,17040,32577,-32739
17,-104,87,24269,21492,-23530
81,-84,5,-27110,2400,30690
83,91,43,-32631,-28074,-32528
-82,-118,117,-32631,-30466,-25015
-24,-27,116,-32631,19849,-17984
78,105,46,10331,-28387,-18355
-38,-88,90,4424,29242,-23687
-15,-79,19,3144,-31530,-18368
1,-65,-108,6228,29442,-13743
36,-121,90,10865,29171,-4245
-83,118,19,-2759,-31131,-7326
-102,0,111,-417,16686,-1151
40,16,18,-7958,5480,-672
-22,-115,93,-6131,4890,-9756
-73,13,-33,-1800,-7344,406
-47,-16,-55,-1341,-6010,1105
-19,-3,-110,-1088,-13142,-434
-3,10,52,-440,-10973,-680
-29,63,37,428,-21519,437
-82,80,27,-3052,-18623,-2382
13,15,108,-534,-26764,2229
6,-47,-37,-1168,-31826,723
-76,-92,34,4470,31054,836
1,-120,-44,-6736,-32146,1045
-28,39,49,5559,66,-31928
-41,-20,-80,-948,6783,10783
67,-67,-55,21734,15977,-14149
-55,108,-90,32714,-32725,-13606
16,68,-70,-385,-32725,-30904
-15,119,-22,-21472,23330,26648
31,-12,11,-5309,-15308,-14765
-30,-65,-116,-10814,-17716,-10340
74,64,-62,-509,-7884,-10195
98,83,-62,-4018,1016,-7165
45,-15,-26,-2071,-15989,-8638
2,47,-53,-6032,-6335,-4981
-2,-5,125,6445,-8914,-4570
-109,-79,83,2161,-13137,-5270
41,-26,55,-14284,-13761,-2365
42,34,99,-17298,-13877,-1623
-94,-112,11,-18457,-17182,-1167
-44,94,123,-19720,-15461,1028
97,-4,49,-21452,-16294,4970
-104,-16,61,-7533,-24406,1623
81,-32,-65,-9773,32565,-645
55,77,69,-15721,-18605,10746
-70,-40,-97,-8809,-20077,7409
-22,-22,-16,-2631,-17918,12540
72,52,61,-3983,-26788,9385
-86,3,54,-14129,-11270,10005
-20,42,79,-1465,-1644,10557
-109,-40,95,-17408,-27066,12003
10,-15,-32,-14026,-9541,14938
18,-109,48,-17316,-10900,11077
-86,-93,110,-20054,-10996,9866
-53,-7,11,-8103,-1545,6251
127,-93,123,-1094,-7570,2364
83,-30,83,-4294,-10922,-2098
-60,-23,57,-9424,11738,-7417
-23,-70,-21,-8161,7322,-11736
113,-114,69,-5861,4998,-12295
-67,-55,43,-3351,4112,-12021
52,104,20,639,6771,-12863
31,-127,50,570,6004,-12938
-15,-21,96,-123,3658,-12839
-54,-56,82,-461,3993,-12281
16,-119,78,-114,4059,-7147
-47,-101,83,-1846,4515,-6407
64,-61,124,-3711,1938,-4463
10,-61,-118,-3664,2185,-1974
-34,-63,-47,-6632,3918,2252
-29,-90,11,-6621,4338,1919
-42,84,100,-4384,4958,4883
-38,83,89,-3829,1863,3738
20,-27,-82,-4868,-37,6797
28,-24,-89,-3529,-892,6227
-114,-114,-69,-2261,-5353,6407
-34,110,-81,-3549,-6464,5972
94,5,-117,-4378,-1145,3629
103,-39,-124,-4843,-217,3495
107,75,101,-1415,-4477,5917
-122,18,72,-3808,-5466,5751
-82,-57,-6,-3017,-9265,87
-67,-30,-16,-1694,-9204,-1922
-10,89,63,-287,-2630,-7932
-22,93,85,-399,-2199,-5896
55,-84,22,-1731,3245,-7756
76,-43,61,-2578,1547,-8254
104,57,86,-8916,709,-4024
101,45,79,-1948,7965,-12274
-16,-45,-124,3564,6530,-8640
-19,-55,-121,3000,4664,-7965
25,121,-122,5278,2311,-7062
30,92,94,5327,1965,-7387
112,-61,-25,2871,422,-4571
73,-53,-65,3730,1093,-3339
2,-47,105,4614,1959,92
20,-59,104,4732,1429,41
34,-108,-8,5591,495,2334
47,-113,-9,4990,174,2757
105,49,-111,6300,-2505,7334
-121,-26,102,6651,-3396,8167
-92,79,18,7258,-3020,10795
-87,-36,0,6789,-5455,11676
126,-40,-27,10602,-6241,16152
35,70,0,10129,-11371,16351
76,84,62,6241,-14642,15709
-3,72,35,7747,-12007,14016
-4,-35,-109,8380,-4515,14766
35,-53,-27,13659,-1040,14299
120,2,-97,16813,-10175,11414
20,42,-113,20946,-24415,14192
-122,-118,31,13668,-8838,10570
19,-105,73,17037,-15863,11574
-38,111,61,12821,-3843,10673
-56,-6,-13,14752,-1465,6238
-96,-97,-23,8278,-3008,8752
56,36,-1,7931,-4271,9250
61,59,5,10141,-12893,7042
83,15,-46,7631,-8142,7422
118,40,-48,8772,-10007,6624
67,84,-126,7436,-7771,5154
89,102,-71,9588,-9733,6828
-75,-75,56,7675,-12195,6124
-62,-46,52,7477,-12290,4043
84,-56,-104,6571,-11690,1455
65,-85,120,6246,-12087,1832
-59,83,113,2580,-6847,-429
-72,47,102,1454,-4910,-550
-38,34,108,-3189,2681,-2429
-52,-29,-123,-3268,991,-2124
-57,-118,-69,-4960,2690,-4548
-110,92,-50,-5246,1062,-7677
43,-43,-5,-5106,1724,-9049
-8,118,-5,-3973,1747,-8643
-90,-55,-27,-5991,-4975,-3096
-54,-94,-14,-2615,188,-7617
-112,-3,-68,-1778,2449,-8738
-67,-50,-90,-165,1065,-5231
-51,-106,-112,95,1139,-5253
-5,89,108,274,1104,-3758
20,85,98,70,1693,-3206
42,65,82,683,1890,-2390
46,56,67,1608,1075,-1279
44,56,60,1880,-125,130
30,71,63,1203,-1058,1029
19,89,64,821,-808,3073
1,97,65,1397,-489,4597
-29,114,73,996,-1221,5502
-80,-77,84,733,-805,5828
-77,-71,84,793,-768,6539
118,36,105,323,-1598,9470
106,98,119,640,-2274,8900
119,-9,-97,-127,-2066,8934
-122,-6,-97,-1011,-379,8745
-50,-61,-70,-2265,1213,8338
-53,-88,-76,-2155,202,7989
17,5,-55,734,-3608,4264
49,23,-30,911,1104,3731
63,54,-40,1267,-238,2263
85,91,-58,1725,236,1556
89,115,-84,4101,-1254,-1263
79,-118,-124,749,-299,354
74,-118,123,2592,-1142,-930
52,-116,82,1997,-448,-1940
48,-119,80,2344,-1377,-2554
-21,94,30,2875,-2336,-3740
-21,87,36,3349,-2453,-3295
-93,18,18,2566,-1568,-2808
-94,5,12,1184,823,-3133
120,-24,-13,1499,739,-3031
62,-87,-46,3014,-1532,-2773
76,-106,-38,4077,-784,-4714
92,-127,-27,5923,1551,-8569
115,-3,-36,11828,-236,-11261
-116,-103,0,11791,1380,-15759
9,-46,110,21322,4472,-16077
-115,-123,-46,25306,7289,-15696
-73,-126,-5,20720,7075,-16180
116,-51,-123,16536,9139,-18111
73,3,-2,-23627,-20498,3842
-12,118,26,20868,-1454,-15810
-115,-104,-69,20241,20449,-13558
11,-98,-3,17497,19156,-10599
73,-105,-33,10556,20608,-2221
23,-85,-32,8260,9775,-4558
46,-116,-84,26466,-18170,-7676
-31,119,-34,-645,26528,-13465
-54,-38,-116,17189,-6294,-11699
103,-48,90,3110,-3491,-19377
-115,-23,-112,2557,4865,-23309
60,-18,-108,2409,-1837,-19382
-32,-17,114,-2990,-13897,-22808
-57,-62,118,7324,-23903,-28663
-55,104,-76,24662,-27852,-29624
47,-68,68,-1548,-25453,-27734
123,-40,-122,11291,-28143,-20727
-96,-56,-21,-2855,2945,-6906
35,-111,-93,2932,763,3559
48,-28,114,-2544,17641,8022
104,-10,94,-4032,15697,9569
99,-5,56,-2433,25823,22869
115,-50,75,-3250,19491,20996
99,41,-59,-1003,4712,31337
69,58,-47,-1316,11952,23662
-23,-41,32,-9719,3884,9838
-55,9,-59,-76,10771,9252
-2,87,-110,1644,-7239,13468
7,78,31,1286,15830,-2262
98,126,87,7189,6559,-486
56,49,66,-2875,8316,11508
-93,121,-11,-2832,19176,4886
-24,-125,-7,-8111,-11240,5833
-70,-76,124,-13690,-6230,5562
-91,-126,-73,484,3221,1981
98,97,-107,-22019,-28187,10309
-125,-71,-76,5932,1208,18263
-72,-14,122,2936,-6352,14479
-24,36,-65,4029,-2405,21698
-38,-8,-121,2614,-6051,18486
-28,-21,70,-4345,5044,14363
40,92,90,-2281,5482,16015
85,26,123,-2337,-869,19134
39,43,84,6471,-2104,23540
-30,-109,54,-6400,-4775,19905
27,-53,124,-15069,-4288,18444
93,3,2,-20170,2465,17658
105,-5,-28,-16289,1590,23628
119,-12,-11,-11467,-6807,19066
-9,89,-81,-16830,-11051,18841
-17,90,122,-9032,-14843,24646
-38,-81,25,-4426,-17356,21806
-86,44,32,-6785,-18336,22435
41,-115,102,-8557,-17128,21554
-85,-7,120,-1429,-20573,21645
-87,113,-82,-4047,-21468,17401
-119,-88,-109,94,-18806,14127
-57,20,54,746,-14521,13591
95,-86,16,5265,-19592,6809
-73,-63,-42,6390,-11043,10532
95,-19,124,1944,-16277,-105
46,-26,97,3626,-13902,-2837
42,-23,22,2022,-7081,1529
35,-24,26,808,-5983,1070
33,-12,-29,1161,2053,-206
29,-35,-62,2806,3071,-5493
13,-47,-82,-3667,2148,-445
8,-41,-61,-3165,5273,-2230
-39,-74,-62,798,4027,-3171
-36,-84,-80,771,4091,-2268
-33,78,-123,-5301,9564,-2512
-34,106,-115,-1736,-1113,-4593
83,-80,-112,5003,-7232,-9699
-88,120,27,1784,1365,-3686
-12,38,69,3046,-7350,-11396
45,115,4,-2428,8388,-10187
88,105,-6,-2243,3354,-10924
77,-62,-110,-8922,11888,-10897
-62,-103,-5,-7119,12435,-8710
11,-127,-70,-7019,12755,-8374
-25,-21,118,-9528,6908,-9581
8,31,-92,202,10634,-6296
107,75,-60,-3798,8729,-8700
105,87,-46,-2943,9630,-6910
-119,27,79,-2530,4476,-7889
104,5,66,-2437,4765,-6808
34,69,-90,-350,-238,-2803
3,66,-82,1617,1804,-2460
-1,62,-78,3094,2473,-321
33,67,-67,-1854,-155,-639
49,75,-64,6817,-869,-3052
-124,60,-6,8844,4798,-9211
-96,8,-19,14385,10512,-15140
-29,60,-30,19872,3756,-11268
27,-39,23,26704,-13894,-19220
-22,-61,33,-31366,1188,30497
124,82,79,8090,-10193,-22460
-42,-44,23,12530,23014,28735
96,-38,-109,25096,-18305,-32739
-80,-22,18,15909,-18179,-32739
18,-55,-104,11063,-13124,-32661
-77,85,74,-6307,-3847,-26645
17,-5,104,-1128,-408,-27636
-65,-59,-2,2002,-14220,-15426
-31,23,120,2591,-31433,-8980
34,-23,-115,-6572,30947,5998
-20,-114,75,372,-3800,17082
74,24,11,-4407,5893,32072
109,107,-33,-3806,5291,29726
8,73,125,9983,-11323,-30440
-113,-94,62,17470,-18369,-32737
-120,-25,31,-17675,27595,23463
59,-20,0,2206,6684,6329
-86,-35,103,7916,-2383,-16530
-32,-11,-19,3867,-9964,28573
-33,-85,-126,3539,2948,31790
-49,-125,22,-8864,2785,32155
-124,-63,15,-5579,3953,-31052
-4,107,24,1178,-5209,-16669
-107,-107,6,-7087,7278,1474
81,70,-53,-2148,10519,16542
-102,-100,11,-460,15004,20856
122,72,76,-32318,-17590,9680
66,-33,11,-3836,-21778,11709
43,-40,115,30411,1455,-6096
-34,53,23,31434,21155,-10822
61,116,47,19978,-25031,-7823
-6,-99,-114,16427,-32735,-9827
-58,-84,11,16482,-32735,-12323
16,114,105,23766,-32735,-18952
23,-79,110,15999,24233,-4450
27,37,105,29558,-29879,-24336
55,-51,-88,29646,22016,-23385
-118,65,0,12688,20499,-24582
12,11,-124,6269,23460,-25617
44,-35,121,1032,-3547,-13966
4,-77,-73,-6491,5737,-11189
-38,115,55,3456,-7233,-9997
-126,-45,15,-6631,-9395,-12009
66,-118,62,-3680,29418,-4470
70,-125,-38,-2728,-28210,-8068
118,122,-94,-10347,-20393,-8725
-18,-20,-39,-11232,-6774,-13082
8,-59,-103,-6920,-22926,12304
-42,-53,-22,-9040,-27127,4610
-126,-48,-111,-14354,7259,-987
43,-49,75,-11274,-6720,12403
-114,-6,121,-25160,-2187,25512
-41,-114,34,-29898,18094,131
20,-46,-83,-15948,-18061,22538
-4,-20,-125,11780,27909,25210
-96,-55,105,12850,-26164,-17329
-54,-120,115,-5522,-29650,-18686
-86,115,-38,-14712,15814,-5760
-90,-116,-68,-11908,11068,-12088
-46,112,63,-2835,5427,-5389
43,82,-5,-15134,-9603,480
109,14,52,-2026,648,-8481
68,-3,83,-14790,-11127,-9303
110,-47,-32,-4444,-18368,-1826
21,-72,-113,-12553,-9352,-5665
24,-34,51,-12507,-12308,-2679
-115,73,24,-17753,-20432,3051
4,17,-95,-21249,-11417,-667
-20,100,9,-26715,-10039,3728
85,90,43,-18790,-12727,3321
18,-19,-99,-20771,-16935,2279
-55,20,69,-19523,-16048,10906
98,-80,-35,-9076,-16473,4431
86,34,-17,-15142,-13696,507
-3,-77,-40,-20532,-15381,1031
32,-110,-58,-7447,-8235,5581
112,-123,78,-6833,-25171,4070
-109,-22,-99,-15181,-13473,-797
-66,126,-3,-17061,2402,-4819
102,-39,124,-15387,-3875,-7595
-96,-92,8,-11772,-109,-6878
91,-63,58,-7299,-703,-5884
-119,-27,31,-4454,-3788,-7545
69,2,-19,-14122,152,-10772
-127,-36,107,-20246,5037,-11343
44,-16,-66,-16891,10905,-12434
94,84,90,-18659,8970,-9795
109,-69,-77,-16220,4317,-8211
-90,16,-119,-10598,-971,-4378
15,96,-37,-11971,5453,-5262
92,-85,-117,-10559,5907,-5375
-69,36,-6,-4973,996,-4470
-101,35,25,-5231,134,-3991
-85,-87,-24,-4164,1909,-1945
-66,-108,-12,-5000,3747,-2748
44,7,-33,-3958,2184,-949
16,-7,-28,-3080,330,-811
-45,42,-40,229,-7776,1213
-72,36,-38,-732,-6418,1764
52,98,-17,-4638,-1574,1530
99,114,-8,-5998,755,843
-123,-34,51,-5604,2502,-818
-124,-44,55,-4031,1209,-659
121,10,-116,-538,-1697,987
119,-5,123,-26,-2283,372
120,15,-123,-1562,-748,1147
118,41,-106,-760,-2512,-304
93,15,-82,3453,-2591,204
93,2,-98,3895,-2580,922
75,-35,111,2726,-3673,1945
58,-40,90,1791,-4089,2655
48,-29,81,-192,-3265,4422
56,-23,87,-573,-4054,3292
88,18,92,-1610,-1343,5876
121,31,104,-1929,-570,4815
-62,54,109,361,208,4024
-65,46,102,208,-335,4241
-3,37,76,2046,-1196,4052
15,20,58,2727,-1163,2254
14,-7,26,3721,-2504,229
-11,-37,-3,3792,-2991,-569
-61,-97,-48,3863,-2219,57
-64,-98,-46,3748,-2609,685
121,75,-83,1830,-1963,1991
-119,93,-75,1646,-1772,1571
123,77,-76,495,-1517,934
112,79,-69,1159,-2072,1409
96,67,-64,2586,-2453,929
79,43,-56,863,-1510,808
82,47,-56,1011,-1337,572
72,49,-48,480,-703,-55
69,45,-48,692,-888,212
51,31,-40,971,-725,346
53,32,-41,453,-639,205
45,25,-35,191,-406,-317
45,24,-35,902,-279,-662
47,2,-30,902,855,-1230
51,1,-33,475,493,-915
54,-9,-44,-804,79,-504
53,-4,-43,-734,133,-716
59,0,-43,-391,368,-836
60,-1,-42,-157,342,-684
65,-6,-44,621,-10,-678
63,-12,-48,573,105,-685
66,-21,-54,438,268,-399
67,-24,-61,72,27,0
67,-23,-62,-109,301,242
72,-11,-74,-1773,108,536
73,8,-71,-1706,54,32
75,10,-67,-350,297,-1040
84,-10,-62,2387,-168,-394
77,-17,-65,1546,-568,111
66,-39,-72,440,-1143,632
66,-32,-70,136,-1010,357
58,-23,-67,-170,-296,599
62,-15,-64,-233,9,1067
67,-5,-57,-132,94,1249
72,-3,-52,786,201,1181
83,-4,-52,1273,119,1425
91,-12,-54,1392,-271,1923
99,-24,-59,1560,15,2339
114,-36,-62,1171,180,1493
121,-42,-67,2105,-356,319
114,-43,-62,3236,-427,142
90,101,-45,7365,-564,-526
97,90,-43,6911,-1278,-938
117,-23,-8,6534,-2535,-2833
127,-56,22,6228,-1756,-3386
-1,108,74,4599,4786,-13159
49,111,103,2788,8464,-12704
124,19,-61,19820,16161,-17269
49,67,-21,17377,8572,-12401
51,82,-4,21729,-22291,-27215
30,103,64,17969,-2925,-27294
-21,-3,41,15975,2449,-18473
-110,-125,43,14851,-10433,-17989
-50,-42,77,3639,21408,-28223
46,-48,-127,7691,8483,-18208
89,-62,-18,-341,2657,-12648
126,5,2,-334,10132,-8953
91,-48,-64,-7204,10902,-4933
106,-41,50,-6939,10141,-9324
62,64,-84,-4166,2408,-12225
-42,-13,-2,-11473,3227,-9697
-75,58,25,-14132,10136,-14733
-69,-34,106,-11746,7059,-20002
-25,34,-70,-10840,1436,-18678
120,64,117,-13160,1489,-18751
-8,-127,-122,-11649,6247,-17644
-85,96,-4,-8887,2455,-11274
113,112,105,-6647,-1988,-9772
-31,-104,97,-1707,2993,-11217
81,-3,79,-6234,9881,-1478
31,-26,109,-6962,14869,3748
112,-105,-22,581,261,17622
62,100,-53,2089,-3225,19392
-124,38,-54,9033,-12494,-24803
-54,-127,-37,7367,-10099,10024
83,-101,-25,-16305,24681,-12771
28,101,61,21145,-3406,32282
-115,103,-102,13249,2942,-20760
93,75,80,5415,2262,-1890
-124,-93,-4,898,3536,-5140
85,94,48,-2919,-921,1921
91,67,19,-10139,7609,2382
13,11,-119,-11898,7517,2798
22,0,-121,-7004,4399,1343
-29,-39,42,629,21475,14755
123,-17,29,-1205,-9517,6579
27,43,-15,-4385,-8833,11463
-19,107,-22,-6925,-580,12459
-119,63,-94,-12724,-3252,9157
120,-91,-76,-13298,-12080,16541
48,-55,-86,-4385,-13299,17395
-25,31,30,-9070,-8449,18860
-100,74,-16,-4230,-22875,15552
88,-35,-78,296,-12304,25563
121,121,83,-514,-16542,25061
-126,-112,25,-7221,-18205,21880
21,-56,-60,-9921,-12141,27891
42,7,-74,5234,-24106,23754
116,-60,123,9850,-25998,21890
-17,88,-1,6609,-21065,23537
83,-72,-11,8314,-20390,25174
90,53,41,10550,-23430,25837
-120,-8,-43,20265,-24846,24709
34,8,117,8946,-24138,24464
123,90,87,10417,-25105,19704
87,-72,26,7146,-16666,15652
-35,-6,29,5948,-15782,14520
-29,-78,95,7733,-6442,6934
-42,85,-17,9517,-9778,8245
117,-20,-124,12517,-15558,6090
-52,-38,-126,14748,-13731,1989
-86,-105,-23,15176,-2342,-58
49,-27,26,14845,-4874,1911
-53,69,-11,15609,-10445,1999
-4,63,-22,8873,-10996,1318
6,100,27,7211,-9057,-195
118,-88,-15,8197,-4717,1451
-116,-56,-25,10131,-7960,898
59,-120,-56,11174,-11781,-961
14,-70,-67,12085,-12372,2172
73,26,27,10770,-8351,4168
-115,-103,107,6919,-3336,4737
2,50,-88,4187,236,3448
12,37,-109,4663,-536,2379
106,-83,-89,6243,-7207,-124
99,-104,-81,7260,-5136,-791
6,89,-93,11603,2785,-4980
15,-81,98,13597,3609,-8339
90,-88,-79,22186,2400,-20724
-56,-12,71,20045,8000,-17390
31,-16,-43,-26012,20549,-18084
101,-26,-122,-32629,22978,-16618
-75,71,93,-32629,21466,-231
119,36,13,-32629,4260,-13297
35,-9,68,-32629,23425,-13486
-6,-24,10,-32629,22431,-12359
-98,-98,-82,-32629,19680,-8745
-101,71,-40,-32629,18598,-5358
-128,44,-17,32008,19243,-13137
112,-5,-68,28550,24967,-14141
24,85,-8,32199,11885,-9138
9,-37,28,25665,21290,-13665
90,-24,-4,28823,11082,-10253
11,-124,-6,20424,10412,-7410
49,-43,-116,19744,8584,-6930
83,-102,22,11899,7682,-7644
48,5,-11,12485,6436,-4881
-23,-63,-54,8779,-5560,-1907
9,18,-91,2295,-5507,-2380
72,42,121,932,-2807,-3466
-114,26,46,-344,-716,-3950
-119,60,49,-8317,214,-6388
81,86,-37,736,-24740,615
-126,99,-17,-2233,-17062,-1632
-80,-99,32,-6327,-20420,1502
-108,-83,37,-13811,-15554,-5852
59,-28,-25,-1086,-16098,-972
101,-15,-45,-18922,-17831,1282
-67,3,41,-21036,-15102,4284
2,51,-12,-18514,-17923,3667
10,43,-3,-27703,-25512,-8466
1,-63,-57,28917,-28390,-14407
117,118,-82,-19769,29677,9812
11,-122,-57,12006,12173,5244
-1,-57,-124,17016,-27592,-6625
0,-93,123,-1696,-3522,-23587
-67,-119,-81,5037,4878,-22542
85,-35,-96,-3451,-2003,1040
-21,19,88,1138,-8550,-8512
-21,21,99,1072,-5097,-5282
-21,19,-16,2938,5309,-2407
-6,28,-26,-1454,-1104,-5758
-90,127,109,-10212,-7855,-2694
61,-87,103,-4977,-16983,2861
-37,-18,-124,-11695,-1720,-5934
-56,77,40,-11930,-2940,793
-49,78,-116,-14541,-3743,1558
-25,101,-57,-16567,-14763,2362
-73,-117,-93,-8859,-9387,10580
62,64,-119,-13519,-12834,10977
113,9,70,-21049,-14617,17097
98,45,-109,-11118,-19319,15165
-101,-105,49,-7095,-16738,20843
0,103,30,-14758,-25642,25729
-109,-71,-5,-12754,-17862,20904
-77,-9,113,-8027,-13365,20072
-64,-22,53,-8765,-18169,19270
-71,11,92,-4613,-23366,22918
-46,75,66,-9894,-20519,17086
18,4,-55,-9198,-7171,17971
117,-46,108,-7698,-6839,16821
20,-55,-14,-3768,-26361,14218
-78,-116,-105,-3165,-9684,16207
36,-26,-56,3955,-11516,20829
75,-95,25,7491,-21378,18610
-77,-47,50,1767,-19859,17549
10,38,89,-10564,-3009,13326
81,-19,-121,-4752,-9952,11172
-52,-103,94,-1575,-6651,6284
-26,-127,37,-2083,-4638,4024
-72,82,-23,5601,-7645,-502
-121,67,125,6162,-3937,-830
51,24,-25,3434,-3826,-3105
31,28,-10,6429,-4021,-1004
-111,-49,107,5493,681,-5407
-87,-45,-125,2949,-507,-5329
94,-103,79,5255,-1113,-2015
52,70,40,4250,299,-2852
72,72,43,3041,1456,-3428
80,38,20,652,1575,-2611
76,42,26,1276,699,-2714
75,25,8,-921,2133,-1501
98,50,9,-1914,2354,-1646
108,75,17,-2161,1281,-313
110,93,23,-1664,-189,1373
120,121,23,-2948,-211,1814
124,125,25,-4078,531,2099
-102,-37,57,-7089,-2046,4677
-118,-43,66,-6212,-3482,4391
-124,-3,114,-2574,-4573,4108
-119,-15,97,-2387,-4374,4088
-105,10,101,-3298,1341,-2347
-103,21,111,-3268,2121,-2397
124,75,-87,-49,2397,-4885
106,63,-98,-732,770,-3567
39,70,-89,-376,1191,-3747
45,70,-92,-892,2324,-4425
-28,101,-76,-2529,2801,-3578
-22,96,-71,-1655,1976,-3691
-93,90,-62,287,2394,-2890
-82,91,-70,-754,2166,-2582
-115,102,-71,-2011,282,-1424
-123,101,-60,-1101,145,-783
-126,100,-55,-1116,20,109
-122,105,-54,-1958,384,336
-97,-128,-19,-1169,736,513
-101,120,-25,-280,218,333
-88,114,-30,741,-817,1073
-86,115,-37,289,-1728,1336
-79,115,-41,96,-1291,1800
-44,122,-52,-1131,691,1566
-42,125,-46,-1051,722,1673
1,122,-31,929,-607,1616
-5,118,-37,680,-783,1867
28,109,-57,784,-400,1863
32,108,-59,614,-121,1593
65,102,-77,89,-304,1271
59,101,-74,484,-726,1420
71,79,-91,1881,-869,1128
75,70,-110,1257,-486,1202
85,56,120,540,-199,621
86,57,123,621,-163,578
84,35,106,908,-645,210
81,34,106,1058,-440,195
65,3,85,3213,-1051,-46
63,-1,78,2857,-864,157
50,-45,30,1955,-971,266
53,-39,35,1209,-112,14
118,-31,40,2502,4408,-3970
-102,-34,52,4625,9353,-9566
-82,-18,-91,5245,14216,-19606
-126,13,-72,1954,12347,-19835
0,-116,84,13980,25283,-29432
-2,-109,116,8915,24361,-30424
-31,56,3,4957,31846,-24780
-35,74,7,4769,27598,-28476
-124,-69,85,12459,27885,32346
-82,70,-2,11145,-30321,-28555
0,55,-33,18125,-32745,-26487
-12,108,23,20401,-32745,-23015
3,-100,42,20808,27065,-1397
-82,-126,-38,22778,24188,-1094
115,22,88,20396,12181,13065
-48,-44,92,16963,28326,7122
-59,-32,78,-6630,10781,12572
60,-124,58,-4123,5010,15269
-27,110,-110,15218,10358,18565
102,-15,15,5388,613,19701
-69,40,-24,91,4170,17726
25,51,-32,-1197,-1342,14755
26,49,-37,-8697,4091,14770
-88,-60,-29,-12237,-9468,3506
-82,-80,-24,-8911,-3369,4743
97,-121,124,-12688,-5387,212
75,-84,-98,-8459,-6170,3850
20,98,-20,9866,-9522,-27467
-112,89,106,-30589,-7920,-13931
-23,57,117,311,-8494,-28158
99,8,-57,-4960,-4278,-26960
19,-39,2,599,-690,-30055
11,104,-8,5783,-1980,-19532
111,4,-31,11382,6889,-4200
-87,48,-45,14903,3716,-5559
-38,-76,51,16569,4476,-413
-14,-37,91,13474,7870,2190
109,-126,92,17297,16378,11091
41,-38,67,14195,11522,10008
-10,72,42,4368,15852,16114
-110,99,-38,6897,16365,14801
86,112,-75,-5376,12516,17891
2,-95,41,-3604,6634,15044
-64,-106,94,-1583,4321,16222
-74,59,-22,-15678,4466,14202
-99,-1,63,-15679,2571,14777
6,84,61,-21760,-4742,6528
-77,-23,37,-15323,-6787,4586
2,-110,-63,-30739,11049,-9772
-2,121,-106,-21896,-13263,-7852
-28,-111,51,-11281,-14441,-8187
72,99,-71,-9961,-13988,-21999
73,-105,-59,-10295,-1611,-29075
40,-84,83,-11680,-8943,30991
0,108,-47,-2370,-6308,32141
-85,-29,-72,6026,-3292,-27096
20,-34,0,1978,-4565,-30863
69,-92,-7,2286,14012,-24320
115,102,95,14717,12519,-10296
-47,-39,-47,16531,12787,-1064
-78,124,46,17654,11184,4846
69,33,114,14647,10553,8835
65,-73,-69,8442,19134,10223
-36,57,-25,11377,11693,18243
-86,62,-115,10905,15265,18546
79,-43,-62,10003,8953,24671
-38,-17,-21,3597,11228,23613
-22,-123,75,-4339,5705,24451
19,26,49,-5440,5,21736
94,-25,-74,-6047,-2202,23412
96,119,35,-11484,-24301,15844
70,18,94,-5325,-19199,8995
45,-117,10,-24725,-17193,1391
-104,71,-15,-14361,-19456,1054
13,-74,19,-22816,1300,958
-36,106,71,-23453,-4550,17516
2,-100,-81,-18846,-6750,20947
-69,-98,120,-10108,-15198,20900
-93,69,-112,-19635,-1617,20855
-57,-74,110,-20645,-4950,20163
-4,-80,-123,-10696,-13878,23928
0,-116,127,-13502,-11818,17271
119,78,23,-8455,-8432,15948
-97,91,-71,437,-19487,20884
20,1,96,-3485,-23764,27707
116,9,-2,-16201,932,20999
-60,19,20,-6810,4951,21209
97,46,54,-3401,-16597,23889
-18,79,117,9141,-13734,18118
-108,-19,117,10186,-3371,18840
-46,-119,0,3824,-3736,15559
-21,-81,115,3567,-7174,10769
107,91,74,2226,-7684,13450
-52,-11,-6,-555,-934,873
-27,-4,15,2307,-382,2557
-44,-97,21,4733,16557,589
14,123,112,4654,-14143,756
-109,28,72,9405,-7732,-6553
-126,-31,114,3813,-2807,-1778
114,-24,118,1134,-6399,-5279
92,7,100,3647,246,-8599
113,14,97,3519,330,-8014
1,-120,85,5,3394,-9683
13,126,86,1071,3115,-9640
-89,-88,113,3033,10538,-16415
70,82,-7,760,5394,-16932
-17,-22,17,2432,3716,-15434
68,-47,6,2981,3774,-16099
48,-56,0,2533,4378,-17046
-28,97,-18,323,5809,-17085
92,45,-39,2084,6478,-14958
-98,-90,109,2538,4607,-14357
-115,83,56,527,3284,-14918
-94,-80,5,-3722,8272,-16559
-49,-80,1,-2851,9193,-16214
-39,38,118,-3623,7058,-17778
-50,88,-111,-2969,8084,-16642
-48,2,-114,-6812,7590,-15222
-106,32,-90,-6327,7116,-15927
-126,107,69,-4296,9304,-14824
41,105,119,-2643,6466,-12512
67,-80,-61,-7689,-2745,-9941
-16,-83,2,-1917,2986,-10127
-119,106,44,-1812,5756,-8340
82,79,34,-2623,2689,-7786
27,24,33,43,2190,-5158
32,-45,14,783,-2513,-1703
-6,-65,37,-3048,-6891,-7220
-23,-44,65,-3323,-2634,-9544
124,51,84,-981,8199,-7796
-89,33,44,-1757,3313,-8196
-55,94,-24,1059,-1998,-8483
-25,50,-37,-1445,-3442,-11466
64,-68,-31,-3096,-638,-11794
121,-116,-34,180,2259,-8715
-29,69,-55,2051,-6611,-8141
-7,64,-35,3285,-1833,-7535
123,67,-22,-90,-1226,-10219
-73,88,-49,741,-2762,-9261
-33,123,-61,1177,-5413,-8694
44,-34,-64,607,-4695,-10876
87,44,-98,-2889,-1466,-10936
107,-66,104,1225,-10029,-12262
35,-31,32,-2485,1051,-3978
-15,53,-37,1066,-10477,-10315
-92,77,-54,-2274,-5208,-9040
13,93,-87,723,-6767,-5892
-81,80,-103,1385,-11444,-5889
-77,31,-59,-3351,-11969,-1884
-103,46,-5,-4765,-5543,-754
74,36,34,-8537,-5210,2304
-115,53,36,-7968,-6773,5615
105,-28,-84,-7316,-7831,10273
-121,-29,-73,-14675,-4297,11545
-111,-26,21,-17748,-3452,5953
96,63,-1,-9361,-2808,8556
-95,-44,100,-14267,9912,13730
-105,-126,95,-12061,3166,4695
-84,-19,-70,-8393,13727,-8253
88,-57,114,-577,5835,-13760
0,17,32,9733,3997,-14600
10,39,34,5926,5814,-12948
10,-18,44,7793,7114,-16488
93,-16,108,13825,6445,-17553
-122,50,-25,17394,7292,-19767
45,-78,-34,13888,4389,-18224
65,20,111,15144,14927,-14234
39,-39,-41,21411,10155,-9858
-70,-85,-20,24446,5898,4243
-96,-74,80,27106,4228,6162
-55,-111,89,31014,1844,11299
46,99,54,15930,3029,12442
83,125,-61,27147,1038,13800
-72,79,72,-2000,13223,13461
-75,-65,-108,14227,1555,14068
-45,78,-81,-15548,-6869,14416
25,-9,-65,-19154,-2323,10445
-39,93,18,-32600,-7122,3472
63,-126,19,29924,-19118,2526
56,7,18,-32643,-23095,-12214
-111,-77,-105,-32643,-22200,-28085
37,47,116,-32643,-23223,26949
-122,-29,81,-32643,-24040,-32732
67,-79,-6,-12217,2974,-32732
-95,-93,21,-13823,-3127,-32732
34,-12,22,26413,7424,-32421
85,-46,-97,22394,3369,-24679
91,-58,-21,23380,11092,-20533
-52,-126,23,21246,18987,-17517
-110,124,111,18003,29585,-7825
-102,77,-109,17207,30937,2059
6,-16,-22,14434,-31202,9319
-93,-105,97,12926,25105,18457
102,-49,-30,11844,15901,31328
4,86,87,-19637,-26254,28070
-21,-117,-117,-16629,-32750,16698
15,0,113,-13362,7256,17188
-27,90,-115,-12501,14150,19048
-114,22,-90,-12513,-29830,28370
40,-31,26,-9501,-28635,18316
111,9,127,-26089,1389,11706
98,-63,112,-29986,-5532,8949
-64,-128,107,30053,-29888,-2208
-74,120,-120,-32642,-15601,-8672
12,-85,121,-32642,-27257,-15868
100,101,81,-32642,-21228,-17039
-57,-104,52,-32642,-23674,-24753
117,70,-86,-32642,-15967,-24518
-99,106,58,-32642,-2694,32181
-53,-116,102,-23213,27816,31483
-96,-54,15,-16375,-19741,-32733
3,27,102,-9539,28897,-32733
36,94,27,-14846,-28998,-32733
-6,-59,-45,-9694,-23458,-22231
-30,-52,-89,-13340,-14633,-15381
-66,104,-6,-16676,4660,-4027
-95,-123,44,-17681,10086,-5867
121,-31,-20,-11905,21465,-3243
-99,80,-68,-6149,17446,-1922
33,9,-58,-6867,17186,2069
38,66,26,-8448,13490,1930
21,105,82,-12280,15911,2068
22,-100,-88,-13640,26090,3978
-26,123,-40,-13335,22629,2384
79,69,125,-12592,6791,11176
-68,26,92,-11747,889,17023
32,-107,-88,-8097,5197,16620
71,-2,-119,-11224,18905,20932
12,72,-18,-10469,4967,27279
66,114,30,-9048,-2535,27715
21,121,-120,-4665,-11425,28233
56,-125,-47,-7665,-3705,26700
86,-122,-96,-4977,-10244,29813
-114,98,-122,-7115,-16313,30741
48,116,121,1,-16728,-31760
-29,-29,101,7968,-14038,-32605
-42,-24,105,6815,-18246,-32729
-6,-1,-78,-9220,-14182,31233
-106,-124,-7,3290,-32658,31624
86,-112,-118,13477,-23120,26193
-35,67,63,16117,-28290,21964
122,-61,-59,23812,-23607,24330
27,-90,-20,22654,-24570,19412
88,5,-39,25870,-14224,10877
-24,118,84,10692,-11204,12292
78,-10,23,8469,-15437,2562
41,-52,-1,11008,-10749,5150
-105,127,126,19223,-16213,1850
84,64,108,12196,-12828,1151
-9,-4,115,12996,-12191,-982
84,-123,-71,12298,-11791,-277
57,111,16,8558,-11024,110
27,96,-51,7638,-8906,329
40,111,-52,7202,-9813,-510
91,-111,-73,7128,-7612,-1272
98,-108,-109,5368,-7068,-1365
-66,-55,26,664,-4927,-112
-77,-70,8,1135,-5544,406
11,-68,102,-307,-4697,650
10,-74,90,148,-4705,556
94,-99,-98,391,-3827,-173
123,-107,-103,2647,-5494,-613
-67,-44,-110,4158,-6285,-1089
-34,5,120,5926,-4315,-1084
23,73,31,7449,-5137,-468
25,73,17,6463,-5357,-126
94,-120,-121,2809,-7239,303
-125,-104,87,1604,-7188,684
-59,-73,10,-670,-4699,438
-50,-69,10,-814,-2390,-544
-49,-66,14,-1551,-104,-1227
-80,-73,30,-1402,-217,-548
-97,-74,39,-2150,-505,-912
-100,-92,63,-627,-941,-893
-99,-94,57,322,-528,-594
-99,-118,41,3511,869,911
-86,-124,0,4251,261,-59
-88,-119,-65,5337,-699,-33
-104,-110,49,5766,-3478,213
-117,-105,-15,4793,-4933,280
112,-117,123,5509,-3755,907
115,125,125,6054,-2768,1486
106,13,-47,5382,-2157,1873
112,19,-25,4685,-1913,1451
124,-53,-101,3197,293,830
-126,-76,-111,3116,33,1419
126,119,124,3461,-955,2015
120,119,-127,3991,-1061,2027
77,-1,111,4878,-2198,2695
71,4,114,4779,-2574,2631
-7,-86,101,3032,-3186,4389
-22,-95,109,1527,-1629,5314
-57,-112,127,2159,-1033,6388
-77,-123,-121,2321,-2476,6034
-125,102,-93,3593,-2650,6159
107,83,-76,4640,-3359,5742
48,39,-28,6129,-4132,5278
42,42,-23,6177,-4364,5242
-63,26,63,5366,-7698,2647
-118,55,123,4773,-8202,2163
76,77,19,3656,-5822,921
92,73,18,3637,-4855,1112
88,89,124,456,861,-52
92,83,101,1127,-559,194
83,70,107,-752,-200,-1068
77,62,106,-663,-736,-860
76,56,114,-240,-533,-1204
80,26,123,2075,-327,-1574
81,23,123,2180,-423,-1538
88,-15,-116,2909,-1563,-2049
100,-43,-96,2680,-736,-1960
101,-41,-95,2214,-271,-1948
127,-79,-83,646,-381,-1578
124,-77,-85,1352,-250,-1513
-65,-109,-93,1132,1879,-3395
-68,-110,-99,1067,1380,-3369
-9,84,-117,1096,773,-3684
-15,89,-114,1178,1089,-3423
22,49,-114,951,-1008,-2286
29,47,-110,367,-808,-1757
47,39,-102,755,-6,-1043
55,32,-99,491,658,-537
57,36,-101,152,334,245
48,46,-106,273,209,884
38,49,-110,967,-108,1344
22,61,-114,514,213,2119
20,63,-116,138,419,2223
