0,0,0,0,0,0
-26,8,95,-1253,-717,970
-26,8,95,-1253,-717,970
-33,16,-89,-1276,-687,904
-41,23,-60,-1377,-988,753
-49,29,-36,-1301,-1092,854
-66,44,0,-1199,-747,565
-70,57,9,-1658,-740,205
-82,74,11,-1866,-650,97
-89,91,12,-2488,71,166
-76,114,15,-3553,326,-205
-54,-103,28,-4268,433,-620
-50,-79,44,-4387,32,-941
-55,-42,73,-3719,530,-803
-65,-18,97,220,258,-1733
-97,-21,80,1156,-382,-1965
-93,-25,69,-491,545,-1725
-94,-50,46,540,-322,-1585
-100,-58,52,1460,-1011,-1473
-114,-94,35,661,-234,-1815
-102,-100,33,834,288,-2686
-112,-119,21,318,-38,-3329
-118,-118,23,-323,711,-3237
-113,117,16,-862,2157,-4346
-109,115,17,69,1060,-4082
-90,82,20,1616,554,-5740
-98,54,21,2592,909,-5196
-101,12,21,4369,454,-4968
-96,-74,16,3804,581,-4965
-91,-72,19,3447,76,-5035
-95,113,16,3398,163,-3449
-98,107,21,899,564,-2871
-67,115,26,-1213,2535,-1741
14,-118,30,-108,2648,-2366
77,-108,60,-4381,-2267,-2978
-9,-49,97,-561,4324,-7394
13,-58,99,3114,7178,-9550
62,-56,-17,9945,-203,-17849
-35,-50,-22,10049,1948,-13571
109,-116,84,1777,8113,-18345
81,-95,74,10271,4255,-20151
29,-81,-82,4297,3569,-18034
13,125,125,9446,-4157,-20002
-3,99,55,1854,5099,-18374
95,71,-106,-4389,-3409,-14023
-125,31,-69,-4619,907,-15342
-24,121,-88,-16827,11579,-15998
-67,125,-40,-18666,11851,-13556
95,124,92,-17493,16127,-16328
120,117,110,-13206,14273,-16473
-112,46,80,-5369,3876,-13207
-78,22,63,-8281,8890,-12890
16,-90,-23,-39,-3989,-6743
24,114,-11,-5709,16726,-4979
87,-68,110,-834,-3649,15341
-27,33,57,-241,-11427,18496
-105,-61,13,-5482,9825,25471
104,34,7,4315,-7819,11608
114,53,-74,5045,-15631,-355
12,-59,0,-5968,10871,-9573
125,-15,122,-4705,3256,-8396
68,44,-12,-4734,-610,-1595
-2,68,-7,-1002,-4092,1210
-20,98,-17,313,3707,33
61,-99,-33,-5859,7954,-3793
-82,54,-3,-7349,4972,-3517
-119,70,46,-6478,7054,-42
-102,75,102,-5445,6020,5614
-104,72,109,-2205,-3515,5112
-17,116,62,-14864,-2456,8580
122,77,-22,-16182,-8112,4410
121,15,43,-6213,-10780,8849
57,-101,-11,-16316,-9119,9512
74,72,3,-8247,-15098,8595
51,41,-92,-8539,-10412,8127
-3,-35,39,-14568,-10484,12748
-104,-54,35,-9167,-11783,11954
84,-83,23,-1603,-11342,19249
36,103,-37,-1889,-19146,14337
-79,-61,-7,-6687,-20021,16808
120,59,-112,-3010,-18806,19460
-73,108,10,-638,-25575,19837
6,-29,-84,-4991,-8582,12221
-118,-59,-122,3924,-15926,9406
-99,-123,-43,6821,-10838,1816
42,-118,48,2268,-4597,-707
19,-124,70,3981,-4626,-2335
101,-51,-21,7186,5104,-10101
-68,-70,-3,6556,4628,-11101
68,62,86,20003,16781,-32706
117,37,108,18632,16601,31665
108,-42,18,-25241,-25185,-29135
-17,-6,99,26854,-26577,-31512
-36,22,-29,-25049,-27795,-16854
65,-43,-52,-16197,7119,-20179
-118,2,8,-15700,15024,29620
-83,-69,-98,-31440,-23041,-29153
-109,111,-18,-13477,21283,-15300
34,-126,98,-12927,8260,4899
-58,-63,-111,-1572,30,4161
17,83,109,-9585,18595,14498
48,-79,-115,5820,-4060,25422
-67,-108,-11,24502,-20714,8519
91,22,-4,14886,-15556,2594
-98,-100,-30,-25587,28298,-10321
-102,20,119,7442,-11410,-13615
-9,-101,66,2041,-1991,-6974
74,-30,9,-2065,1152,-6346
72,-114,-49,-3672,1631,-5054
114,-79,-43,634,1286,-5834
-77,-58,-34,3211,1713,-6557
15,74,-100,-11822,7660,-5052
17,-52,-72,-10606,-3890,4725
-5,-50,-68,388,-5203,206
-7,5,-108,-9385,5863,1938
69,119,-100,-12769,-1164,7198
-16,127,26,-5534,-7121,7063
-32,-88,-4,-9603,-4426,9351
63,-18,52,-15979,-6657,11533
56,-54,-90,-4235,-13109,12913
82,125,78,-2927,-7765,12394
116,101,32,-10477,-15640,14390
34,-67,-112,-10610,-12543,18244
-126,58,-106,4481,-10515,15142
-98,25,92,-389,-12658,13098
88,78,15,-7977,-15505,17758
52,116,53,-6861,-21306,17163
87,-48,-37,-14376,-11082,11033
110,-17,93,2143,-16693,13957
-68,-84,5,2691,-19903,11861
-32,-60,-18,-1480,-11348,5867
-116,-93,-54,16561,-29519,-1073
41,107,62,-7235,-74,-4228
29,126,83,-6755,7821,-213
-96,110,84,3811,-4405,-5763
-125,47,48,2088,-360,-4484
26,-100,4,6641,-3676,-5931
2,66,-14,8736,119,-9587
46,-54,-23,9771,3847,-11025
-118,-29,-47,11538,3721,-12194
-4,-108,-2,7782,-1116,-14835
-34,94,-85,12100,-7827,-19225
-106,-109,6,10367,-2123,-20407
-72,-90,33,10738,-23623,-29129
-110,114,-44,10489,-29355,32121
22,-33,-37,-4772,-29137,-29200
92,-98,-5,-8706,-19968,-31632
-57,-19,93,-10077,27812,-31862
-52,-82,78,-12885,-32677,-28229
44,-35,59,-16115,-32677,-25165
-81,55,-34,-12893,-32677,-24518
-119,-40,-10,-9031,-32677,-17869
45,75,-90,-1510,-26359,-3258
-76,-128,51,-2043,-23042,-6752
-71,49,43,17485,-4710,-10274
-111,118,1,17148,1689,-9564
38,3,-52,31069,-18660,-17147
47,56,25,23511,-2348,-15056
-58,-14,99,-30563,16819,-20568
84,38,122,-32145,1056,-24387
12,98,-10,32727,516,-17242
-53,-106,10,32494,4716,-17947
86,75,-33,6377,24831,-528
-88,14,-119,6377,19808,-2721
-108,39,-73,-5347,125,4736
-76,20,0,-5365,6681,7460
105,-20,35,-4974,-329,5709
126,-40,19,-7193,-89,3871
-96,124,57,-6094,3404,1179
-116,120,39,-5503,3189,3102
-17,64,-73,-16796,11054,12686
116,-99,-124,-22257,25631,15418
3,126,113,-26597,-26584,10934
-111,67,107,-23351,-32542,10360
119,-25,11,-25346,-32676,13975
-125,-106,-3,28705,-32676,9999
-106,-50,102,32726,-32676,3698
124,-112,-70,32726,-32676,12266
-79,-55,-36,32726,-32676,9608
-6,35,62,-20684,14798,11811
-101,38,-53,-17535,6144,14577
33,-105,62,-10101,-18369,16135
124,-109,105,-358,-5929,14356
74,-28,103,-2122,-10530,17583
123,-69,-85,-1279,-5778,16419
104,42,-16,1649,-4974,14091
-117,26,93,-11288,-10242,14641
16,-101,-72,-4600,-4563,15443
-33,9,39,5333,-8419,12798
24,-8,5,4540,-15643,14528
-13,18,-32,3509,-8844,12531
39,-84,67,2564,-8026,13924
55,27,-39,5856,-11476,11151
59,70,-6,1888,-6431,11563
22,69,7,1663,-8392,12678
-84,104,106,-1861,-4986,8508
87,83,89,-1265,-2179,6060
77,97,109,65,-4893,6496
-110,35,78,3259,-8597,1995
70,19,86,7019,-3542,901
50,-15,92,2683,2194,-821
63,-27,93,5305,-774,-215
32,-67,124,-2261,2249,-3118
79,-67,109,5056,-1382,-5888
-125,-100,-112,5533,1357,-7787
8,-89,-21,5762,2499,-11737
-127,-50,21,2649,3819,-13117
85,104,114,7268,1241,-17200
-105,-25,-57,5237,7281,-17793
-45,36,36,8983,2685,-18634
105,-39,8,4960,5709,-19605
91,-29,-13,9350,7382,-19646
46,-91,-51,4877,3151,-19165
-94,-121,-17,1461,20324,-21395
-37,-59,-94,10051,13154,-18765
-34,114,0,6444,5471,-16832
-116,84,2,432,11304,-19497
98,41,-30,5786,2767,-19276
57,71,8,2779,5369,-27644
42,-124,9,2271,1678,-26715
-15,-40,-38,1494,-2593,-31634
-98,-90,-28,244,440,-32686
-109,69,-20,-21,-9626,-29943
-92,16,52,-861,-10993,32719
-33,-56,95,-15911,-4940,32537
120,7,-113,-16461,-5125,-32568
109,123,-81,1279,-23925,-26095
-27,109,-72,2757,-13601,-18700
-85,-28,-116,-11327,-8456,-15551
12,-63,-58,1267,-2731,886
-26,-104,2,2359,-1957,20202
121,23,-41,-7110,14683,13350
-106,-118,-127,10969,-1084,17052
12,59,-118,683,6414,19886
37,-12,-115,-1392,16102,21985
75,124,-85,811,12034,23668
121,62,-63,2542,5143,-27944
51,-67,-109,-4325,1130,20365
-110,-113,94,-20349,14505,1986
76,-1,40,5448,-3037,17755
99,92,73,-6375,-4451,11916
86,33,-110,-9110,53,7317
89,21,-105,-7128,151,8965
-108,17,47,-6982,-5615,10419
-108,-17,53,-7469,-5808,9933
46,37,6,-3795,-2941,9259
39,12,-36,-4692,-3139,9894
-39,-52,22,-5497,-3296,15497
52,90,13,-4105,-5094,15380
115,-44,-36,-3588,-7431,13685
-103,4,87,-8914,-6147,17546
98,-83,48,-6849,-5481,16264
-19,43,-43,-5288,-3515,13664
-96,48,-50,-4966,-8321,14422
-69,66,-97,-6196,-6134,14404
-122,-94,-103,-4950,-6482,16753
58,100,-44,-3391,-6409,17379
108,90,-38,-4316,-7191,16358
14,54,107,-9869,-8502,13809
17,-2,115,-8048,-8964,14192
-16,-26,3,-7319,-4760,14774
91,-101,8,-6319,-7819,12885
-40,-6,-29,-3608,-12138,11135
-40,-66,-123,2166,-15887,10303
53,1,127,4698,-17179,10556
-109,-1,36,-312,-10949,9591
-98,-1,13,-9631,-2452,12991
-89,87,41,-5398,-5871,8626
83,-106,78,-2902,-5497,861
92,-122,80,-4192,-2023,1109
37,-53,121,-920,1473,-387
47,-76,109,-397,114,-69
28,-110,89,2741,2320,-2385
39,-117,75,1194,4390,-3060
17,44,-18,1914,-649,-5158
-2,55,-1,1165,-467,-4000
-50,4,-17,135,829,-2690
-36,9,-18,381,1588,-2667
-21,-21,-41,-135,2426,-1566
-12,-35,-50,748,433,-1881
-26,-50,-62,453,-868,-1022
-22,-47,-59,-495,134,-304
29,-15,-59,-2721,3212,-498
26,-16,-60,-1731,1390,-906
36,8,-48,-1683,-671,-387
36,14,-48,-1920,824,-104
62,54,-27,-288,290,1082
61,45,-30,-782,314,810
78,56,-22,-435,526,799
91,67,-24,-231,-399,164
89,72,-24,-583,-668,61
92,82,-18,-1118,-276,318
94,87,-9,-404,131,-170
94,89,-7,378,-86,-128
91,88,-11,-687,-35,193
98,99,-10,-1728,76,-386
97,108,-1,-802,-344,-797
87,108,3,-402,64,-455
90,109,1,-886,423,-462
96,120,9,-1010,1238,-386
94,119,7,-12,430,-401
87,106,0,13,-613,-681
90,111,0,-748,-26,-636
93,120,6,-520,697,-673
89,115,7,-437,524,-561
89,119,7,-558,289,-58
94,121,6,-840,480,-479
99,127,8,-643,609,-712
99,-127,8,-696,321,-186
106,-121,14,-531,224,-346
108,-120,16,-84,686,-920
-109,-116,29,3731,4510,-4900
-7,-119,30,7363,7488,-9157
-21,76,24,8767,8610,-19437
61,35,29,6983,6433,-26171
-48,22,46,7728,4751,28156
108,-77,-19,-10241,8803,32726
6,-128,-8,-9390,2392,-32689
29,9,-99,-16807,-3910,-32689
72,60,26,-8279,-18603,-32689
-46,-43,-12,-12688,-17582,-32689
85,88,79,-19059,-20502,-32689
80,21,89,-16982,5,-32689
-82,101,-57,-32042,-1949,-32689
58,77,22,-11518,22419,-32689
-114,-83,-73,-13723,-29538,-32689
-118,118,-99,-14805,361,-8426
8,86,120,-3958,-16881,-8280
6,-10,-3,2686,-1202,2833
-76,6,14,2783,-5774,1094
-92,75,52,6787,14183,8081
-102,71,89,8659,20653,12056
-36,11,-115,13097,14950,20678
-51,43,14,12624,17948,21660
21,-77,45,2425,22335,30864
31,-128,38,13441,3690,32415
34,-21,10,4933,25365,19376
72,-43,-65,-5753,28460,-29726
-9,66,63,16722,-11286,-32058
121,-51,102,17129,-5714,29660
31,19,41,-11444,20231,26007
27,-87,-113,-3064,10254,32580
54,31,-82,2138,-9728,27874
-107,-123,50,225,-4616,25861
4,47,57,-366,6665,27214
-81,-97,55,3326,-1420,23250
86,59,-40,3101,-9588,20033
-43,117,-46,4250,-8567,19881
-2,-31,-71,7518,-349,16872
8,83,-27,-553,-12571,20541
107,-53,-4,-6337,2000,12341
34,30,-46,-188,-3241,8852
10,102,-31,-3687,3561,3944
-65,-94,-44,1995,-2613,38
-124,123,-5,3072,-7128,-1744
-119,78,73,1047,1867,-4234
-111,74,50,-112,2097,-2675
99,-38,49,2849,-3418,-4498
121,-31,61,0,109,-5606
-72,-111,86,5410,438,-6283
-67,127,96,690,1378,-6565
-112,71,-91,2972,1914,-9322
108,58,-99,5276,2205,-8041
90,36,12,3708,2599,-14226
-32,74,110,4463,5274,-15928
21,-96,-75,14040,9625,-20843
34,88,45,18992,11549,-20469
-75,117,-76,26086,14998,-20454
8,39,-32,31197,12829,-13963
103,69,-12,29554,15158,-15529
-71,-47,79,-31299,27258,-11838
60,72,14,-32713,-27735,-17399
-83,88,74,31836,-32672,-3
-57,-70,-31,31777,25182,6921
87,-112,-39,23283,23320,10685
-94,-78,-52,2925,32005,16054
43,67,42,4333,10230,11050
-40,26,119,71,2119,7061
54,-43,39,4813,-12194,13547
-1,-77,21,1646,-15031,19535
-101,-36,42,25678,5835,-2715
-43,122,89,-26168,-8166,-1311
21,-123,-23,29346,-22136,10407
-20,57,10,32731,-18005,-5801
34,-126,-53,-30010,-12699,-5544
-128,116,71,-26453,-23758,22603
-22,30,-73,-11764,-4767,26001
100,109,-91,-8186,-1527,32439
17,-75,-120,504,-8414,-29215
71,127,88,7333,10178,-24652
78,19,110,14544,1210,-22910
-69,-80,-30,15266,18083,-12792
72,-26,-86,20066,18148,-13324
13,-69,46,22742,16445,-3008
-86,24,-33,26037,25293,1935
23,-7,24,24481,14131,15575
39,98,-74,22233,19128,23238
123,-29,-69,17976,23942,19562
28,77,-81,16816,19631,19869
-54,-65,36,9317,24362,-32761
45,27,9,12781,13741,29949
18,-29,-66,-17,-30055,27499
-122,-57,33,-5625,30420,30554
8,-55,-120,-11700,2379,-31141
-5,23,-54,-12929,-2214,-32689
-19,98,-8,-24989,3755,29058
15,101,-64,-29323,-17372,21151
-12,118,37,-28511,-8577,8675
124,90,-40,-27325,-20836,4600
109,103,81,30069,-13395,-3863
-25,35,4,32730,-23667,-7601
-54,-114,-55,32730,-17020,-14114
-12,-65,125,32730,-26822,-27701
-60,-16,-33,32730,-24781,-25201
85,23,95,32730,-28350,-18907
-76,76,-25,32730,-29742,-27642
-56,89,12,-16087,-31932,-31432
116,-113,3,-21718,-31486,-24513
-116,-60,127,-23452,-2252,-14818
5,81,46,-22673,24655,-2579
-28,92,-113,-19595,12037,-6920
48,-83,8,-11707,20650,-7219
-69,-81,-31,-13299,19509,-8121
-102,26,44,-7522,19889,-9942
-79,3,28,-7744,17586,-10571
-75,45,34,-108,3922,-2912
-23,25,34,508,23900,4546
-32,122,-59,-3751,27755,8861
-122,-97,-12,-3129,21472,9474
-94,79,56,-1174,31688,-1817
-27,-110,71,-23448,20144,14136
-34,-84,-7,-11397,9235,14892
60,-100,111,-9436,8196,13793
52,-110,43,-13632,8043,14405
48,103,88,-14195,4896,17060
-121,-98,-45,-11051,5196,12053
82,124,-60,-14058,3941,13909
-47,-27,77,-7113,-8764,18167
65,-39,4,-8552,-7700,15280
-74,-106,-61,-16232,2695,13815
-10,23,-82,-18494,-7929,10614
76,11,121,-6289,-6398,7060
-102,-4,-62,-3372,1031,16351
118,-26,-100,2904,-30024,29630
77,-49,31,4610,-24045,15621
108,54,-16,-13406,-18370,14622
-47,107,83,-21829,-9776,11398
-121,-96,-105,-11586,-7534,9736
66,-3,64,-5807,-535,7745
31,-14,14,-2067,-8269,6746
93,87,106,3318,-8635,-347
62,125,70,3169,-7346,504
-8,104,114,2038,-3892,-2732
-59,111,81,741,-2165,-4372
-86,-128,35,-1929,4301,-8187
114,-55,27,-4727,3315,-10467
107,14,75,-9719,5135,-16806
40,79,-11,-5164,757,-30214
83,-78,66,199,-6779,31511
-15,108,70,-439,-20697,31993
66,-67,5,-10161,24073,-32690
67,109,90,-11304,-32671,-32690
84,26,114,-16175,-32671,-32690
88,97,-59,-11559,-32671,-32690
-100,-92,83,-10678,-32671,-32349
-39,-57,88,-13462,-32671,-11285
-18,-100,-97,-2245,-30275,-12020
-96,-29,-34,28577,10,-18817
84,-27,19,20338,-12299,-17370
-96,10,85,27727,-2171,-15198
11,25,74,23350,12829,-14269
22,54,45,-29621,4460,-18465
-107,-127,10,28516,379,-11830
-106,-21,97,-1103,30888,5738
27,27,-124,1823,24886,4514
15,94,-9,-8615,-7410,1760
12,90,6,-5083,-7937,2453
-78,25,97,-15529,6647,5525
-60,-102,-65,-16653,8304,6259
58,82,-22,-22428,4000,9371
17,0,-126,-25762,16916,9406
16,67,127,29882,-22684,9483
-64,37,49,-30318,-32670,7628
-86,41,-36,-28647,-32670,2325
35,-72,75,-25612,-32670,6449
125,86,45,-22913,-32670,11546
-119,61,26,-19406,-32670,9539
-17,-116,13,1637,-1157,15893
73,-34,83,-8478,11964,16105
114,64,-48,-16904,24659,16723
30,93,-2,-915,5508,12261
65,-60,21,2315,-15216,19943
-69,99,110,-8952,16079,25565
-26,-113,92,-9636,7379,20895
-124,43,104,469,-5503,18370
-3,11,112,-1947,-5593,23227
-90,-94,109,-6402,-7077,18215
-109,1,-96,-1559,-6892,17251
120,101,-19,-1728,-9726,21760
-14,-10,51,-11301,-4331,18108
-28,94,-21,-4743,786,14025
94,43,19,-5504,-6145,14804
34,-18,104,-1828,-6699,5912
-13,-42,61,3216,-7206,5239
13,122,126,1658,2052,-1322
-10,-102,-96,2066,573,-1026
-80,121,99,5614,2900,-6522
-120,-126,72,1866,3395,-6567
84,-75,58,1490,5007,-8160
72,-75,76,3164,8869,-11246
50,-43,99,1206,7290,-13031
-28,28,115,1905,9934,-14579
-31,16,-127,5101,14991,-19722
-110,-23,93,4377,17445,-23992
-111,-77,65,5502,17882,-22982
-7,-108,66,3591,18447,-27784
50,-70,114,-1617,21196,-26775
-86,68,53,13538,-27618,-30357
-45,0,-45,-2246,-32492,-22647
16,41,23,10352,-32584,-24375
-113,84,85,16225,30209,-20126
-24,-99,-72,8651,32317,-14102
-56,-35,61,15903,-32192,-5004
-57,-97,3,18839,21157,6880
-12,45,88,15488,9185,18396
-24,-34,72,10778,7201,18995
-50,-113,86,3461,13457,20537
15,50,-92,-3806,8694,23473
-118,68,59,-4707,11273,21341
-119,-74,99,-3371,11206,14651
-56,89,91,-10100,-539,11699
58,59,-24,-10536,619,5529
108,122,-16,-14057,486,6867
-91,-19,33,-21172,-5142,7081
97,97,33,-18355,-21105,-6701
-1,-15,-44,-15290,-2836,-6809
-108,14,96,-11203,-6784,-18078
33,-38,60,-9727,-15533,-19449
-117,83,-3,-6343,-12680,-21783
-117,88,77,2192,-12681,-25548
0,39,-22,1402,-5015,-23871
-67,-27,7,4183,-1961,-19747
-99,-69,-50,13610,3486,-6340
33,-108,-41,12699,-326,-7527
80,-90,26,13609,12755,2398
-110,-26,66,12730,10726,652
98,2,75,10846,18072,3430
91,-11,-117,11342,11794,7337
9,-21,-45,8707,7006,7509
-19,12,79,8925,6368,8004
36,58,25,1256,16802,14481
-111,98,63,436,14722,13547
66,53,63,-4181,15863,24771
-96,121,24,-4074,10345,20574
-86,-90,-70,-8997,4849,12189
-85,119,17,-13524,-607,9847
109,-70,87,-27031,10488,-1771
-28,52,106,-24256,-413,-366
-10,-113,-7,-26884,-8693,-8367
19,113,-114,-24055,-7103,-6003
-21,-22,100,-15901,-14430,-9450
21,-26,15,-16079,-16498,-8622
19,62,-121,-9083,-14806,-26568
126,-31,-82,-3787,-6694,-27150
-34,121,-49,-1095,-9179,-26545
-18,87,-13,10586,1414,-20558
1,107,13,16289,472,-13010
32,22,-77,19293,1168,-8231
102,-16,63,18580,4600,-5455
-86,-25,-14,21824,8648,-1022
-110,79,-65,22952,8247,2099
91,23,-60,18236,14791,3300
-84,94,83,11068,18126,8354
56,-93,124,11802,9789,9249
68,20,23,11482,11263,11441
54,-78,1,5080,-9226,5533
-110,-119,68,7876,9542,9299
28,-47,8,-20198,-3397,2842
-18,-62,97,-7159,-2450,3921
72,-27,55,-26140,-2480,-7275
26,0,48,-24197,-9197,-136
39,-55,24,-22653,-8691,-270
80,-47,48,-26927,-14140,9659
56,40,-28,-25320,-15582,8465
-34,-17,-2,-19866,-12235,13271
-2,41,-105,-21734,-13404,12031
107,91,50,-21275,-11516,8537
-55,-21,85,-7577,-13086,11534
25,-42,19,-19951,-26871,12174
-8,84,-123,-14010,-18382,13205
22,-13,67,-11206,-14008,13464
-54,-66,-43,-13485,-14151,9755
96,-103,-12,-13040,-8329,10613
-128,-122,-109,-3203,-24372,8352
108,-49,122,-7461,-4635,11061
113,33,-85,-4068,-21754,11608
-21,-112,26,-5004,-22854,6629
49,-55,-126,-4869,4192,8281
-72,39,-94,51,-4498,3795
-93,12,-120,2280,-7504,3806
-84,3,22,-883,1904,-1449
-113,2,46,363,395,-505
110,-20,-8,890,1407,-1670
70,-56,-84,-25,2409,-2746
70,-59,-74,654,3763,-1957
48,125,83,3426,520,-2544
50,-126,85,2570,197,-2815
15,66,26,3290,1289,-2991
15,57,24,3972,877,-2362
-2,-40,-56,5329,-1106,-4186
-23,-78,-70,3926,-884,-3632
-83,94,-87,7807,-12464,-1733
108,67,-17,5456,-12875,-3407
-123,54,-128,-105,-8591,-6089
-46,50,-61,2889,-20168,-7514
-26,-39,-22,1404,-11657,-24575
104,-105,-55,-9495,-4686,-24486
-8,-69,-128,-5952,-25922,-26124
114,1,-6,-2,28703,29798
15,-12,-65,-19159,-28698,32562
-29,-49,-55,-26609,32693,-32694
34,-49,70,-29870,-20006,-32694
91,-70,-14,30687,-9049,-27888
-86,37,60,-24950,23529,31639
42,69,75,-23372,-32673,-29451
111,71,34,31833,-21292,-164
29,49,58,-18410,-2230,-13362
55,-104,34,-2573,226,-1275
44,13,-36,-2780,1797,-2227
87,92,-86,9117,-1019,5593
58,61,-15,2629,6466,1606
89,-36,-41,10388,2986,3216
75,0,-3,8199,12199,6752
21,56,-3,8659,18633,11327
-114,102,-54,13596,18940,16643
54,16,-33,18501,6811,15499
-84,123,-127,14584,21481,19189
-113,-74,82,20349,13637,21256
-59,-101,-41,16046,13657,19634
-1,21,77,13450,26213,23883
15,14,-33,21104,7816,30227
-79,38,-32,19079,10934,21328
-47,28,78,3320,30835,27761
-2,68,-84,11383,21755,-30681
-115,83,-48,10758,-4219,13648
87,4,27,10255,8742,20800
34,-32,-22,4432,10431,17297
125,-91,-11,9531,-3806,12663
-11,-29,53,10914,4191,18724
-84,121,127,9278,9414,15293
-125,9,-22,7078,11148,14312
67,15,-6,5620,4053,17358
-23,48,33,7566,7213,13365
-71,83,67,5389,6935,11587
-64,94,60,4772,3413,11040
118,-56,82,2249,4052,5435
-124,-59,72,5717,3655,2372
-121,-88,99,-601,258,949
111,-91,102,-11,99,626
29,114,-121,3273,-4277,-2163
27,87,-92,3174,5527,-4201
85,29,-111,-901,-914,-3073
66,35,-114,2465,-3956,-3947
66,114,13,21849,-6558,-3979
70,117,102,517,-9894,-9645
-76,51,-25,2633,2136,-4788
-7,62,-4,5636,-3161,-7369
-44,107,94,7845,-4311,-12614
114,-92,-70,12165,-4542,-17034
-49,-97,90,7007,-2374,-19392
-8,101,103,23115,4101,-25584
96,-123,103,24240,7948,-23869
80,-57,114,27054,5813,-26328
-35,121,-57,25672,2786,-20161
75,52,-4,26537,16716,-27792
110,48,92,15340,-30980,-19283
102,75,-95,-30008,19741,-11989
15,118,-109,28601,11561,-23813
-60,-79,-74,21651,28633,-23299
100,82,39,27404,29605,-16903
-49,-3,-95,24721,13485,-12423
-10,-53,108,20800,22359,-8855
-98,-76,-99,19277,-29625,-15594
-20,93,-115,5090,18924,3547
-79,109,84,23675,6347,-1546
46,119,-81,10288,17337,-1389
31,93,-56,4332,11202,1531
45,-118,-3,-2359,-1993,4585
-101,-35,-66,4238,3121,-2641
-110,103,-93,-804,6476,-5692
61,-88,59,-9142,-8751,-4425
26,-89,-96,-3963,-8620,-7332
-20,54,127,-4969,-13300,-13388
-68,74,20,-6325,-20155,-13709
-74,86,-21,-6505,-15045,-11362
18,-85,-74,-8107,-22732,-5205
-41,-61,7,-11610,-27708,-5353
-8,32,-66,-13007,-15419,-17253
-86,-107,-124,-6413,-23823,-8217
79,-43,115,-11285,-21781,-3371
-126,-106,1,-13126,-10341,-8788
-39,-126,110,-24688,-18747,-5296
37,-115,100,-27145,-11932,-5941
40,33,55,-15636,-30474,832
-80,98,8,-1567,-18915,3067
-109,-27,27,-6717,-19507,-884
-33,125,18,4179,-13105,-12287
-77,-7,-112,-3121,-6679,-15557
86,-62,71,-8808,8815,-15556
-98,-12,105,-3044,-555,-9528
-40,23,92,3387,-6930,-3792
42,58,35,4361,-14232,-4012
48,-98,115,-166,-4427,-6243
37,-54,-73,6726,-14848,-6236
-17,-63,-101,-3105,-2578,5039
-83,48,122,-15011,-6223,-7746
109,54,8,-3660,-10511,6407
-128,2,29,-392,-2107,7175
6,42,-53,-14213,1296,8946
-73,101,97,-19356,-6341,5508
-11,-76,8,-7546,-5803,14323
120,31,-2,-14048,-10644,20672
9,99,112,-11482,-16915,17464
22,44,-99,-2203,-10119,23099
-35,1,31,-13016,-18287,24078
50,53,-116,-12768,-9826,18523
-126,-81,-96,-16584,-18591,27411
107,91,-126,8266,-11812,24443
-35,5,11,-1060,-13447,26174
88,12,95,-3033,-9786,19837
-34,-10,98,-670,-13040,22791
-85,-94,-119,-8570,-6965,16371
34,-14,-92,-7160,-5669,13181
-101,95,-73,-3159,4768,5510
-67,89,-70,2327,2807,7604
-113,33,-101,6048,-1880,6633
96,-100,99,4762,4126,-491
113,100,93,5119,5828,-148
112,35,89,5637,305,-1899
90,1,100,3759,565,-2868
-81,-20,-115,5609,5697,-8723
35,23,-34,1393,5786,-11519
-112,108,37,4149,5314,-9803
35,35,-106,5706,4209,-18512
120,-82,-78,3739,6544,-20802
41,9,-45,4199,3193,-24765
-39,4,-72,3769,6975,-24944
-96,127,10,15106,8510,-25218
-53,-16,-24,11134,6600,-24200
-2,-86,13,-131,16383,-27651
-68,25,36,3467,11991,-26526
-31,54,31,9906,-4797,-17824
-74,-112,53,8073,876,-19974
102,-37,85,11616,1590,-20224
103,39,76,3534,8609,-22604
-100,47,34,14375,-11538,-20581
-1,71,-119,10214,-17541,-26925
-14,47,52,-368,-19201,28970
69,-23,-110,-1180,-19669,-32693
-63,-105,-127,-5624,-30721,-32693
126,17,41,-1552,-27095,-32693
-83,110,-95,1280,-18290,-22569
64,116,-101,4298,-11115,307
-17,109,-55,4276,298,10825
26,-60,-27,1713,5141,7674
-75,33,-24,-2174,16185,14693
-100,100,-30,2061,7739,22718
-79,38,-7,5347,6040,23564
-5,-71,44,1928,20998,16433
96,-35,101,-2369,23686,24752
3,-52,-26,249,14031,-30342
-1,-21,-31,4064,15929,31102
-23,50,-82,-7665,5825,22856
39,55,-48,-8087,4735,23430
79,50,74,-10682,13882,12823
-53,56,105,-12492,834,8580
-40,58,-115,-1255,3146,12996
-45,1,-69,-5395,-2269,8696
-70,-2,-77,-11485,773,5770
-67,29,-83,-11461,-2531,8507
109,85,33,-14284,-6053,8973
-122,65,37,-11055,-6196,9696
117,7,97,-11824,-5299,15936
-121,6,77,-12504,-4341,15980
-16,58,-110,-10781,-868,17721
-28,78,118,-11591,-3504,18878
-69,-73,44,-13703,-8525,15789
-89,-14,50,-13903,-4725,13847
75,-128,42,-11158,-8592,19020
82,-110,59,-11307,-9981,16391
77,-19,-123,-9393,-6617,13340
-128,-1,-89,-9851,-5468,15150
-49,-30,-34,-4090,-14817,18135
-12,79,-108,464,-11959,17051
6,35,86,-5657,-6064,13510
4,36,76,-8431,-5023,11060
-45,36,74,-3077,-4511,8984
-46,25,71,-2877,-5207,8843
-123,-10,40,-1522,-4108,4504
-117,-8,42,-510,-3737,5222
67,-46,-8,3237,-5125,2032
23,-77,-36,1675,-5162,2498
-51,113,-72,2816,-1732,1107
-64,85,-87,1735,-799,-132
-87,52,-100,3028,-1988,-219
127,-39,-109,4288,-1029,-494
119,-80,-117,3802,-1159,-1181
106,91,-105,4186,-579,-2727
124,64,-97,1889,4979,-2489
-87,31,-46,7599,-2686,-4050
-80,15,-30,6250,-914,-7509
47,118,-94,14396,-4608,-8302
27,118,-88,14102,-2977,-6009
-26,64,48,17373,-2490,-8529
-13,-127,36,17137,-3730,-10129
101,36,6,10833,-15231,-11145
65,2,-101,15159,-17763,-13824
98,-20,54,6715,-32306,-17919
-31,-106,32,766,-29757,-20871
-83,-63,67,-9852,-19490,-29328
-104,57,53,-3378,-18176,-32099
-46,-45,96,-7232,-26540,32137
-124,56,-94,-8210,-13985,-30294
59,107,-25,-15676,-7319,-21163
127,78,98,-11819,-14397,-21843
-62,-7,29,-7750,-12398,-6804
109,-103,69,-8400,-7148,-9530
23,43,125,-4084,-44,6117
123,60,44,-5274,-3545,2485
36,104,-41,5618,-4190,15407
122,-90,23,8799,-417,16646
-12,49,-121,7122,9706,27132
99,-8,17,14609,9399,23260
95,-58,-116,14217,-4872,-27866
-25,-83,-87,-23178,29245,-695
75,11,22,-18766,24712,21107
-118,-101,104,-718,-3831,-5460
77,-48,89,-1698,-10935,-10882
-51,115,117,-17878,-604,30537
127,97,-13,-14456,-7464,-28787
91,126,-112,-19270,8894,-29505
-105,35,-80,-17051,3770,-27625
15,109,81,-9056,-8091,-19886
9,60,-53,-3995,-8012,-16940
-41,-94,-76,-1006,-6625,-7346
123,119,-63,-2316,5527,5604
-47,45,-33,8376,3141,15726
-98,-46,-90,9493,-554,28067
81,-97,-59,11621,8265,-27383
-120,104,-35,23743,-15326,32558
73,-43,-83,9874,-17391,-5791
-37,-87,6,-1953,-30898,29239
116,53,-92,-30484,-6242,-11654
-11,-90,126,20882,8922,-22959
120,12,76,1700,22166,-20402
81,21,-112,-8,18760,-23717
31,69,114,21169,8175,32606
27,-23,-71,8535,25541,31143
-7,-103,-40,17140,25753,-31840
2,126,48,6672,30911,-31637
-43,-88,-100,12856,21579,32536
-33,72,65,8406,18638,-26643
37,-97,-104,-1506,31656,-22729
71,81,-94,13078,-5663,-26966
-100,-98,38,8131,15587,-29238
-25,-65,61,7567,13837,-24445
-77,16,-80,-2291,-1884,-17102
30,-107,-114,1307,-6266,-15173
98,7,13,-482,-5256,-9374
96,-59,18,-1941,-5757,-9564
-92,54,-87,-5336,-13897,-1010
-98,65,116,-5488,-14639,-2578
77,-127,-23,-909,-20679,4478
52,-125,-74,-3392,-10957,2901
52,-32,-72,-5209,-18589,5972
1,112,-87,-7038,-20271,8511
39,53,46,-10919,-6986,14064
-8,-113,-83,-13834,-5665,15989
33,-24,115,-16022,-12965,29208
-35,-79,-125,-13432,-2685,-28443
-64,-117,-101,-16870,-19532,31778
41,10,-89,-12541,-10088,19754
121,7,20,-11342,5297,2388
-64,-68,-115,10306,-12248,162
6,57,76,-6574,-832,-7838
-99,91,-122,-1184,-10240,-2633
97,83,-33,-6703,-1956,-3295
109,77,-48,-2513,-10745,-11710
-26,117,79,-5895,-2024,-368
-6,122,39,-8451,-3888,-2130
-5,88,58,-7168,-253,2197
5,98,1,-12682,3878,5720
16,121,-10,-9424,2120,4345
64,-73,-57,-8455,24,5529
23,-8,-68,-11347,-1669,9206
97,-55,72,-20024,-1886,14044
-29,-34,-24,-15136,844,8879
36,-33,70,1007,-8615,18595
86,-42,32,-4677,-20116,19019
-29,108,-41,-14434,-10001,19338
-6,86,92,-8641,-74,17960
-73,59,15,-8105,-7625,23895
-49,56,-17,-16762,-5075,20432
-9,125,-113,-9027,-3482,21521
-116,51,-121,-4660,-17615,21006
-117,-93,-102,-5246,-4735,20248
29,9,-58,2421,-12093,24838
-36,-39,24,-1361,-9181,17212
-94,-95,-17,-2022,-8709,16583
-105,-27,-88,-1271,-11448,13403
-14,19,39,-585,764,10833
-62,22,53,126,-3401,10851
105,48,-102,7218,-10720,6153
9,-15,57,4970,-4444,4510
-115,-110,-34,-121,-2609,872
103,-123,-40,1434,-3069,1929
-11,80,-82,1647,-1332,-583
3,83,-78,2137,-1071,28
-65,41,-100,325,-740,-698
-65,44,-106,-1825,-3585,-1454
-71,55,-127,-169,1879,-3439
-44,52,123,1558,160,-2858
-38,65,124,-635,1031,-2296
-45,56,-120,3899,-909,-2317
4,40,-101,4817,2969,-3969
71,53,-63,3413,2569,-5880
-92,111,-5,1881,635,-8107
-94,117,-14,2936,2135,-8532
79,-1,92,5269,6510,-12518
57,15,110,6115,2668,-12903
77,-55,-61,9421,426,-13629
48,24,-91,4413,-1392,-13767
-43,-63,-115,10258,2828,-17474
-85,-59,114,17762,209,-22296
42,119,-44,12127,14092,-24622
-89,85,4,12302,2967,-23345
52,-13,15,20806,-4276,29527
116,-88,-28,3670,22504,-22884
4,-82,20,127,-473,-16050
-56,-63,-29,-3714,9004,-13154
-76,-39,-64,3670,5465,-10878
-60,-80,-71,-2961,7426,-8545
-124,-66,-82,-3966,-5782,-3446
-123,13,-59,-7406,-2031,-6003
-30,108,112,-11678,-8926,-5680
-46,-128,55,-19548,2525,-9708
17,78,-45,-16110,4463,-21471
121,84,-8,-15540,2099,-18378
27,-48,-128,-20021,1480,-7311
-124,7,24,-15340,-485,-8286
-82,76,37,-12716,2390,-7891
44,87,82,-12481,5060,8463
-36,-128,-102,-10987,-818,10268
107,-66,-102,-9499,-12512,-31214
-90,-29,-94,-17003,-12192,-29015
-34,66,72,9230,-22605,-29574
-86,105,-92,181,1752,-14340
66,51,-113,9293,-2645,-10673
-53,1,110,324,-5049,-2207
-77,-106,-19,-10713,3140,3791
-106,25,90,205,840,-4017
-9,64,-82,683,5577,-5931
42,45,99,834,-1556,408
-5,23,50,1140,-8196,1609
124,10,-64,-4908,-9337,4562
-84,64,-43,1708,4234,-8228
-34,5,-67,4882,7778,-8981
1,-21,90,-4882,7275,-2961
-2,1,101,-5134,2374,6535
-63,-83,111,-11167,-11780,10978
-71,-59,107,-9589,-7127,2262
0,84,97,129,-11736,10549
50,87,57,419,-12413,10290
-20,-102,43,-10565,-13813,12251
95,-41,68,-6634,-16489,19753
-63,-96,38,4808,-9674,14228
120,92,-76,-4375,-10806,14995
65,-35,-97,-22530,-9671,14677
4,95,-80,7066,-13944,15843
6,46,98,7162,-7278,17226
-78,28,-72,-5081,-16743,19001
-56,-70,-64,-10593,-9700,13064
-26,66,17,-13117,-7348,12816
-13,8,22,-7400,-12762,10270
39,11,127,-2181,-2745,6015
97,19,-113,5553,-5649,8534
89,4,78,7781,-13873,6494
82,-38,-31,2845,3436,-1405
89,-55,-77,5901,1701,-1576
-54,97,77,6272,-2855,-3110
-109,15,54,10206,-2603,-5400
99,50,17,9280,2846,-5680
118,48,35,14794,-1172,-3360
14,121,-25,24755,3709,-10807
34,-94,25,22248,3009,-8459
-7,75,-57,22376,3395,-12338
81,8,0,26810,6033,-12998
69,6,-80,27333,8274,-12301
-4,76,64,23811,9307,-12308
97,119,-62,-30996,6999,-13885
-111,-105,-82,-32072,14268,-13566
62,-3,-118,29089,17157,-14320
-121,-96,-36,31158,21475,-13877
-124,80,66,28410,7144,-11685
49,-30,-5,18693,24891,-14372
26,-102,-20,29746,13794,-12430
-97,-14,-31,23621,20014,-14356
-14,-92,2,19305,-32553,-16485
105,-59,-116,24953,23361,-5928
-12,-40,-108,19387,16098,-11592
112,-63,66,17220,25295,-7014
0,-35,-49,20164,20060,-3563
54,-126,-61,15036,12488,-4237
106,-12,16,690,9130,-4127
113,-95,-70,4465,6383,-2239
76,-85,12,1432,7776,-1643
81,-77,16,1949,3254,-746
61,-106,-91,-1173,-3507,-3813
58,121,-70,3879,-5074,-1630
38,116,-90,11895,-19684,-2367
-43,-89,73,1731,-26105,-3210
29,-116,97,4315,-22612,-4319
-108,-79,-68,-3075,-23100,-12605
-8,85,-104,-14444,-9802,-14164
-8,20,111,1726,28126,-5582
-33,53,-55,-9180,-26197,262
-115,-75,82,-12835,-32551,4917
-82,-73,65,-21112,-176,-872
106,67,103,-25018,-10828,2653
62,46,65,-19798,23184,11413
-124,-121,-27,28680,-18908,-423
32,93,-118,-26244,-15750,7639
-109,73,-62,30048,29288,-541
-17,98,-101,8981,-9110,5313
-28,119,-50,8907,-17146,2405
0,41,103,-5609,-3365,-12735
-25,14,-93,-132,-5052,-10197
-119,24,76,2535,-2336,-12281
-48,-21,83,4031,-1218,-10300
-108,71,-67,-6943,-2075,5642
-32,-103,-55,-2590,92,-2910
-74,-52,28,-10812,-2543,-4986
-58,-41,100,-10411,-4384,-1181
-94,-32,-104,-22150,-3553,-2221
-84,-16,48,-8833,-2362,435
113,22,-37,-3252,-6181,-4277
94,52,43,-19213,-10610,-2816
-111,-83,-46,-4805,-19176,-268
25,-98,-1,-19667,-16697,4410
94,-56,39,-23019,-17470,11810
-23,-114,-73,-8912,-8045,17484
2,124,-4,-14800,-24920,13848
72,-79,-119,32166,-25534,12908
-2,123,121,-11969,-6253,21517
-11,12,69,-11456,-16118,17409
19,-107,66,-8932,-18762,18161
-81,41,48,-14110,788,17642
64,110,46,-6766,-9549,20773
-90,79,-49,-2771,-17757,22619
14,-121,-8,-6219,-15485,18749
-97,48,-3,-8321,-13423,15017
-79,41,-57,-7189,-17002,14220
57,-90,102,-7557,-8568,12034
-23,31,-111,-4922,-11253,12562
52,47,110,-4473,-8650,9739
-119,22,101,-5508,-6874,9459
-51,-81,-46,512,-3582,4699
-39,-70,-41,406,-5539,4382
-5,-50,-48,3487,-2145,2612
1,-54,-80,547,-1548,-975
-54,-99,26,2360,-70,-1730
-54,-97,46,673,-5575,-4097
-111,108,-5,1406,2435,-3567
112,71,-43,4053,-786,-2783
93,44,-93,1220,3498,-771
-116,40,95,-886,4705,-3820
-112,39,104,-616,4331,-3782
-31,-25,64,2334,5921,-10272
-34,-28,72,1600,6307,-9471
124,-124,51,4349,12121,-14828
100,19,91,9835,11048,-18000
4,-22,-87,10911,16027,-19872
85,126,-66,6326,16993,-22419
74,104,87,6612,14362,-21242
-74,-24,-79,8061,26090,-26753
112,51,-118,7029,24963,-23514
63,-92,-6,10490,17807,-17629
100,-61,51,20819,25954,-18415
21,-45,74,15688,27533,-17913
3,-34,-112,12784,28660,-15195
-34,56,43,21496,22255,-2214
-65,-87,45,25488,26209,-1940
-111,-52,99,1880,7999,2975
-43,-100,51,17837,21744,8522
-71,9,51,8603,18083,7935
-28,-32,101,11351,11585,12318
-91,97,-51,-3390,7064,-7769
100,-119,5,6323,5788,1981
-86,-127,24,-2645,-1416,27739
83,-119,39,5422,-26100,16871
-122,77,88,7028,-2481,13517
116,-11,-29,-15523,-10764,8904
47,10,-113,-26265,-8989,7299
14,100,-60,-21986,-6424,6125
-104,-119,115,-25574,4528,2651
-30,-62,-50,-27535,8700,6973
41,35,-118,-8876,-13045,-30611
-74,47,-15,-16999,-699,-21719
-121,-80,-76,7460,-5605,-28287
38,17,73,2367,4049,-19181
58,100,56,12193,1111,-11734
41,-32,-92,15382,3827,-7433
-18,31,-25,19685,11912,-7380
30,-5,-6,20812,3585,3378
54,45,-58,18794,9553,2663
77,-118,-77,13371,13411,3049
-42,36,-20,13309,13379,1864
-21,-43,-76,5866,12356,7560
-12,108,28,2737,10751,14203
9,100,93,2626,9008,13728
108,-88,68,-1041,10466,14209
22,65,-92,-4101,8156,14228
0,72,-77,-13693,7740,14394
38,41,98,-26921,2491,8098
36,109,44,-16764,4530,7702
-120,95,-109,-26680,-8945,6827
71,72,105,32,-22007,-4983
73,-84,113,32199,-4332,-6197
40,-12,91,-21838,-18295,-12414
1,-60,-24,-5909,-7676,-16770
-29,20,-60,-8968,-10591,-21670
-94,-58,88,-7408,-7191,-26812
-121,112,-9,819,-1616,-21375
-10,-119,-41,8701,852,-17404
40,4,38,13307,303,-12060
4,53,34,12561,2007,-12647
-91,20,42,13176,13883,-10688
-90,94,-5,13043,19994,-2672
-97,57,-25,16769,15248,4358
-91,23,-21,13693,19022,15745
19,-8,53,14778,20222,12258
-94,-38,39,3632,4388,12219
78,-2,104,3456,11489,11755
-118,77,-80,1961,8922,13701
76,-18,-56,-4189,8997,19202
-57,39,-119,-13317,1030,20425
68,20,-4,-22020,4181,18386
107,-44,103,-11717,-11144,18465
58,-88,-75,-11924,-16851,11992
59,-63,-47,-16848,-10421,3158
-108,-71,-100,-8372,-8254,3019
-88,-116,-3,-16818,-16795,133
18,-78,-94,-16699,-4644,6911
21,110,97,-16819,-19840,6242
-104,-51,-116,-18173,-25651,6343
-13,61,62,-14769,-7515,13116
-109,79,-57,-12273,-12129,15651
15,20,11,-20351,-14049,9623
105,84,81,-17556,-3089,11467
85,-50,39,-14872,-12175,12576
92,71,-40,-18508,-10041,6990
-33,36,48,-5799,-3115,9292
-65,25,-3,-4531,-9851,8342
57,95,-97,-8643,-8782,4375
84,58,-105,-9000,-576,3164
41,117,-82,-4825,-4096,2944
65,-123,-117,-5475,-761,3825
71,-78,89,-3200,-3624,1198
86,-46,80,-4755,519,2044
61,110,-13,-528,-1329,707
63,-127,-16,-4070,770,-1308
42,5,113,-1934,798,-834
48,11,127,-1479,1497,-1108
40,-54,32,-337,1822,976
39,-30,43,-1084,-3428,-2314
76,-95,84,-4026,5838,-733
66,-102,123,-1431,1796,-1516
64,112,57,129,-4016,-562
77,115,52,-1662,-882,89
102,113,27,-2110,1522,228
116,107,-12,-1371,2459,-1631
112,91,-61,-813,-95,-651
-126,95,-75,-794,612,-1012
-113,90,-97,-1628,1381,-819
-93,92,118,-1328,650,-1750
-82,85,117,1219,1101,-637
-64,78,119,1962,1064,-1068
-41,108,-122,1004,197,-2127
-17,117,-117,507,570,-2153
43,125,-118,196,1326,-4178
44,125,-111,1092,946,-3386
118,-125,-80,3112,1850,-2984
111,-121,-84,2309,1516,-3153
-68,-72,-59,2027,718,-2814
-64,-66,-51,2111,-993,-3407
90,48,37,4615,-3264,-8379
-76,124,-105,9224,-2488,-9704
89,3,-70,26631,2025,-9657
58,32,-110,28942,-2322,-10633
75,-45,79,-29441,25351,-12650
-63,-93,82,32742,18737,-8418
-33,-55,41,32742,-4679,-6529
26,-51,-93,32742,9888,-13876
-36,-66,89,31395,18108,-12305
-41,111,72,28085,20194,-11052
-60,65,5,29332,25284,-9945
-11,23,81,21409,27055,-2661
58,-74,116,22147,-31354,5537
-47,79,-76,16768,30968,7683
-75,5,-75,10681,21934,11697
92,103,-112,-1867,-31935,12463
127,2,-41,-6716,24585,10139
82,-9,91,6566,16130,11266
-86,-99,-104,-23010,20267,15342
-35,113,62,-15788,13116,18147
87,15,23,-32395,-5754,20850
-101,-22,-77,-30812,2373,18192
123,-114,-127,31061,-5466,9975
94,69,46,32740,-6926,6917
79,-10,-122,32740,-21202,8165
66,-77,11,32740,-27434,4398
95,-1,97,32740,-26483,-7296
-42,-22,-39,32740,-17173,-16376
-87,-99,-27,32740,-22217,22443
107,-35,54,32740,-19319,-32696
-115,0,37,-1906,-26174,-32696
89,-103,122,-2839,32746,-32696
-124,-35,-32,-6938,-31679,-32696
-19,16,126,-7422,-17527,-32696
24,-58,-58,-8616,-14335,-18455
95,-90,114,-17133,-5792,-10870
12,21,102,-20181,8327,-5866
-66,-63,-56,-11806,9235,-5427
-64,-15,-67,-12965,12874,-4526
-85,116,105,-7093,14073,-10742
16,114,102,-9004,15021,-3832
67,102,100,-9694,12686,-338
61,-124,54,-12979,13813,866
53,-72,64,-23081,15450,9003
94,-81,-69,-20222,8701,9622
-111,40,-106,-10006,10324,6245
-36,69,-111,-7740,10871,7969
-43,109,116,-10912,-647,12997
59,111,-67,-14284,-1272,13325
24,-27,-38,-9771,579,13669
54,-117,-58,-10565,8036,14487
45,-18,-29,-10158,-2826,12610
65,-47,-31,-14994,2788,15184
28,14,-88,-8270,-4597,19047
-34,17,-117,-3355,-243,14236
-47,106,-125,-25351,-14707,18943
-13,-44,124,-15169,-7323,19572
-25,-54,85,-16833,179,17220
-120,-40,75,-23856,-7262,19413
55,7,-58,-15555,-11211,16868
-86,27,-43,-3898,-8857,16887
25,84,-55,-2770,-16806,18175
-76,-96,50,2779,-20329,16394
-67,95,-71,-4467,-7200,16546
88,100,11,-8157,-11536,9942
37,-9,12,-13911,-5899,9321
-92,82,1,-3707,-20064,3046
-126,-126,-15,-12768,-10983,4280
-6,-65,61,-1289,-4186,-490
73,-60,-82,-3919,-6232,905
-5,-11,-127,-2320,-2808,-2116
-38,64,80,-6467,-960,-4901
-61,118,75,-5672,-3012,-4722
92,-110,71,898,-3306,-3751
94,112,66,1806,1391,-3813
-128,95,48,-34,5748,-4049
-24,123,2,-2766,6462,-4066
-21,-128,3,-1542,4077,-4397
71,-109,-22,343,2777,-5564
62,-109,-16,727,2517,-5124
-96,-76,-15,-119,6440,-3176
-64,-66,-2,1236,3854,-3429
-7,-33,15,-798,2740,-5645
14,27,31,-1836,3525,-6311
23,83,58,-555,3000,-5963
6,110,78,2704,4310,-4494
30,-120,121,3025,6763,-4627
96,-81,-88,1037,9097,-6578
125,-41,-34,4618,1492,-6262
35,-7,-57,4862,-1874,-6575
-13,9,-105,-154,1015,-7238
-39,65,-109,-7717,4108,-5087
-109,-112,-20,-5264,5879,-3144
85,-101,66,-3690,1959,-3117
64,-104,95,-1281,1062,-2084
40,-105,108,281,-601,1822
69,125,99,24,-1305,4721
87,124,91,39,-1682,3971
-92,92,56,1873,-2477,3312
-73,74,22,2559,-2715,3181
-56,53,-18,764,-2660,3953
-19,10,-42,-2386,-1199,4781
-19,10,-29,-1780,-1842,4347
12,-36,-40,-1321,-2023,2189
2,-24,-39,-1765,-1618,2352
-13,-37,-23,-684,-27,1976
-10,-42,-26,115,-485,2285
-15,-89,-58,2916,-2639,1967
-32,-112,-87,2548,-3489,1740
-64,106,109,1223,-2225,1897
-62,109,116,254,-1812,1578
-81,92,90,-1241,486,387
-78,95,99,-655,-751,378
-103,93,98,-956,-2030,404
121,92,96,-391,-891,929
125,89,95,-327,-1081,736
101,86,83,-1008,-897,515
102,89,81,-1014,-425,452
103,88,81,-823,-76,177
102,86,78,-151,-409,83
97,81,72,-213,-270,-150
96,84,67,-1017,589,-82
98,92,65,-1165,632,-264
96,97,67,-448,201,-547
90,101,67,-218,215,-85
84,98,64,34,-232,236
79,96,59,-293,-256,233
76,97,56,-363,-351,346
77,99,53,-105,-45,-23
81,98,51,-59,433,-233
80,97,51,445,-346,-395
65,92,43,815,-686,228
59,83,34,543,-477,436
59,83,30,56,-531,752
53,86,16,-1479,-227,1312
55,94,20,-2253,-113,1100
67,127,42,-2376,851,37
74,-120,60,-1602,498,274
72,-117,73,-560,157,522
68,-116,70,-349,-15,793
69,-112,66,-606,184,480
70,-104,65,-609,427,543
71,-102,67,-290,-186,610
70,-105,65,-398,-127,557
75,-105,63,-986,177,120
77,-102,64,-898,413,50
88,-92,71,-679,479,-48
