0,0,0,0,-4,-11,-20,-73,-74,-103,-92,-88,-80,-80,-74,-82,-116,-123,-126,-121,-111,-89,-86,-59,-52,-44,-37,-21,-21,-5,-7,-1,-1,8,9,18,21,22,22,23
25,27,28,21,22,15,14,3,4,-1,-2,-13,-13,-26,-25,-37,-37,-48,-52,-58,-63,-67,-71,-69,-71,-73,-82,-84,-73,-25,-49,0,47,-93,-17,-69,112,-18,109,83
110,79,-106,80,-38,119,65,-38,-19,-29,70,7,104,-122,-34,90,-112,49,14,-83,-82,122,19,91,-74,56,-49,-90,-8,-43,123,122,86,50,-86,15,22,22,-42,-101
-89,-68,110,-72,-74,-68,-32,45,15,23,83,76,97,98,-7,33,10,-55,-15,125,75,125,-114,-55,-81,79,-98,-79,115,84,-12,-107,-31,55,102,59,-115,70,14,13
-56,-60,88,-86,43,-115,117,1,-30,115,-64,36,-40,26,3,87,26,95,116,-113,93,104,-113,75,37,-7,40,-3,-69,10,13,50,-56,-64,92,-39,11,66,-71,-110
-3,80,60,77,15,-60,88,44,112,-5,-104,24,100,91,0,111,-21,98,-94,81,-55,-55,-58,37,-37,27,-74,-4,55,60,82,91,32,37,11,72,32,-17,-80,48
-4,86,-12,-49,-95,105,67,-124,24,62,32,75,-93,-61,109,9,-119,-56,74,58,121,25,106,-33,-75,51,43,72,-124,-13,50,26,-60,121,93,-10,37,47,-117,-10
39,95,90,-119,104,-14,-107,-55,1,-2,-103,103,-53,60,50,-58,-77,100,61,-83,115,95,-28,-71,-70,-107,-6,-10,-39,109,84,-63,121,-1,-93,11,71,-36,20,-108
-72,-15,-74,-5,100,-21,-22,127,-108,68,37,33,-62,68,-48,113,40,51,-48,-54,45,46,-123,-70,2,22,-78,-82,-5,72,-88,33,-16,-120,69,102,-107,-98,-45,-58
-72,-64,-89,-109,10,90,-41,35,-40,-78,-69,-65,10,-126,-41,-70,21,18,-31,1,-67,-86,-34,-22,82,-43,0,-117,-93,58,109,87,-127,8,-49,93,47,79,-43,124
27,-5,-70,-94,-123,-59,-20,68,-26,64,90,27,15,26,75,121,17,-76,-81,-13,-4,-25,48,32,57,20,27,0,-117,-1,-62,69,-81,90,-121,-78,-31,56,-84,124
104,13,-47,-118,43,-32,-38,-17,-65,-89,-53,20,-13,85,49,126,9,-128,68,34,-68,-25,31,-119,-65,15,-9,41,93,2,89,-33,77,93,-96,63,-16,39,-22,-103
69,-9,40,77,45,16,48,40,127,32,11,-32,-2,-49,4,-50,-34,-77,44,-15,-65,8,86,4,116,-37,-125,-50,55,-27,97,-67,52,63,30,65,8,1,-12,112
94,-127,99,-43,9,7,-2,19,-28,-90,93,-108,-114,45,-86,91,79,39,82,-73,58,8,2,-115,-99,-54,12,0,-66,20,-78,-57,-27,26,88,-60,84,85,95,-48
29,116,89,103,-62,51,47,-72,-103,-4,-86,-70,-32,-37,-19,-100,-118,-70,93,34,-105,-25,-91,-10,-47,3,86,71,109,-4,80,46,118,-23,75,-71,125,-128,-39,-78
27,-91,-46,85,19,-120,-2,119,121,113,-22,80,41,109,82,111,-42,-62,-105,-96,68,119,57,-23,-12,-115,-90,35,-117,-99,88,39,57,-68,59,-35,82,89,-64,-108
-50,-79,-100,33,-65,-71,-86,109,-87,-7,19,-102,-40,-19,-114,32,82,-101,85,-98,12,27,80,66,-114,2,24,6,-47,-51,-96,38,-48,-25,-8,-24,7,58,-42,99
-127,119,-107,5,-25,15,-87,-26,-58,-51,-78,-76,-19,90,42,47,55,25,110,-79,-77,-6,30,-22,66,106,-44,-29,68,-75,-32,37,13,30,49,126,-54,59,62,-48
42,-102,-72,93,-6,-21,-100,-18,55,-31,-5,96,-110,-43,0,114,52,10,116,-109,60,-35,-111,-37,-62,-94,-70,-101,-51,-121,126,-47,-68,-23,-125,-116,-80,27,125,41
-14,71,-22,33,127,-26,91,108,27,10,126,1,98,107,-20,90,57,18,-88,-92,23,16,4,82,-64,77,84,-9,-51,-84,-76,70,50,-76,51,-8,-40,-63,-51,63
84,72,106,44,21,105,64,-14,-23,91,24,123,-97,7,-11,11,95,-126,-42,40,-83,61,-68,-72,-78,101,21,-105,-45,-26,-33,-98,-12,-76,-27,26,-92,-77,39,-100
25,15,2,-33,-85,-70,-68,-4,-2,-77,-84,122,35,-128,29,-23,-71,-94,-53,34,119,-28,68,46,-6,-67,-7,26,114,-87,-62,19,71,-59,63,-64,91,86,-47,16
-20,28,-34,-42,-60,-23,-37,116,89,110,97,45,34,-2,-118,48,6,88,51,-44,105,46,-30,25,22,-123,-7,49,-47,113,15,70,121,56,75,72,-44,101,-121,-33
-24,53,102,-63,119,-88,51,-124,40,73,-125,-35,-125,70,39,-75,2,56,64,127,16,64,-29,67,115,4,-68,-107,-20,-100,-120,3,-40,49,-112,102,87,-6,-40,-75
-97,-16,-65,-75,-96,112,96,104,-121,-105,5,75,26,-119,79,1,-120,28,-127,75,-1,5,70,69,1,-87,-20,105,65,-28,97,-100,-43,9,37,106,108,-88,101,-81
-35,-110,61,-2,9,98,-20,-3,104,-12,18,-56,-29,-86,70,23,114,-41,-73,114,35,27,-7,-16,-21,-23,-27,41,-68,51,52,33,-70,-116,87,1,76,107,-120,-46
7,-11,-11,-56,115,-62,-52,-53,2,-71,-126,107,-102,-81,-80,95,100,14,18,71,-66,-98,-66,106,47,51,97,2,78,54,107,83,0,69,-27,56,-31,6,40,88
-11,-36,29,93,-80,13,25,109,22,-35,-73,-123,90,-126,1,-76,21,-118,-94,41,-83,125,-121,-85,-101,126,-78,3,89,94,45,106,30,71,30,-56,-9,-31,-36,-62
-90,0,123,109,32,-99,-115,-113,27,71,-77,62,-104,116,118,76,-41,-27,63,115,65,-123,123,119,-69,109,-69,111,68,-105,-82,-106,-7,88,-49,54,95,68,-34,123
42,83,33,121,49,34,35,-117,-98,-117,50,92,81,-20,45,14,-7,8,37,-38,87,24,33,-88,-57,-113,-123,-113,-51,97,62,-109,-66,-79,17,41,91,-16,-7,101
68,21,34,43,57,17,-64,-105,-43,-12,-22,57,4,100,-18,-2,-108,42,-27,-84,33,-109,-58,56,-12,70,-106,-56,-108,-98,126,-22,126,43,12,-17,-46,111,-50,-43
-17,34,56,105,22,-10,73,-86,0,-15,73,-30,52,104,-116,-52,77,-48,101,53,104,-19,69,-24,67,-83,-13,-14,114,-13,-15,-42,7,46,-42,-70,100,121,8,-116
31,-115,-74,-12,-19,-94,-117,11,105,-125,2,65,-116,-121,-52,-40,69,-104,48,35,89,48,110,-119,-125,46,89,-45,-19,41,48,-88,48,-107,51,-33,-67,11,-126,-102
-82,117,126,-7,101,-19,112,-76,-4,-117,-96,-64,24,-75,107,-19,-107,14,-121,5,-94,-63,29,-111,-103,91,57,-31,-121,32,-38,63,15,97,-58,33,-105,104,27,-81
-26,16,-56,-119,-83,-45,-100,58,-22,72,-59,-92,109,-120,30,-100,61,-120,25,-119,62,-12,43,-118,83,-106,102,16,31,-56,121,73,-65,25,97,-111,81,-116,9,-112
-37,5,48,-123,-26,-76,-75,-18,-81,93,49,31,-111,-23,61,5,-101,-12,-26,-48,19,38,-125,-9,-25,-26,3,72,-18,-37,-123,43,-126,-103,-42,-125,-64,17,51,111
-62,-40,-1,-24,4,113,124,7,-62,-70,-32,-11,104,-51,19,16,89,-6,-108,-108,-10,-83,81,86,76,30,-112,23,-33,79,-73,8,-67,-83,-12,52,20,-77,-124,-126
-76,-77,55,-38,-124,19,-104,-81,-128,29,-118,60,-87,121,32,-9,6,-57,-34,79,-70,-49,-108,80,-74,-54,93,31,-121,-120,19,91,-67,-112,-114,122,22,92,113,-12
78,-15,125,12,-111,37,0,-82,5,-40,-64,75,26,-60,125,9,-8,84,-125,-35,-12,34,3,-23,-120,-98,-21,-84,-122,9,92,-93,47,-77,13,59,-27,117,-18,-76
27,1,5,-104,-19,-53,-114,-27,106,-30,-127,-26,-30,-51,91,-106,13,121,69,120,-110,-32,78,11,-83,127,95,-44,-17,87,-61,-122,-40,9,-87,73,2,-127,-120,-117
92,115,-83,-9,-44,-3,66,29,108,-39,10,-102,-125,27,-122,-25,117,20,29,-103,57,-63,-42,-78,94,-95,-45,-35,94,-59,-49,-46,76,-13,-59,-32,-22,-32,111,100
112,-26,-86,-14,-45,-93,-126,-63,65,-28,-113,6,44,49,-80,-3,-119,-85,-72,-88,-20,-51,-36,116,-32,-54,-126,39,94,60,-98,114,127,-60,-81,-97,-90,83,-75,15
55,-125,44,-85,93,-89,-11,-24,46,-84,2,-4,47,113,-29,-78,113,-75,-70,81,-56,-71,-125,74,17,-42,-62,44,-12,-33,31,-26,103,77,52,-34,26,-113,63,29
-106,87,-111,42,-13,22,21,-20,-66,2,124,91,5,-17,6,121,38,-102,76,-52,-32,-83,71,6,68,39,-29,-3,-18,-77,28,-11,-64,107,68,91,-30,-11,97,80
114,-97,81,-31,-127,50,-50,99,-35,11,16,42,96,76,50,70,-15,71,-42,-29,-18,-84,-92,-106,54,-86,32,21,23,61,95,-81,-35,-47,-110,-40,0,-111,-118,-125
43,-115,51,-57,-123,-112,7,-84,-117,13,-50,79,56,95,1,33,11,-124,-9,-69,-83,119,-34,107,127,108,95,-117,96,-70,81,-32,-56,-86,-41,119,-21,8,106,-89
-66,24,-76,109,69,-14,-56,102,-71,-70,-108,-60,-100,93,-32,100,-13,73,83,-32,-28,110,14,-84,-33,-117,66,-104,85,21,8,61,-72,-82,81,-88,-55,32,-98,99
-15,94,-69,-34,58,68,49,-59,36,69,-105,91,113,107,98,-100,-107,110,-9,-20,-18,-16,41,33,35,42,32,33,38,51,80,104,108,96,52,31,-31,65,68,7
115,-56,-38,43,10,-119,61,112,92,-123,-77,-106,-123,0,45,-124,-116,124,83,41,-107,32,95,66,42,49,102,12,-116,-71,113,20,99,33,-76,-80,9,-74,59,-17
67,-8,66,-115,-48,54,50,100,45,-106,104,-76,45,82,-106,57,122,-113,-61,-29,-52,-70,13,87,-24,16,27,-56,-36,-87,-43,41,-15,-12,49,-80,-89,21,11,-47
57,110,-91,-107,-125,67,13,-118,17,7,41,110,-67,125,-42,-46,2,-113,117,34,-112,-59,-61,-67,-77,-85,-61,-5,76,-24,87,98,-97,-97,-23,-106,119,-51,6,-92
15,87,106,12,0,-35,-27,-1,-7,-89,-49,86,-46,15,-26,90,82,8,-77,-9,-16,-111,102,-98,70,101,-79,-60,-52,42,-62,-51,10,-124,-70,26,-123,30,95,-35
-40,-80,-14,-46,-50,-26,26,84,-51,-83,119,110,97,73,-98,51,89,-35,121,-42,-42,-100,50,95,121,115,-102,-65,-98,58,-96,47,-61,46,4,88,88,117,-82,-21
10,-11,-81,58,-116,124,94,-105,-126,-42,84,3,109,-29,-119,42,-58,-40,75,5,4,46,65,-80,-42,-77,111,114,-42,-103,-44,-5,7,114,-54,107,-122,-103,-106,42
67,-45,-113,-18,-119,-29,97,50,78,57,74,-128,-83,36,0,121,24,-112,24,-119,113,65,19,59,28,62,109,115,-19,78,-113,21,-70,11,117,-84,-25,54,-70,-53
16,-84,102,41,-72,85,55,-122,112,92,70,60,-96,-77,92,29,55,-38,122,-86,-33,28,79,-110,1,109,-22,56,-49,100,-9,-76,-63,-109,69,98,47,-46,-35,-4
24,28,39,-53,-51,66,-55,104,23,119,-11,46,-34,-73,-86,100,-70,38,-114,23,31,85,109,-123,71,-128,112,78,26,-26,88,77,80,106,31,-16,20,53,2,-30
-109,-92,34,28,107,-102,-13,43,-44,-53,76,65,-83,6,-11,1,74,55,-95,-123,-65,37,-55,123,-37,121,64,-30,52,-90,106,-4,-123,101,-104,12,1,-90,16,69
56,1,-97,19,104,-30,22,35,-19,26,-83,60,27,-125,-63,-97,-83,-92,-64,119,29,-28,-86,-27,-19,-112,-37,-83,20,89,41,69,8,-93,33,9,-21,51,77,-90
-33,-44,69,16,-110,-6,103,-120,-55,15,26,-116,-59,-106,-92,90,-88,101,-7,-26,-125,-102,-20,87,59,-63,42,-53,42,111,25,67,-70,32,97,102,66,55,-109,-58
119,37,-11,34,110,-65,-5,100,-56,72,-123,-7,88,-48,-41,69,-15,-7,-33,51,106,71,31,-34,-82,-45,-83,-106,49,9,81,87,-39,117,24,65,-90,-21,-112,109
-18,33,-28,-14,-116,-126,-92,-60,-95,-22,-12,7,24,-122,-107,-8,-22,108,-113,-52,-21,-79,100,42,-15,-101,7,107,75,31,-121,-109,78,-77,-7,121,52,-71,71,96
15,7,72,-36,-61,74,60,40,63,28,101,-111,86,80,67,8,49,-38,76,-83,73,79,-74,127,-23,48,-124,-6,-121,1,-73,73,-118,-47,34,-96,-102,-76,-46,3
90,126,43,-24,72,43,83,85,-44,-27,-30,-119,-83,12,-83,-31,-29,43,-8,87,-118,19,20,2,51,-22,-59,-25,31,-18,33,-32,-32,45,-116,12,-77,-69,-77,-17
-26,106,89,-103,120,8,-15,36,89,-115,45,-107,111,-100,-123,-41,-11,-54,-35,-65,52,-49,69,48,-36,-122,22,84,58,-80,15,-122,-68,-99,20,-88,-17,-44,-50,29
16,123,63,43,-55,-107,28,-102,-88,-8,-122,111,18,126,-1,53,14,17,-61,82,59,28,-94,-49,-58,-22,-93,-59,83,69,-60,21,80,46,-23,34,87,-111,-74,118
