0,59,59,124,-105,-84,-72,-39,-46,-31,-32,-28,-20,-13,27,17,7,7,6,4,-3,-19,-20,-29,-27,-26,-25,-27,-29,-24,-23,-20,-21,-20,-18,-14,-14,-16,-17,-19
-19,-16,-15,-11,-13,-14,-14,-14,-14,-13,-13,-16,-15,-16,-16,-20,-20,-23,-24,-26,-26,-27,-23,-24,-18,-20,-19,-19,-2,30,38,-110,15,-128,-1,-6,112,42,126,-73
-32,26,69,-92,117,90,-49,-68,7,119,-98,-126,88,-25,-110,113,59,-20,14,41,1,-69,-64,33,-87,29,-41,-107,3,-98,-17,-109,-78,63,78,-103,-64,-57,-90,-49
-7,53,-27,-60,101,50,-52,-24,75,102,-86,-21,-114,-8,-44,-58,82,-81,78,125,-25,90,-118,-38,-22,-75,-4,35,61,-38,-83,63,119,1,81,-81,17,51,-66,2
-34,-10,86,-27,-121,-128,13,20,-43,22,-123,-67,-113,-60,-64,20,-6,-92,-106,23,53,101,124,-7,-20,-120,105,59,-90,126,0,-3,52,28,-21,-88,30,53,9,111
16,-91,-92,17,95,-93,-97,-121,4,83,-72,81,-88,-107,104,-112,-49,-87,-3,-21,67,-9,19,-120,-70,51,-3,-107,90,97,35,45,71,2,65,81,-108,112,-119,5
-4,-75,53,76,6,-26,-85,49,-22,78,-68,28,-21,92,-86,-33,32,30,-45,118,114,-119,-87,-13,68,-94,-15,14,-42,50,-2,-40,-109,6,28,-82,-59,-1,96,-62
-22,-35,-110,-96,71,-83,-96,-57,80,32,-22,28,43,56,55,50,-13,117,-50,-128,121,-83,-54,43,91,-52,-112,118,15,-103,-63,-82,73,77,-120,-23,71,14,63,105
-85,73,8,-120,72,59,0,59,50,-11,-75,-50,2,-8,-22,-39,-76,-16,-11,13,93,28,-18,32,-108,121,34,-82,-75,69,-63,84,-62,-40,54,52,120,-106,-10,111
-23,-107,-76,62,-56,-55,28,113,125,-121,114,44,-1,-47,-92,-29,113,-99,21,125,58,-78,88,-96,-86,72,44,68,57,-34,-8,-43,-104,-59,88,-60,100,-10,93,70
94,58,101,-61,8,-87,-52,-83,-32,-91,76,-91,-25,68,83,-51,12,69,2,68,-63,-58,88,62,-115,24,121,98,-20,-81,-62,-11,20,-95,66,71,-53,71,37,-76
45,-35,43,78,75,111,-21,45,-113,-83,-29,-54,61,-92,63,54,-118,-114,74,58,-124,66,-73,-101,-93,-4,-71,115,90,-49,-86,114,122,24,100,103,-29,-124,-115,-50
124,8,-120,66,-82,-98,30,34,19,59,51,-87,78,55,-122,-68,24,84,-52,-76,-43,-72,-71,-58,37,50,116,74,79,95,45,40,36,-17,117,0,30,115,-123,-89
-62,69,18,-17,-76,-97,126,104,93,69,81,105,69,-43,16,84,-56,113,-88,-21,25,-100,-103,31,34,84,-125,100,81,57,-106,-78,-125,111,-39,127,-12,-95,-123,59
-86,-113,-2,100,-128,75,-97,-43,99,33,49,47,-31,82,44,39,99,36,117,-19,-24,42,-24,24,109,-125,-22,49,-107,83,-11,-114,79,-125,101,60,-62,-83,31,-99
93,-37,87,78,-79,56,-114,-123,-6,-83,75,-75,24,105,78,-92,-8,44,-7,-17,-94,-98,14,41,-33,-8,-18,-29,-10,107,-66,-16,-17,-61,54,30,88,-14,41,120
-39,-69,79,-33,-120,-11,115,113,111,98,45,-10,-61,-123,-2,-105,-114,-55,-116,-118,-116,123,-113,-33,-28,110,-112,-119,-9,112,-47,34,15,43,-57,-17,105,-36,104,-106
-15,108,15,-38,38,90,39,-70,-6,-58,-17,113,-86,29,39,-79,-86,-117,79,119,-68,21,-27,66,72,103,126,-42,-63,-30,54,29,-66,44,-22,-104,-123,-32,-128,-80
-77,-6,110,-93,-86,7,-97,19,123,-89,-68,-22,-75,20,-95,-27,-81,115,87,50,98,13,96,108,-79,78,-38,32,-120,24,25,-120,9,-5,118,-68,45,-78,101,80
-113,-19,126,-69,63,18,106,115,22,39,19,3,-33,97,-88,-70,91,74,64,-81,-56,58,4,48,-22,-58,68,124,9,46,101,120,71,97,27,-16,64,13,-27,-119
122,-37,-71,-31,-2,117,-62,67,-104,-49,0,-98,11,1,40,49,-38,-78,-36,80,-61,-118,122,2,17,-110,-77,-74,39,30,60,36,56,-125,89,-26,89,47,68,-58
13,-43,-25,8,79,56,-45,116,-109,-102,-7,-1,-40,-18,46,33,-17,-64,-78,33,109,31,-45,57,78,-72,21,90,-84,-6,-84,-85,-9,79,-89,-78,-109,-121,9,-41
-7,-85,-30,108,48,71,36,117,-69,30,-29,-34,-18,-44,-94,-90,-44,-75,-116,59,-117,-106,-64,103,-22,40,112,-97,40,-90,-20,-72,33,-16,12,104,-8,96,-86,-83
96,-124,-112,68,5,41,106,100,106,85,70,90,89,79,-83,-113,-125,-92,-27,10,-19,-88,-93,27,-70,52,43,23,-86,-34,3,97,-23,64,90,-3,-37,-90,18,116
-47,-115,-122,-128,-80,-11,-32,-59,93,-14,-22,-127,-111,19,126,-12,-4,52,61,100,-99,-106,-103,-50,19,-105,-20,-37,-128,107,-83,-9,-23,89,-91,127,19,8,124,92
38,48,119,-79,-123,-70,-70,-15,89,126,91,92,-73,-9,-116,-35,-109,-106,70,-2,121,77,30,29,38,68,115,-119,-110,105,60,122,-112,110,122,101,-89,-66,-120,-16
41,-109,101,5,99,-107,59,-96,68,63,-108,-50,-31,81,78,83,-9,106,65,-13,-61,-86,66,107,96,56,-102,-82,53,-18,106,-2,-104,-26,-81,50,68,10,53,80
103,29,-39,43,111,-69,35,14,-52,119,43,-53,-97,-26,14,-20,67,55,-90,8,82,57,-102,10,-22,38,77,-63,-79,115,-128,-71,-78,-59,110,125,-94,117,95,73
63,44,62,94,88,15,-116,14,-23,44,-62,67,-61,48,19,124,64,-81,-22,-12,13,117,-62,-105,58,63,-38,93,104,-35,110,-104,112,86,-108,-79,-62,15,-62,7
-15,-14,83,-7,82,79,-5,92,52,98,-77,-98,-126,-52,66,111,-40,56,123,-75,-125,2,-73,-59,27,39,78,-57,-34,119,35,18,125,81,-59,-82,11,59,-44,101
94,113,21,60,45,123,-86,-43,-128,47,2,-74,-98,-35,-8,-46,6,41,-23,79,31,-71,-9,66,123,8,-18,62,-86,21,90,-24,-119,56,85,106,-97,-106,119,-89
-20,53,-122,46,5,33,91,-48,-83,64,-109,-105,-17,57,109,-66,27,70,70,56,114,-119,-3,-110,65,38,-79,100,-66,52,-96,-80,80,-75,-111,-111,-25,-5,-125,-73
0,-35,44,6,-48,-76,14,-124,0,87,90,-74,81,50,91,110,91,34,-37,-26,119,14,-73,-82,25,0,123,23,72,-97,-1,-4,87,82,-94,-119,11,-24,58,37
64,-57,-69,-27,116,-57,-66,12,-77,-91,-38,-127,-9,46,-79,-118,115,-53,22,67,125,105,101,-71,2,-37,108,82,36,-112,107,66,85,-30,-60,-76,52,-25,60,-4
88,31,-28,63,-62,-23,10,-8,-60,-46,76,116,67,-1,16,-108,-41,124,15,13,10,5,79,-68,-107,118,96,109,16,40,98,-5,46,-88,-50,90,52,127,46,56
-103,125,-84,43,77,-119,8,25,123,82,-50,4,53,56,60,-127,19,32,55,-76,-33,-20,-11,63,85,-37,-21,74,-111,-5,-50,-120,-87,-10,-82,15,101,22,53,64
-18,-63,32,-12,20,-67,122,-53,-51,-47,-106,-57,45,-119,-89,-94,-43,-43,-74,-67,-88,-106,16,-66,-58,112,88,-109,48,-1,-39,-104,95,79,70,7,19,-105,-66,115
63,66,105,-93,115,-108,108,8,-16,-19,-42,41,69,70,-128,-6,-44,102,-120,67,118,14,7,-110,48,37,74,-77,-78,33,-98,-108,26,85,-122,83,1,-4,119,88
29,-11,-26,-19,12,119,-18,12,80,-128,28,-126,-70,21,84,113,-6,85,-92,-44,-49,11,-111,104,-45,59,-64,80,-64,-89,-114,-19,10,117,-110,34,-91,30,78,93
-94,-44,-39,8,126,-97,81,52,106,5,-35,-48,-97,-117,54,-54,21,-13,-123,11,5,48,-85,60,-60,52,90,-109,-49,125,36,-16,-100,48,-92,119,104,87,42,-24
-11,10,-109,-110,-37,-33,-116,75,48,-109,-19,-94,58,40,-83,91,89,-47,-128,-23,-4,-107,-127,18,-12,-38,65,-45,-43,-82,122,58,-92,-68,102,-11,-42,-60,-116,-38
32,0,65,86,46,63,113,-17,-109,-123,-102,59,45,93,118,-59,64,-59,-62,-59,123,-91,89,104,8,-2,-82,-7,-18,-123,-24,-66,-20,-63,-57,-47,65,-5,-15,-35
-66,36,69,69,30,114,18,-28,-5,94,-110,102,64,102,49,16,-118,83,-70,94,59,-26,99,-84,103,-81,0,-41,119,10,91,-123,97,79,-5,-44,-78,-114,73,56
-103,63,-77,-68,7,-122,23,-2,103,-7,113,37,37,-16,121,-38,73,54,-25,-35,-37,109,104,-126,-41,13,-99,-125,-14,12,103,19,95,-80,-9,17,-38,-43,-29,-45
25,-23,-35,107,-19,-117,41,55,105,93,-21,-90,0,-120,-11,-76,-27,34,73,73,68,62,-127,-76,-55,12,-23,18,-7,27,-86,-118,-88,-90,41,57,-101,84,96,-17
-117,116,-100,-109,-66,96,108,36,-25,125,-20,-53,-95,-127,-29,108,71,61,-99,-17,-47,33,121,58,54,-115,53,-12,-52,-114,106,116,94,-13,-31,-47,-124,-46,96,17
-124,73,52,62,-49,-84,59,30,84,84,-94,-33,-13,97,23,42,113,-43,-92,44,108,-28,-25,103,-17,-102,-113,-109,-61,77,41,123,-59,-38,-88,96,86,69,-19,-121
-122,-83,89,18,-114,106,11,-37,86,14,-124,70,-53,-92,48,-118,-42,-1,15,-11,-73,-69,-39,-37,1,12,8,-11,-35,-49,-116,108,58,12,-73,122,60,116,126,108
-57,-64,-61,-121,-56,14,70,32,48,60,-113,-13,101,-75,1,84,103,94,8,19,-56,-7,-20,-81,57,53,83,29,74,61,-114,-124,101,-111,-100,-52,-8,58,-41,-118
-18,-116,12,-99,59,-116,-6,48,64,-42,54,-64,17,125,94,-85,-95,90,82,60,1,12,0,91,-89,-58,-116,75,-100,18,-16,1,16,-52,-95,-86,-50,65,120,-101
47,11,-28,-21,-45,-46,-1,122,114,127,92,52,67,-125,-71,-123,7,-100,66,115,107,18,121,-84,-124,112,-85,77,-115,94,-101,-40,72,-41,-77,-61,25,-38,45,-117
90,30,-39,105,9,19,-18,-63,-99,-86,12,56,105,-3,104,-45,9,26,-69,-115,67,-52,-84,-27,84,-22,11,62,-43,-94,-103,55,104,34,62,-105,62,120,44,-67
-128,-77,10,-114,-80,-67,52,-95,-80,60,115,-48,86,111,-90,-47,22,119,60,-2,106,-30,-66,-53,10,18,11,-38,75,41,63,-105,-122,-35,-11,123,76,53,28,20
64,55,-75,-36,-48,43,-114,96,71,-3,-74,127,-70,-76,-93,5,-103,64,96,-30,-5,-123,18,-53,34,-30,-44,-19,113,-7,-23,91,86,-9,-106,-34,77,121,-99,43
-16,69,-13,-127,115,-83,-125,33,33,-110,-94,99,110,-90,79,36,98,-94,-32,122,91,20,60,24,-114,63,69,-13,-50,51,-101,98,-100,-57,-46,-62,-5,68,42,-74
100,79,-102,-41,-14,78,-73,-47,123,98,-29,11,9,-80,52,35,52,-125,-55,-26,99,24,-124,-5,40,26,32,-80,-100,-14,53,-116,115,79,45,-19,-34,-56,-66,-14
-29,-81,69,-56,79,0,122,-119,-53,-108,-43,55,-80,50,103,-125,-26,-80,-32,59,8,-58,85,-35,92,65,92,37,-61,-80,70,-9,-114,37,0,117,-102,-10,64,-2
62,95,0,108,27,-68,-10,83,46,51,72,12,-19,110,-46,97,13,90,-108,-104,127,-80,96,-103,-62,69,-110,50,57,-98,-75,-67,-64,1,-75,91,117,19,-75,-101
8,77,48,81,5,-37,78,1,-68,123,-40,38,11,99,82,120,-28,58,-45,107,23,-57,-103,29,-84,55,42,29,-86,-47,82,10,-90,-27,90,-97,-110,-33,-25,71
24,-104,91,77,70,49,73,-26,-122,102,-90,6,122,-102,56,-124,-54,112,-114,-61,91,-73,-1,10,122,-6,5,70,-89,118,-7,-71,-26,122,92,51,54,-19,-42,84
-104,33,-104,-63,112,98,-36,-32,53,33,-39,73,-20,107,81,-70,46,60,-11,72,-22,-20,95,70,-31,70,47,-17,48,116,117,-114,35,-74,34,-114,-119,100,-127,91
47,-34,-58,56,40,22,-42,-12,7,106,-126,21,50,30,-72,94,-111,-72,-110,6,-127,-93,-81,4,48,99,40,113,-95,-37,-33,-66,-101,116,-60,-126,45,-31,-83,32
80,82,15,-20,-98,74,-44,-106,55,-24,78,-18,-45,-75,56,-72,-8,-5,-9,-96,33,-44,-14,124,97,-124,56,85,-63,-68,60,18,122,71,102,6,46,-81,74,36
28,85,-98,115,-20,-95,-51,76,-103,-89,-98,110,-70,105,-27,-20,82,25,-23,-38,25,37,-30,-51,26,-102,-57,-92,-25,7,-81,-75,127,84,-55,-108,-122,103,41,38
21,-50,-76,122,108,13,-45,101,126,-15,3,-8,66,112,-106,57,90,43,88,-35,64,-39,34,-4,68,-106,-102,120,18,18,-87,-28,-99,-107,38,36,-47,-72,120,9
92,-49,-104,54,90,-13,44,-27,-95,-55,-47,-107,-12,-107,98,79,66,-127,-69,-31,-53,87,-99,-91,123,-64,-61,-107,99,6,-81,-46,116,112,-36,67,-19,-109,-120,111
