0,0,0,0,0,0
0,2,59,-772,1053,-1301
0,2,59,-772,1053,-1301
0,0,124,-290,558,-1185
-4,-3,-105,9,-9,-1039
-11,-7,-84,191,-568,-764
-20,-11,-72,360,-1996,-240
-73,-22,-39,510,-3477,825
-74,-21,-46,207,-2423,883
-103,-5,-31,-1147,6,311
-92,-2,-32,-820,-509,286
-88,11,-28,-1582,1139,244
-80,29,-20,-607,268,600
-80,23,-13,348,244,414
-74,-6,27,3166,-1598,628
-82,-9,17,1304,-2237,530
-116,-20,7,-1127,-2004,-51
-123,-12,7,-897,-534,77
-126,-5,6,-939,1127,4
-121,-3,4,-895,998,-56
-111,4,-3,-1301,1994,-11
-89,19,-19,-1400,1977,191
-86,20,-20,-1126,1636,296
-59,37,-29,-1039,1164,244
-52,42,-27,-801,934,161
-44,46,-26,-405,538,234
-37,51,-25,-455,826,211
-21,57,-27,-730,1100,23
-21,58,-29,-852,979,40
-5,72,-24,-1013,641,-153
-7,70,-23,-697,629,-78
-1,77,-20,-505,357,-69
-1,77,-21,-966,734,9
8,90,-20,-883,798,-34
9,90,-18,-877,732,50
18,98,-14,-397,608,-158
21,99,-14,-338,264,-92
22,96,-16,-235,78,-82
22,94,-17,-412,177,19
23,95,-19,-604,326,-1
E
25,98,-19,-655,355,-77
27,102,-16,-593,326,-111
28,102,-15,-334,-48,-221
21,102,-11,17,-132,-237
22,100,-13,-101,-94,-216
15,99,-14,-216,-264,-232
14,98,-14,101,-318,-83
3,92,-14,144,-426,189
4,91,-14,112,-399,110
-1,84,-13,286,-440,134
-2,82,-13,359,-546,174
-13,73,-16,162,-738,132
-13,73,-15,10,-616,61
-26,66,-16,115,-595,233
-25,66,-16,131,-685,276
-37,61,-20,82,-689,189
-37,61,-20,152,-739,152
-48,55,-23,216,-630,118
-52,53,-24,205,-608,-39
-58,49,-26,236,-605,-20
-63,42,-26,182,-428,-78
-67,39,-27,145,-100,-115
-71,32,-23,-98,69,-92
-69,34,-24,-64,144,-185
-71,29,-18,117,-184,-171
-73,28,-20,72,-265,-178
-82,24,-19,-108,-181,-210
-84,21,-19,154,-720,-46
-73,10,-2,-50,-482,-4420
-25,3,30,1394,1704,-6969
-49,-48,38,9808,-7861,-5932
0,-17,-110,13781,2852,-14805
47,116,15,13143,12009,-24805
-93,-14,-128,31561,8566,26566
-17,78,-1,31229,-23992,32731
-69,80,-6,27003,-21225,32731
112,35,112,23414,-20514,32731
-18,-26,42,4432,-31949,32731
109,123,126,-5834,-15095,32731
83,36,-73,-13724,-10197,32731
E
110,19,-32,-8765,-10356,32731
79,-122,26,-17633,6564,32731
-106,-71,69,-17733,1613,32731
80,111,-92,-13517,7065,32731
-38,-109,117,-14165,9552,-22317
119,-15,90,-15490,20611,12262
65,42,-49,-17272,27389,6763
-38,69,-68,-25973,-28103,18761
-19,-16,7,-22215,27501,17911
-29,-17,119,-25814,10669,30158
70,112,-98,28481,10057,-29258
7,41,-126,-32156,-23096,24541
104,113,88,-15451,29029,21313
-122,103,-25,-20447,9805,28342
-34,-102,-110,-19862,19402,13708
90,-24,113,29722,-25464,10521
-112,91,59,-31984,-32666,30010
49,44,-20,21930,-16479,9199
14,-128,14,27549,-27759,-15351
-83,-22,41,20744,25795,28698
-82,-116,1,19264,-28813,-20180
122,-17,-69,19462,-9045,-28647
19,71,-64,-30416,-6059,-23600
91,-119,33,29551,-19361,-20119
-74,62,-87,14602,-23827,-21711
56,-21,29,15796,-17424,-19293
-49,70,-41,19433,-7195,-18377
-90,72,-107,6932,-29713,-16604
-8,41,3,8583,-31367,-15342
-43,60,-98,7450,-31593,-13428
123,-111,-17,6179,31856,-979
122,59,-109,12242,-32668,-2798
86,34,-78,-25749,-19289,27316
50,-120,63,-31634,-14307,-31530
-86,10,78,32602,11411,-30607
15,19,-103,22775,9266,32731
22,-97,-64,8865,20918,32731
22,36,-57,9199,20690,32731
-42,26,-90,-4056,14582,32731
-101,31,-49,-611,1739,32731
E
-89,-83,-7,-2297,-6884,32731
-68,-125,53,-12496,11975,32731
110,101,-27,23112,28880,32731
-72,-52,-60,32717,14282,32731
-74,-123,101,-5511,18766,13663
-68,94,50,26912,-3604,-28395
-32,-26,-52,27877,31267,-32545
45,-80,-24,17903,-31767,-24368
15,104,75,5636,14217,-19060
23,79,102,4180,28132,-23380
83,-110,-86,10228,15602,-23581
76,120,-21,22899,-5424,-30270
97,-67,-114,17861,-13930,-26829
98,-60,-8,5145,-10928,29953
-7,57,-44,5622,-4740,32721
33,126,-58,1002,-13126,32730
10,-81,82,-5107,-8438,32730
-55,-19,-81,-11382,-7974,32730
-15,-74,78,-21379,-2383,32730
125,42,125,-19211,4148,32730
75,-123,-25,-21913,24132,-29596
125,6,90,-12639,24000,-11649
-114,32,-118,-10149,18778,-829
-55,100,-38,-18532,-30170,29392
-81,52,-22,-24080,27361,25988
79,61,-75,-25290,28281,23844
-98,-82,-4,-20103,19769,29993
-79,-106,35,-31874,26133,31172
115,-55,61,30323,-28710,-31473
84,15,-38,32598,-32666,14345
-12,124,-83,32598,-32666,22172
-107,94,63,14524,21572,-2645
-31,78,119,-22677,11119,-18317
55,-57,1,29213,30454,-20678
102,-65,81,20403,-32666,-19532
59,48,-81,8154,-19149,-21663
-115,5,17,17800,-32710,-23572
70,13,51,19248,-24301,-25294
14,67,-66,17125,-32701,-19136
13,-35,2,3438,31787,-17448
E
-56,-21,-34,3589,-23645,-15067
-60,126,-10,2732,-28684,-4349
88,-81,86,-5381,-25579,-3941
-86,-46,-27,-1133,-26293,6344
43,-100,-121,-235,-15473,15446
-115,17,-128,11831,-10322,-21991
117,-59,13,26636,-17405,32733
1,9,20,2100,-15202,32733
-30,47,-43,964,-18864,32733
115,-51,22,-23282,9391,32733
-64,-33,-123,-5679,12558,32733
36,-100,-67,8877,-22118,32733
-40,36,-113,6640,-19055,17382
26,48,-60,-6861,7263,29936
3,-120,-64,-7759,-7144,-30381
87,-75,20,-2871,-22372,-32731
26,-123,-6,-6993,24831,9564
95,121,-92,10702,-19653,10453
116,-62,-106,12800,23296,-17341
-113,-48,23,-541,16251,-12098
93,17,53,-4844,2701,-14340
104,-65,101,-33,1365,-18513
-113,-44,124,4230,6704,-17142
75,72,-7,10379,16317,-31109
37,75,-20,7738,11187,-29698
-7,50,-120,9116,-8887,30630
40,107,105,6600,-30,32732
-3,91,59,-104,-13590,32732
-69,-40,-90,-2292,-7150,32732
10,25,126,-8753,-7382,32732
13,104,0,-8900,150,32732
50,-103,-3,-8188,6000,32732
-56,126,52,-8606,4037,32732
-64,-17,28,-9070,317,32732
92,54,-21,-8688,3028,32732
-39,70,-88,-14590,5136,-28127
11,101,30,-13464,1923,-19666
66,80,53,-12686,10178,-15764
-71,10,9,-15836,25872,536
-110,-17,111,-14277,20022,3687
E
-3,-112,16,-18711,24917,18732
80,-114,-91,-23247,21921,24352
60,52,-92,29637,17770,27919
77,39,17,-27208,26531,17104
15,18,95,-27018,18525,-27546
-60,-27,-93,-31173,16849,-32414
88,-53,-97,-12948,21951,20318
44,-31,-121,-18729,12938,31285
112,76,4,31654,2561,18373
-5,-41,83,-22604,15693,2926
-104,-66,-72,23592,-22388,14905
24,106,81,31008,26933,-32379
100,-123,-88,21634,31189,28417
91,-5,-107,21829,-10600,-26925
0,-61,104,16592,-23640,-27528
111,-107,-112,17504,-23654,-21284
-21,-81,-49,10182,-19780,-18122
98,-123,-87,83,-32529,-20046
-94,-41,-3,11723,-22900,-17689
81,-74,-21,11422,-23134,-12217
-55,-67,67,-396,-19726,-5927
-55,50,-9,9073,-29972,-5838
-58,-14,19,15824,32514,-271
37,11,-120,18685,-16069,12263
-37,13,-70,20722,-15823,12834
27,112,51,9124,4969,10107
-74,-1,-3,6846,5141,8213
-4,82,-107,-3986,-892,-390
55,28,90,-9826,-4361,-7309
60,-10,97,-8461,5476,-6904
82,47,35,-11544,7430,-10747
91,67,45,-9795,4650,-10302
32,57,71,-12080,12091,-12774
37,-7,2,-11868,9573,-15445
11,24,65,-10148,5630,-15514
72,67,81,-15735,20377,-9862
32,-25,-108,-13500,19782,-9765
-17,-8,112,-13628,32119,-1636
-80,-96,-119,-16057,22497,9297
48,-93,5,-27522,23176,32139
E
-4,4,-4,-22710,23851,22972
86,-112,-75,-17044,29035,27821
-12,-79,53,-28159,17486,-29540
-49,-48,76,-30365,7280,32733
-95,-111,6,-21430,26570,32733
105,18,-26,-11752,22693,21396
67,70,-85,-27138,8196,21683
-124,-4,49,-24497,-15315,8174
24,105,-22,19987,-18127,3937
62,6,78,-24351,-12459,-20942
32,-127,-68,22201,-25250,-29019
75,-116,28,7928,-21093,-30417
-93,87,-21,10110,-8921,-19355
-61,121,92,5027,-22599,-16423
109,56,-86,1610,-22200,-11919
9,71,-33,15417,-18434,-340
-119,108,32,-1173,-22354,2232
-56,-81,30,-9379,-20684,8724
74,-20,-45,871,-25946,17463
58,89,118,300,-21910,20668
121,-32,114,-4761,-21482,31766
25,115,-119,321,-21318,28055
106,107,-87,1798,-15063,28056
-33,105,-13,1259,-16257,-30764
-75,-5,68,-3363,-2797,28122
51,-19,-94,-952,-7419,27897
43,-48,-15,-1705,-11077,-30663
72,124,14,-18316,19924,29312
-124,88,-42,-8423,-20509,24313
-13,-36,50,-621,-30475,31773
50,-58,-2,-2062,-22657,30371
26,4,-40,-13101,1432,-31777
-60,-112,-109,12262,19910,8673
121,87,6,11443,19831,-12832
93,35,28,979,19656,-16582
-10,-64,-82,5377,-3443,-17858
37,92,-59,401,-13907,-19802
47,52,-1,9257,-1504,-24085
-117,-89,96,6043,19277,-22672
-10,7,-62,7928,17851,-23562
E
39,52,-22,20465,10371,30636
95,105,-35,17759,-4170,-31066
90,108,-110,21241,-24700,31854
-119,-10,-96,482,-18340,32732
104,6,71,-12538,-1374,32732
-14,52,-83,-12404,26118,32732
-107,-79,-96,-7744,-5982,32732
-55,-34,-57,-10999,-4793,32732
1,-2,80,-25858,12627,32732
-2,-98,32,-22292,-30516,-26405
-103,-4,-22,-16180,19285,-6804
103,-118,28,-14151,-30771,25009
-53,-84,43,-21739,22971,-32483
60,58,56,-27672,22504,-32041
50,-37,55,-20839,25592,23625
-58,29,50,-15092,16089,24515
-77,-22,-13,-23435,24988,24282
100,-122,117,26836,-27721,24831
61,-87,-50,32587,-32659,16891
-83,32,-128,32587,28870,4390
115,-9,121,2819,7698,557
95,91,-83,-30227,20670,-9314
-28,121,-54,-26908,28969,24577
-71,43,43,26692,-32660,-29352
-70,43,91,16742,-28508,-23566
-107,-126,-52,5338,-12912,-27110
-6,47,-112,9150,-4046,-13700
-10,-67,118,7106,-25664,-11716
-39,-123,15,8290,27414,-7719
109,-94,-103,12892,-32697,-1505
84,-60,-63,3182,-25052,11579
-63,-2,-82,2505,-15846,16673
121,23,73,13940,-21503,22579
-1,-111,77,18571,-14586,-30677
-93,-117,-120,15215,-10564,-31301
11,-80,-23,10544,-8391,27396
71,0,71,10162,-4644,-32390
-36,-117,14,304,6624,31540
20,-57,63,1956,4802,25365
-108,-62,105,1871,-16225,25396
E
-72,-54,-85,-12617,12247,26065
-15,-80,73,-7926,-1087,273
-74,72,8,-2025,-12804,-632
-5,46,-120,7281,-2693,-10382
100,29,72,3976,-726,-10920
-21,-34,59,2533,-1168,-17082
-22,18,0,2135,-4479,-25989
127,104,59,4629,-7734,-31849
-108,83,50,-1212,1152,30634
68,48,-11,-4495,-5147,32728
37,-58,-75,-6230,3685,32728
33,-67,-50,-8046,2156,32728
-62,-101,2,-16395,6924,32728
68,-44,-8,-16574,7962,32728
-48,37,-22,-13748,22008,-28393
113,12,-39,-13115,14007,-19949
40,64,-76,-21116,15580,4687
51,116,-16,-19472,23614,3760
-48,23,-11,-26688,31300,29855
-54,-2,13,28936,23848,-26555
45,27,93,-30789,26937,27980
46,45,28,-19337,20269,29831
-123,-48,-18,-30430,10222,-31314
-70,-76,32,-26429,19469,32729
2,73,-108,-7064,32569,22910
22,-70,121,-14922,11086,23148
-78,-80,34,-20238,-25770,10103
-82,126,-82,13987,-20463,2830
-5,-58,-75,-22955,14850,25348
72,-46,69,23345,-21911,-30187
-88,30,-63,16855,-26273,-27181
33,-108,84,14251,-22910,-25348
-16,120,-62,15555,-20237,-22813
-120,-60,-40,15020,-30075,-18800
69,33,54,8964,30073,-19604
102,-90,52,6295,-30062,-16477
-107,66,120,-2578,-12825,-8889
-98,-90,-106,6270,-23548,-2433
-45,-103,-10,11952,-29974,7443
-58,-22,111,24898,-21562,7941
E
-72,-47,-23,22594,-8462,13635
-64,-63,-107,20036,-10977,18563
-89,-80,-76,20780,-11291,7937
-109,-100,62,7052,-5236,7067
10,85,-56,83,-1674,5299
90,49,-55,-7082,5968,-1519
-41,-4,28,-7719,4751,-1946
35,99,113,-10219,3919,-3491
-40,88,125,-9211,1748,-4968
-78,-95,-121,-7788,3595,-7779
-69,111,114,-6007,5719,-8231
-65,49,44,-6150,3687,-11714
10,59,-1,-6954,4107,-13748
-126,51,-47,-9888,12681,-18072
-41,75,-92,-12794,10750,-20052
-70,121,-29,-12983,18224,-13586
21,96,113,-15177,28429,-8958
18,-55,-99,-17015,32206,3679
-31,82,21,-18812,-31158,12416
1,-90,125,-30503,31006,30235
-67,-62,58,-25059,-32014,31366
-86,-126,-78,-23980,-32657,29929
-34,-68,88,-18637,13542,-31171
-22,39,-96,-14641,20707,29712
82,-75,-86,-13910,15799,26700
-43,114,72,-23207,6796,11180
0,109,44,-28162,2470,4885
-117,66,68,16911,-27942,-8226
-93,-102,57,-26860,-20119,-23819
58,-127,-34,21497,-31719,-26270
109,5,-8,6221,-15431,-13096
87,-27,-43,-4111,-13888,-18129
-127,70,-104,6299,-9138,-10148
8,14,-59,14902,-22789,-2030
-49,59,88,6662,-23669,-75
93,-109,-60,-4883,-19083,15920
47,78,100,150,-22143,14844
79,119,-10,3905,-20790,31230
-43,-9,93,-363,-22096,-32532
124,-87,70,14689,-21006,-31927
E
27,-58,94,11340,-15583,-32713
-5,102,58,-3860,-24076,32730
-70,65,101,-2063,-12988,32730
-94,13,-61,343,-1380,25752
-123,-107,8,2198,-15688,31162
-59,-51,-87,-15999,14601,-31508
-20,51,-52,-15973,8732,24678
68,-39,-83,-7825,-25201,22827
-26,-62,-32,-3172,-26675,22636
64,-33,-91,-3803,-17229,4363
90,87,76,20391,-7013,-21090
27,59,-91,19613,27250,25272
15,-36,-25,21637,18809,31499
26,-95,68,21201,-11428,32729
75,-14,83,20794,-14188,32729
121,78,-51,4380,-4608,32729
17,-83,12,-5065,-7044,32729
-76,-25,69,-6450,-2614,32729
-81,-10,2,-10373,-1586,32729
-13,-125,68,-32575,707,32729
-4,-23,-63,31737,16415,32729
-25,-104,-58,-18895,-21633,-21975
48,73,88,-20659,24024,-1522
32,59,62,27527,24169,29282
57,70,-115,32410,-28769,20847
20,-41,24,32551,28521,-31453
27,2,121,-30398,4256,-31025
0,30,98,-14168,22737,24692
-117,50,-20,-11071,25719,20528
-1,-116,-81,-28210,20228,22993
-62,1,-62,-23815,9096,11324
69,-79,-11,20222,-2758,6221
-81,-27,20,30240,-23978,-10608
90,-77,-95,11005,27109,24064
-121,42,66,23326,-26814,-30167
-78,-126,71,25629,-28368,-26437
-31,-12,-53,10561,-31041,-24178
56,3,71,4837,-17064,-20606
-84,-29,37,11269,-21236,-18175
124,7,-76,11758,27198,-8033
E
104,-104,45,11145,-32658,-7237
13,126,-35,9631,-21795,4746
-47,-68,43,16024,-19687,7227
-118,-20,78,19458,-25808,16446
43,-89,75,19486,-24494,12453
-32,-61,111,-27637,30912,9439
-38,-104,-21,-32449,-12118,12676
-17,-37,45,26118,-27537,-22409
-65,-60,-113,5160,8180,32731
-89,-45,-83,-2416,21353,32731
-53,-127,-29,-20797,15368,32731
20,75,-54,-25861,14355,31690
-13,126,61,-14991,17031,-32458
85,125,-92,3045,-25467,27878
49,-109,63,4490,-18972,7211
126,102,54,2409,-18826,3741
9,9,-118,388,5743,-7607
-128,-94,-114,9138,8441,-18974
68,-29,74,3713,6501,-22668
34,-48,58,-1108,6551,-29105
-68,110,-124,7004,-10208,29298
-25,16,66,-569,-7712,32729
31,-32,-73,-18404,9341,32729
-119,115,-101,-13810,12567,32729
-65,-34,-93,-10781,15295,32729
15,28,-4,-15489,22906,32729
-9,-87,-71,-17709,28849,32729
41,-35,115,868,11531,32729
93,-11,90,7003,-11906,32729
2,94,-49,-18766,22196,3811
89,47,-86,-15559,13738,16049
-33,102,114,-16040,19033,17402
77,-55,122,-11229,3643,10785
93,-78,24,-9299,13880,5294
-96,98,100,-11265,13370,9742
63,38,103,-14367,-32175,12125
-16,47,-29,-9138,22690,10084
39,-74,-124,-16817,17771,21396
-22,47,-115,29338,15320,-28919
-103,-103,-50,-12427,28928,19492
E
69,-44,124,-12169,23737,17237
-9,-5,8,26679,-28273,5306
40,20,-120,-23003,4330,-26027
77,-95,66,-17776,4607,2230
45,24,-82,-15600,-1478,9494
16,43,-98,444,-6381,11970
48,54,30,11702,-8029,70
40,35,34,-19669,22385,-31944
127,-102,19,31684,-20343,-21000
32,-85,59,19214,-17414,-28262
11,-115,51,19871,27862,-20009
-32,33,-87,20031,-25448,-25044
-2,-66,78,9229,30311,-17418
-49,-63,55,8407,-32654,-21535
4,-51,-122,2416,-17799,-18080
-50,-44,-68,6118,-24513,-9740
-34,73,24,11827,-31814,-3570
-77,49,84,18294,-16512,18126
44,-89,-52,14062,-12453,23290
-15,-61,-76,22295,15626,17021
-65,73,-43,28973,-3481,13912
8,50,-72,8850,-9947,6744
86,102,-71,1298,-4140,-145
4,67,-58,-14799,-3251,-7462
116,60,37,-8604,-4082,-3812
-37,15,50,-5363,7600,5818
-125,-116,116,-2932,-1777,7315
-50,40,74,-28,1108,17848
55,118,79,212,2394,22807
-27,-118,95,998,25,-28640
97,99,45,743,-1485,-32043
-67,4,40,1318,-2584,32729
52,89,36,-1440,8989,32729
63,-14,-17,2793,-1311,32729
30,54,117,4305,-20608,32729
65,-33,0,-10821,8673,22064
8,-124,30,2981,-13869,-30383
1,45,115,-5486,9931,-32430
-12,-113,-123,-13897,14512,28904
112,28,-89,8627,-28968,14496
E
94,52,-62,16008,-9789,-10221
-127,-19,69,18293,-16030,-18313
99,52,18,20289,10881,29627
-43,-91,-17,17583,5895,30344
9,3,-76,5884,11431,32729
7,88,-97,8005,4441,32729
-2,-16,126,1626,8159,32729
19,69,104,4324,-2629,32729
-28,-29,93,3313,-7369,32729
-90,-7,69,-1454,-4151,32729
93,2,81,-15165,-15304,32729
-108,-68,105,-19418,-10726,32729
-114,103,69,31488,7603,-26310
45,-83,-43,-27410,6805,-25868
-86,53,16,-11152,-18709,-11326
91,-93,84,-19324,27551,5488
79,-4,-56,-25189,22600,14239
39,-69,113,-29182,18562,-23389
82,71,-88,-32760,28814,27668
-73,-117,-21,-17733,24605,23077
58,93,25,-18595,4481,-32425
8,109,-100,-19155,9982,17641
2,-26,-103,-15862,23598,19478
-115,-86,31,24610,-29006,10725
-99,52,34,-23456,15288,16050
-54,-97,84,21639,-29423,12121
12,-17,-125,-21532,22962,-30445
0,-27,100,13023,-27392,24275
-66,94,81,24885,-3655,-29059
20,101,57,20987,-7860,-30530
-78,114,-106,24056,-29713,-20692
-57,-121,-78,21523,28014,-22643
-27,53,-125,2017,-17657,-17248
26,-105,111,10203,-22957,-8082
88,-40,-39,21400,-29233,-1726
-60,-121,127,12651,-28128,11499
84,-114,-12,11697,-32162,23979
85,26,-95,29524,-16521,-27217
95,-3,-123,-28606,6490,-32211
-48,-4,59,25495,-720,32730
E
29,-66,-86,9354,-122,32730
116,58,-113,-8409,12180,32730
89,41,-2,-12829,29266,32730
103,-28,100,-9689,-4128,28261
-62,-94,-128,-13896,-12834,-31919
51,-15,75,-15883,593,32078
47,9,-97,-10950,-7859,-32522
-72,126,-43,-5742,-13445,32730
-103,-3,99,-13796,10229,32730
-4,-128,33,11653,1780,11752
-86,104,49,20465,-667,-3262
-70,-119,47,11698,-12758,-5024
-32,-12,-31,-4246,-28335,-30471
-37,-90,82,705,-7506,-22351
-19,20,44,16385,19201,-24768
-100,105,39,18256,25266,-26249
-118,38,99,23446,18418,29832
-70,-101,36,17923,5869,32465
93,97,117,7116,1788,32728
34,43,-19,6746,2232,32728
-105,-19,-24,2409,-3543,32728
-25,6,42,1085,-13506,32728
-91,72,-24,2581,-11939,32728
-10,35,24,97,-12801,32728
-47,7,109,-8582,-8515,32728
3,127,-125,-17996,3257,32728
86,-101,-22,-14650,432,32728
71,-16,49,-6884,12992,32728
109,-33,-107,-11732,8918,-23860
-4,-82,83,-24487,14799,15585
80,5,-11,-19334,17555,5280
46,-75,-114,-20487,28424,-31634
118,-104,79,-30829,12394,-28411
-23,-88,-125,29728,19345,32729
75,6,101,32571,28778,32729
-71,-57,60,-8590,18916,29820
125,-74,-62,-9737,5501,18518
-128,46,-83,-27422,2175,13614
-39,-66,31,-7154,32296,15527
-78,-34,-99,7285,-392,-861
E
27,-60,93,-29209,25694,-30734
-91,-57,-37,19143,-29682,-31679
-46,80,87,23496,4449,-27555
85,75,78,18663,-3778,-23769
19,126,-79,13040,32644,-19799
-120,107,56,9714,-20815,-15470
-2,-22,-114,16196,-20294,-7049
119,-57,-123,3463,-28263,-8773
121,-14,-6,2546,-29881,576
113,-111,-83,11385,-28543,8170
-22,-120,75,7993,-23536,9808
80,-78,-75,8599,-11099,12893
41,-22,24,9181,-12319,6652
109,34,105,11180,-12658,5763
82,118,78,5187,4811,-1011
111,95,-92,4660,1636,-3298
-42,-6,-8,-2866,-4055,-7092
-62,-47,44,-1254,-2838,-8477
-105,1,-7,-5634,3613,-12705
-96,61,-17,-4440,254,-12042
68,11,-94,-6877,1752,-15576
119,69,-98,-6660,4413,-17597
57,-55,14,-4752,2706,-22100
-23,8,41,-4672,395,-20428
-12,13,-33,-4672,7798,-28428
-115,-77,-8,-1698,669,-27477
-90,-16,-18,1861,-5833,-26895
35,100,-29,-1529,-3904,-15346
-117,25,-10,-7002,2672,-1758
-99,85,107,-13551,15454,7847
88,-16,-66,-14026,20941,13082
39,-27,-16,-14335,14596,15195
57,-118,-17,-22926,19795,29007
-68,-70,-61,27730,30919,-28336
59,14,54,32005,7068,32728
-35,37,30,32569,10772,32728
82,-109,88,-13282,20626,30164
89,27,-14,-18048,15911,32160
-64,-97,41,-27294,9482,23978
-108,-46,120,-19589,11321,19725
E
-50,-2,-39,-28338,-6905,20701
-79,-125,-69,-23612,-15148,4589
-100,-17,79,-15714,-31423,-28637
33,-47,-33,-29225,-10886,-30086
-65,-105,-120,26399,31786,-27552
-71,112,-11,6383,1579,-28994
-86,61,115,16800,-6431,-26988
109,13,113,22487,31001,-27222
-87,-18,111,16992,-19454,-25431
-7,79,98,3854,-13117,-30438
19,-23,45,7470,-7331,-23384
-102,-43,-10,1102,7782,-18325
-40,-40,-61,1440,32122,-20029
-19,8,-123,9889,-20630,-21523
-114,82,-2,11412,-13596,-20288
32,21,-105,5383,-3296,-2725
82,-73,-114,6415,-193,2808
-101,-28,-55,1210,9916,8802
85,42,-116,-643,3731,3000
-98,76,-118,606,-3313,2082
12,79,-116,2114,3728,5267
27,77,123,-478,5202,2765
80,119,-113,-4807,4151,3243
66,111,-33,-7693,14294,5799
-114,124,-28,-18295,22607,11909
2,57,110,-23226,26917,25296
24,50,-112,-17752,-31296,24018
6,-60,-119,-30790,31953,-29251
-47,-54,-9,29439,21843,-32318
-51,-3,112,-20907,31334,29120
-96,-14,-47,-17263,15901,22966
38,102,34,-14181,11143,29330
-48,-2,15,-17656,18639,24450
-25,-49,43,-18662,14806,12844
-8,53,-57,-22272,-4636,6728
-24,-100,-17,21495,-28272,3350
7,-21,105,-20373,25637,21952
58,14,-36,17124,-32648,29917
-42,-46,104,12862,-32648,-26829
99,-5,-106,7604,-28559,-18791
E
-127,24,-15,9700,31525,-9315
119,-88,108,2486,-20654,4736
-107,-54,15,-2085,-15025,11572
5,9,-38,8656,-9240,24769
-25,-55,38,15289,-16795,26870
15,-102,90,17551,-20639,-28553
-87,-114,39,14434,-14179,32730
-26,121,-70,8028,-4410,29920
-58,-127,-6,4777,-2785,-31870
-51,75,-58,-12950,9509,32730
-78,-61,-17,-8614,-5804,24711
-76,82,113,-6786,7019,-30133
-19,-88,-86,-14294,2022,32730
90,-85,29,-16346,-8336,32730
42,15,39,-6846,-13246,32730
47,-44,-79,-3565,-14056,32730
55,63,-86,9986,-15496,32730
25,-61,-117,12879,-8088,3112
110,72,79,6422,15818,-11310
-79,76,119,2516,398,-14911
-77,9,-68,884,-31920,28046
-6,107,21,1956,-18257,-26872
30,95,-27,10233,23650,-31559
-22,-35,66,13488,15358,31567
66,-113,72,314,-25263,-27542
106,-27,103,1481,-31859,-30955
-44,-58,126,9586,9116,31520
-29,110,-42,8678,11541,32728
68,57,-63,13185,-380,32728
-75,70,-30,9924,492,32728
-32,8,54,8182,-3155,-29244
37,-67,29,9347,-7055,31540
13,-80,-66,3980,-10895,32728
30,110,44,1288,-25629,32728
49,-123,-22,-17919,-10395,-26839
126,4,-104,-24670,-29639,-19098
-54,-69,-123,-15695,31382,-24624
59,71,-32,1307,14681,-16877
62,38,-128,-5752,18768,-17567
-48,43,-80,-13392,7171,-1104
E
42,14,-77,-16309,19829,11519
-102,9,-6,-17851,-29510,17713
-72,-102,110,-14958,10647,19723
93,-87,-93,-29005,-618,-25284
-6,-69,-86,29143,12732,32731
-21,13,7,32289,-29608,32731
-100,93,-97,32559,28782,26054
-18,-97,19,32559,15469,28023
55,34,123,13663,-12765,-342
-31,26,-89,-29628,-19158,-23007
-5,-68,-68,30489,28768,22474
96,17,-22,29424,-25022,32731
-110,-59,-75,28035,-23765,-29497
-43,27,20,25515,-23026,-23824
0,75,-95,22714,-18781,-31067
114,34,-27,22927,-29425,-21770
52,-1,-81,23452,-26456,-15267
10,-43,115,16301,-27279,-3887
116,86,87,-6884,-15790,8344
-109,91,50,-1644,-16003,18920
60,59,98,32021,-12658,-32286
-35,-65,13,31523,-8680,-29772
-111,1,96,31408,-12272,32732
-37,5,108,24268,-4805,32732
-62,114,-79,-1205,17397,32732
-94,-56,78,-9343,8154,32732
-70,0,-38,-14839,9383,32732
-101,-115,32,-15618,2662,32732
-51,-112,-120,32275,11635,32732
-121,0,24,-28161,4716,32732
126,16,25,-27691,-9175,32732
-47,-32,-120,-19042,-5492,32732
-68,35,9,-2882,4282,32732
-23,-38,-5,-6013,5021,22976
-125,-15,118,14681,-2043,4406
-116,68,-68,13754,-2155,-6718
-80,54,45,7514,-6905,-17920
27,72,-78,4647,10709,-22971
125,98,101,11091,4762,-23035
41,64,80,15893,-6130,-21083
E
-14,-121,-113,18007,4735,-30123
71,87,-19,15135,-2894,-25574
-22,111,126,5969,-767,29385
33,-48,-69,6359,-12807,32731
127,7,63,-900,-241,32731
-26,123,18,-1233,-7798,32731
91,62,106,-2164,6087,32731
108,72,115,-2604,5018,32731
27,20,22,-9021,-2016,32731
10,124,39,-8215,858,32731
126,-95,19,-15877,11332,32731
1,-15,3,-21181,16283,32731
98,69,-33,-18369,17201,-13813
107,-109,97,-14617,18078,-7314
-20,48,-88,-15859,28606,12767
90,-70,-70,-20478,23429,24613
57,41,91,29133,23999,-25418
18,-114,74,-31952,32068,32732
-88,-103,64,-14607,27535,23468
-92,-98,-81,-22029,9282,30808
23,-54,-56,-27543,26497,22768
16,38,58,-31647,-27639,9069
4,2,4,-28241,30029,20987
82,-45,48,-8804,-7159,7275
-64,-127,-22,-32137,27590,-14523
77,12,-58,-26066,28281,32530
84,59,68,25161,-23513,31822
-9,-115,124,24440,29837,-29448
-51,-54,9,20969,-32653,31223
-84,-128,46,27076,-30043,-24395
-76,34,101,18885,32171,-23031
70,-45,120,2384,-20583,-18607
50,96,71,11955,-10957,-17058
-76,-80,97,14395,-9442,-10195
51,33,27,-7381,-13924,-3400
-8,57,-16,-235,-6223,-6897
-40,35,64,20958,4561,-6911
-63,51,13,6711,-4719,-1275
-51,95,-27,-4333,-2386,3176
63,76,-119,-2275,6425,10547
E
84,90,122,437,5382,6060
72,105,-37,2617,3419,1586
106,84,-71,2805,-3286,1674
44,1,-31,4858,-8306,2086
21,-15,-2,4103,-5895,3545
105,-81,117,5992,-8475,11607
64,-51,-62,9732,-6151,12686
-14,80,67,7662,-10575,18284
-23,-42,-104,7009,-12600,22690
91,-75,-49,13002,381,-26662
24,62,0,9078,7395,32734
123,2,-98,699,9976,32734
-97,123,11,-266,3879,32734
7,-105,1,-1750,9040,32734
-11,18,40,-18234,-2934,32734
11,-80,49,-9546,-12703,32734
95,-23,-38,-22127,10500,32734
-126,71,-78,-17043,1752,32734
-42,-104,-36,-5713,-9457,20647
40,-31,80,-6433,-12129,15293
-83,-19,-61,-2212,-13955,13491
61,3,-118,13454,-29402,2322
-68,86,122,17740,-7934,-10310
-72,-20,2,10168,16580,-21364
-78,86,17,19224,30745,-28118
101,-20,-110,25991,9670,28337
21,10,-77,17748,-5883,32732
-105,20,-74,6535,-6249,32732
-45,-17,39,1401,174,32732
-26,51,30,-373,-10083,32732
-33,-61,60,-6279,-3430,32732
-98,13,36,-8939,3312,32732
-12,-79,56,-19916,17344,32732
-76,-63,-125,-20293,12294,32732
-27,-118,89,-9117,8602,-17177
26,0,-26,-14620,12762,-14919
-92,69,89,-19846,20795,9333
-77,62,47,-28078,27311,20826
39,-102,68,-28042,23541,27742
-100,88,-58,-23013,13062,29636
E
25,-14,13,-28807,18808,30848
15,-85,-43,-22238,16545,31359
2,39,-25,-7500,22589,23961
-33,56,8,-2603,11379,25312
-85,-4,79,-11097,8436,18931
-70,68,56,-18529,13147,12583
-68,-120,-45,-28098,-31582,8536
-4,22,116,-13212,14733,6447
-2,124,-109,22186,-16418,-2690
-77,-60,-102,16011,-28218,-9564
-84,-121,-7,23840,-25919,-29084
122,5,-1,21938,-14724,-24294
35,-76,-40,21657,-29065,-24919
-128,89,-18,23058,-22475,-22681
29,-78,46,16173,30261,-17342
-23,14,33,637,-27872,-9696
-71,54,-17,-6683,-22849,-445
-94,94,-64,5781,-24464,16994
-53,-101,-78,13143,-26856,25220
34,116,33,4958,29739,-26479
119,-32,109,11579,-31990,32731
-28,-80,31,25238,-8169,32731
68,-76,-45,13784,-9776,32731
46,-81,57,-12961,-7375,32731
-6,126,78,-11075,7278,27587
-67,-42,-72,-15781,-10306,31046
-7,80,21,-23324,-1289,-31672
26,87,90,-29916,28438,32731
114,-48,-84,-20241,21551,32731
-87,64,-6,10841,-23953,19445
-62,2,-84,5114,-29489,9994
19,55,-85,21175,27921,-78
71,-46,-9,15554,-6169,-10686
-59,-95,79,9607,-5342,-21422
63,10,-89,15822,7223,29087
-64,91,-78,19448,-873,-29469
91,121,-109,27773,-5615,31095
86,-59,-121,11139,-4738,32729
-47,-41,9,-236,9492,32729
16,91,-41,4092,7741,32729
E
-20,-123,-7,-2250,-8357,32729
28,67,-85,-11117,271,32729
-34,-62,-30,-16980,-2051,32729
-42,-65,108,-24500,10391,32729
-60,87,48,-27227,8655,32729
-23,83,71,-24076,26799,-25830
-37,-72,36,-19244,30766,-13922
116,-84,117,-14394,16184,-578
89,103,-69,-14719,19419,22884
110,-42,30,-26667,17062,-31871
97,124,-29,29510,3273,-29840
45,-39,-34,-27832,22387,32729
34,-53,-18,-5981,12682,24824
-2,22,-44,-21905,13220,32332
-118,-115,-94,-29087,26912,27822
48,-6,-90,28957,-27446,16982
6,64,-44,4674,28216,3349
88,78,-75,-28374,32110,-5065
51,113,-116,24875,22739,29433
-44,-19,59,25651,-26932,32727
105,97,-117,13640,-17495,-29515
46,-1,-106,16748,-25423,-30396
-30,-16,-64,19080,30691,-16293
25,-89,103,17617,-23411,-6952
22,-64,-22,16789,-26106,-6946
-123,11,40,14388,29598,795
-7,105,112,13397,-32446,-623
49,125,-97,9444,-15644,5882
-47,109,40,16277,-15065,23207
113,123,-90,21203,-14287,26745
15,-113,-20,21909,-8730,28937
70,60,-72,8225,-2656,26759
121,34,33,-1237,-350,-32343
56,-9,-16,-4008,-1598,-31985
75,-70,12,-10752,10329,32729
72,-111,104,-4217,-3020,32729
-44,99,-8,-9620,-9023,32729
101,45,96,-14814,9971,32729
-121,-82,-86,-7571,-34,32729
-33,-11,-83,661,-11675,32729
E
-24,59,96,-7738,-8576,18020
53,1,-124,-2936,-5814,15040
102,20,-112,9326,3846,-7285
-63,-46,68,4216,-1903,-5536
119,-115,5,4167,-14031,-11705
-88,111,41,4336,-10020,-9212
51,-34,106,2598,-4122,-4848
-124,-12,100,2981,-4334,-5233
40,-104,106,-347,1485,-1795
73,-86,85,615,-953,-3341
-125,100,70,492,-1421,-9030
-35,6,90,2686,-933,-11374
-125,-111,89,3106,3016,-21743
70,73,79,9394,-5075,-32545
39,57,-83,1603,-9487,-32280
-75,-56,-113,-2694,1371,31692
2,65,-125,-1320,3002,32729
56,120,-92,-7746,1314,-32117
64,59,-27,-9678,9461,32499
127,44,10,-4881,-1349,32729
16,-39,-19,-9858,-525,32729
64,-125,-88,-23156,9966,32729
-29,89,-93,-21909,3219,32729
67,-75,27,-19159,21459,32729
115,109,-70,-24644,21767,32729
4,110,52,-19262,-31407,-1437
-68,-86,43,-17235,-30878,8991
-107,-29,23,-19220,-32650,-29039
-20,-50,-86,-21593,25593,-30133
-100,-121,-34,-23238,24841,-32411
-120,69,3,-26691,-29158,32730
3,-99,97,-26060,-32650,32680
-40,11,-23,28955,14560,17914
49,114,64,32551,10846,24535
-112,126,90,30704,24168,-7989
102,53,-3,27257,-32631,-14822
87,-107,-37,19656,31250,20823
-6,-63,-90,17377,-29176,32729
-40,-19,18,20257,-23306,32729
-75,-106,116,22078,-21721,-27581
E
-97,-74,-47,15679,-23348,-21013
-16,64,-115,15229,-22292,-10508
-65,17,-122,12344,32403,-6267
-75,121,-128,5277,31375,5089
-96,-57,-80,21566,-32649,15974
112,-11,-11,25897,9029,11192
96,5,-32,23482,-4376,8746
104,-119,-59,26847,-21274,3173
-121,37,93,-8984,-4743,2532
-105,-22,-14,-20050,7713,151
5,-31,-22,-20402,23289,-12944
75,85,-127,-13059,5610,-14465
26,12,-111,-8345,1298,-22974
-119,-64,19,-15624,12590,-22158
79,76,126,-16145,18891,-24865
1,36,-12,-8809,10613,-21344
-120,-95,-4,-2937,431,-16830
28,35,52,-2005,-2044,-10913
-127,-108,61,-1295,1989,-3911
75,-107,100,666,-612,-3645
-1,-5,-99,-737,-3742,1377
5,2,-106,-2429,-3629,5698
70,-114,-103,-9099,16388,11795
69,104,-50,-7057,12535,13094
1,-98,19,-13612,23748,6904
-87,-102,-105,-12757,19244,8104
-20,127,-20,-25983,28151,24264
105,11,-37,-27011,18141,28444
65,-75,-128,-22121,24414,25079
-28,-28,107,-27072,21206,-29012
97,-73,-83,-29975,16885,32731
-100,-111,-9,-25118,19669,32731
-43,65,-23,-9077,-21410,22354
9,42,89,-13678,-29172,11893
37,-82,-91,4939,-17825,-366
106,-72,127,-25588,-24686,29070
108,106,19,30527,-29424,27607
-88,68,8,6722,-11255,32731
101,-50,124,4103,-10971,32731
-81,2,92,14139,-22119,32731
E
-35,38,38,10068,-29243,-27096
-110,35,48,9993,-23940,-22651
61,51,119,7481,-13391,-20351
-2,35,-79,12420,-15718,-10541
9,-80,-123,4684,-18369,-7430
98,-62,-70,7916,-18513,-4709
-20,-71,-70,21882,-16682,6369
-3,-14,-15,30764,-24736,4082
104,-75,89,19689,-18962,438
-12,-27,126,-5497,-6877,5669
18,116,91,-20293,18703,8104
-56,31,92,-12168,18669,2392
-29,-106,-73,-4549,13564,-5919
-86,-103,-9,-7383,7418,-7221
70,-7,-116,-7109,-3253,-5361
23,-9,-35,-7157,4953,-10855
114,-29,-109,-4609,7535,-13005
-41,-108,-106,-1637,4791,-12519
-73,-51,70,1471,2816,-10468
114,101,-2,-1036,4106,-9258
35,26,121,-1571,6927,-5745
27,-11,77,-789,5585,-4717
-7,-103,30,2506,73,805
-16,123,29,2987,-429,1887
-21,-122,38,3002,-1873,3979
-23,-65,68,2197,-858,5388
-27,34,115,-2340,6551,12661
41,-50,-119,-6339,6803,13208
-68,42,-110,-13161,14631,11470
51,19,105,-22630,-27201,12163
52,-107,60,-13492,-31878,20407
33,114,122,-23509,23412,27717
-70,-61,-112,26421,11283,-28608
-116,-60,110,32550,28645,32735
87,65,122,-27874,22979,32735
1,-40,101,-11543,14240,32735
76,-9,-89,2474,-9553,23327
107,-79,-66,-23349,16905,6414
-120,-26,-120,-31866,3869,8661
-46,-29,-16,-20158,-28488,-8416
E
7,21,41,-28982,-14289,28463
-11,-33,-109,11160,-12734,29716
-11,-113,101,7251,-8459,-22650
-56,72,5,14855,-8599,-23573
115,95,99,4310,-32196,-7429
-62,103,-107,1291,-26480,-5528
-52,-115,59,2750,-22492,5315
-53,-23,-96,7359,-18135,11807
2,75,68,5979,31365,-30266
-71,69,63,6949,-23610,32226
-126,95,-108,16247,-18217,-31548
107,54,-50,9309,-15455,32735
-102,82,-31,15107,-6146,32735
-81,6,81,13220,-3599,32735
-80,-55,78,-12568,24843,32735
95,127,83,-31492,898,32735
100,-82,-9,29833,-6991,32735
14,2,106,-29737,-13204,32735
18,48,65,32343,21442,32735
71,75,-13,30485,-32645,26963
-66,-16,-61,12160,-10708,-22101
-98,-93,-86,1770,-29035,-28381
-66,83,66,-4169,28760,26646
106,-113,107,12855,-906,32735
47,69,96,21383,-17881,-17907
51,-101,56,21602,-1766,-25388
97,84,-102,14995,11789,28610
2,-29,-82,10280,-3198,-28385
78,-120,53,3607,-20758,31263
54,-121,-18,-7549,-13416,32735
107,7,106,-6035,-12173,32735
83,39,-2,-20600,-7624,32735
0,-80,-104,-19416,-3392,32735
69,59,-26,-22107,6958,32735
-27,-49,-81,-20759,7272,32735
56,-38,50,-14682,15312,32735
-31,-57,68,-19016,14493,-23877
6,117,10,-15036,23939,-4600
40,77,53,-10647,22865,8004
88,16,80,-23441,25979,31254
E
-11,-115,103,-25111,19046,-28404
-36,11,29,27723,21323,-32356
29,109,-39,32549,23827,32736
93,-46,43,-18687,32182,32736
-80,28,111,-18497,30622,29812
13,-17,-69,-20680,-2457,7425
25,-89,35,-18338,-23997,14465
109,-19,14,-24877,-25407,-12903
22,-81,-52,-32501,-6969,21253
-35,63,119,26429,-32583,31712
-73,110,43,9506,-30578,-27227
-123,30,-53,9477,8901,32229
90,27,-97,17190,-6276,-20720
-126,-103,-26,14193,-27589,-17899
1,-69,14,1889,-20081,-13682
-76,60,-20,4161,-16681,-13511
21,62,67,6785,-16794,6447
-118,-82,55,5139,-16870,3947
-94,100,-90,8341,-31613,16210
41,61,8,15823,-21947,18080
-83,60,82,22051,-13261,25512
125,36,57,-27531,-17712,-29212
-121,-99,-102,23407,5235,-32259
-85,63,10,11284,10288,32737
-101,-64,-22,9418,-14785,30686
126,35,38,-22426,7441,-32116
-78,92,77,-24316,13893,19395
3,-79,-63,-12172,68,-32342
89,77,-79,-7752,-1121,-31471
94,-29,115,-6527,3781,22238
45,-20,-128,-18439,4915,31414
106,58,-71,-17342,8354,12789
30,-78,-78,1045,2882,641
71,-32,-59,12365,1541,-4077
30,-128,110,21563,-8232,-24727
-56,60,125,18605,-8036,-24531
-9,87,-94,10941,-5921,-27234
-31,73,117,-794,8185,30357
-36,35,95,1877,1166,32302
-62,100,73,-5879,1310,32733
E
-90,-51,63,-6149,886,32733
0,39,44,-15140,902,32733
123,87,62,-15887,6598,32733
109,11,94,-18755,16263,32733
32,71,88,-15700,13181,32733
-99,-120,15,-21226,27478,32733
-115,48,-116,-11680,19883,-11981
-113,73,14,-10865,19154,17029
27,118,-23,-18330,30787,27994
71,59,44,-20873,-32286,26385
-77,63,-62,-18370,30244,-31080
62,61,67,-30409,26495,-31984
-104,63,-61,-21885,-30122,31206
116,118,48,-32037,31641,22665
118,-113,19,30638,14558,10419
76,-80,124,-6611,15512,12730
-41,-76,64,29234,-12755,190
-27,120,-81,29439,17969,-28401
63,103,-22,17514,-32642,26158
115,-23,-12,26917,-7434,-21784
65,114,13,20555,32675,32559
-123,-84,117,19911,30167,-26192
123,25,-62,7548,-32249,-23097
119,-7,-105,-667,-31429,-20084
-69,31,58,1464,-24231,-9296
109,72,63,9068,-25783,-3826
-69,-97,-38,5913,-27839,13354
111,-102,93,10273,-25736,21877
68,47,104,-21555,-15039,30159
-105,8,-35,32676,-1467,31820
-82,7,110,32548,-4188,-31975
-106,40,-104,26462,-2283,-32584
-7,48,112,1987,9983,32735
88,116,86,-23352,10702,32735
-49,63,-108,-13421,9854,32735
54,4,-79,-15263,-1298,32735
95,20,-62,-22065,-7799,32735
68,-80,15,-21401,-1152,26045
-34,35,-62,-15835,2982,24943
123,-103,7,-40,-9393,20950
E
42,-110,-15,-2791,-9963,18485
83,29,-14,12063,-32325,-6527
33,37,83,3130,6014,-1338
121,127,-7,13925,-6027,-16695
49,39,82,1291,6848,-31586
34,30,79,7603,626,-27753
35,75,-5,9355,12041,29711
-117,62,92,3393,5173,32731
-98,94,52,2070,-12100,32731
-117,-57,98,-6067,3843,32731
50,80,-77,-11456,7019,32731
92,60,-98,-9770,2933,32731
81,7,-126,-15332,15931,32731
-20,-86,-52,-16341,11977,32731
45,-23,66,-18422,1940,32731
14,-128,111,-20311,12166,32731
-7,-95,-40,-23208,19701,-3604
8,-53,56,-14117,18270,503
37,4,123,-15150,26580,16593
-38,-63,-75,-27613,20653,-30630
87,20,-125,-30155,18985,-29689
24,114,2,-30620,18742,32732
33,52,-73,-27642,23879,32732
-88,-78,-59,-12462,14141,32732
-57,88,27,-10564,6517,25008
-113,-116,39,-25881,1507,18923
-123,87,78,-1311,-22458,25328
-113,-60,-57,26031,-11838,-2352
-51,-25,-34,28305,-5385,28596
97,92,119,14808,-13101,-27524
62,-8,35,15984,-20447,32051
-109,-41,18,23466,-21208,32630
-66,-79,125,13731,28479,-23219
-79,-59,81,9803,-29244,-22929
17,10,-59,10520,-12837,-19478
41,-122,-82,9736,-25119,-16055
91,13,11,7629,-24828,-4731
-16,84,59,15457,-24835,-6164
-7,49,-44,5088,-18183,-6080
101,92,101,7225,-5566,2913
E
68,95,94,15161,-1706,-3024
21,-74,113,17837,-5579,-420
34,-30,21,13349,-12222,3920
43,127,60,3508,-14896,8379
57,85,45,2989,-7033,9084
17,74,123,-6852,6213,18809
-64,111,-86,-3488,878,19830
-105,115,-43,-13167,10969,12795
-43,-70,-128,859,-16872,6097
-12,109,47,8273,-14595,13236
-22,-68,2,9572,4359,28555
57,30,-74,5586,7000,-32424
4,-24,-98,-3734,11659,-31305
100,21,-35,-2395,6451,32732
-18,-68,-8,-7255,-4824,32732
-2,-56,-46,-5088,-4266,32732
-108,119,6,-3026,-7297,32732
42,102,41,-4572,-839,32732
-27,90,-23,-3552,-14668,32732
-84,112,79,8734,31883,32732
33,70,31,14774,-30750,23127
-109,-99,-71,23937,2576,18444
-58,17,-9,17463,-229,27640
56,54,66,17476,18113,32732
-12,-28,123,18605,18823,32732
70,-60,8,24861,3771,32732
-106,-39,-18,18465,-21318,32732
-56,62,62,-10875,4182,32732
-108,25,-86,-3746,825,32732
-98,4,21,-17896,-13317,32732
126,-90,90,-13049,2001,32732
-22,-67,-24,-19814,9540,32732
126,-56,-119,-25407,29455,32732
43,98,56,-24154,32484,-18063
12,-98,85,-18256,-397,17656
-17,-9,106,-30358,18314,-30464
-46,93,-97,29517,19410,-28814
111,67,-106,-31995,11585,32732
-50,-72,119,-27540,24507,32732
-43,-30,-89,-10457,24776,32732
E
-17,-65,-20,-22965,19982,29211
34,-113,53,-17885,-8012,-31631
56,-49,-122,11817,-21996,29514
105,71,46,-32394,-8372,20428
22,-21,5,16071,-27066,26269
-10,28,33,25344,27316,32732
73,-56,91,21613,-28394,32732
-86,107,-48,14161,-18720,-19010
0,-42,-83,16191,-26640,-19997
-15,54,64,16522,-8865,-17698
73,24,-109,17924,-26044,-6775
-30,39,-105,10779,-32203,18166
52,-109,-17,1625,-31921,26200
104,2,57,10497,-29979,-26589
-116,-85,109,12629,-17371,32733
-52,117,-66,17512,-5768,32733
77,-12,27,19253,-9890,32733
-48,-65,70,12000,-23457,32733
101,35,70,7273,-11373,32733
53,-111,56,-18817,19702,32445
104,-118,114,-10584,-857,-32707
-19,32,-119,9318,31254,32733
69,-56,-3,2634,5453,32733
-24,-11,-110,-2037,-28443,25381
67,117,65,19822,-17601,-32521
-83,44,38,-3312,12705,-15596
-13,-51,-79,839,11018,-21701
-14,-47,100,-2032,-21517,25986
114,-118,-66,15285,-32215,32732
-13,94,52,20563,-32638,32732
-15,-122,-96,19462,12654,32732
-42,11,-80,20256,-2185,32732
7,55,80,15593,-16132,32732
46,-72,-75,11077,-13063,32732
-42,-26,-111,-394,-17832,32732
-70,-35,-111,-5081,-14566,32732
100,-118,-25,-14091,-16322,32732
121,97,-5,-12095,-22249,32732
8,124,-125,-13762,-4759,32732
-116,-6,-73,-17851,12029,-14012
E
31,-2,0,-19441,5908,7896
-115,110,-35,-17349,16001,14557
-74,2,44,-31869,21879,-21042
-12,-108,6,32252,14168,32732
-19,-16,-48,32343,25411,32732
-94,-2,-76,-30627,21771,32732
-117,-47,14,-31632,9365,32732
11,115,-124,-25923,29883,24363
105,-117,0,-31277,-30465,17651
-125,-42,87,-29878,20810,31365
2,-94,90,-3028,-43,11867
65,32,-74,-26832,-25125,-18143
-116,-123,81,-31829,30148,30967
-121,-36,50,28308,30717,30375
-52,22,91,21144,-23078,-31127
-40,69,110,18258,29712,-28807
69,41,91,18086,-32638,32579
-104,96,34,12439,-32638,-28904
48,-24,-37,5642,-32638,-14335
35,-21,-26,9604,-32638,-9924
89,-90,119,14536,-31282,18171
48,-35,14,13752,-23950,29978
110,57,-73,28108,-7682,-27723
-119,-127,-82,-28329,786,32731
-125,36,25,32543,228,32731
46,-25,0,22956,459,32731
89,-16,123,7896,9085,32731
-45,17,23,-21887,-27431,32731
-19,-76,72,-12807,1842,32731
41,126,-97,-23591,-7133,32731
48,22,-1,-17192,31945,32731
-88,-108,-4,22463,-19139,32731
48,86,87,14951,2921,-25550
-107,93,82,19421,-10896,28891
51,-83,-94,6555,-7246,31419
-33,45,-119,3422,15657,-27267
-67,70,11,23333,-20109,30679
11,-103,-24,32294,-32637,32731
-126,-105,58,-31801,-9221,32731
-102,50,37,16873,-11473,32731
E
-82,48,64,11144,-9887,32731
117,108,-57,-493,32402,32731
126,-42,-69,-1723,-16368,32731
-7,111,-27,-8722,-23560,32731
101,-31,116,-20420,32368,32731
-19,-71,-57,-20378,1045,32731
112,6,-66,-17464,-3125,32731
-76,113,12,-24991,-76,32731
-4,77,-77,-22354,12768,-7381
-117,-12,-91,-15147,11244,16783
-96,39,-38,-24829,21307,-23497
-64,-73,-127,-29337,27238,-31436
24,-83,-9,-20561,-28778,32732
-75,127,46,-23000,27385,32732
107,-80,-79,-32210,4185,32732
-19,37,-118,-18092,22532,19644
-107,102,115,32330,15887,29079
14,-48,-53,30742,-13893,32124
-121,6,22,21280,-25307,-2029
5,-119,67,-22909,24407,18898
-94,-8,125,17622,-21030,-32552
-63,-71,105,9848,-27661,32402
29,-34,101,19991,-977,-28695
-111,-81,-71,12809,27046,-17981
-103,-101,2,15962,31386,-23681
91,-70,-37,20556,-4582,-18838
57,34,108,15757,-20061,-7633
-31,-32,82,15799,-31393,-5670
-121,-10,36,14664,30394,5188
32,25,-112,10747,-25990,13173
-38,89,107,30078,-4352,25145
63,-66,66,-28785,-19079,-31162
15,101,85,11729,13571,-31192
97,-9,-30,17957,13303,27197
-58,-5,-60,19508,-4027,-30957
33,-113,-76,-7329,516,32734
-105,-100,52,-12252,4912,32734
104,18,-25,-6484,20033,32734
27,106,60,-22967,9312,32734
-81,78,-4,-4761,31873,32734
E
-26,94,88,-1724,25961,32734
16,99,31,2939,-32637,-9280
-56,-67,-28,13280,22020,-24457
-119,-70,63,5090,14925,-8370
-83,-102,-62,-7677,6858,-17015
-45,-33,-23,514,-7181,-29611
-100,27,10,-1907,11015,31884
58,-56,-8,625,-7201,31663
-22,-55,-60,-7364,2194,32732
72,-13,-46,-11797,-1855,32732
-59,-90,76,-14718,-3778,32732
-92,33,116,-21325,-3148,32732
109,-59,67,-28095,772,32732
-120,18,-1,-25380,7426,32732
30,31,16,-26196,13186,32732
-100,-120,-108,-24457,14098,-31479
61,-74,-41,-14275,9976,-30483
-120,84,124,-12642,6623,-23570
25,-87,15,-1645,-7346,8543
-119,26,13,-5861,7367,3748
62,-109,10,-19466,29058,20580
-12,42,5,-23717,12347,-31460
43,-46,79,-24474,-32169,-31388
-118,-126,-68,-23743,29436,-32395
83,126,-107,-21213,13734,32734
-106,-6,118,-21258,25876,32734
102,-72,96,-13125,31938,23237
16,69,109,-19959,3965,29057
31,44,16,-23778,-11417,18353
-56,-84,40,897,-26212,32564
121,80,98,12868,-9350,-3620
73,13,-5,-28994,-12560,19144
-65,-16,46,23756,26756,30592
25,-90,-88,14861,-25694,32733
97,50,-50,6276,-14105,-29321
-111,-81,90,4024,-20044,-19759
81,59,52,-1568,-19646,-10043
-116,-45,127,-9782,31918,5450
9,-25,46,-4092,-32432,10260
-112,-7,56,-1851,32211,-29865
E
-37,-48,-103,536,-32640,-29400
5,81,125,22347,-29364,32734
48,-56,-84,9103,-19858,32734
-123,96,43,-7121,-1526,32734
-26,-61,77,-5542,-1356,32734
-76,-48,-119,-22455,14760,32734
-75,-95,8,-21032,-16095,32734
-18,48,25,-16689,-31141,32734
-81,-77,123,-27439,-17792,32734
93,-20,82,-22731,26404,-26642
49,42,-50,14370,17118,28348
31,-44,4,1055,30294,-20590
-111,-15,53,-3974,3136,27709
-23,-13,56,17674,-17791,32734
61,56,60,20332,-1889,32734
5,-126,-127,7285,-8039,32734
-101,102,19,7774,16538,32734
-12,40,32,9243,7013,32734
-26,117,55,-330,-15407,32734
-48,-104,-76,-9137,4954,32734
19,-39,-33,-11157,1953,32734
38,-23,-20,-13983,784,32734
-125,-113,-11,-16027,-1489,32734
-9,100,63,-19274,5713,32734
-25,49,85,-20104,6596,32734
-26,-70,-37,-16543,11199,-19350
3,24,-21,-15812,16179,-3324
72,-124,74,-16529,31337,9635
-18,37,-111,-21534,-29881,-26165
-37,-16,-5,-25872,17471,-30065
-123,102,-50,-18527,-30620,28069
43,46,-120,-25837,15990,-31247
-126,-107,-87,28029,8571,32734
-103,-123,-10,-31773,18365,30823
-42,91,-82,32123,19503,23466
-125,96,15,32533,8570,30819
-64,1,101,-17644,-11965,-22086
17,121,22,28988,-7762,-18804
51,31,53,20286,-29157,32024
111,45,64,22394,-12625,-27356
E
-62,-27,-18,13146,-3491,-24690
-40,-31,-63,15428,-24925,-23721
-1,-120,32,13463,-15765,-22045
-24,-35,-12,10235,-17508,-17309
4,-83,20,-166,-30067,-8148
113,112,-67,4012,-24220,-9754
124,18,122,4405,31502,10347
7,63,-53,7265,32045,13674
-62,-84,-51,32511,-32641,23177
-70,30,-47,-29878,-19744,32174
-32,-62,-106,16926,-3563,-30302
-11,-31,-57,12894,-1269,32736
104,22,45,-3983,5803,32736
-51,77,-119,-15487,2119,32736
19,-99,-89,-13269,2060,32736
16,-93,-94,-12853,-1604,32736
89,-99,-43,-12710,-18302,32736
-6,-100,-43,-12377,-7468,32736
-108,49,-74,30254,21118,13386
-108,12,-67,17572,-28305,30917
-10,-106,-88,-8454,11230,-20653
-83,78,-106,-16211,4926,-3979
81,-36,16,-9233,9104,-8236
86,-3,-66,1153,13920,-3740
76,3,-58,-181,10047,-4415
30,63,112,-1804,3012,-10086
-112,56,88,334,3560,-10696
23,-128,-109,11994,12766,-16846
-33,1,48,-4259,25503,-27995
79,-99,-1,23802,-24264,28090
-73,24,-39,6663,-4397,32736
8,-53,-104,542,15169,32736
-67,-46,95,1185,4825,32736
-83,45,79,4436,-8098,32736
-12,113,70,2724,5065,32736
52,57,7,-8776,-17754,32736
20,-40,19,-12175,-12856,32736
-77,-27,-105,-21391,26423,32736
-124,122,-66,-15684,29560,-29054
-126,26,115,-18351,27184,7529
E
-76,-66,63,-19879,-30049,9425
-77,75,66,-24654,31167,-31719
55,63,105,-17541,30718,20346
-38,56,-93,-21048,27465,-27655
-124,50,115,-28279,6105,-32656
19,92,-108,-22979,-23005,11314
-104,127,108,-21041,29177,-29378
-81,-67,8,28950,21360,5961
-128,50,-16,-23644,17433,3664
29,91,-19,12366,-2316,1514
-118,43,-42,27367,28910,-6558
60,-124,41,25471,27940,21189
-87,-75,69,15212,-19847,31659
121,80,70,20777,275,-19709
32,-52,-128,20503,-18205,-22887
-9,125,-6,17776,30443,-16848
6,107,-44,19133,30729,-18049
-57,-108,102,11134,-23287,-14343
-34,-22,-120,5256,-26374,1578
79,-33,67,10309,-30675,6007
-70,-77,118,17177,-27075,12506
-49,-80,14,25270,-27963,24258
-108,118,7,26022,-16638,-27241
80,52,-110,22135,4707,-32399
-74,76,48,12201,12467,32740
-54,73,37,-9489,-408,32740
93,-28,74,-6885,-11525,32740
31,-128,-77,-8728,17385,32740
-121,-11,-78,-4520,8488,32740
-120,10,33,-3342,-9235,32740
19,-45,-98,-3931,-11288,32740
91,-49,-108,6230,-7379,32740
-67,-83,26,-3504,-22214,24166
-112,68,85,26093,31687,24610
-114,56,-122,-4558,20301,-20048
122,36,83,-6478,11715,-10234
22,99,1,-7111,13200,-25118
92,-1,-4,10384,5826,-25743
113,78,119,19215,-707,-19530
-12,-63,88,15249,20228,31746
E
78,109,29,28897,-1306,31856
-15,-3,-11,8195,-24513,32496
125,-67,-26,1640,-14849,32740
12,15,-19,-8226,5883,32740
-111,34,12,-8845,-2718,32740
37,-112,119,-13867,-9541,32740
0,-27,-18,-14543,-1689,32740
-82,-69,12,-21572,-10081,32740
5,-91,80,-20170,2311,32740
-40,25,-128,-20870,9535,32740
-64,127,28,-12742,13072,-31648
75,-56,-126,-13114,12158,-26593
26,49,-70,-6920,18983,-10585
-60,-1,21,-5893,22974,-5938
125,31,84,-5400,4542,-13533
9,-110,113,5009,-9240,-15361
-8,-44,-6,13300,-20884,-9197
84,-24,85,3831,-17570,3610
-125,-54,-92,-5939,13706,12634
-35,12,-44,-4261,6854,5811
-12,58,-49,1069,-3689,98
34,79,11,3328,-8138,-4373
3,30,-111,-2610,4324,98
-23,39,104,-4579,7102,426
-120,61,-45,-7466,19901,5227
-98,121,59,-8566,9697,10425
-21,3,-64,-19144,8296,11926
-84,118,80,-20330,17382,21117
-122,-127,-64,-15859,13623,21990
9,-20,-89,-17289,14858,23696
92,-57,-114,-20797,17690,31420
-93,-93,-19,-23550,27779,24802
47,-18,10,-20024,19055,23942
-77,35,117,-22211,14555,29606
13,23,-110,-28624,26766,16685
59,-17,34,-32114,-27880,12865
-27,-112,-91,-28440,-32638,11437
117,10,30,2944,1183,8862
-18,-82,78,2183,-2025,6699
-76,105,93,8974,-21347,-15690
E
27,74,-94,14146,-15302,-19055
1,102,-44,18207,-9128,-19117
5,-27,-39,25244,-18985,-24055
-104,-51,8,25997,-26454,-19523
-19,-30,126,11960,-31432,-22468
-53,72,-97,9959,30900,-22153
-114,-73,81,16332,-32640,-12552
-27,74,52,18654,-32640,-14132
106,-47,106,6864,-32640,-5360
-30,-23,5,7006,-32640,-7706
-127,-120,-35,16725,-28309,271
-26,-68,-48,21648,31453,12668
-30,-39,-97,-30443,-25124,27659
-51,-125,-117,-31624,-212,26587
91,10,54,32524,15236,-29868
-106,-114,-54,13844,11472,-32430
13,-28,21,-10782,4344,32744
121,99,-13,-9086,16227,32744
69,-123,-123,-6188,3065,32744
120,-28,11,-3228,-23140,32744
-110,-15,5,-11984,10976,32744
-32,17,48,-16540,22312,32744
78,19,-85,-17739,7732,32744
11,7,60,-18169,10761,32744
-83,57,-60,-16805,11169,6528
127,-30,52,-27781,-25104,-24623
95,-31,90,16621,-2889,-17606
-44,-60,-109,-978,2063,-21986
-17,73,-49,2268,10608,-17180
87,-108,125,16677,2631,-15558
-61,58,36,16926,2066,-13855
-122,-62,-16,22961,-5277,-22060
-40,-16,-100,17423,-208,-27536
9,14,48,10953,-4521,-23879
-87,-3,-92,9502,-918,30946
73,-115,119,5573,-3991,31912
2,84,104,7191,-6329,32742
-127,-20,87,178,1926,32742
-120,51,42,698,418,32742
-117,69,-24,-3561,-84,32742
E
92,-127,-11,-5415,-5997,32742
115,-38,10,-11488,1441,32742
-83,45,-109,-13579,1627,32742
-9,126,-110,-16043,5315,32742
-44,66,-37,-12431,5430,-28118
-3,-80,-33,-11819,7839,-7830
66,-22,-116,-18812,9387,4649
29,125,75,-14230,32274,11697
108,-58,48,-11424,23088,15231
-39,105,-109,-25462,7700,32074
10,-102,-19,-26783,17949,31910
-102,86,-94,-14571,22378,23661
-125,-59,58,-13390,20178,17209
27,-120,40,-24287,21383,25696
-122,10,-83,-17806,6615,27387
-25,27,91,-24933,-28044,10752
117,-1,89,-32747,28621,9056
20,124,-47,9773,-28847,9210
29,-53,-128,-27033,21412,-10535
-103,6,-23,25826,-32640,32341
57,52,-4,15758,-23856,-29912
-63,-95,-107,8910,-5910,-29629
-42,-124,-127,10706,-10228,-20559
-78,79,18,6025,-27922,-15502
94,57,-12,296,-29755,-10839
-95,48,-38,722,-27312,-8002
-45,23,65,-3456,-25089,-1457
-35,69,-45,3395,-31966,2791
94,11,-43,12553,31533,-1590
-59,127,-82,-4453,-29920,-1889
-49,-4,122,3834,-14569,-5272
-46,-119,58,17667,-15209,-4057
76,83,-92,25631,29763,-6317
-13,1,-68,15923,-24264,-13000
-59,88,102,2605,-8111,-2279
-32,-31,-11,-2364,-4189,-1540
-22,-88,-42,-4686,-5399,129
-32,-119,-60,-8151,-3485,-1938
111,-125,-116,-5345,10307,-9520
100,-13,-38,-8899,16186,-12390
E
112,8,32,-13554,-4876,-18452
-26,-39,0,-19444,4878,-20333
-86,65,65,-16441,8662,-19722
-14,33,86,-12798,8116,-17759
-45,-111,46,-11412,5005,-12485
-93,30,63,-4075,14826,1073
-126,120,113,-6006,18432,1882
-63,30,-17,-9460,32065,21525
65,92,-109,-16446,-29588,26480
-28,-34,-123,-21718,-32640,-32731
-113,114,-102,32530,31130,-31095
6,37,59,-24134,30553,32743
44,64,45,-9755,17675,32743
49,54,93,-16109,16608,32743
-80,91,118,-11264,16756,27886
-3,89,-59,-1372,10268,19012
-119,109,64,-20415,5992,14250
-85,-84,-59,28192,-16551,10697
-72,-42,-62,-1448,-17601,6401
-88,55,-59,-11273,-14315,24289
-20,113,123,18655,-28321,31126
-51,70,-91,4295,-18165,-22868
-36,-31,89,-6136,7694,-13219
116,31,104,107,-7357,-6673
-32,-109,8,5102,-27595,-605
-54,-57,-2,-759,-32530,5957
-126,42,-82,875,-30094,20721
39,118,-7,-578,-27382,31034
94,-82,-18,-3639,-21555,-29220
60,44,-123,8795,-23325,32742
-98,83,-24,11535,-22695,32742
114,98,-66,8538,-10367,32742
127,-34,-20,-7367,7499,23577
-60,-40,-63,-3016,-14278,27440
-81,27,-57,-714,-15148,-30009
-97,32,-47,-4177,-10347,32742
-90,34,65,-2409,-25870,32742
83,51,-5,3332,-24576,32742
-75,-109,-15,-124,-17140,32742
15,-6,-35,-26857,26258,20773
E
55,28,-66,20410,-23614,-23656
-125,44,36,12707,-8511,-24386
44,-25,69,-1316,7734,-19329
-85,-51,69,-2125,7184,-17387
93,-5,30,1385,3330,-11917
-89,100,114,9579,4741,-15169
-11,102,18,2890,22462,-24554
-24,77,-28,10538,14237,-23443
46,-75,-5,15406,-1794,-23807
-84,28,94,4905,9849,-25160
2,118,-110,9891,6262,-20501
-4,-107,102,8282,3463,-21940
47,12,64,6389,5052,-32670
113,29,102,6282,1317,-26736
-29,95,49,4107,-1869,30103
-78,-3,16,7002,-6454,32741
113,-70,-118,7535,-19119,32741
-75,-104,83,1885,-13806,32741
-70,-82,-70,-3906,-9275,32741
81,-67,94,-7250,-4935,32741
-56,33,59,-936,-19010,32741
-71,-104,-26,-14645,-4783,32741
-125,11,99,-15342,-8294,32741
74,107,-84,-19433,-6397,-21230
17,-110,103,-23693,-7063,3690
-42,36,-81,-14392,-348,15465
-62,49,0,-19193,-14904,28092
44,-78,-41,-31511,-32641,-30668
-12,26,119,-24569,27669,-31632
-33,2,10,-32203,-30899,32741
31,77,91,-32724,-32641,32741
-26,-114,-123,31907,26304,31232
103,24,97,32517,-30444,22366
77,-69,79,3439,21156,-3794
52,-124,-5,30491,-20299,-16643
-34,38,-44,24481,22330,29366
26,-93,-78,29096,31840,-25277
-113,-128,-114,17407,-4838,-27705
63,81,73,10891,-4319,-20697
29,90,56,14858,-15622,-25288
E
-106,-90,-103,19140,-28027,-16975
87,-78,63,18820,-32447,-2964
-111,53,-77,12493,-28630,-1232
42,127,-68,2810,-20679,13619
-13,-40,7,4121,-28061,25102
22,64,-122,5212,-22169,26330
21,-62,23,17817,-16523,31417
-20,-2,-2,-27052,-27514,-30895
-66,82,103,27197,-25861,27562
2,83,-7,5954,-3708,25420
124,127,113,-4180,7690,-29777
91,-62,37,-6967,-1138,32743
5,-112,37,-4131,4703,32743
-17,38,-16,-12682,5652,32743
6,103,121,-13171,-5373,32743
121,32,-38,-5362,-7016,32743
38,-6,73,-2541,-7521,32743
-102,-3,54,-3412,-3228,32743
76,97,-25,15949,-29401,8014
-52,-104,-35,31454,-1489,-18561
-32,-61,-37,-1204,6926,-19722
-83,-1,109,489,-7145,-20594
71,-24,104,-5608,4165,-15009
6,105,-126,-3298,3336,-12365
68,83,-41,-3777,6446,-6798
39,118,13,-4563,7820,-3116
-29,-71,-99,-1196,3178,954
-3,-95,-125,-985,4615,-178
-18,-14,-14,-2568,16186,-10209
-77,-15,12,-1078,10382,-8977
28,30,103,10828,12149,-19672
-11,-6,19,7087,8964,-16742
-64,-116,95,13251,-16500,-24076
107,125,-80,7652,-820,-26186
68,63,-9,-2251,1438,-28416
91,-37,17,7243,-6520,-28991
-30,88,-38,-3981,5133,30535
-11,-36,-43,-2127,1459,32742
97,-92,-29,-2886,-24603,32742
80,-53,-45,-9551,-30096,32742
E
114,-55,25,-26140,-10685,32742
-97,50,-23,-25282,28410,-23800
81,93,-35,-13704,-24787,-27273
-31,-41,107,-9916,-32065,-29138
-127,-113,-19,-7580,-32639,-15014
50,10,-117,-15975,9990,-3256
-50,-29,41,-5813,870,19516
99,-58,55,-17539,30175,-32261
-35,40,105,32330,-30297,-29200
11,90,93,29491,27658,32743
16,100,-21,32515,20882,32743
42,54,-90,-27364,4991,23618
96,60,0,30630,28963,29616
76,-83,-120,-24143,-23965,7902
50,77,-11,-3212,-22191,19906
70,31,-76,25277,-13325,29088
-15,-27,-27,15142,22330,32743
71,-55,34,-7509,-19211,-13927
-42,-76,73,3444,12479,-18832
-29,-79,73,21772,-5519,-10174
-18,72,68,13418,-29059,-8647
-84,-96,62,10324,29618,-4514
-92,-39,-127,7888,-24001,5001
-106,-61,-76,3910,-21542,15957
54,-122,-55,-1461,-26163,25214
-86,-76,12,-1116,-17238,-32111
32,46,-23,6573,-24038,-30975
21,-70,18,6860,-14053,32745
23,-54,-7,7266,-1623,32745
61,28,27,1034,-8751,32745
95,26,-86,-9244,-5562,32745
-81,-87,-118,-6835,7953,32745
-35,40,-88,-12238,18315,32745
-47,-70,-90,-6728,-1504,32745
-110,15,41,-7136,-32116,32745
-40,-3,57,-22367,26719,32745
0,126,-101,-29922,-32635,4680
-111,77,84,7124,-30630,-13777
-118,-10,96,3560,-32106,-23134
-125,98,-17,-12584,13078,-25519
E
43,-120,-117,-8445,-12107,-18201
-115,0,116,-10572,-5491,-10867
51,-104,-100,6040,-8259,-6501
-57,25,-109,2170,-144,-11525
-123,-60,-66,1568,4609,-16214
-112,10,96,10412,-9085,-28752
7,-42,108,17476,16902,28326
-84,52,36,14884,-2250,-26347
-117,-121,-25,13863,-15388,30595
13,19,125,8380,-23358,32743
-50,97,-20,-9937,-24484,32743
79,25,-53,-12864,-7380,32743
56,39,-95,-17630,3759,32743
95,-97,-127,-16754,2706,32743
1,-99,-29,-17213,3970,32743
33,117,108,-28301,12705,-18031
11,48,71,-20489,14061,7250
-124,48,61,-19357,23038,23909
-9,-109,-99,-24995,21622,23171
-69,16,-17,-26937,15050,-29589
-83,-124,-47,-19012,25576,-31811
119,58,33,-18882,-27542,32744
-34,47,121,-30637,-32633,20621
107,34,58,29493,-32633,16872
127,125,54,-28171,-32633,9070
108,19,-115,-26189,-15792,-12514
95,50,53,-32363,16367,20347
-117,-92,-12,28178,-32633,32105
96,112,-52,9283,-15891,-17436
-70,11,-114,13011,-20349,-21158
81,90,106,8308,-19836,-13804
-32,38,116,12865,-29034,-7845
-56,-97,94,12668,-23617,2989
-86,-43,-13,8325,-32055,8805
-41,74,-31,58,-21940,15378
119,-25,-47,729,-20608,26568
-21,105,-124,13015,28503,-27279
8,-34,-46,14052,-8168,32746
106,108,96,3747,-3408,32746
-89,-48,17,-11354,-12268,31381
E
-66,-116,-124,-3849,-17287,-32335
24,-17,73,944,-19168,32746
-76,55,52,-10921,-7114,28882
109,-20,62,-22973,819,-31502
69,60,-49,-15644,-4763,32746
-14,121,-84,-8151,365,32746
-56,-100,59,-8063,-10606,32746
102,88,30,20435,20316,1966
-71,83,84,6156,-24521,-9397
-70,-100,84,-5865,-29898,-19842
-108,51,-94,-4067,15811,-15926
-60,-106,-33,5626,-4381,-25805
-100,-77,-13,7904,-4442,-25451
93,122,97,13721,-273,28549
-32,-101,23,9357,2564,32745
100,52,42,9951,-22846,32745
-13,-73,113,4994,-14081,32745
73,127,-43,-13632,-8886,32745
83,-45,-92,-14308,-5994,32745
-32,99,44,-20603,-500,32745
-28,-61,108,-20715,-5462,32745
110,-100,-28,-31451,-7428,32745
14,84,-25,-26658,1628,32745
-84,81,103,-27649,6561,32745
-33,21,-17,-23834,10775,-22613
-117,-43,-102,-22304,17545,2243
66,-128,-113,-25462,27840,9260
-104,-124,-109,-21793,21912,19365
85,-62,-61,-27614,19935,-23502
21,-33,77,28996,24830,32747
8,65,41,32510,26061,32747
61,-13,123,-28557,23621,32747
-72,-74,-59,-15420,19362,24378
-82,71,-38,-31203,294,26945
81,-106,-88,-31787,10402,19285
-88,-111,96,-20899,7706,16886
-55,124,86,2350,-7809,3822
32,93,69,-21247,-32051,-31378
-98,-93,-19,24894,-30126,31771
99,52,-121,15615,-15635,-29935
E
-15,-50,-122,11962,-23729,31081
94,56,-83,22104,-29694,-28811
-69,-42,89,16474,-26530,-18943
-34,35,18,5121,-29928,-19758
58,-74,-114,9822,-16114,-18877
68,54,106,21756,-24089,3138
49,58,11,19706,32555,79
-59,104,-37,14555,-20043,-4368
36,126,86,19361,-6746,2847
69,-109,14,15343,4021,28
-105,-48,-124,11363,6000,-4295
91,-24,70,7846,-15503,-10101
113,79,-53,-842,-6375,-13843
107,-98,-92,-8727,2887,-17015
98,46,48,-10044,9178,-12530
-100,-7,-118,-7873,1778,-12900
-107,72,-42,-7110,-4303,-17064
110,-97,-1,-5559,2300,-14891
-9,-51,15,-3290,1859,-13785
-20,92,-11,-2155,2485,-10026
-18,127,-73,640,1941,-8595
-16,86,-69,2218,-2309,-7205
41,54,-39,1870,860,-1167
33,86,-37,1172,-560,-2185
35,102,1,-1030,835,2002
42,125,12,-1812,1555,1658
32,-89,8,-1027,1244,642
33,-49,-11,1171,1578,-1217
38,23,-35,551,-200,-890
51,11,-49,-425,-145,-840
80,3,-116,-5091,-285,-884
104,-20,108,-6080,1994,0
108,-44,58,-8514,3931,9
96,-56,12,-11067,6720,1898
52,-9,-73,-10950,9222,1957
31,34,122,-15813,6133,-1630
-31,-57,60,-30975,7791,11501
65,75,116,-19082,31954,26075
68,-45,126,-17857,25679,32494
7,-63,108,-28300,21480,-31132
E
115,-18,-57,-23153,28297,-32595
-56,36,-64,-29105,22899,32750
-38,22,-61,-15884,23906,32750
43,102,-121,4175,27592,24119
10,28,-56,-6611,-2582,12041
-119,-75,14,-30011,-704,5132
61,109,70,-30461,-25525,20522
112,55,32,20998,-15666,-2182
92,-122,48,-32101,24026,-26659
-123,71,60,22274,-18746,30205
-77,79,-113,26701,-20911,-31040
-106,58,-13,22113,27583,-21943
-123,51,101,16247,-28583,-10432
0,52,-75,-2528,-13861,-5050
45,109,1,-1006,-18635,4669
-124,-106,84,3301,-21084,3789
-116,7,103,4887,-27620,21680
124,-90,94,7423,29493,29813
83,33,8,21648,-21126,-29376
41,-38,19,25819,-16699,-32628
-107,-108,-56,-380,-2408,32751
32,-125,-7,-3221,-9670,32751
95,-44,-20,644,9659,32751
66,0,-81,-7050,10821,32751
42,11,57,-11992,-11499,32751
49,101,53,-30589,18141,32751
102,-24,83,-25131,5231,32751
12,26,29,-10101,-9514,32751
-116,-45,74,-4411,-887,22497
-71,-1,61,3776,-2568,-7907
113,34,-114,23911,-13447,-22087
20,88,-124,14064,-11352,-25429
99,-28,101,6663,-882,-26433
33,-41,-111,9550,6809,-32751
-76,89,-100,14187,15917,-26227
-80,36,-52,14401,6148,30116
9,42,-8,6788,-1246,32750
-74,-112,58,8035,3265,32750
59,-123,-41,-1465,-2928,32750
-17,15,-118,-10656,-16886,32750
E
67,-23,-18,-18006,8368,32750
-8,-121,-116,-14648,6136,32750
66,25,12,-21429,5310,32750
-115,-9,-99,-20116,1164,32750
-48,-109,59,-16836,987,32750
54,21,-116,-19516,19463,-15494
50,25,-6,-19531,26961,10389
100,99,48,-18572,23085,20108
45,-18,64,-30739,26223,-23088
-106,45,-42,-18493,26253,32750
104,78,54,-14993,4130,32750
-76,53,-64,-21162,5929,32750
45,64,17,-13892,19453,32750
82,21,125,-9813,20304,30321
-106,62,94,-8343,-4312,25546
57,81,-85,-21481,17007,19429
122,3,-95,24746,-22406,2669
-113,-109,90,-17878,17389,9899
-61,-64,82,-14544,23339,-5982
-29,1,60,26509,26898,-14643
-52,17,1,14211,-27286,-31639
-70,-11,12,20760,-6309,-22535
13,-50,0,18328,-12692,-25530
87,1,91,24871,28801,-16395
-24,68,-89,23835,-21134,-18486
16,49,-58,13502,-19198,-16822
27,-6,-116,-6795,-19819,-16622
-56,126,75,5671,-16286,-14931
-36,64,-100,15078,-13429,-5937
-87,-80,18,8641,-18612,3954
-43,3,-16,4651,-14611,4756
41,26,1,11432,-9666,7527
-15,-8,16,16106,-13188,12554
-12,-18,-52,11846,3335,29423
49,48,-95,9430,447,18644
-80,-55,-86,6890,-13276,21172
-89,37,-50,2781,-10285,16257
21,-48,65,3614,-120,6939
11,-120,120,-273,-299,7108
-47,91,-101,-1926,-12036,1557
E
57,20,47,-7924,-7759,-6194
110,104,11,-6442,-4043,-6211
-91,94,-28,-7459,2137,-10352
-107,125,-21,-7088,-1692,-12866
-125,-48,-45,-6570,-2756,-16150
67,-39,-46,-7211,2406,-15651
13,-20,-1,-8260,7141,-19489
-118,-51,122,-4706,-2553,-21178
17,122,114,-8233,5843,-24063
7,-58,127,-7081,-2367,-21122
41,17,92,-8896,-1659,-21850
110,-28,52,-4444,-7041,-15145
-67,25,67,-8032,8361,-5349
125,12,-125,-11040,15972,942
-42,-34,-71,-9106,18518,4970
-46,-10,-123,-23415,-30405,14815
2,-92,7,-15022,-31815,24661
-113,54,-100,-11884,25252,26522
117,-27,66,-23021,12469,-32579
34,39,115,-23624,29978,32618
-112,13,107,-16656,19903,-32297
-59,-120,18,-12028,14942,18832
-61,64,121,-6869,14552,22486
-67,-58,-84,-14028,9578,27532
-77,21,-124,28508,-30067,5435
-85,-20,112,-17558,5035,15926
-61,-70,-85,25070,-16349,-5587
-5,58,77,22424,-19545,-23524
76,111,-115,16390,-30679,-32419
-24,-55,94,14354,2999,-26876
87,-68,-101,17246,-12723,-23187
98,-97,-40,11701,21920,-21143
-97,33,72,11612,-32171,-21952
-97,-62,-41,11179,-17896,-12979
-23,-38,-77,11443,-25759,-14299
-106,43,-61,4596,-21710,-13423
119,104,25,15499,-9288,-1076
-51,45,-38,23316,-18514,-4372
6,-92,45,19347,-17741,-4041
-92,127,-117,15197,-18562,-2137
E
15,-67,90,12826,-10460,-2204
87,18,30,14389,-5856,2671
106,18,-39,7291,-10583,4490
12,-29,105,-9911,6648,5185
0,124,9,-17659,14161,-5018
-35,-104,19,-14601,8195,-9076
-27,-23,-18,-7218,-94,-10750
-1,37,-63,-7167,54,-13567
-7,-123,-99,-6533,585,-13932
-89,-100,-86,-5595,4145,-12743
-49,-64,12,-4034,290,-11039
86,-58,56,-2283,170,-10346
-46,-39,105,-2381,3492,-4935
15,-33,-3,-4513,5920,-1753
-26,-7,104,-7867,12898,1147
90,-15,-45,-9951,16410,10713
82,-36,9,-13056,25837,12895
8,126,26,-19460,29141,14033
-77,121,-69,-18275,21298,16366
-9,45,-115,-29343,14283,28117
-16,-70,67,-27281,17939,19364
-111,44,-52,-16798,22960,21754
102,-60,-84,-23526,16249,31194
-98,0,-27,-25202,20200,-30486
70,-115,84,-23107,24537,-32747
101,-114,-22,-22502,17736,28850
-79,55,11,29004,-1297,23773
-60,-97,62,-22261,4690,25317
-52,102,-43,3045,-1776,13203
42,41,-94,-29265,-2866,-26717
-62,101,-103,18729,-20397,-30333
-51,88,55,19145,23687,-32353
10,21,104,15327,-16037,-28703
-124,-102,34,8083,-4614,-21072
-70,-75,62,4810,-19421,-15803
26,-90,-105,5084,-26988,-14312
-123,104,62,7099,32150,-1371
30,53,120,33,31909,7127
95,-118,44,-9289,-28506,15229
-35,-49,-67,-4202,31504,-29462
E
-40,25,-128,-2050,-25729,-31394
-80,-8,-77,11269,-24347,-32409
-14,-64,10,-3026,-12810,32754
-46,64,-114,-4476,-8070,32754
-50,7,-80,4808,-5587,30352
-26,-19,-67,2642,-8917,30599
26,-54,52,-998,-29367,-31797
84,-70,-95,-303,-25238,32754
-51,69,-80,-4595,-10732,32754
-83,-39,60,8602,-10646,32754
119,-54,115,-2879,23982,12072
110,-100,-48,2150,-11886,-5585
97,22,86,10739,-27129,25591
73,10,111,8629,-1804,-22203
-98,-89,-90,9720,2364,-18588
51,115,-47,10121,5744,-21315
89,-112,22,9183,29142,-24942
-35,34,119,9581,21154,-25048
121,-66,60,16657,15926,-26775
-42,-14,-2,14899,15634,-20017
-42,-46,106,14766,-5604,-26526
-100,90,-30,8014,3883,-28213
50,93,-66,8207,2806,-25918
95,30,-53,9124,631,-25979
121,5,10,3619,-9986,-24624
115,116,18,5665,-17984,-29544
-102,23,11,-609,-928,32220
-65,-89,-38,3950,-8910,32145
-98,-94,75,-362,-21479,32753
58,111,41,-516,-11001,32753
-96,104,63,-900,-12342,32753
47,-57,-105,-7358,-23955,32753
-61,-107,-122,-14686,-10309,32753
46,-65,-35,-13099,-3153,-27462
4,14,-11,-17171,-4769,-17853
88,93,123,-13135,-3327,-20537
88,71,76,-6924,1093,-11589
117,39,53,-8759,-393,-8596
-82,-34,28,-5610,39,-559
-21,-22,20,-6596,6800,139
E
10,65,64,-8813,14830,9355
-11,93,55,-7833,12564,16384
-81,-59,-75,-19635,32433,-22838
58,-60,-36,29516,22189,32755
-116,0,-48,-27530,-31179,32755
124,0,43,-15934,26126,30701
94,-64,-114,-32702,-16440,-32097
-105,30,96,-16078,14562,25262
-126,-94,71,-380,25405,17180
-42,92,-3,-8012,7900,23199
84,85,-74,-19679,1836,29499
3,-104,127,-13698,9089,1211
109,-116,-70,-11716,16676,7661
-29,-12,-76,26582,-15222,2825
-119,-24,-93,18306,-16413,-2108
42,-13,5,11196,32413,-8118
-58,-125,-103,4133,-25581,-16422
-40,96,64,6732,-1151,-21258
75,-51,96,13777,-18292,-24668
5,-99,-30,15595,-21983,-26347
4,-41,-5,5733,-18563,-24769
46,-114,-123,4417,-18540,-25839
65,81,18,4679,-26955,-7838
-80,8,-53,5412,-25352,-12758
-42,113,34,843,-20275,-7894
-77,-124,-30,2791,-23960,-4177
111,-41,-44,17732,-30545,-2164
114,-18,-19,15444,-25511,-335
-42,7,113,18199,-28335,10312
-103,-14,-7,21574,-17838,20788
-44,-71,-23,-28879,-10664,17176
-5,-39,91,-32335,-11876,19613
7,-18,86,23519,4335,32187
114,1,-9,10786,25528,-30246
-54,-27,-106,1429,16366,32754
107,-88,-34,-11840,1795,32754
-122,32,77,-2723,7815,32754
-103,73,121,-17013,21357,32754
-106,44,-99,-8096,9961,32754
42,82,43,9766,-10538,32754
E
67,48,-16,-9091,4028,32754
-45,-28,69,-877,21034,32754
-113,62,-13,28895,28915,32754
-18,-60,-127,29982,31635,-6276
-119,51,115,20647,-3688,25314
-29,-38,-83,-6424,7930,-30110
97,23,-125,7736,-5019,-16985
50,88,33,3359,-5690,-2321
78,89,33,345,-2318,-2397
57,19,-110,239,-3137,436
74,-31,-94,-286,-2486,-1110
-128,-26,99,-822,-341,4451
-83,-78,110,-158,1766,2624
36,-96,-90,3345,11979,-10259
0,48,79,11127,9700,-11243
121,-116,36,15756,5079,-7984
24,43,98,22850,-7082,-15007
-112,-67,-94,24056,-8470,-14557
24,27,-32,21843,-605,-23841
-119,24,122,16396,-3982,-31376
113,104,91,7135,-15267,30247
65,-104,20,405,-28758,32753
19,19,60,-8189,-5917,32753
59,-34,24,-8937,-6514,32753
28,40,-114,-12368,-18254,32753
62,-111,63,-8530,-3228,32753
109,60,69,-7586,-11434,32753
115,90,-13,-11279,-13548,32753
-19,-25,-50,-19751,-3512,32753
78,45,51,-16277,-15953,32753
-113,-18,-101,-14775,-11129,-27677
21,-122,98,-6759,11379,6545
-70,-69,-100,-11812,14972,2039
11,-14,-57,-17064,26257,7971
117,-120,-46,-18370,12530,11224
-84,127,-62,-19365,15194,20489
-25,-78,-5,-21809,19968,28750
54,-63,68,-22941,19374,20013
-70,86,42,-22927,19064,28236
-53,-125,-74,27333,-25686,20639
E
16,57,100,-22949,9169,-32231
-84,15,79,-4546,1495,27356
102,52,-102,-17376,9699,21820
41,-6,-41,30940,-24627,7795
-72,-117,-14,30107,22465,8630
85,-80,78,8694,8553,-718
55,-88,-73,-30931,-11787,-8915
-122,95,-47,-27446,18200,-27233
112,-64,123,32504,-32616,-19604
92,73,98,8840,-32616,-17974
70,-122,-29,9330,-27213,-23510
60,-122,11,5037,-27854,-8985
-96,-80,9,7998,-32115,-10625
-77,-53,-80,8653,32024,-5251
92,76,52,9228,-32616,8477
29,43,35,15079,-32616,17369
55,15,52,30810,-26754,26598
-38,-123,-125,27491,-12839,26103
122,-101,-55,-30089,21244,-28764
-86,-46,-26,21482,19727,32754
-33,-32,99,-3347,2401,32754
28,25,24,1940,10630,32754
79,126,-124,-7636,18402,32754
-110,54,-5,-11935,-172,32754
1,44,40,-19623,-11485,32754
109,-45,26,-16242,-3789,32754
-22,-9,32,-20017,4515,32754
56,63,-80,-3213,8402,32754
-49,127,-100,2427,11717,24472
100,55,-14,21253,-10594,-15383
-9,48,53,2407,-19231,-27038
-76,-47,-116,5037,-25211,-20695
-63,3,115,-2129,-6819,-9610
-109,35,79,1521,-16,-6696
69,82,45,1639,8406,-4989
98,-118,-19,-1069,7616,-2053
47,108,-34,-2293,5603,-4023
-46,5,-56,6327,3024,-9294
-35,-7,-66,6492,4440,-6142
-4,-85,-14,19130,9127,-24015
E
24,113,-29,16178,14899,-23213
28,-17,-81,10419,20512,-24015
39,71,69,18527,8895,-28662
-53,97,-56,19019,6029,29783
-51,61,79,19626,-3390,32754
66,-9,0,-763,25152,32754
-55,-71,122,-7121,-11238,32754
104,-23,-119,-1929,-11925,32754
23,4,-53,-877,-13323,32754
119,122,-108,-2202,-19055,32754
-11,-111,-43,-19524,-19496,32754
46,2,55,-23023,-10889,32754
-34,-50,-80,-24106,-5650,32754
-73,-10,50,-20214,-1426,32754
-86,-33,103,-26513,8410,-23492
100,-72,-125,-19024,21365,-13132
-70,86,-26,-24749,15125,6659
38,-109,-80,-23275,6266,12258
-114,-38,-32,-12264,18364,22803
23,43,59,-25779,19977,-25287
31,-16,8,27244,15494,32755
85,118,-58,32506,11869,32755
109,99,85,-31869,26661,32755
-123,-62,-35,-16363,3816,32755
71,-103,92,-10512,-2594,31717
-128,-34,65,-19128,13233,22419
112,57,92,-30417,27489,21042
78,-73,37,-2013,18327,21554
26,-120,-61,27256,-10522,-22
-26,98,-80,22528,25219,-25902
88,118,70,13162,-26912,-31705
77,-58,-9,16937,-3395,-24978
80,-2,-114,8671,15439,-20969
106,90,37,7393,954,-16746
31,105,0,10801,-8264,-16828
-16,127,117,15781,-28517,-17094
20,70,-102,6841,-24776,-19737
53,-115,-10,5338,-30623,-19756
2,-116,64,11767,30712,-21926
-30,25,-2,155,-32617,-19012
E
-109,-55,62,4637,-32617,-14238
-92,-97,95,17125,-32617,4803
34,22,0,24372,-25483,14248
28,-53,108,-28452,-26172,26858
107,-14,27,-32557,-6161,-31014
-102,-8,-68,28661,6597,-31383
-13,-50,-10,24697,8574,32755
43,-8,83,8925,26962,32755
-44,53,46,12411,18411,32755
-53,-16,51,14104,-21065,32755
76,-56,72,3229,-799,32755
65,29,12,-20259,31453,28346
-83,-80,-19,-26653,11435,-31312
6,-76,110,-25224,-7735,32755
-11,-28,-46,1842,-14533,24970
1,94,97,-23379,21522,8549
74,67,13,31733,-32617,-3905
55,-30,90,14836,30548,-21662
-95,-9,-108,3253,17314,-16060
-123,-10,-104,-513,-1256,-26707
-65,24,127,12864,5524,-26077
37,117,-80,15958,-346,-19618
-55,-69,96,8374,-10666,-21813
123,-101,-103,687,-12534,-28061
-37,26,-62,-5273,-2230,-20452
121,-96,69,-7640,-11478,-22327
64,-116,-110,-7276,-9322,-27876
-30,-30,50,-6386,-9131,-21230
52,62,57,-6674,-10428,-23304
-90,-92,-98,-9241,-19437,-24333
106,-112,-75,-9054,-8697,-16695
-4,27,-67,-9622,-8628,-17400
-123,-113,-64,-14685,-6756,-18433
101,-50,1,-12410,-923,-15752
-104,95,-75,-10320,-5952,-18035
12,122,91,-13354,2915,-17229
1,42,117,-12729,747,-24025
-90,-5,19,-13968,8638,-22902
16,3,-75,-14226,12964,-22313
69,-38,-101,-16237,8240,-22590
E
56,76,8,-14621,-9276,-17372
1,-74,77,-8593,5105,6736
-97,56,48,-13903,22523,7077
19,30,81,-28536,-25462,15479
104,104,5,-29091,25663,24937
-30,-66,-37,-23085,21034,26968
22,-92,78,-16513,-31968,22684
35,67,1,-18378,29161,28010
-19,-40,-68,-19610,16368,-29638
26,87,123,-17642,26918,32756
-83,-60,-40,-18734,22776,24770
60,-89,38,-18008,-677,11040
27,-18,11,-26389,15610,14959
-125,-25,99,3851,19728,15460
-63,54,82,-29370,-24491,-5105
-97,-43,120,29078,21870,-28564
-83,61,-28,20590,-9354,-31221
-92,121,58,15367,-3050,-21860
-64,-66,-45,9215,-17681,-18111
119,-81,107,18024,-17120,-16076
29,-114,23,8018,27386,-11867
-28,18,-57,6963,-32448,-13105
-86,57,-103,15042,-29084,-11892
-27,-29,29,14037,-32234,-1058
-19,105,-84,10353,32361,10506
-112,12,55,4629,-32616,7484
-37,-4,42,12147,-19804,29867
-83,-5,29,23649,-8686,-27487
20,64,-86,-28331,567,32758
89,67,-47,22927,-5014,32758
41,-127,82,485,-9742,32758
69,32,10,5670,-12415,23083
8,69,-90,1232,18569,29563
-93,77,-27,-10772,-21114,24479
33,7,90,-13611,-12451,-14259
9,94,-97,-11402,31105,-2752
-21,102,-110,-5898,-4192,-15613
51,126,-33,-4867,5435,-20005
77,56,-25,-8239,-4717,-14656
-90,12,71,-8383,5393,-28144
E
-33,-55,24,-5323,2619,-23945
-44,64,-104,-6067,3449,-25717
69,-12,91,-5732,7105,30898
16,-42,77,-4803,2892,32100
-110,10,70,-5115,-3037,32756
-6,21,49,-10653,-628,32756
103,117,73,-16972,4446,-28155
-120,2,-26,-25010,19093,-16634
-55,-128,-122,-28924,-22973,25563
15,101,102,29195,-32613,-21425
26,-67,-90,32500,-32613,32756
-116,111,6,-20661,26651,32756
-59,-126,122,-11539,10465,9864
-106,82,-102,-13830,-22554,29695
-92,-69,56,23252,32627,-29217
90,-94,-124,-30347,12117,-22181
-88,84,-54,-23010,-990,18300
101,-120,112,32500,14568,32755
-7,-61,-114,27898,-32613,-11580
-26,31,-61,13727,-27663,-28145
-125,-57,91,3077,-18891,-14282
-102,-30,-73,9021,27925,-8765
-20,24,-1,10110,-32655,-8860
87,57,10,9983,-32613,6997
59,-12,122,10377,-32613,15883
-63,-75,-6,27622,-5103,29402
42,39,5,28872,-114,24383
-53,92,70,24927,304,31645
42,90,-89,14144,8220,-30954
111,44,118,6568,18760,32756
25,-2,-7,-2959,13795,28755
67,-103,-71,-9290,-1232,-31447
-70,-101,-26,-13036,11322,32756
32,-64,122,-2384,-7357,27084
97,-118,92,-2128,-5025,31533
102,1,51,-9994,16499,29191
66,58,54,-9196,8057,25708
55,52,-19,-2598,-10187,20373
-109,73,-42,3304,-11027,-31823
-58,-26,84,17651,27921,5312
E
119,24,-104,11047,-27325,1860
37,-80,33,8249,2561,-14256
-11,113,-104,823,11953,-14177
34,116,-63,-2130,14171,-13045
110,-31,112,3739,8413,-19727
-65,-15,98,4991,21886,-30865
-5,26,-36,11955,5854,-28579
100,41,-32,10769,-10805,30286
-56,-46,53,14464,-29808,32755
72,-26,33,-11572,-13799,32755
-123,13,-39,-13099,-10359,32755
-7,97,73,-14434,-3827,32755
88,-18,-20,-15541,-5712,32755
-48,97,107,-21569,-2255,32755
-41,-19,81,-20890,9377,32755
69,31,-70,-13480,8160,-29224
-15,-17,46,-22156,18394,3810
-7,-70,60,-31744,-23471,20263
-33,-107,-11,29905,-32612,-22525
51,-55,72,32502,25527,-32570
106,42,-22,-29908,22592,32755
71,23,-20,-26688,20663,32755
31,106,95,-18918,15943,21946
-34,-7,70,28209,22520,16591
-82,-20,-31,-24856,18356,23357
-45,27,70,24219,-9560,2285
-83,86,47,-20305,-16020,26944
-106,121,-17,32502,-29305,27933
49,67,48,14952,31825,-16481
9,101,116,2650,-8838,-17905
81,102,117,2561,-12368,-17264
87,-78,-114,10634,30179,-5473
-39,87,35,9354,-29196,2484
117,-45,-74,10419,-26560,7184
24,-52,34,4341,-27835,13132
65,-78,-114,-797,-6798,27167
-90,15,-119,3176,-12273,31807
-21,-12,100,5354,-24829,-30585
-112,-59,-127,14474,-22524,31203
109,14,91,223,-2888,-32708
E
-18,112,47,-1499,-9766,30150
33,-50,-34,-10534,1321,16674
-28,-104,-58,-9605,2032,19192
-14,-34,56,-16735,11290,9818
-116,-48,40,-11471,4210,12553
-126,83,22,-5514,-5444,12158
-92,-79,-42,-8351,-8,13903
-60,106,-12,-18086,16598,-573
-95,-64,7,-10601,11418,4978
-22,-126,106,-3106,5425,11299
-12,-87,-126,-4678,2712,5388
7,-72,21,-542,-5315,6567
24,-59,50,-1644,-4295,6470
-122,-19,30,5932,-20085,-1850
-107,-56,-72,6695,-775,-7964
-8,116,94,8450,10109,-18502
-22,73,-111,11669,10032,-21124
108,-37,-72,19509,-3222,-29184
-113,-115,-110,14391,-9385,29222
-52,-50,6,18346,-17994,32758
-21,4,-127,7876,-7554,32758
-79,126,-93,-1033,-23127,32758
100,120,-81,31421,10064,32758
42,-1,4,-24172,17703,32758
-15,-41,48,-20605,23176,32758
-101,68,99,-24356,-25872,-13992
7,-47,40,-17127,-32613,14192
107,-24,113,-26175,-32613,-17755
75,-12,-95,-24485,-32613,28105
31,-106,-37,-11778,14491,30058
-121,78,-33,-20835,6292,-31361
-109,47,-66,-23913,18265,32758
78,-33,-101,27154,-24086,24040
-77,-51,116,32500,9466,-29872
-7,64,-60,6648,-7636,3899
121,7,-126,15835,-4197,-6522
52,-79,45,-21219,-22328,16290
-71,116,-31,31187,-23397,32758
71,-112,-83,-9045,-21560,-4854
96,-109,32,-7461,-13234,-6947
E
15,-81,80,395,-7176,-16800
7,-63,82,7292,-8496,-14244
72,-90,15,8343,32339,-4427
-36,-119,-20,4461,32572,-3300
-61,-47,-98,-7064,-27207,13851
74,6,74,-7484,-24003,14207
60,127,-44,4810,-26037,-30289
40,126,-106,3030,-25988,31183
63,70,55,1795,-745,31000
28,-119,-24,405,-4946,29861
101,52,78,-7517,-31609,31004
-111,-52,-18,-2089,-20122,-32281
86,62,-45,8108,-307,-32601
80,-106,-75,7367,-7128,32759
67,63,56,6676,-10000,32759
8,58,-72,244,21144,24086
49,-48,-8,26297,-32614,-29886
-38,62,-5,7746,-32614,31649
76,-36,-9,-19574,-29751,30607
-83,-41,-96,-12793,-22646,-28249
73,30,33,-16664,-32614,-15882
79,109,-44,-8694,-32614,-1705
-74,-25,-14,-9780,29526,-1371
127,74,124,-649,-4406,1467
-23,100,97,2930,-10309,-1983
48,-53,-124,13365,-11937,-8925
-124,77,56,14528,-7454,-9599
-6,-45,85,17712,3817,-24723
-121,78,-63,13450,24354,29116
1,96,-68,19983,-12373,31732
-73,28,60,20640,26992,32759
73,-48,18,21866,-28473,32759
-118,122,122,6560,-16530,32759
-47,48,71,7431,-23576,32759
34,116,102,-1790,-14535,32759
-96,-25,6,-21054,-21997,32759
-102,-51,46,-22988,-11262,32759
-76,-55,-81,30976,13599,32759
-46,58,74,-24103,29963,-27146
3,16,36,-16740,26241,-15376
E
90,-40,28,-18175,-29908,8470
126,125,85,-20651,28928,21759
43,-17,-98,-31351,18293,-23485
-24,77,115,29767,17565,32759
72,127,-20,-30909,24403,32759
43,4,-95,-30968,25975,32759
83,12,-51,-30934,-16030,30852
85,-35,76,-20087,-13095,-32142
-44,83,-103,15582,25554,-10529
-27,-21,-89,32225,5992,-19310
-30,17,-98,-30889,-22841,22156
-119,-75,110,10785,24413,-32634
-83,20,-70,-10267,-18304,-12474
12,66,105,-5395,-20555,-13534
-83,-20,-27,1684,-28700,-10512
-31,-67,-20,7358,-32348,1235
-29,-100,82,5594,-29281,9369
43,112,25,8487,-30937,24008
-8,-94,-23,5567,31867,-31215
87,-29,-38,4436,-16579,-30793
-118,70,25,6146,-9253,32759
19,-12,37,1875,-15087,32759
20,-3,-30,-746,-14082,32759
2,-83,-51,-14393,-2635,32759
51,-81,26,30659,-7876,32759
-22,87,-102,29176,-30748,32759
-59,94,-57,-269,28104,-18987
-25,-106,-92,32500,9460,28798
31,-10,-25,-2677,-13869,-8864
-18,-81,7,-12636,-32612,9602
33,-68,-81,-17471,-32612,-2921
-32,51,-75,-5962,-11350,-15746
-32,114,127,-3310,-9356,-6027
45,-95,84,1780,-15207,-5463
-116,-23,-55,14429,-19780,-10236
12,-3,-108,12892,-8590,-21206
-77,-101,-122,12233,830,24922
-69,-54,103,9396,-7658,32759
-77,16,41,10446,30079,32759
-17,77,38,2845,-13981,32759
E
-26,2,21,-14301,-22535,32759
106,56,-50,-12414,-4007,32759
89,42,-76,-19277,-11358,32759
-103,125,122,-25312,-862,32759
120,-25,108,-28493,10025,32759
8,-123,13,-21267,9643,32759
-15,61,-45,-22918,13839,-20660
36,67,101,-25819,-23381,5495
89,8,126,-19300,30312,10059
-115,-29,-15,-23211,30090,27523
45,1,3,-31212,5428,-26435
-107,-53,-8,-31120,12951,32760
111,-60,66,-29466,30947,32760
-100,-36,112,-26767,27714,32760
-123,43,-106,-14747,-8027,18777
-41,84,57,-28636,26179,29606
-11,-8,90,-29157,26848,27391
-54,34,43,-4868,23613,8178
-35,45,88,14887,-3023,-4192
-65,126,-35,-30823,20036,25207
52,-21,64,22897,30804,-27894
-49,46,-39,9755,-18155,-17150
69,-46,34,12449,-9932,-17179
48,43,-4,16511,-25920,-9106
-36,48,68,11709,-18216,-8294
-122,-109,-106,3917,-17194,6124
22,-69,-102,8721,-21881,9412
84,63,120,3096,-23202,26698
58,-26,18,5887,-20810,-27518
-80,71,18,16644,-22961,-32396
15,115,-87,6863,-10678,32763
-122,89,-28,2002,-6381,32763
-68,31,-99,3638,-7881,32763
-99,47,-107,-13814,7384,32763
20,-50,38,-14402,-11769,32763
-88,-67,36,-13285,-32768,32763
-17,116,-47,-22568,2860,32763
-44,95,-72,-28813,-23436,32763
-50,-119,120,-11088,25463,20001
29,91,9,13506,27389,-29274
E
16,65,92,-5928,-25096,-21258
123,-14,-49,-9742,22267,-12058
63,-116,-104,-23490,12082,-15065
43,-48,54,-824,9187,-23970
-55,94,90,13132,4069,-7406
-107,-4,-13,22933,12983,-17929
28,-2,44,30944,4904,29464
-102,-29,-27,-31735,-10988,31054
-88,2,-95,-279,19136,32763
-8,-42,-55,-11740,-20140,32763
-122,11,-47,-13494,-8893,32763
111,-3,-107,-14192,-9031,32763
18,64,-12,-20337,-1557,32763
126,-15,-107,-22276,-1597,32763
-1,-64,98,-13928,3236,32763
53,78,79,-16007,6925,32763
14,-78,66,-12880,-8954,-29516
17,-51,-127,-9032,3322,-8214
-61,99,-69,-10368,30325,6113
82,90,-31,-10566,21529,2584
59,-119,-53,-14576,15590,18221
28,-104,87,-10703,8270,28781
-94,36,-99,-14320,15091,32125
-49,0,-91,-20219,27350,-31296
-58,-70,123,-25913,29974,-32670
-22,-5,-64,32175,20293,32766
-93,13,-61,-29468,25875,31819
-59,-127,-107,-15127,10153,30859
83,103,99,-13190,-3366,27721
69,63,6,26143,-28528,6063
-60,104,-81,-25110,28675,22456
21,51,-46,14814,-9721,7246
80,-79,116,29507,-22961,-5196
46,-128,112,23402,23818,31425
-23,-97,-36,8470,-21245,-28513
34,-39,67,6270,14265,-26887
87,-80,-19,22759,-18001,-24289
-111,111,-109,25749,27953,-11043
-74,110,-120,20994,32431,-19207
118,14,111,27008,-25700,-14169
E
55,75,-24,20554,-26447,-3711
-63,11,-15,6537,30054,20178
-4,-60,37,5346,-27930,25950
55,62,-29,15585,-13783,-26859
97,-63,-91,22060,-1488,32764
115,-56,51,4942,-6653,32764
-36,-39,-94,-16870,-283,32764
107,28,77,26279,18954,32764
118,80,-7,30405,14683,32764
-20,19,115,32498,17750,32764
50,-103,1,-15993,9520,32764
124,-6,-14,-592,32562,32764
12,-79,5,-27191,-32608,32563
-25,57,-28,23031,-27857,-8247
-86,-16,-1,16254,-31414,-15946
9,47,-75,-4119,-22612,-30206
71,54,33,-15894,-32608,-17505
-93,-43,23,-15257,21889,-17294
-3,18,-106,-4192,-1160,-20084
-71,68,-59,6529,-18130,2929
5,87,25,10041,-22825,4874
