0,1053,1053,558,-9,-568,-1996,-3477,-2423,6,-509,1139,268,244,-1598,-2237,-2004,-534,1127,998,1994,1977,1636,1164,934,538,826,1100,979,641,629,357,734,798,732,608,264,78,177,326
355,326,-48,-132,-94,-264,-318,-426,-399,-440,-546,-738,-616,-595,-685,-689,-739,-630,-608,-605,-428,-100,69,144,-184,-265,-181,-720,-482,1704,-7861,2852,12009,8566,-23992,-21225,-20514,-31949,-15095,-10197
-10356,6564,1613,7065,9552,20611,27389,-28103,27501,10669,10057,-23096,29029,9805,19402,-25464,-32666,-16479,-27759,25795,-28813,-9045,-6059,-19361,-23827,-17424,-7195,-29713,-31367,-31593,31856,-32668,-19289,-14307,11411,9266,20918,20690,14582,1739
-6884,11975,28880,14282,18766,-3604,31267,-31767,14217,28132,15602,-5424,-13930,-10928,-4740,-13126,-8438,-7974,-2383,4148,24132,24000,18778,-30170,27361,28281,19769,26133,-28710,-32666,-32666,21572,11119,30454,-32666,-19149,-32710,-24301,-32701,31787
-23645,-28684,-25579,-26293,-15473,-10322,-17405,-15202,-18864,9391,12558,-22118,-19055,7263,-7144,-22372,24831,-19653,23296,16251,2701,1365,6704,16317,11187,-8887,-30,-13590,-7150,-7382,150,6000,4037,317,3028,5136,1923,10178,25872,20022
24917,21921,17770,26531,18525,16849,21951,12938,2561,15693,-22388,26933,31189,-10600,-23640,-23654,-19780,-32529,-22900,-23134,-19726,-29972,32514,-16069,-15823,4969,5141,-892,-4361,5476,7430,4650,12091,9573,5630,20377,19782,32119,22497,23176
23851,29035,17486,7280,26570,22693,8196,-15315,-18127,-12459,-25250,-21093,-8921,-22599,-22200,-18434,-22354,-20684,-25946,-21910,-21482,-21318,-15063,-16257,-2797,-7419,-11077,19924,-20509,-30475,-22657,1432,19910,19831,19656,-3443,-13907,-1504,19277,17851
10371,-4170,-24700,-18340,-1374,26118,-5982,-4793,12627,-30516,19285,-30771,22971,22504,25592,16089,24988,-27721,-32659,28870,7698,20670,28969,-32660,-28508,-12912,-4046,-25664,27414,-32697,-25052,-15846,-21503,-14586,-10564,-8391,-4644,6624,4802,-16225
12247,-1087,-12804,-2693,-726,-1168,-4479,-7734,1152,-5147,3685,2156,6924,7962,22008,14007,15580,23614,31300,23848,26937,20269,10222,19469,32569,11086,-25770,-20463,14850,-21911,-26273,-22910,-20237,-30075,30073,-30062,-12825,-23548,-29974,-21562
-8462,-10977,-11291,-5236,-1674,5968,4751,3919,1748,3595,5719,3687,4107,12681,10750,18224,28429,32206,-31158,31006,-32014,-32657,13542,20707,15799,6796,2470,-27942,-20119,-31719,-15431,-13888,-9138,-22789,-23669,-19083,-22143,-20790,-22096,-21006
-15583,-24076,-12988,-1380,-15688,14601,8732,-25201,-26675,-17229,-7013,27250,18809,-11428,-14188,-4608,-7044,-2614,-1586,707,16415,-21633,24024,24169,-28769,28521,4256,22737,25719,20228,9096,-2758,-23978,27109,-26814,-28368,-31041,-17064,-21236,27198
-32658,-21795,-19687,-25808,-24494,30912,-12118,-27537,8180,21353,15368,14355,17031,-25467,-18972,-18826,5743,8441,6501,6551,-10208,-7712,9341,12567,15295,22906,28849,11531,-11906,22196,13738,19033,3643,13880,13370,-32175,22690,17771,15320,28928
23737,-28273,4330,4607,-1478,-6381,-8029,22385,-20343,-17414,27862,-25448,30311,-32654,-17799,-24513,-31814,-16512,-12453,15626,-3481,-9947,-4140,-3251,-4082,7600,-1777,1108,2394,25,-1485,-2584,8989,-1311,-20608,8673,-13869,9931,14512,-28968
-9789,-16030,10881,5895,11431,4441,8159,-2629,-7369,-4151,-15304,-10726,7603,6805,-18709,27551,22600,18562,28814,24605,4481,9982,23598,-29006,15288,-29423,22962,-27392,-3655,-7860,-29713,28014,-17657,-22957,-29233,-28128,-32162,-16521,6490,-720
-122,12180,29266,-4128,-12834,593,-7859,-13445,10229,1780,-667,-12758,-28335,-7506,19201,25266,18418,5869,1788,2232,-3543,-13506,-11939,-12801,-8515,3257,432,12992,8918,14799,17555,28424,12394,19345,28778,18916,5501,2175,32296,-392
25694,-29682,4449,-3778,32644,-20815,-20294,-28263,-29881,-28543,-23536,-11099,-12319,-12658,4811,1636,-4055,-2838,3613,254,1752,4413,2706,395,7798,669,-5833,-3904,2672,15454,20941,14596,19795,30919,7068,10772,20626,15911,9482,11321
-6905,-15148,-31423,-10886,31786,1579,-6431,31001,-19454,-13117,-7331,7782,32122,-20630,-13596,-3296,-193,9916,3731,-3313,3728,5202,4151,14294,22607,26917,-31296,31953,21843,31334,15901,11143,18639,14806,-4636,-28272,25637,-32648,-32648,-28559
31525,-20654,-15025,-9240,-16795,-20639,-14179,-4410,-2785,9509,-5804,7019,2022,-8336,-13246,-14056,-15496,-8088,15818,398,-31920,-18257,23650,15358,-25263,-31859,9116,11541,-380,492,-3155,-7055,-10895,-25629,-10395,-29639,31382,14681,18768,7171
19829,-29510,10647,-618,12732,-29608,28782,15469,-12765,-19158,28768,-25022,-23765,-23026,-18781,-29425,-26456,-27279,-15790,-16003,-12658,-8680,-12272,-4805,17397,8154,9383,2662,11635,4716,-9175,-5492,4282,5021,-2043,-2155,-6905,10709,4762,-6130
4735,-2894,-767,-12807,-241,-7798,6087,5018,-2016,858,11332,16283,17201,18078,28606,23429,23999,32068,27535,9282,26497,-27639,30029,-7159,27590,28281,-23513,29837,-32653,-30043,32171,-20583,-10957,-9442,-13924,-6223,4561,-4719,-2386,6425
5382,3419,-3286,-8306,-5895,-8475,-6151,-10575,-12600,381,7395,9976,3879,9040,-2934,-12703,10500,1752,-9457,-12129,-13955,-29402,-7934,16580,30745,9670,-5883,-6249,174,-10083,-3430,3312,17344,12294,8602,12762,20795,27311,23541,13062
18808,16545,22589,11379,8436,13147,-31582,14733,-16418,-28218,-25919,-14724,-29065,-22475,30261,-27872,-22849,-24464,-26856,29739,-31990,-8169,-9776,-7375,7278,-10306,-1289,28438,21551,-23953,-29489,27921,-6169,-5342,7223,-873,-5615,-4738,9492,7741
-8357,271,-2051,10391,8655,26799,30766,16184,19419,17062,3273,22387,12682,13220,26912,-27446,28216,32110,22739,-26932,-17495,-25423,30691,-23411,-26106,29598,-32446,-15644,-15065,-14287,-8730,-2656,-350,-1598,10329,-3020,-9023,9971,-34,-11675
-8576,-5814,3846,-1903,-14031,-10020,-4122,-4334,1485,-953,-1421,-933,3016,-5075,-9487,1371,3002,1314,9461,-1349,-525,9966,3219,21459,21767,-31407,-30878,-32650,25593,24841,-29158,-32650,14560,10846,24168,-32631,31250,-29176,-23306,-21721
-23348,-22292,32403,31375,-32649,9029,-4376,-21274,-4743,7713,23289,5610,1298,12590,18891,10613,431,-2044,1989,-612,-3742,-3629,16388,12535,23748,19244,28151,18141,24414,21206,16885,19669,-21410,-29172,-17825,-24686,-29424,-11255,-10971,-22119
-29243,-23940,-13391,-15718,-18369,-18513,-16682,-24736,-18962,-6877,18703,18669,13564,7418,-3253,4953,7535,4791,2816,4106,6927,5585,73,-429,-1873,-858,6551,6803,14631,-27201,-31878,23412,11283,28645,22979,14240,-9553,16905,3869,-28488
-14289,-12734,-8459,-8599,-32196,-26480,-22492,-18135,31365,-23610,-18217,-15455,-6146,-3599,24843,898,-6991,-13204,21442,-32645,-10708,-29035,28760,-906,-17881,-1766,11789,-3198,-20758,-13416,-12173,-7624,-3392,6958,7272,15312,14493,23939,22865,25979
19046,21323,23827,32182,30622,-2457,-23997,-25407,-6969,-32583,-30578,8901,-6276,-27589,-20081,-16681,-16794,-16870,-31613,-21947,-13261,-17712,5235,10288,-14785,7441,13893,68,-1121,3781,4915,8354,2882,1541,-8232,-8036,-5921,8185,1166,1310
886,902,6598,16263,13181,27478,19883,19154,30787,-32286,30244,26495,-30122,31641,14558,15512,-12755,17969,-32642,-7434,32675,30167,-32249,-31429,-24231,-25783,-27839,-25736,-15039,-1467,-4188,-2283,9983,10702,9854,-1298,-7799,-1152,2982,-9393
-9963,-32325,6014,-6027,6848,626,12041,5173,-12100,3843,7019,2933,15931,11977,1940,12166,19701,18270,26580,20653,18985,18742,23879,14141,6517,1507,-22458,-11838,-5385,-13101,-20447,-21208,28479,-29244,-12837,-25119,-24828,-24835,-18183,-5566
-1706,-5579,-12222,-14896,-7033,6213,878,10969,-16872,-14595,4359,7000,11659,6451,-4824,-4266,-7297,-839,-14668,31883,-30750,2576,-229,18113,18823,3771,-21318,4182,825,-13317,2001,9540,29455,32484,-397,18314,19410,11585,24507,24776
19982,-8012,-21996,-8372,-27066,27316,-28394,-18720,-26640,-8865,-26044,-32203,-31921,-29979,-17371,-5768,-9890,-23457,-11373,19702,-857,31254,5453,-28443,-17601,12705,11018,-21517,-32215,-32638,12654,-2185,-16132,-13063,-17832,-14566,-16322,-22249,-4759,12029
5908,16001,21879,14168,25411,21771,9365,29883,-30465,20810,-43,-25125,30148,30717,-23078,29712,-32638,-32638,-32638,-32638,-31282,-23950,-7682,786,228,459,9085,-27431,1842,-7133,31945,-19139,2921,-10896,-7246,15657,-20109,-32637,-9221,-11473
-9887,32402,-16368,-23560,32368,1045,-3125,-76,12768,11244,21307,27238,-28778,27385,4185,22532,15887,-13893,-25307,24407,-21030,-27661,-977,27046,31386,-4582,-20061,-31393,30394,-25990,-4352,-19079,13571,13303,-4027,516,4912,20033,9312,31873
25961,-32637,22020,14925,6858,-7181,11015,-7201,2194,-1855,-3778,-3148,772,7426,13186,14098,9976,6623,-7346,7367,29058,12347,-32169,29436,13734,25876,31938,3965,-11417,-26212,-9350,-12560,26756,-25694,-14105,-20044,-19646,31918,-32432,32211
-32640,-29364,-19858,-1526,-1356,14760,-16095,-31141,-17792,26404,17118,30294,3136,-17791,-1889,-8039,16538,7013,-15407,4954,1953,784,-1489,5713,6596,11199,16179,31337,-29881,17471,-30620,15990,8571,18365,19503,8570,-11965,-7762,-29157,-12625
-3491,-24925,-15765,-17508,-30067,-24220,31502,32045,-32641,-19744,-3563,-1269,5803,2119,2060,-1604,-18302,-7468,21118,-28305,11230,4926,9104,13920,10047,3012,3560,12766,25503,-24264,-4397,15169,4825,-8098,5065,-17754,-12856,26423,29560,27184
-30049,31167,30718,27465,6105,-23005,29177,21360,17433,-2316,28910,27940,-19847,275,-18205,30443,30729,-23287,-26374,-30675,-27075,-27963,-16638,4707,12467,-408,-11525,17385,8488,-9235,-11288,-7379,-22214,31687,20301,11715,13200,5826,-707,20228
-1306,-24513,-14849,5883,-2718,-9541,-1689,-10081,2311,9535,13072,12158,18983,22974,4542,-9240,-20884,-17570,13706,6854,-3689,-8138,4324,7102,19901,9697,8296,17382,13623,14858,17690,27779,19055,14555,26766,-27880,-32638,1183,-2025,-21347
-15302,-9128,-18985,-26454,-31432,30900,-32640,-32640,-32640,-32640,-28309,31453,-25124,-212,15236,11472,4344,16227,3065,-23140,10976,22312,7732,10761,11169,-25104,-2889,2063,10608,2631,2066,-5277,-208,-4521,-918,-3991,-6329,1926,418,-84
-5997,1441,1627,5315,5430,7839,9387,32274,23088,7700,17949,22378,20178,21383,6615,-28044,28621,-28847,21412,-32640,-23856,-5910,-10228,-27922,-29755,-27312,-25089,-31966,31533,-29920,-14569,-15209,29763,-24264,-8111,-4189,-5399,-3485,10307,16186
-4876,4878,8662,8116,5005,14826,18432,32065,-29588,-32640,31130,30553,17675,16608,16756,10268,5992,-16551,-17601,-14315,-28321,-18165,7694,-7357,-27595,-32530,-30094,-27382,-21555,-23325,-22695,-10367,7499,-14278,-15148,-10347,-25870,-24576,-17140,26258
-23614,-8511,7734,7184,3330,4741,22462,14237,-1794,9849,6262,3463,5052,1317,-1869,-6454,-19119,-13806,-9275,-4935,-19010,-4783,-8294,-6397,-7063,-348,-14904,-32641,27669,-30899,-32641,26304,-30444,21156,-20299,22330,31840,-4838,-4319,-15622
-28027,-32447,-28630,-20679,-28061,-22169,-16523,-27514,-25861,-3708,7690,-1138,4703,5652,-5373,-7016,-7521,-3228,-29401,-1489,6926,-7145,4165,3336,6446,7820,3178,4615,16186,10382,12149,8964,-16500,-820,1438,-6520,5133,1459,-24603,-30096
-10685,28410,-24787,-32065,-32639,9990,870,30175,-30297,27658,20882,4991,28963,-23965,-22191,-13325,22330,-19211,12479,-5519,-29059,29618,-24001,-21542,-26163,-17238,-24038,-14053,-1623,-8751,-5562,7953,18315,-1504,-32116,26719,-32635,-30630,-32106,13078
-12107,-5491,-8259,-144,4609,-9085,16902,-2250,-15388,-23358,-24484,-7380,3759,2706,3970,12705,14061,23038,21622,15050,25576,-27542,-32633,-32633,-32633,-15792,16367,-32633,-15891,-20349,-19836,-29034,-23617,-32055,-21940,-20608,28503,-8168,-3408,-12268
-17287,-19168,-7114,819,-4763,365,-10606,20316,-24521,-29898,15811,-4381,-4442,-273,2564,-22846,-14081,-8886,-5994,-500,-5462,-7428,1628,6561,10775,17545,27840,21912,19935,24830,26061,23621,19362,294,10402,7706,-7809,-32051,-30126,-15635
-23729,-29694,-26530,-29928,-16114,-24089,32555,-20043,-6746,4021,6000,-15503,-6375,2887,9178,1778,-4303,2300,1859,2485,1941,-2309,860,-560,835,1555,1244,1578,-200,-145,-285,1994,3931,6720,9222,6133,7791,31954,25679,21480
28297,22899,23906,27592,-2582,-704,-25525,-15666,24026,-18746,-20911,27583,-28583,-13861,-18635,-21084,-27620,29493,-21126,-16699,-2408,-9670,9659,10821,-11499,18141,5231,-9514,-887,-2568,-13447,-11352,-882,6809,15917,6148,-1246,3265,-2928,-16886
8368,6136,5310,1164,987,19463,26961,23085,26223,26253,4130,5929,19453,20304,-4312,17007,-22406,17389,23339,26898,-27286,-6309,-12692,28801,-21134,-19198,-19819,-16286,-13429,-18612,-14611,-9666,-13188,3335,447,-13276,-10285,-120,-299,-12036
-7759,-4043,2137,-1692,-2756,2406,7141,-2553,5843,-2367,-1659,-7041,8361,15972,18518,-30405,-31815,25252,12469,29978,19903,14942,14552,9578,-30067,5035,-16349,-19545,-30679,2999,-12723,21920,-32171,-17896,-25759,-21710,-9288,-18514,-17741,-18562
-10460,-5856,-10583,6648,14161,8195,-94,54,585,4145,290,170,3492,5920,12898,16410,25837,29141,21298,14283,17939,22960,16249,20200,24537,17736,-1297,4690,-1776,-2866,-20397,23687,-16037,-4614,-19421,-26988,32150,31909,-28506,31504
-25729,-24347,-12810,-8070,-5587,-8917,-29367,-25238,-10732,-10646,23982,-11886,-27129,-1804,2364,5744,29142,21154,15926,15634,-5604,3883,2806,631,-9986,-17984,-928,-8910,-21479,-11001,-12342,-23955,-10309,-3153,-4769,-3327,1093,-393,39,6800
14830,12564,32433,22189,-31179,26126,-16440,14562,25405,7900,1836,9089,16676,-15222,-16413,32413,-25581,-1151,-18292,-21983,-18563,-18540,-26955,-25352,-20275,-23960,-30545,-25511,-28335,-17838,-10664,-11876,4335,25528,16366,1795,7815,21357,9961,-10538
4028,21034,28915,31635,-3688,7930,-5019,-5690,-2318,-3137,-2486,-341,1766,11979,9700,5079,-7082,-8470,-605,-3982,-15267,-28758,-5917,-6514,-18254,-3228,-11434,-13548,-3512,-15953,-11129,11379,14972,26257,12530,15194,19968,19374,19064,-25686
9169,1495,9699,-24627,22465,8553,-11787,18200,-32616,-32616,-27213,-27854,-32115,32024,-32616,-32616,-26754,-12839,21244,19727,2401,10630,18402,-172,-11485,-3789,4515,8402,11717,-10594,-19231,-25211,-6819,-16,8406,7616,5603,3024,4440,9127
14899,20512,8895,6029,-3390,25152,-11238,-11925,-13323,-19055,-19496,-10889,-5650,-1426,8410,21365,15125,6266,18364,19977,15494,11869,26661,3816,-2594,13233,27489,18327,-10522,25219,-26912,-3395,15439,954,-8264,-28517,-24776,-30623,30712,-32617
-32617,-32617,-25483,-26172,-6161,6597,8574,26962,18411,-21065,-799,31453,11435,-7735,-14533,21522,-32617,30548,17314,-1256,5524,-346,-10666,-12534,-2230,-11478,-9322,-9131,-10428,-19437,-8697,-8628,-6756,-923,-5952,2915,747,8638,12964,8240
-9276,5105,22523,-25462,25663,21034,-31968,29161,16368,26918,22776,-677,15610,19728,-24491,21870,-9354,-3050,-17681,-17120,27386,-32448,-29084,-32234,32361,-32616,-19804,-8686,567,-5014,-9742,-12415,18569,-21114,-12451,31105,-4192,5435,-4717,5393
2619,3449,7105,2892,-3037,-628,4446,19093,-22973,-32613,-32613,26651,10465,-22554,32627,12117,-990,14568,-32613,-27663,-18891,27925,-32655,-32613,-32613,-5103,-114,304,8220,18760,13795,-1232,11322,-7357,-5025,16499,8057,-10187,-11027,27921
-27325,2561,11953,14171,8413,21886,5854,-10805,-29808,-13799,-10359,-3827,-5712,-2255,9377,8160,18394,-23471,-32612,25527,22592,20663,15943,22520,18356,-9560,-16020,-29305,31825,-8838,-12368,30179,-29196,-26560,-27835,-6798,-12273,-24829,-22524,-2888
-9766,1321,2032,11290,4210,-5444,-8,16598,11418,5425,2712,-5315,-4295,-20085,-775,10109,10032,-3222,-9385,-17994,-7554,-23127,10064,17703,23176,-25872,-32613,-32613,-32613,14491,6292,18265,-24086,9466,-7636,-4197,-22328,-23397,-21560,-13234
-7176,-8496,32339,32572,-27207,-24003,-26037,-25988,-745,-4946,-31609,-20122,-307,-7128,-10000,21144,-32614,-32614,-29751,-22646,-32614,-32614,29526,-4406,-10309,-11937,-7454,3817,24354,-12373,26992,-28473,-16530,-23576,-14535,-21997,-11262,13599,29963,26241
-29908,28928,18293,17565,24403,25975,-16030,-13095,25554,5992,-22841,24413,-18304,-20555,-28700,-32348,-29281,-30937,31867,-16579,-9253,-15087,-14082,-2635,-7876,-30748,28104,9460,-13869,-32612,-32612,-11350,-9356,-15207,-19780,-8590,830,-7658,30079,-13981
-22535,-4007,-11358,-862,10025,9643,13839,-23381,30312,30090,5428,12951,30947,27714,-8027,26179,26848,23613,-3023,20036,30804,-18155,-9932,-25920,-18216,-17194,-21881,-23202,-20810,-22961,-10678,-6381,-7881,7384,-11769,-32768,2860,-23436,25463,27389
-25096,22267,12082,9187,4069,12983,4904,-10988,19136,-20140,-8893,-9031,-1557,-1597,3236,6925,-8954,3322,30325,21529,15590,8270,15091,27350,29974,20293,25875,10153,-3366,-28528,28675,-9721,-22961,23818,-21245,14265,-18001,27953,32431,-25700
