0,-1301,-1301,-1185,-1039,-764,-240,825,883,311,286,244,600,414,628,530,-51,77,4,-56,-11,191,296,244,161,234,211,23,40,-153,-78,-69,9,-34,50,-158,-92,-82,19,-1
-77,-111,-221,-237,-216,-232,-83,189,110,134,174,132,61,233,276,189,152,118,-39,-20,-78,-115,-92,-185,-171,-178,-210,-46,-4420,-6969,-5932,-14805,-24805,26566,32731,32731,32731,32731,32731,32731
32731,32731,32731,32731,-22317,12262,6763,18761,17911,30158,-29258,24541,21313,28342,13708,10521,30010,9199,-15351,28698,-20180,-28647,-23600,-20119,-21711,-19293,-18377,-16604,-15342,-13428,-979,-2798,27316,-31530,-30607,32731,32731,32731,32731,32731
32731,32731,32731,32731,13663,-28395,-32545,-24368,-19060,-23380,-23581,-30270,-26829,29953,32721,32730,32730,32730,32730,32730,-29596,-11649,-829,29392,25988,23844,29993,31172,-31473,14345,22172,-2645,-18317,-20678,-19532,-21663,-23572,-25294,-19136,-17448
-15067,-4349,-3941,6344,15446,-21991,32733,32733,32733,32733,32733,32733,17382,29936,-30381,-32731,9564,10453,-17341,-12098,-14340,-18513,-17142,-31109,-29698,30630,32732,32732,32732,32732,32732,32732,32732,32732,32732,-28127,-19666,-15764,536,3687
18732,24352,27919,17104,-27546,-32414,20318,31285,18373,2926,14905,-32379,28417,-26925,-27528,-21284,-18122,-20046,-17689,-12217,-5927,-5838,-271,12263,12834,10107,8213,-390,-7309,-6904,-10747,-10302,-12774,-15445,-15514,-9862,-9765,-1636,9297,32139
22972,27821,-29540,32733,32733,21396,21683,8174,3937,-20942,-29019,-30417,-19355,-16423,-11919,-340,2232,8724,17463,20668,31766,28055,28056,-30764,28122,27897,-30663,29312,24313,31773,30371,-31777,8673,-12832,-16582,-17858,-19802,-24085,-22672,-23562
30636,-31066,31854,32732,32732,32732,32732,32732,32732,-26405,-6804,25009,-32483,-32041,23625,24515,24282,24831,16891,4390,557,-9314,24577,-29352,-23566,-27110,-13700,-11716,-7719,-1505,11579,16673,22579,-30677,-31301,27396,-32390,31540,25365,25396
26065,273,-632,-10382,-10920,-17082,-25989,-31849,30634,32728,32728,32728,32728,32728,-28393,-19949,4687,3760,29855,-26555,27980,29831,-31314,32729,22910,23148,10103,2830,25348,-30187,-27181,-25348,-22813,-18800,-19604,-16477,-8889,-2433,7443,7941
13635,18563,7937,7067,5299,-1519,-1946,-3491,-4968,-7779,-8231,-11714,-13748,-18072,-20052,-13586,-8958,3679,12416,30235,31366,29929,-31171,29712,26700,11180,4885,-8226,-23819,-26270,-13096,-18129,-10148,-2030,-75,15920,14844,31230,-32532,-31927
-32713,32730,32730,25752,31162,-31508,24678,22827,22636,4363,-21090,25272,31499,32729,32729,32729,32729,32729,32729,32729,32729,-21975,-1522,29282,20847,-31453,-31025,24692,20528,22993,11324,6221,-10608,24064,-30167,-26437,-24178,-20606,-18175,-8033
-7237,4746,7227,16446,12453,9439,12676,-22409,32731,32731,32731,31690,-32458,27878,7211,3741,-7607,-18974,-22668,-29105,29298,32729,32729,32729,32729,32729,32729,32729,32729,3811,16049,17402,10785,5294,9742,12125,10084,21396,-28919,19492
17237,5306,-26027,2230,9494,11970,70,-31944,-21000,-28262,-20009,-25044,-17418,-21535,-18080,-9740,-3570,18126,23290,17021,13912,6744,-145,-7462,-3812,5818,7315,17848,22807,-28640,-32043,32729,32729,32729,32729,22064,-30383,-32430,28904,14496
-10221,-18313,29627,30344,32729,32729,32729,32729,32729,32729,32729,32729,-26310,-25868,-11326,5488,14239,-23389,27668,23077,-32425,17641,19478,10725,16050,12121,-30445,24275,-29059,-30530,-20692,-22643,-17248,-8082,-1726,11499,23979,-27217,-32211,32730
32730,32730,32730,28261,-31919,32078,-32522,32730,32730,11752,-3262,-5024,-30471,-22351,-24768,-26249,29832,32465,32728,32728,32728,32728,32728,32728,32728,32728,32728,32728,-23860,15585,5280,-31634,-28411,32729,32729,29820,18518,13614,15527,-861
-30734,-31679,-27555,-23769,-19799,-15470,-7049,-8773,576,8170,9808,12893,6652,5763,-1011,-3298,-7092,-8477,-12705,-12042,-15576,-17597,-22100,-20428,-28428,-27477,-26895,-15346,-1758,7847,13082,15195,29007,-28336,32728,32728,30164,32160,23978,19725
20701,4589,-28637,-30086,-27552,-28994,-26988,-27222,-25431,-30438,-23384,-18325,-20029,-21523,-20288,-2725,2808,8802,3000,2082,5267,2765,3243,5799,11909,25296,24018,-29251,-32318,29120,22966,29330,24450,12844,6728,3350,21952,29917,-26829,-18791
-9315,4736,11572,24769,26870,-28553,32730,29920,-31870,32730,24711,-30133,32730,32730,32730,32730,32730,3112,-11310,-14911,28046,-26872,-31559,31567,-27542,-30955,31520,32728,32728,32728,-29244,31540,32728,32728,-26839,-19098,-24624,-16877,-17567,-1104
11519,17713,19723,-25284,32731,32731,26054,28023,-342,-23007,22474,32731,-29497,-23824,-31067,-21770,-15267,-3887,8344,18920,-32286,-29772,32732,32732,32732,32732,32732,32732,32732,32732,32732,32732,32732,22976,4406,-6718,-17920,-22971,-23035,-21083
-30123,-25574,29385,32731,32731,32731,32731,32731,32731,32731,32731,32731,-13813,-7314,12767,24613,-25418,32732,23468,30808,22768,9069,20987,7275,-14523,32530,31822,-29448,31223,-24395,-23031,-18607,-17058,-10195,-3400,-6897,-6911,-1275,3176,10547
6060,1586,1674,2086,3545,11607,12686,18284,22690,-26662,32734,32734,32734,32734,32734,32734,32734,32734,20647,15293,13491,2322,-10310,-21364,-28118,28337,32732,32732,32732,32732,32732,32732,32732,32732,-17177,-14919,9333,20826,27742,29636
30848,31359,23961,25312,18931,12583,8536,6447,-2690,-9564,-29084,-24294,-24919,-22681,-17342,-9696,-445,16994,25220,-26479,32731,32731,32731,32731,27587,31046,-31672,32731,32731,19445,9994,-78,-10686,-21422,29087,-29469,31095,32729,32729,32729
32729,32729,32729,32729,32729,-25830,-13922,-578,22884,-31871,-29840,32729,24824,32332,27822,16982,3349,-5065,29433,32727,-29515,-30396,-16293,-6952,-6946,795,-623,5882,23207,26745,28937,26759,-32343,-31985,32729,32729,32729,32729,32729,32729
18020,15040,-7285,-5536,-11705,-9212,-4848,-5233,-1795,-3341,-9030,-11374,-21743,-32545,-32280,31692,32729,-32117,32499,32729,32729,32729,32729,32729,32729,-1437,8991,-29039,-30133,-32411,32730,32680,17914,24535,-7989,-14822,20823,32729,32729,-27581
-21013,-10508,-6267,5089,15974,11192,8746,3173,2532,151,-12944,-14465,-22974,-22158,-24865,-21344,-16830,-10913,-3911,-3645,1377,5698,11795,13094,6904,8104,24264,28444,25079,-29012,32731,32731,22354,11893,-366,29070,27607,32731,32731,32731
-27096,-22651,-20351,-10541,-7430,-4709,6369,4082,438,5669,8104,2392,-5919,-7221,-5361,-10855,-13005,-12519,-10468,-9258,-5745,-4717,805,1887,3979,5388,12661,13208,11470,12163,20407,27717,-28608,32735,32735,32735,23327,6414,8661,-8416
28463,29716,-22650,-23573,-7429,-5528,5315,11807,-30266,32226,-31548,32735,32735,32735,32735,32735,32735,32735,32735,26963,-22101,-28381,26646,32735,-17907,-25388,28610,-28385,31263,32735,32735,32735,32735,32735,32735,32735,-23877,-4600,8004,31254
-28404,-32356,32736,32736,29812,7425,14465,-12903,21253,31712,-27227,32229,-20720,-17899,-13682,-13511,6447,3947,16210,18080,25512,-29212,-32259,32737,30686,-32116,19395,-32342,-31471,22238,31414,12789,641,-4077,-24727,-24531,-27234,30357,32302,32733
32733,32733,32733,32733,32733,32733,-11981,17029,27994,26385,-31080,-31984,31206,22665,10419,12730,190,-28401,26158,-21784,32559,-26192,-23097,-20084,-9296,-3826,13354,21877,30159,31820,-31975,-32584,32735,32735,32735,32735,32735,26045,24943,20950
18485,-6527,-1338,-16695,-31586,-27753,29711,32731,32731,32731,32731,32731,32731,32731,32731,32731,-3604,503,16593,-30630,-29689,32732,32732,32732,25008,18923,25328,-2352,28596,-27524,32051,32630,-23219,-22929,-19478,-16055,-4731,-6164,-6080,2913
-3024,-420,3920,8379,9084,18809,19830,12795,6097,13236,28555,-32424,-31305,32732,32732,32732,32732,32732,32732,32732,23127,18444,27640,32732,32732,32732,32732,32732,32732,32732,32732,32732,32732,-18063,17656,-30464,-28814,32732,32732,32732
29211,-31631,29514,20428,26269,32732,32732,-19010,-19997,-17698,-6775,18166,26200,-26589,32733,32733,32733,32733,32733,32445,-32707,32733,32733,25381,-32521,-15596,-21701,25986,32732,32732,32732,32732,32732,32732,32732,32732,32732,32732,32732,-14012
7896,14557,-21042,32732,32732,32732,32732,24363,17651,31365,11867,-18143,30967,30375,-31127,-28807,32579,-28904,-14335,-9924,18171,29978,-27723,32731,32731,32731,32731,32731,32731,32731,32731,32731,-25550,28891,31419,-27267,30679,32731,32731,32731
32731,32731,32731,32731,32731,32731,32731,32731,-7381,16783,-23497,-31436,32732,32732,32732,19644,29079,32124,-2029,18898,-32552,32402,-28695,-17981,-23681,-18838,-7633,-5670,5188,13173,25145,-31162,-31192,27197,-30957,32734,32734,32734,32734,32734
32734,-9280,-24457,-8370,-17015,-29611,31884,31663,32732,32732,32732,32732,32732,32732,32732,-31479,-30483,-23570,8543,3748,20580,-31460,-31388,-32395,32734,32734,23237,29057,18353,32564,-3620,19144,30592,32733,-29321,-19759,-10043,5450,10260,-29865
-29400,32734,32734,32734,32734,32734,32734,32734,32734,-26642,28348,-20590,27709,32734,32734,32734,32734,32734,32734,32734,32734,32734,32734,32734,32734,-19350,-3324,9635,-26165,-30065,28069,-31247,32734,30823,23466,30819,-22086,-18804,32024,-27356
-24690,-23721,-22045,-17309,-8148,-9754,10347,13674,23177,32174,-30302,32736,32736,32736,32736,32736,32736,32736,13386,30917,-20653,-3979,-8236,-3740,-4415,-10086,-10696,-16846,-27995,28090,32736,32736,32736,32736,32736,32736,32736,32736,-29054,7529
9425,-31719,20346,-27655,-32656,11314,-29378,5961,3664,1514,-6558,21189,31659,-19709,-22887,-16848,-18049,-14343,1578,6007,12506,24258,-27241,-32399,32740,32740,32740,32740,32740,32740,32740,32740,24166,24610,-20048,-10234,-25118,-25743,-19530,31746
31856,32496,32740,32740,32740,32740,32740,32740,32740,32740,-31648,-26593,-10585,-5938,-13533,-15361,-9197,3610,12634,5811,98,-4373,98,426,5227,10425,11926,21117,21990,23696,31420,24802,23942,29606,16685,12865,11437,8862,6699,-15690
-19055,-19117,-24055,-19523,-22468,-22153,-12552,-14132,-5360,-7706,271,12668,27659,26587,-29868,-32430,32744,32744,32744,32744,32744,32744,32744,32744,6528,-24623,-17606,-21986,-17180,-15558,-13855,-22060,-27536,-23879,30946,31912,32742,32742,32742,32742
32742,32742,32742,32742,-28118,-7830,4649,11697,15231,32074,31910,23661,17209,25696,27387,10752,9056,9210,-10535,32341,-29912,-29629,-20559,-15502,-10839,-8002,-1457,2791,-1590,-1889,-5272,-4057,-6317,-13000,-2279,-1540,129,-1938,-9520,-12390
-18452,-20333,-19722,-17759,-12485,1073,1882,21525,26480,-32731,-31095,32743,32743,32743,27886,19012,14250,10697,6401,24289,31126,-22868,-13219,-6673,-605,5957,20721,31034,-29220,32742,32742,32742,23577,27440,-30009,32742,32742,32742,32742,20773
-23656,-24386,-19329,-17387,-11917,-15169,-24554,-23443,-23807,-25160,-20501,-21940,-32670,-26736,30103,32741,32741,32741,32741,32741,32741,32741,32741,-21230,3690,15465,28092,-30668,-31632,32741,32741,31232,22366,-3794,-16643,29366,-25277,-27705,-20697,-25288
-16975,-2964,-1232,13619,25102,26330,31417,-30895,27562,25420,-29777,32743,32743,32743,32743,32743,32743,32743,8014,-18561,-19722,-20594,-15009,-12365,-6798,-3116,954,-178,-10209,-8977,-19672,-16742,-24076,-26186,-28416,-28991,30535,32742,32742,32742
32742,-23800,-27273,-29138,-15014,-3256,19516,-32261,-29200,32743,32743,23618,29616,7902,19906,29088,32743,-13927,-18832,-10174,-8647,-4514,5001,15957,25214,-32111,-30975,32745,32745,32745,32745,32745,32745,32745,32745,32745,4680,-13777,-23134,-25519
-18201,-10867,-6501,-11525,-16214,-28752,28326,-26347,30595,32743,32743,32743,32743,32743,32743,-18031,7250,23909,23171,-29589,-31811,32744,20621,16872,9070,-12514,20347,32105,-17436,-21158,-13804,-7845,2989,8805,15378,26568,-27279,32746,32746,31381
-32335,32746,28882,-31502,32746,32746,32746,1966,-9397,-19842,-15926,-25805,-25451,28549,32745,32745,32745,32745,32745,32745,32745,32745,32745,32745,-22613,2243,9260,19365,-23502,32747,32747,32747,24378,26945,19285,16886,3822,-31378,31771,-29935
31081,-28811,-18943,-19758,-18877,3138,79,-4368,2847,28,-4295,-10101,-13843,-17015,-12530,-12900,-17064,-14891,-13785,-10026,-8595,-7205,-1167,-2185,2002,1658,642,-1217,-890,-840,-884,0,9,1898,1957,-1630,11501,26075,32494,-31132
-32595,32750,32750,24119,12041,5132,20522,-2182,-26659,30205,-31040,-21943,-10432,-5050,4669,3789,21680,29813,-29376,-32628,32751,32751,32751,32751,32751,32751,32751,32751,22497,-7907,-22087,-25429,-26433,-32751,-26227,30116,32750,32750,32750,32750
32750,32750,32750,32750,32750,-15494,10389,20108,-23088,32750,32750,32750,32750,30321,25546,19429,2669,9899,-5982,-14643,-31639,-22535,-25530,-16395,-18486,-16822,-16622,-14931,-5937,3954,4756,7527,12554,29423,18644,21172,16257,6939,7108,1557
-6194,-6211,-10352,-12866,-16150,-15651,-19489,-21178,-24063,-21122,-21850,-15145,-5349,942,4970,14815,24661,26522,-32579,32618,-32297,18832,22486,27532,5435,15926,-5587,-23524,-32419,-26876,-23187,-21143,-21952,-12979,-14299,-13423,-1076,-4372,-4041,-2137
-2204,2671,4490,5185,-5018,-9076,-10750,-13567,-13932,-12743,-11039,-10346,-4935,-1753,1147,10713,12895,14033,16366,28117,19364,21754,31194,-30486,-32747,28850,23773,25317,13203,-26717,-30333,-32353,-28703,-21072,-15803,-14312,-1371,7127,15229,-29462
-31394,-32409,32754,32754,30352,30599,-31797,32754,32754,32754,12072,-5585,25591,-22203,-18588,-21315,-24942,-25048,-26775,-20017,-26526,-28213,-25918,-25979,-24624,-29544,32220,32145,32753,32753,32753,32753,32753,-27462,-17853,-20537,-11589,-8596,-559,139
9355,16384,-22838,32755,32755,30701,-32097,25262,17180,23199,29499,1211,7661,2825,-2108,-8118,-16422,-21258,-24668,-26347,-24769,-25839,-7838,-12758,-7894,-4177,-2164,-335,10312,20788,17176,19613,32187,-30246,32754,32754,32754,32754,32754,32754
32754,32754,32754,-6276,25314,-30110,-16985,-2321,-2397,436,-1110,4451,2624,-10259,-11243,-7984,-15007,-14557,-23841,-31376,30247,32753,32753,32753,32753,32753,32753,32753,32753,32753,-27677,6545,2039,7971,11224,20489,28750,20013,28236,20639
-32231,27356,21820,7795,8630,-718,-8915,-27233,-19604,-17974,-23510,-8985,-10625,-5251,8477,17369,26598,26103,-28764,32754,32754,32754,32754,32754,32754,32754,32754,32754,24472,-15383,-27038,-20695,-9610,-6696,-4989,-2053,-4023,-9294,-6142,-24015
-23213,-24015,-28662,29783,32754,32754,32754,32754,32754,32754,32754,32754,32754,32754,-23492,-13132,6659,12258,22803,-25287,32755,32755,32755,32755,31717,22419,21042,21554,-22,-25902,-31705,-24978,-20969,-16746,-16828,-17094,-19737,-19756,-21926,-19012
-14238,4803,14248,26858,-31014,-31383,32755,32755,32755,32755,32755,28346,-31312,32755,24970,8549,-3905,-21662,-16060,-26707,-26077,-19618,-21813,-28061,-20452,-22327,-27876,-21230,-23304,-24333,-16695,-17400,-18433,-15752,-18035,-17229,-24025,-22902,-22313,-22590
-17372,6736,7077,15479,24937,26968,22684,28010,-29638,32756,24770,11040,14959,15460,-5105,-28564,-31221,-21860,-18111,-16076,-11867,-13105,-11892,-1058,10506,7484,29867,-27487,32758,32758,32758,23083,29563,24479,-14259,-2752,-15613,-20005,-14656,-28144
-23945,-25717,30898,32100,32756,32756,-28155,-16634,25563,-21425,32756,32756,9864,29695,-29217,-22181,18300,32755,-11580,-28145,-14282,-8765,-8860,6997,15883,29402,24383,31645,-30954,32756,28755,-31447,32756,27084,31533,29191,25708,20373,-31823,5312
1860,-14256,-14177,-13045,-19727,-30865,-28579,30286,32755,32755,32755,32755,32755,32755,32755,-29224,3810,20263,-22525,-32570,32755,32755,21946,16591,23357,2285,26944,27933,-16481,-17905,-17264,-5473,2484,7184,13132,27167,31807,-30585,31203,-32708
30150,16674,19192,9818,12553,12158,13903,-573,4978,11299,5388,6567,6470,-1850,-7964,-18502,-21124,-29184,29222,32758,32758,32758,32758,32758,32758,-13992,14192,-17755,28105,30058,-31361,32758,24040,-29872,3899,-6522,16290,32758,-4854,-6947
-16800,-14244,-4427,-3300,13851,14207,-30289,31183,31000,29861,31004,-32281,-32601,32759,32759,24086,-29886,31649,30607,-28249,-15882,-1705,-1371,1467,-1983,-8925,-9599,-24723,29116,31732,32759,32759,32759,32759,32759,32759,32759,32759,-27146,-15376
8470,21759,-23485,32759,32759,32759,30852,-32142,-10529,-19310,22156,-32634,-12474,-13534,-10512,1235,9369,24008,-31215,-30793,32759,32759,32759,32759,32759,32759,-18987,28798,-8864,9602,-2921,-15746,-6027,-5463,-10236,-21206,24922,32759,32759,32759
32759,32759,32759,32759,32759,32759,-20660,5495,10059,27523,-26435,32760,32760,32760,18777,29606,27391,8178,-4192,25207,-27894,-17150,-17179,-9106,-8294,6124,9412,26698,-27518,-32396,32763,32763,32763,32763,32763,32763,32763,32763,20001,-29274
-21258,-12058,-15065,-23970,-7406,-17929,29464,31054,32763,32763,32763,32763,32763,32763,32763,32763,-29516,-8214,6113,2584,18221,28781,32125,-31296,-32670,32766,31819,30859,27721,6063,22456,7246,-5196,31425,-28513,-26887,-24289,-11043,-19207,-14169
