0,-772,-772,-290,9,191,360,510,207,-1147,-820,-1582,-607,348,3166,1304,-1127,-897,-939,-895,-1301,-1400,-1126,-1039,-801,-405,-455,-730,-852,-1013,-697,-505,-966,-883,-877,-397,-338,-235,-412,-604
-655,-593,-334,17,-101,-216,101,144,112,286,359,162,10,115,131,82,152,216,205,236,182,145,-98,-64,117,72,-108,154,-50,1394,9808,13781,13143,31561,31229,27003,23414,4432,-5834,-13724
-8765,-17633,-17733,-13517,-14165,-15490,-17272,-25973,-22215,-25814,28481,-32156,-15451,-20447,-19862,29722,-31984,21930,27549,20744,19264,19462,-30416,29551,14602,15796,19433,6932,8583,7450,6179,12242,-25749,-31634,32602,22775,8865,9199,-4056,-611
-2297,-12496,23112,32717,-5511,26912,27877,17903,5636,4180,10228,22899,17861,5145,5622,1002,-5107,-11382,-21379,-19211,-21913,-12639,-10149,-18532,-24080,-25290,-20103,-31874,30323,32598,32598,14524,-22677,29213,20403,8154,17800,19248,17125,3438
3589,2732,-5381,-1133,-235,11831,26636,2100,964,-23282,-5679,8877,6640,-6861,-7759,-2871,-6993,10702,12800,-541,-4844,-33,4230,10379,7738,9116,6600,-104,-2292,-8753,-8900,-8188,-8606,-9070,-8688,-14590,-13464,-12686,-15836,-14277
-18711,-23247,29637,-27208,-27018,-31173,-12948,-18729,31654,-22604,23592,31008,21634,21829,16592,17504,10182,83,11723,11422,-396,9073,15824,18685,20722,9124,6846,-3986,-9826,-8461,-11544,-9795,-12080,-11868,-10148,-15735,-13500,-13628,-16057,-27522
-22710,-17044,-28159,-30365,-21430,-11752,-27138,-24497,19987,-24351,22201,7928,10110,5027,1610,15417,-1173,-9379,871,300,-4761,321,1798,1259,-3363,-952,-1705,-18316,-8423,-621,-2062,-13101,12262,11443,979,5377,401,9257,6043,7928
20465,17759,21241,482,-12538,-12404,-7744,-10999,-25858,-22292,-16180,-14151,-21739,-27672,-20839,-15092,-23435,26836,32587,32587,2819,-30227,-26908,26692,16742,5338,9150,7106,8290,12892,3182,2505,13940,18571,15215,10544,10162,304,1956,1871
-12617,-7926,-2025,7281,3976,2533,2135,4629,-1212,-4495,-6230,-8046,-16395,-16574,-13748,-13115,-21116,-19472,-26688,28936,-30789,-19337,-30430,-26429,-7064,-14922,-20238,13987,-22955,23345,16855,14251,15555,15020,8964,6295,-2578,6270,11952,24898
22594,20036,20780,7052,83,-7082,-7719,-10219,-9211,-7788,-6007,-6150,-6954,-9888,-12794,-12983,-15177,-17015,-18812,-30503,-25059,-23980,-18637,-14641,-13910,-23207,-28162,16911,-26860,21497,6221,-4111,6299,14902,6662,-4883,150,3905,-363,14689
11340,-3860,-2063,343,2198,-15999,-15973,-7825,-3172,-3803,20391,19613,21637,21201,20794,4380,-5065,-6450,-10373,-32575,31737,-18895,-20659,27527,32410,32551,-30398,-14168,-11071,-28210,-23815,20222,30240,11005,23326,25629,10561,4837,11269,11758
11145,9631,16024,19458,19486,-27637,-32449,26118,5160,-2416,-20797,-25861,-14991,3045,4490,2409,388,9138,3713,-1108,7004,-569,-18404,-13810,-10781,-15489,-17709,868,7003,-18766,-15559,-16040,-11229,-9299,-11265,-14367,-9138,-16817,29338,-12427
-12169,26679,-23003,-17776,-15600,444,11702,-19669,31684,19214,19871,20031,9229,8407,2416,6118,11827,18294,14062,22295,28973,8850,1298,-14799,-8604,-5363,-2932,-28,212,998,743,1318,-1440,2793,4305,-10821,2981,-5486,-13897,8627
16008,18293,20289,17583,5884,8005,1626,4324,3313,-1454,-15165,-19418,31488,-27410,-11152,-19324,-25189,-29182,-32760,-17733,-18595,-19155,-15862,24610,-23456,21639,-21532,13023,24885,20987,24056,21523,2017,10203,21400,12651,11697,29524,-28606,25495
9354,-8409,-12829,-9689,-13896,-15883,-10950,-5742,-13796,11653,20465,11698,-4246,705,16385,18256,23446,17923,7116,6746,2409,1085,2581,97,-8582,-17996,-14650,-6884,-11732,-24487,-19334,-20487,-30829,29728,32571,-8590,-9737,-27422,-7154,7285
-29209,19143,23496,18663,13040,9714,16196,3463,2546,11385,7993,8599,9181,11180,5187,4660,-2866,-1254,-5634,-4440,-6877,-6660,-4752,-4672,-4672,-1698,1861,-1529,-7002,-13551,-14026,-14335,-22926,27730,32005,32569,-13282,-18048,-27294,-19589
-28338,-23612,-15714,-29225,26399,6383,16800,22487,16992,3854,7470,1102,1440,9889,11412,5383,6415,1210,-643,606,2114,-478,-4807,-7693,-18295,-23226,-17752,-30790,29439,-20907,-17263,-14181,-17656,-18662,-22272,21495,-20373,17124,12862,7604
9700,2486,-2085,8656,15289,17551,14434,8028,4777,-12950,-8614,-6786,-14294,-16346,-6846,-3565,9986,12879,6422,2516,884,1956,10233,13488,314,1481,9586,8678,13185,9924,8182,9347,3980,1288,-17919,-24670,-15695,1307,-5752,-13392
-16309,-17851,-14958,-29005,29143,32289,32559,32559,13663,-29628,30489,29424,28035,25515,22714,22927,23452,16301,-6884,-1644,32021,31523,31408,24268,-1205,-9343,-14839,-15618,32275,-28161,-27691,-19042,-2882,-6013,14681,13754,7514,4647,11091,15893
18007,15135,5969,6359,-900,-1233,-2164,-2604,-9021,-8215,-15877,-21181,-18369,-14617,-15859,-20478,29133,-31952,-14607,-22029,-27543,-31647,-28241,-8804,-32137,-26066,25161,24440,20969,27076,18885,2384,11955,14395,-7381,-235,20958,6711,-4333,-2275
437,2617,2805,4858,4103,5992,9732,7662,7009,13002,9078,699,-266,-1750,-18234,-9546,-22127,-17043,-5713,-6433,-2212,13454,17740,10168,19224,25991,17748,6535,1401,-373,-6279,-8939,-19916,-20293,-9117,-14620,-19846,-28078,-28042,-23013
-28807,-22238,-7500,-2603,-11097,-18529,-28098,-13212,22186,16011,23840,21938,21657,23058,16173,637,-6683,5781,13143,4958,11579,25238,13784,-12961,-11075,-15781,-23324,-29916,-20241,10841,5114,21175,15554,9607,15822,19448,27773,11139,-236,4092
-2250,-11117,-16980,-24500,-27227,-24076,-19244,-14394,-14719,-26667,29510,-27832,-5981,-21905,-29087,28957,4674,-28374,24875,25651,13640,16748,19080,17617,16789,14388,13397,9444,16277,21203,21909,8225,-1237,-4008,-10752,-4217,-9620,-14814,-7571,661
-7738,-2936,9326,4216,4167,4336,2598,2981,-347,615,492,2686,3106,9394,1603,-2694,-1320,-7746,-9678,-4881,-9858,-23156,-21909,-19159,-24644,-19262,-17235,-19220,-21593,-23238,-26691,-26060,28955,32551,30704,27257,19656,17377,20257,22078
15679,15229,12344,5277,21566,25897,23482,26847,-8984,-20050,-20402,-13059,-8345,-15624,-16145,-8809,-2937,-2005,-1295,666,-737,-2429,-9099,-7057,-13612,-12757,-25983,-27011,-22121,-27072,-29975,-25118,-9077,-13678,4939,-25588,30527,6722,4103,14139
10068,9993,7481,12420,4684,7916,21882,30764,19689,-5497,-20293,-12168,-4549,-7383,-7109,-7157,-4609,-1637,1471,-1036,-1571,-789,2506,2987,3002,2197,-2340,-6339,-13161,-22630,-13492,-23509,26421,32550,-27874,-11543,2474,-23349,-31866,-20158
-28982,11160,7251,14855,4310,1291,2750,7359,5979,6949,16247,9309,15107,13220,-12568,-31492,29833,-29737,32343,30485,12160,1770,-4169,12855,21383,21602,14995,10280,3607,-7549,-6035,-20600,-19416,-22107,-20759,-14682,-19016,-15036,-10647,-23441
-25111,27723,32549,-18687,-18497,-20680,-18338,-24877,-32501,26429,9506,9477,17190,14193,1889,4161,6785,5139,8341,15823,22051,-27531,23407,11284,9418,-22426,-24316,-12172,-7752,-6527,-18439,-17342,1045,12365,21563,18605,10941,-794,1877,-5879
-6149,-15140,-15887,-18755,-15700,-21226,-11680,-10865,-18330,-20873,-18370,-30409,-21885,-32037,30638,-6611,29234,29439,17514,26917,20555,19911,7548,-667,1464,9068,5913,10273,-21555,32676,32548,26462,1987,-23352,-13421,-15263,-22065,-21401,-15835,-40
-2791,12063,3130,13925,1291,7603,9355,3393,2070,-6067,-11456,-9770,-15332,-16341,-18422,-20311,-23208,-14117,-15150,-27613,-30155,-30620,-27642,-12462,-10564,-25881,-1311,26031,28305,14808,15984,23466,13731,9803,10520,9736,7629,15457,5088,7225
15161,17837,13349,3508,2989,-6852,-3488,-13167,859,8273,9572,5586,-3734,-2395,-7255,-5088,-3026,-4572,-3552,8734,14774,23937,17463,17476,18605,24861,18465,-10875,-3746,-17896,-13049,-19814,-25407,-24154,-18256,-30358,29517,-31995,-27540,-10457
-22965,-17885,11817,-32394,16071,25344,21613,14161,16191,16522,17924,10779,1625,10497,12629,17512,19253,12000,7273,-18817,-10584,9318,2634,-2037,19822,-3312,839,-2032,15285,20563,19462,20256,15593,11077,-394,-5081,-14091,-12095,-13762,-17851
-19441,-17349,-31869,32252,32343,-30627,-31632,-25923,-31277,-29878,-3028,-26832,-31829,28308,21144,18258,18086,12439,5642,9604,14536,13752,28108,-28329,32543,22956,7896,-21887,-12807,-23591,-17192,22463,14951,19421,6555,3422,23333,32294,-31801,16873
11144,-493,-1723,-8722,-20420,-20378,-17464,-24991,-22354,-15147,-24829,-29337,-20561,-23000,-32210,-18092,32330,30742,21280,-22909,17622,9848,19991,12809,15962,20556,15757,15799,14664,10747,30078,-28785,11729,17957,19508,-7329,-12252,-6484,-22967,-4761
-1724,2939,13280,5090,-7677,514,-1907,625,-7364,-11797,-14718,-21325,-28095,-25380,-26196,-24457,-14275,-12642,-1645,-5861,-19466,-23717,-24474,-23743,-21213,-21258,-13125,-19959,-23778,897,12868,-28994,23756,14861,6276,4024,-1568,-9782,-4092,-1851
536,22347,9103,-7121,-5542,-22455,-21032,-16689,-27439,-22731,14370,1055,-3974,17674,20332,7285,7774,9243,-330,-9137,-11157,-13983,-16027,-19274,-20104,-16543,-15812,-16529,-21534,-25872,-18527,-25837,28029,-31773,32123,32533,-17644,28988,20286,22394
13146,15428,13463,10235,-166,4012,4405,7265,32511,-29878,16926,12894,-3983,-15487,-13269,-12853,-12710,-12377,30254,17572,-8454,-16211,-9233,1153,-181,-1804,334,11994,-4259,23802,6663,542,1185,4436,2724,-8776,-12175,-21391,-15684,-18351
-19879,-24654,-17541,-21048,-28279,-22979,-21041,28950,-23644,12366,27367,25471,15212,20777,20503,17776,19133,11134,5256,10309,17177,25270,26022,22135,12201,-9489,-6885,-8728,-4520,-3342,-3931,6230,-3504,26093,-4558,-6478,-7111,10384,19215,15249
28897,8195,1640,-8226,-8845,-13867,-14543,-21572,-20170,-20870,-12742,-13114,-6920,-5893,-5400,5009,13300,3831,-5939,-4261,1069,3328,-2610,-4579,-7466,-8566,-19144,-20330,-15859,-17289,-20797,-23550,-20024,-22211,-28624,-32114,-28440,2944,2183,8974
14146,18207,25244,25997,11960,9959,16332,18654,6864,7006,16725,21648,-30443,-31624,32524,13844,-10782,-9086,-6188,-3228,-11984,-16540,-17739,-18169,-16805,-27781,16621,-978,2268,16677,16926,22961,17423,10953,9502,5573,7191,178,698,-3561
-5415,-11488,-13579,-16043,-12431,-11819,-18812,-14230,-11424,-25462,-26783,-14571,-13390,-24287,-17806,-24933,-32747,9773,-27033,25826,15758,8910,10706,6025,296,722,-3456,3395,12553,-4453,3834,17667,25631,15923,2605,-2364,-4686,-8151,-5345,-8899
-13554,-19444,-16441,-12798,-11412,-4075,-6006,-9460,-16446,-21718,32530,-24134,-9755,-16109,-11264,-1372,-20415,28192,-1448,-11273,18655,4295,-6136,107,5102,-759,875,-578,-3639,8795,11535,8538,-7367,-3016,-714,-4177,-2409,3332,-124,-26857
20410,12707,-1316,-2125,1385,9579,2890,10538,15406,4905,9891,8282,6389,6282,4107,7002,7535,1885,-3906,-7250,-936,-14645,-15342,-19433,-23693,-14392,-19193,-31511,-24569,-32203,-32724,31907,32517,3439,30491,24481,29096,17407,10891,14858
19140,18820,12493,2810,4121,5212,17817,-27052,27197,5954,-4180,-6967,-4131,-12682,-13171,-5362,-2541,-3412,15949,31454,-1204,489,-5608,-3298,-3777,-4563,-1196,-985,-2568,-1078,10828,7087,13251,7652,-2251,7243,-3981,-2127,-2886,-9551
-26140,-25282,-13704,-9916,-7580,-15975,-5813,-17539,32330,29491,32515,-27364,30630,-24143,-3212,25277,15142,-7509,3444,21772,13418,10324,7888,3910,-1461,-1116,6573,6860,7266,1034,-9244,-6835,-12238,-6728,-7136,-22367,-29922,7124,3560,-12584
-8445,-10572,6040,2170,1568,10412,17476,14884,13863,8380,-9937,-12864,-17630,-16754,-17213,-28301,-20489,-19357,-24995,-26937,-19012,-18882,-30637,29493,-28171,-26189,-32363,28178,9283,13011,8308,12865,12668,8325,58,729,13015,14052,3747,-11354
-3849,944,-10921,-22973,-15644,-8151,-8063,20435,6156,-5865,-4067,5626,7904,13721,9357,9951,4994,-13632,-14308,-20603,-20715,-31451,-26658,-27649,-23834,-22304,-25462,-21793,-27614,28996,32510,-28557,-15420,-31203,-31787,-20899,2350,-21247,24894,15615
11962,22104,16474,5121,9822,21756,19706,14555,19361,15343,11363,7846,-842,-8727,-10044,-7873,-7110,-5559,-3290,-2155,640,2218,1870,1172,-1030,-1812,-1027,1171,551,-425,-5091,-6080,-8514,-11067,-10950,-15813,-30975,-19082,-17857,-28300
-23153,-29105,-15884,4175,-6611,-30011,-30461,20998,-32101,22274,26701,22113,16247,-2528,-1006,3301,4887,7423,21648,25819,-380,-3221,644,-7050,-11992,-30589,-25131,-10101,-4411,3776,23911,14064,6663,9550,14187,14401,6788,8035,-1465,-10656
-18006,-14648,-21429,-20116,-16836,-19516,-19531,-18572,-30739,-18493,-14993,-21162,-13892,-9813,-8343,-21481,24746,-17878,-14544,26509,14211,20760,18328,24871,23835,13502,-6795,5671,15078,8641,4651,11432,16106,11846,9430,6890,2781,3614,-273,-1926
-7924,-6442,-7459,-7088,-6570,-7211,-8260,-4706,-8233,-7081,-8896,-4444,-8032,-11040,-9106,-23415,-15022,-11884,-23021,-23624,-16656,-12028,-6869,-14028,28508,-17558,25070,22424,16390,14354,17246,11701,11612,11179,11443,4596,15499,23316,19347,15197
12826,14389,7291,-9911,-17659,-14601,-7218,-7167,-6533,-5595,-4034,-2283,-2381,-4513,-7867,-9951,-13056,-19460,-18275,-29343,-27281,-16798,-23526,-25202,-23107,-22502,29004,-22261,3045,-29265,18729,19145,15327,8083,4810,5084,7099,33,-9289,-4202
-2050,11269,-3026,-4476,4808,2642,-998,-303,-4595,8602,-2879,2150,10739,8629,9720,10121,9183,9581,16657,14899,14766,8014,8207,9124,3619,5665,-609,3950,-362,-516,-900,-7358,-14686,-13099,-17171,-13135,-6924,-8759,-5610,-6596
-8813,-7833,-19635,29516,-27530,-15934,-32702,-16078,-380,-8012,-19679,-13698,-11716,26582,18306,11196,4133,6732,13777,15595,5733,4417,4679,5412,843,2791,17732,15444,18199,21574,-28879,-32335,23519,10786,1429,-11840,-2723,-17013,-8096,9766
-9091,-877,28895,29982,20647,-6424,7736,3359,345,239,-286,-822,-158,3345,11127,15756,22850,24056,21843,16396,7135,405,-8189,-8937,-12368,-8530,-7586,-11279,-19751,-16277,-14775,-6759,-11812,-17064,-18370,-19365,-21809,-22941,-22927,27333
-22949,-4546,-17376,30940,30107,8694,-30931,-27446,32504,8840,9330,5037,7998,8653,9228,15079,30810,27491,-30089,21482,-3347,1940,-7636,-11935,-19623,-16242,-20017,-3213,2427,21253,2407,5037,-2129,1521,1639,-1069,-2293,6327,6492,19130
16178,10419,18527,19019,19626,-763,-7121,-1929,-877,-2202,-19524,-23023,-24106,-20214,-26513,-19024,-24749,-23275,-12264,-25779,27244,32506,-31869,-16363,-10512,-19128,-30417,-2013,27256,22528,13162,16937,8671,7393,10801,15781,6841,5338,11767,155
4637,17125,24372,-28452,-32557,28661,24697,8925,12411,14104,3229,-20259,-26653,-25224,1842,-23379,31733,14836,3253,-513,12864,15958,8374,687,-5273,-7640,-7276,-6386,-6674,-9241,-9054,-9622,-14685,-12410,-10320,-13354,-12729,-13968,-14226,-16237
-14621,-8593,-13903,-28536,-29091,-23085,-16513,-18378,-19610,-17642,-18734,-18008,-26389,3851,-29370,29078,20590,15367,9215,18024,8018,6963,15042,14037,10353,4629,12147,23649,-28331,22927,485,5670,1232,-10772,-13611,-11402,-5898,-4867,-8239,-8383
-5323,-6067,-5732,-4803,-5115,-10653,-16972,-25010,-28924,29195,32500,-20661,-11539,-13830,23252,-30347,-23010,32500,27898,13727,3077,9021,10110,9983,10377,27622,28872,24927,14144,6568,-2959,-9290,-13036,-2384,-2128,-9994,-9196,-2598,3304,17651
11047,8249,823,-2130,3739,4991,11955,10769,14464,-11572,-13099,-14434,-15541,-21569,-20890,-13480,-22156,-31744,29905,32502,-29908,-26688,-18918,28209,-24856,24219,-20305,32502,14952,2650,2561,10634,9354,10419,4341,-797,3176,5354,14474,223
-1499,-10534,-9605,-16735,-11471,-5514,-8351,-18086,-10601,-3106,-4678,-542,-1644,5932,6695,8450,11669,19509,14391,18346,7876,-1033,31421,-24172,-20605,-24356,-17127,-26175,-24485,-11778,-20835,-23913,27154,32500,6648,15835,-21219,31187,-9045,-7461
395,7292,8343,4461,-7064,-7484,4810,3030,1795,405,-7517,-2089,8108,7367,6676,244,26297,7746,-19574,-12793,-16664,-8694,-9780,-649,2930,13365,14528,17712,13450,19983,20640,21866,6560,7431,-1790,-21054,-22988,30976,-24103,-16740
-18175,-20651,-31351,29767,-30909,-30968,-30934,-20087,15582,32225,-30889,10785,-10267,-5395,1684,7358,5594,8487,5567,4436,6146,1875,-746,-14393,30659,29176,-269,32500,-2677,-12636,-17471,-5962,-3310,1780,14429,12892,12233,9396,10446,2845
-14301,-12414,-19277,-25312,-28493,-21267,-22918,-25819,-19300,-23211,-31212,-31120,-29466,-26767,-14747,-28636,-29157,-4868,14887,-30823,22897,9755,12449,16511,11709,3917,8721,3096,5887,16644,6863,2002,3638,-13814,-14402,-13285,-22568,-28813,-11088,13506
-5928,-9742,-23490,-824,13132,22933,30944,-31735,-279,-11740,-13494,-14192,-20337,-22276,-13928,-16007,-12880,-9032,-10368,-10566,-14576,-10703,-14320,-20219,-25913,32175,-29468,-15127,-13190,26143,-25110,14814,29507,23402,8470,6270,22759,25749,20994,27008
