0,0,0,0,0,0
17,0,77,672,1017,-46
17,0,77,672,1017,-46
24,-4,-108,876,798,-343
29,-10,-83,1389,1392,-393
37,-16,-64,1476,1298,-722
43,-19,-48,445,1189,117
49,-11,0,-243,-171,454
48,-16,-13,230,758,225
52,-23,3,-229,-871,391
46,-19,0,-38,-260,352
46,-21,-2,90,1058,268
50,-21,0,-278,-312,191
46,-19,1,31,583,122
51,-19,-7,27,583,102
52,-19,-6,-52,126,287
55,-17,-8,599,842,181
58,-18,-10,443,629,318
67,-25,-9,320,342,626
65,-25,-7,227,409,821
71,-30,1,-175,1372,1298
73,-25,0,-788,1233,1657
100,-1,10,-2699,2329,3098
114,1,10,-1523,2804,2251
120,-7,26,-983,-1587,2398
113,11,10,-1602,1327,2575
101,20,10,-1518,-975,2167
101,16,2,-966,-1148,1287
69,32,1,-237,-2031,2371
52,34,-13,-779,-2609,2414
22,42,-2,342,-4830,3474
-20,21,-30,-156,-751,2493
-10,32,-19,-1013,-2628,3216
-70,53,5,-2040,-2780,1059
-61,56,-1,-1710,-3005,1514
-107,83,10,-2039,-3746,678
121,104,24,-2406,-5836,1435
54,-115,51,-1467,-4265,1333
58,-125,58,-1145,-6065,685
-51,-94,-106,-2071,-7245,706
E
-37,-93,-104,-2160,-6151,16
-104,-92,37,660,-4205,-1671
-90,-108,-1,-234,-4338,85
-95,-71,108,-2204,-6906,1050
-79,-74,-97,106,-2617,160
-81,-81,-70,311,-2236,184
-91,-68,-71,-1269,-5051,1280
-69,-44,27,-701,-2941,543
-65,-63,-2,819,-1605,340
-61,-51,-1,-145,-3411,402
-58,-54,13,-3,-2997,781
-26,-51,49,-439,-1221,627
-23,-39,66,-2350,-2442,1351
14,-53,-121,-6516,-2528,2188
47,-74,-101,-10671,-2578,1878
91,34,26,-10391,-10957,1056
-56,-79,57,-5889,-5065,2076
53,58,55,-5318,-2989,4017
31,69,62,-5392,-6413,5271
100,5,82,-9093,-2645,2906
62,-52,119,-8448,-6991,3216
118,113,60,-5238,-1765,3300
106,-124,27,-9682,-3042,5116
95,26,-86,-7317,-473,1751
82,43,-105,-9167,-2797,1958
61,-63,-99,-8605,-502,1355
67,-56,-98,-8329,1004,700
59,-76,-62,-6330,661,-666
72,-50,127,-4049,-1,287
83,-57,65,19,4369,-674
88,-36,55,117,1230,-1236
105,-54,16,-431,3988,-3222
-85,-103,-22,1270,1179,-4546
-33,109,-6,1823,378,-4402
37,38,19,689,593,-3928
125,8,91,-1413,-2593,-2732
-11,-38,-73,-3346,711,1373
-6,1,-93,-5988,1504,4252
-32,59,108,-9564,-87,5726
-128,-33,-89,-10416,-451,6271
E
66,82,85,-8914,-6007,4605
-24,-26,3,-8173,-5242,4895
98,-45,-57,-3621,-7940,4705
37,14,-46,-3143,-7009,4720
-30,97,-26,-1025,-6067,3974
109,-86,29,2785,-8467,1721
63,-109,51,5350,-6972,2512
23,-102,84,7172,-6790,2656
-67,115,-60,10724,-6750,2058
-110,87,-27,12061,-5698,1167
39,27,82,10300,-5319,-2208
-11,-31,-108,11089,-5869,-4333
-49,90,-5,12460,-541,-7694
-13,23,17,12140,1344,-7583
39,-78,66,12701,5685,-7682
-108,7,-45,11264,7926,-5655
-86,-33,7,7961,8673,-6906
-44,114,57,3315,5529,-10252
-99,-54,66,-306,7826,-8778
18,-79,28,-4567,8338,-8862
42,-126,-119,-10736,4603,-7021
-89,-76,-15,-9867,23685,-4807
-44,81,-91,-16961,13006,-5100
90,-44,-93,-15957,17648,1074
-92,82,117,-17359,1915,2789
-100,115,28,-18354,3385,4562
127,-56,-71,-20731,-9738,5028
92,18,0,-16659,-15487,7831
-87,-59,-120,-9893,-6122,6282
112,13,98,-6878,-4263,4992
-33,124,52,-282,-8394,3028
-40,106,67,-715,-7633,2990
-92,-125,103,4318,-10532,1234
-64,106,107,4546,-4978,1087
-52,-4,-15,8794,-9054,4465
-46,-3,-11,8508,-6875,4147
-43,-104,-50,12022,-17321,5083
10,-113,-68,13141,-5893,4462
-28,-70,18,14024,-8838,2540
-95,-68,92,12950,-642,-3642
E
102,109,-55,10727,-456,-7957
-110,27,-52,10444,3852,-8808
-24,99,-50,13012,4716,-6479
18,54,-43,11574,8476,-6060
66,-96,0,5029,3959,-9412
78,-107,4,5254,4774,-9652
41,-71,-5,-1819,-76,-7011
-93,-110,24,-3661,601,-5106
-127,79,35,-7465,27834,-1787
-59,106,-55,-11115,4916,-1894
-85,2,-34,-13781,19621,3788
11,-115,-19,-17042,1975,3429
118,-56,126,-16917,5911,5759
-122,83,-60,-16737,-1268,6040
-115,63,-14,-15415,-3117,5873
-123,121,41,-16687,-9414,5258
118,-39,33,-10254,-5896,5474
-103,-27,-7,-8910,-3805,5414
-87,-38,67,-6635,-3949,2512
123,-25,21,-4974,-6453,1737
71,-40,1,-516,-23513,-351
44,-11,-68,1613,-1886,2093
76,-29,-22,4536,-15576,-1536
61,-42,-5,5211,-9066,-466
77,119,-110,12211,-3934,1134
-71,-57,-58,10761,-13876,-1671
47,82,1,11711,-6310,-4110
-13,-63,85,13611,-3871,-5976
3,-53,89,14643,-1668,-5584
61,126,0,13390,-266,-5589
-85,-10,50,10318,2978,-8116
-68,26,41,9882,2959,-6365
62,56,72,6482,11032,-7334
21,72,33,6129,7567,-6744
37,-84,94,4797,13801,-3749
-11,-104,60,4754,14488,-4540
-22,-118,-38,-1234,13818,-7246
2,54,-123,-3797,13532,-4153
-18,-90,124,-7822,15264,-4226
43,-123,-21,-11594,16261,-6218
E
89,-16,-118,-18636,9354,-2818
-28,-53,60,-17666,7629,-91
-103,83,-56,-13914,214,2816
-111,-65,9,-11375,-1977,3561
-50,-72,-92,-12657,-1075,4977
-59,-37,34,-10464,-4686,3046
-72,43,-109,-4947,-10458,2641
-72,64,-109,-4243,-11428,2400
-60,106,-99,-1848,-11123,1220
-91,97,-95,-186,-11814,662
95,-117,110,507,-9667,110
84,-119,104,395,-11635,-767
-113,-99,-37,6079,-6637,-693
-89,-114,-38,6887,-6482,982
-17,46,81,9091,-6195,80
-21,29,101,8344,-6783,-1133
9,94,66,9333,-7011,-4395
15,81,81,9912,-4639,-4185
124,-9,111,13649,597,-2538
-93,18,116,12860,2160,-3441
-68,-73,-50,11968,3200,-12962
-84,3,-82,11183,4228,-8277
-56,44,-72,11727,8815,-6684
-53,124,119,5587,10489,-9462
-90,-83,79,5901,10132,-9031
98,-19,98,-4991,15199,-3870
46,-36,18,-3302,16718,-5255
-27,-67,72,-9949,10884,-2640
-34,-101,-33,-9268,6578,181
-38,92,-2,-13025,30531,-140
-33,111,119,-14236,16598,623
-128,-70,44,-13344,7691,6252
83,66,82,-12879,-3959,6771
28,-114,49,-11311,-9148,6797
-117,59,127,-11933,-21487,6326
18,-127,-12,-11672,27434,5497
-98,-89,114,-3125,9458,5810
-84,-29,-104,-1901,-11828,2584
-61,-6,-33,-1149,-265,3723
-86,17,102,1789,-15775,-138
E
-27,20,-105,3930,-16298,-1076
96,105,99,6793,-11933,-2125
95,-107,38,11576,-13595,-3971
38,7,-1,15558,-4352,-5524
2,-30,-7,11400,-4314,-8775
-125,66,-59,14506,-1573,-14519
-91,21,-45,15953,-496,-13141
121,108,127,14084,-64,-12931
-62,-121,0,10898,-4200,-11939
-96,96,-4,-3610,18441,-5355
-107,-36,-62,-2420,12722,-7694
-37,-33,-70,-13748,10061,1622
49,73,-93,-11257,11800,4353
-83,-75,4,-20525,-23338,9345
34,10,-41,-9592,-10502,11979
-66,28,99,-25499,-25348,4588
-117,44,-1,-18893,30109,9854
-3,40,96,-18621,-32392,7279
-118,-127,124,-13908,-4064,6175
2,-122,-94,-10906,20347,4551
77,35,-36,-6321,-23413,-430
89,-127,118,761,-811,2444
84,93,-9,1426,3103,2238
-14,109,114,5865,4661,1484
0,107,12,7176,-667,2088
-38,80,-125,8716,-9554,1681
45,1,23,10679,-17319,-167
-36,-47,115,12294,-5151,-1822
-108,96,92,12938,-5828,-3642
-115,6,-103,10954,-3606,-7254
-67,-124,88,11543,-4097,-4089
-30,-119,-119,10379,-271,-3829
6,79,-8,8287,22199,-6431
-27,66,8,7478,-2327,-6903
-4,28,112,3948,4039,-5000
49,-42,-89,2133,24315,-4826
63,-125,-16,-1940,14588,-7457
47,30,-8,-5284,13571,-5269
94,67,-44,-3816,18379,-4739
107,-105,2,-9351,3967,-5452
E
41,-55,63,-8211,5527,-3079
0,-74,42,-13677,18854,3196
90,49,31,-9296,12889,3464
-93,20,-77,-9228,10639,4015
-23,49,-107,-11793,-10224,3890
-45,-72,48,-10855,-2397,4277
-11,-64,101,-9659,-2548,4071
42,-23,41,-7939,-2020,4948
86,-38,19,-6466,9619,5056
62,-68,62,-6611,17328,5487
62,-124,-9,-7508,27076,-726
-4,-123,73,-1932,1245,5697
4,118,-128,-268,12693,2603
-121,-101,-60,1634,-6791,1543
-93,-90,-105,5304,-4995,3639
-3,-53,-22,7243,-25721,1228
1,-48,-37,10048,-12719,-91
-121,-126,-12,14211,-6090,665
45,18,-1,15159,-6039,-1228
-28,-125,2,14100,10624,-1985
17,-103,-13,13592,-3620,-3892
-41,79,-50,10788,-4358,-4554
-28,45,-91,11346,-1791,-5487
45,4,41,12496,-3830,-3667
49,35,31,11893,184,-3308
104,-6,-72,10205,1481,-7415
-120,62,40,7244,3780,-3649
-48,112,103,7666,24134,-3203
55,-122,78,1941,11555,-7698
-114,-35,3,-3650,9178,-6957
67,-66,83,-5757,19733,-8620
-122,111,51,-9777,10970,-11074
0,-66,24,-12467,11174,-6693
42,13,40,-13645,10240,-6445
80,40,12,-13358,6436,-4707
12,100,1,-12379,6531,1525
-12,-102,68,-12702,5198,239
43,-88,92,-13561,2366,298
55,24,89,-12942,2645,-513
73,-88,87,-13145,-837,655
E
72,119,-82,-11565,-4477,1840
50,-92,0,-10056,-3379,1747
32,-43,90,-7606,-6309,1691
35,49,-40,-6981,-3313,2250
51,41,8,-5757,-4002,1971
44,37,65,-4217,-7718,664
61,40,103,-992,-9470,980
-118,64,113,156,-8997,2331
-116,62,104,236,-12946,1651
48,73,40,3262,-14213,2279
29,71,7,3877,-11929,2516
86,55,67,8454,-7765,3284
65,51,65,8888,-6492,3495
18,0,113,8800,-6955,2647
-28,-66,61,10260,-10523,2443
69,0,-98,13527,-7305,975
61,-14,-62,13069,-6653,349
55,93,14,14818,-5792,-4832
103,122,68,14085,-5960,-4494
99,127,115,11690,-1420,-6472
-15,25,60,12078,1278,-5905
5,61,50,11230,2479,-4391
-98,55,44,13166,4638,-1172
-110,101,-124,12002,7315,-1671
96,-30,107,7756,3952,-3027
86,28,-111,7415,4674,-1722
15,-78,-23,6267,8562,-1061
-92,-28,97,3273,7906,-3922
57,-1,51,-406,7885,-8058
-63,-36,105,-2007,6451,-8418
-62,-90,70,-2849,8375,-7733
-80,86,-29,-3770,10171,-7188
-58,-45,46,-5593,8810,-6042
4,-75,-50,-5732,8239,-4784
117,-113,-14,-5915,8763,-4079
-78,-90,-89,-7755,8105,-4054
79,-28,-3,-10290,5606,-3503
-109,47,-61,-10543,5641,-2623
21,-4,109,-11722,3487,-591
49,109,125,-12279,2197,206
E
74,-18,-105,-11791,376,1834
114,-110,-21,-11578,-1067,3645
122,-51,102,-10107,-2970,3924
-123,-42,-87,-10639,-2463,3687
-103,-27,49,-10133,-5515,2897
-95,-43,62,-8902,-5534,2404
-61,-61,83,-6798,-7318,2787
-34,-77,59,-5607,-8272,2649
-7,-97,-27,-3417,-8759,1144
-13,-96,-41,-2832,-9616,988
1,-104,-7,1859,-9759,2037
-8,-109,7,1774,-8224,2438
-68,83,94,5796,-8229,3080
122,29,50,6326,-7693,3264
42,-57,13,6993,-6004,3065
-121,47,16,6543,-6382,1489
-127,47,27,6765,-4201,58
-15,-111,45,6679,-4025,-2110
-25,63,69,5790,-1934,-2623
-8,65,71,6657,-3747,-2341
12,104,-102,9952,2486,-1531
24,-126,-63,7793,-65,-2438
82,40,112,6579,-924,-5625
-115,28,-111,8570,1489,-4044
-6,7,62,5928,2907,-3693
-13,21,72,5648,2069,-3786
65,67,-23,5155,4398,-1862
68,100,13,4785,5442,-2129
49,-84,124,2807,6287,-2945
40,-76,120,3238,5957,-3050
0,72,1,1142,6672,-3945
-1,41,-30,1608,6609,-3872
-40,85,0,1764,8662,-4655
-120,-108,56,1961,8075,-4653
101,-93,89,-1561,6862,-3871
68,-113,101,-1738,5538,-2215
-3,88,72,-4236,6336,-2436
-42,40,54,-4842,5467,-2684
-59,-66,-20,-7933,1881,-668
-44,-75,-36,-7358,3100,-214
E
-22,16,6,-9635,-1499,843
-11,46,18,-9187,-2235,1882
20,65,117,-7839,-3232,7554
-39,-100,55,-8240,-3231,8003
75,91,-13,-5780,-4811,7725
8,-62,-13,-4841,-6293,6363
-63,70,6,-4542,-5947,4817
98,-70,56,-557,-6542,2415
111,-97,66,471,-5653,2195
68,-52,-116,1903,-7015,624
76,-105,-61,4110,-5998,710
55,17,72,3266,-3444,-1032
0,-101,-69,-2390,-3682,-3773
-7,126,-72,-15090,-701,-8147
31,-116,-110,-15328,877,-3534
64,-9,-46,829,21838,-5713
-6,89,117,-1836,12067,-7070
-57,-7,43,6008,5349,-14327
34,106,-102,6969,6258,-13972
124,51,-55,18011,3970,-12793
53,30,-29,20745,-3993,-3941
-2,39,-9,18140,-7178,-4869
76,-66,-77,20272,-20513,13178
-66,-93,74,13053,-10493,15126
-120,-119,93,-8670,-7142,17680
18,-37,106,-17696,-14972,5720
50,-23,16,-18071,-2556,2477
-13,36,56,-11191,23271,-471
-14,-107,107,-7331,11060,-7685
16,-49,-78,-4252,13815,-9683
101,72,98,470,8712,-10854
92,17,76,3412,21697,-10646
-1,-42,111,9596,-5152,-9259
54,-60,-30,10369,5524,-8505
43,-30,-40,14480,625,-3682
58,39,19,11057,-17276,1027
47,30,98,11194,-3342,10298
-30,17,39,5309,-26153,14288
-86,66,-33,-382,-4783,19383
122,-57,-122,-10891,-12622,16790
E
69,18,-1,-17054,-2759,11642
57,51,24,-19328,11210,6003
1,74,-127,-15202,18290,744
84,62,85,-11703,17594,-6947
25,25,-50,-10080,16960,-11144
123,-71,113,933,18696,-8047
-33,-121,-51,8058,30864,-9891
125,26,-6,12977,-15777,-11242
87,-48,27,17515,4347,-9156
-21,125,102,15797,-11524,-7180
122,-105,-66,16658,-12497,-453
85,22,-19,14790,-13074,9851
93,30,-99,11054,-14380,12852
60,-87,50,-2380,-10477,15606
-107,26,-37,-6187,-18056,13433
55,-57,42,-11627,230,12467
-42,26,17,-13941,3956,12034
122,-38,-92,-12777,11515,7086
-57,52,-73,-9592,19859,1855
71,-30,113,-8566,-26016,-3945
-63,-17,-46,-12496,2778,-15026
-113,88,-15,2348,14606,-16588
-88,-77,-55,4726,6548,-13985
-76,-55,-103,8163,5936,-11957
-100,-18,88,10259,8095,-10337
76,-56,65,13100,-1346,-8449
91,116,1,14230,8929,-1111
66,123,-48,13382,9803,-2318
-79,-100,70,3133,-983,841
-24,-71,107,4042,1028,1248
-25,77,60,-2268,-1448,1236
-32,119,80,-2711,-3317,2435
-46,-37,103,-5778,-853,3514
-39,-5,118,-6791,-3024,2100
10,-16,-62,-7373,-7220,1836
44,-29,-55,-8246,-7392,1953
-119,-54,-89,-9610,-14367,9034
21,-44,-119,-3143,-9720,11702
-58,21,107,-931,-9277,14691
-71,6,85,-2366,-8135,11790
E
-100,-44,43,-3167,-15005,7635
-122,107,37,-792,-10972,4495
94,86,-107,412,-12035,4442
19,19,-65,3844,-7342,5067
10,10,-43,5522,-7087,6139
14,48,-74,12569,-7013,3714
25,65,-8,11214,-6966,3600
70,-31,-18,13858,-8376,-646
61,-21,-106,13593,-8301,-2624
-121,74,-102,10859,-4504,-4884
-77,-117,-101,12633,2017,-6909
-56,-76,33,11888,5618,-8353
-90,-92,-14,11182,4456,-8720
31,123,0,5820,6546,-11877
-32,-99,-18,4956,7743,-10344
75,-74,-98,5170,10629,-7422
22,-98,85,5930,10086,-6583
-11,66,-77,7490,13470,-3106
26,44,-92,5953,14848,-4521
-77,54,-4,-4736,11637,-7606
-71,115,28,-5207,11359,-6337
-13,50,-87,-14855,9013,1364
-38,71,-50,-10183,10088,3162
-86,-33,-33,-7200,16666,10438
-67,-85,-34,-14601,9987,1602
100,125,-94,-16961,5021,-1027
74,-31,105,-16560,3206,2148
88,77,90,-14095,5755,4393
53,-91,76,-13501,2769,4861
-20,-93,-36,-12452,-535,4418
-32,95,103,-12509,-2797,3525
-24,10,123,-11372,-6442,4549
-39,46,33,-9609,-6812,6058
101,115,103,-9779,-11054,4012
10,-91,52,-6992,-8356,3589
-86,-5,11,-5679,-11465,1231
23,90,49,-3111,-18091,-717
-15,99,-108,-2235,-14204,-1979
12,96,-4,-1964,-1370,-2637
26,98,32,389,-8752,-2417
E
36,95,71,3212,-12084,-2435
112,79,-42,6558,-12996,-2425
-52,107,34,8239,-16113,-2644
-52,-37,-119,13095,-13267,2808
7,40,111,16279,-9747,2789
92,-43,67,15349,-8408,149
79,-36,43,13790,-9629,-1303
-124,-112,-30,13553,-8557,-5723
53,106,102,13771,-6724,-7652
-78,83,-111,13600,-2106,-8281
-105,-13,111,14726,1645,-6779
-100,56,-113,14330,3728,-9105
-41,0,-35,13283,4077,-8318
113,-120,120,13956,8947,-7576
-68,-111,-4,10890,9243,-9373
58,-15,-29,6742,10498,-10173
66,79,17,7817,13617,-10432
30,-64,-115,8365,12737,-12122
115,-75,53,-941,12277,-11960
115,-12,-58,-4859,10989,-12896
-14,-72,-38,-8506,11754,-11528
16,6,-88,-13389,7778,-8004
6,-106,79,-11209,10436,-5922
-80,-5,40,-13710,12343,-5079
-71,-12,-74,-16125,7744,-6137
1,42,-40,-17066,5086,-3461
48,-127,-127,-15339,8078,-3877
-116,48,83,-13489,3521,-1910
-91,-119,-120,-13751,4404,-525
-34,22,-19,-15338,1664,-621
-44,30,47,-14532,-1240,-572
-15,54,-58,-11802,-4058,3488
38,29,-33,-9003,-2439,5008
-124,-10,43,-5370,-4507,6849
-81,-33,69,-4463,-6172,6066
-15,-58,125,-2931,-9586,4941
119,116,-103,-2130,-9235,2897
-51,65,115,-1843,-10912,3331
-29,27,37,-2822,-7885,1690
-38,-13,-29,-2861,-11019,-1701
E
-62,17,47,-2896,-5056,-4379
-107,53,-8,-2162,-6667,-4942
78,-93,-124,-1219,-9863,-6768
30,-21,9,2070,-6790,-2543
30,-41,-7,1688,-5014,-2343
-105,124,56,6475,-8289,-1297
-98,-119,91,4052,-8845,48
39,68,42,5549,-7727,2031
-35,23,47,6671,-5179,1122
-122,-16,38,6934,-5543,452
-18,124,38,6830,-1544,-5248
-41,62,87,7553,-3063,-5965
-48,-15,-119,6441,223,-5669
-5,78,-69,7963,4449,-7402
93,-32,-60,7422,7494,-8645
-1,-124,9,6784,4975,-5749
-54,17,-104,7663,6654,-2685
-75,29,124,5591,8217,-4120
-105,-4,65,2231,10901,-7246
-122,33,75,1572,13418,-6462
55,-79,107,-2495,3356,-7543
35,-84,50,-2047,4896,-6785
-101,26,101,-9693,-17287,117
-30,46,-119,-4198,-26256,-4621
-124,-10,-100,-10558,-29218,2913
-88,-31,-30,-7999,22907,-470
42,-66,-83,-12162,-20733,1092
-95,-88,13,-8592,-823,2594
-98,-91,-121,-8465,-13345,4344
-36,-71,103,-8663,-12086,6025
68,48,-108,-6547,1306,5530
85,68,-17,-5568,-5337,6073
-95,58,-119,-4399,5322,4414
-47,33,-89,-2949,-5147,5073
25,-74,8,-4877,-9673,2361
-19,-11,-7,-2808,-512,3489
-31,98,9,833,-6340,4687
-49,83,29,1400,-3092,4079
-106,-102,76,3816,-13699,4912
52,-71,-1,3018,-2034,5609
E
82,-72,-52,3282,-2297,4616
66,-45,-11,4345,-2488,5201
63,-49,-48,3233,6143,4191
85,-77,-120,2526,-7261,757
46,-80,-59,2387,-10058,-1448
-115,67,-33,3245,-3364,-4905
-81,72,-43,3839,-5212,-3874
122,-79,7,5348,-767,-4459
125,-80,-2,5496,-5065,-5324
76,6,120,4176,3233,-6713
109,-65,73,5199,7444,-8108
-75,35,71,5691,3259,-9336
-62,27,81,7826,2697,-9305
88,83,-125,3853,15619,-14732
125,-8,-81,1621,9733,-15638
-95,39,-75,3606,12487,-12992
-120,-125,110,3192,11085,-7083
56,-75,-50,581,12635,-7811
33,-22,51,-745,16313,-7570
-107,58,33,-2484,18722,-5691
-10,42,71,-4203,26819,-5141
-119,-57,-107,-11796,2622,-4805
-55,85,-6,-11974,6373,-2254
-42,0,-34,-10146,5825,819
-48,51,105,-11401,2315,826
-53,111,-15,-10145,-4739,797
-69,-3,90,-7306,-38,2504
-75,96,56,-7979,1018,2354
-78,-55,29,-8097,-128,2925
-87,99,-36,-6557,-202,3175
-87,86,-37,-5391,-2238,3092
-114,17,-34,-4823,-4720,5614
-107,4,-14,-4522,-5235,5791
-125,-75,126,-2442,-4840,6253
-117,-89,110,-1896,-5215,6530
-77,82,-47,47,-6325,7094
-75,63,-52,515,-7380,7033
-26,-91,29,2808,-11588,5982
9,-60,30,5643,-8668,6602
36,-24,-1,7557,-7826,4661
E
8,-69,-108,5637,-7310,-456
-43,-122,96,5719,-5131,-1531
-122,33,-21,9249,-2061,-2911
103,-45,-79,10025,-636,-5091
11,4,120,8289,-1247,-8334
14,-10,-122,9213,487,-7531
14,-65,85,9376,5152,-9448
109,103,110,5970,5314,-8226
37,-47,-114,4210,9918,-10539
-85,-74,-75,4761,7758,-9746
-40,-75,23,3904,16026,-6253
63,-45,-96,407,13001,-6140
127,19,49,-1808,13592,-4908
-128,125,22,-3826,12176,-5491
56,-92,-112,-9651,-4095,-4723
89,-76,103,-8021,-23779,-2881
89,60,10,-8952,23478,-6795
101,61,87,-9392,-28915,-3011
5,98,-2,-15926,29586,-7221
50,-127,-47,-11941,3911,-3097
-88,107,73,-8500,31080,0
-107,-125,-3,-13077,28176,-1503
108,-77,-15,456,24065,8897
-9,-61,-61,-3494,-4325,7921
112,91,56,-3103,7790,9195
46,-50,-58,-5920,-11004,8379
-87,123,-74,-2499,12487,7132
-104,-87,119,-2434,-5638,6974
91,69,-40,-3442,-5446,5969
102,99,-23,-1332,1859,6589
88,-109,-10,499,-16207,2594
65,-103,-102,1986,-6273,589
100,-106,-112,2692,-3876,-602
99,-128,-42,851,-5548,-3451
110,115,50,2246,-10825,-3628
-44,-111,98,10000,-17018,803
41,-70,43,14128,-7006,26
63,-15,-37,13114,-11414,-2129
88,47,-109,10969,-3862,-2933
46,43,56,10161,-5170,-4405
E
-64,-4,-93,12904,45,-6064
-102,-97,39,14097,5166,-7827
92,-107,-55,13862,-383,-10949
-57,-30,-90,11127,11596,-7313
-47,-66,-72,11700,8889,-5849
35,-120,86,4195,-2783,-7242
34,112,114,-3437,9926,-3538
-115,-108,127,1942,16381,3905
-41,76,12,2495,19364,2216
-86,79,71,-3923,5341,-1885
-97,-81,-52,-7910,28956,-3052
-10,-54,17,-6977,16330,-4785
83,-105,68,-15645,-1355,-3975
87,-124,-49,-12563,6014,-2469
-93,13,42,-7599,30236,1610
14,-64,-54,-8420,-2722,-301
-80,-96,127,-5178,11768,927
-99,-92,-63,-6772,-7265,865
-58,116,48,-7100,-10970,3477
-66,-116,-48,-7307,-9098,1653
-14,-105,96,-2581,-1391,5030
-88,-82,115,-1162,8065,4823
-73,-89,-68,296,8416,2652
124,52,-75,2563,-3594,2146
112,74,-21,1187,-12687,952
-109,-18,-45,5391,5307,2411
-95,-63,107,4018,-1723,2053
116,-115,-54,3112,-24063,4998
10,-123,36,4992,13075,5139
-92,54,-86,3220,-12008,3652
99,42,-99,4343,-1849,4230
39,41,-51,2629,4334,4778
-31,71,1,264,-8126,3842
109,116,-118,733,-24730,3031
125,123,-47,2475,-3088,1425
-100,-112,-70,3048,-1068,2268
-117,-67,95,-257,1787,775
-100,-51,40,-2183,273,1611
-90,-16,116,-4752,-9157,2673
-56,-24,60,-309,-8105,2891
E
-32,-15,72,1821,-1288,2999
-26,35,-98,-739,-5082,2781
-18,56,-107,-1301,-2770,3079
-13,78,-84,-871,-10575,1143
17,63,-77,1658,-6349,1671
-87,112,-40,5557,-1799,3508
-114,108,-29,4664,-2203,2982
-84,98,83,802,-10264,-44
-51,89,64,1751,-8245,411
55,85,55,-585,-8311,-686
-12,111,42,-1126,-7440,1239
52,117,23,-653,-2422,2028
71,-116,7,-2644,-1650,1777
80,-128,-84,-3722,880,174
67,111,-99,-1953,-1344,-1454
-121,26,27,-4736,-4279,-3088
-95,38,39,-5462,-2039,-1892
63,-34,-35,-9008,-7905,-1796
45,-23,-57,-7371,-5033,-2191
89,36,-8,-6185,4522,-29
61,44,46,-7660,1850,-699
27,-118,43,-11022,4023,-3064
22,-65,30,-7432,5851,-3592
19,19,44,-6274,8363,-5179
8,-75,-125,-8930,841,-7773
14,-70,99,-7070,3720,-7167
38,-88,40,6054,9673,-6166
11,-108,67,4088,8861,-7295
90,105,-99,7537,2222,-10851
29,-77,70,9765,10990,-10071
116,11,-28,12642,-192,-8965
-123,-31,108,14524,6055,-6990
-112,71,-56,16863,-5116,-3332
-62,-86,-114,18829,721,-295
13,-119,-117,14586,-7978,4680
-23,35,-23,15592,3105,6199
46,84,46,9487,5042,12392
-7,121,-115,7899,-8464,10810
43,-108,-3,-3938,-19156,12618
74,-49,-33,-2511,-13821,12052
E
-120,5,-6,-11647,-22352,9586
25,-62,-117,-11610,-64,10315
-62,-95,-32,-18301,-10235,7540
-11,23,113,-16664,4790,6607
-80,-108,92,-20582,1566,5385
77,-52,66,-16957,3652,2512
36,-63,80,-14064,6542,1525
-2,-10,-54,-7189,9730,-2062
76,42,85,-6162,12521,-3854
-46,90,-14,-5334,15312,-6388
19,-90,-42,-115,10194,-9801
-88,-16,23,470,11763,-8251
-94,106,-52,6348,6987,-7040
120,104,-40,7224,9578,-8463
-33,98,29,10394,2617,-10201
-62,96,-16,10110,1729,-9071
-43,90,-103,16192,-3326,-6872
-39,24,54,17086,19098,-5381
-121,51,114,20949,-22518,4158
84,55,-43,14810,-32757,11709
63,-20,-73,7817,5963,-2255
-59,-114,-10,18278,-15613,17027
124,-57,43,6718,-21568,13216
-20,-37,-122,6039,-14976,13315
-24,46,-83,-1621,-29196,12838
-35,8,93,-2824,-7553,11872
21,-106,-124,-8121,-4434,13400
73,123,48,-12941,-12871,13121
10,-106,-15,-13800,-12037,12255
-107,41,96,-15821,3497,9922
-117,7,103,-13942,8832,7044
-10,-97,96,-14939,2772,6146
-121,-28,-93,-13657,1569,2763
77,-22,-11,-11989,8384,983
30,-65,-67,-12209,6843,-6021
-120,-12,28,-11552,11347,-8122
-109,-116,54,-8360,10896,-9239
52,-20,43,-2091,11873,-9483
79,-102,112,1698,12068,-10896
111,-20,-2,5477,9021,-12431
E
-99,-31,-87,6928,11732,-14776
117,98,-5,10177,6418,-10496
52,-3,-36,14302,9491,-8545
16,-7,-103,13769,4487,-5299
54,-88,-22,16727,1367,1212
72,115,-29,16833,-1174,835
101,-66,18,17055,3797,6534
115,-62,66,16971,2331,5763
102,13,-68,15050,3323,8860
45,-90,77,13228,3845,11468
57,-21,-108,7963,1985,14771
8,36,-98,4731,1277,14701
83,116,-119,-5903,-13169,13368
87,84,-23,-9705,-11808,12691
84,-29,2,-12151,-10325,13003
77,-79,-128,-14622,-10072,10319
-100,-81,-73,-16317,-1969,9209
-61,45,107,-21138,1608,4431
-98,14,81,-19156,-665,5829
-122,98,55,-13897,11082,2566
88,105,88,-12163,11907,860
80,-89,-24,-8051,11415,-2524
-86,-39,115,-7288,12334,-4682
-114,40,-74,-4222,12485,-11168
52,67,-76,-2129,10080,-14054
-124,-38,-53,1595,9440,-12781
89,108,53,3424,10341,-13023
70,101,67,4662,7025,-13196
31,22,-104,16087,10977,-4741
-6,-46,116,14742,13664,-6831
79,-88,29,19513,-839,-2403
59,-107,-28,19480,1860,-2883
59,-13,-53,17902,-25078,1209
-104,-21,-106,25404,-16168,-10728
122,-126,-109,19197,-30172,14580
105,-57,-47,9744,2499,14707
34,-63,-67,1560,10106,10062
93,101,66,457,3347,16296
-108,-13,-108,-6464,26384,14529
77,-81,94,-10654,30900,14871
E
-47,-119,33,-7953,20906,13863
-50,49,53,-13467,-950,11602
47,-66,33,-16576,-484,9329
117,-79,-9,-15636,11937,7853
32,111,-73,-17408,4421,5531
28,35,-15,-16713,6703,5530
-62,-116,-53,-14854,9418,4924
-96,77,-76,-13712,13247,4688
26,-90,33,-10950,13873,-2107
7,-83,-17,-10319,13785,-1167
30,41,21,-2756,11567,-5502
62,65,15,-3528,12933,-5855
-21,-21,-27,1697,17102,-13519
76,-112,119,919,10290,-17696
-73,-35,7,6244,6659,-16526
-86,-94,38,7844,6910,-15055
119,93,-88,10466,3620,-8879
-51,103,69,11039,-8235,-7646
55,92,-46,10225,929,-430
72,89,76,15619,30762,-490
-60,64,-12,22913,-26512,-702
82,13,-73,9796,-18696,8042
-14,32,-47,14689,17169,9741
-111,-18,24,14726,-18452,3265
31,-30,-118,12199,-24957,5636
-24,-32,-21,2980,28589,11287
32,-58,27,6112,424,8317
108,15,-104,596,1623,15452
-11,10,116,-4881,32310,13525
-16,-10,-107,-5353,-24572,14162
47,25,-33,-16885,-30901,15567
-56,-89,49,-16410,-1126,13618
-97,81,-48,-19250,5570,11357
-29,-35,82,-17338,8967,9672
1,-31,28,-16761,-3524,8231
-26,-51,-66,-15587,10289,3305
-62,69,123,-13039,5691,-2306
-62,37,-15,-11465,14858,-2103
-125,-52,-1,-9880,3536,-5247
-49,-15,-94,-6927,13090,-6594
E
107,-31,-5,-663,13517,-10592
-31,28,65,2427,12764,-10717
-115,-88,-41,5455,16675,-13943
-74,-7,118,7012,12368,-15637
-35,-1,110,11864,9936,-7321
-113,48,119,12446,13799,-7812
-26,-109,122,11669,5045,-3212
-46,-110,24,12485,9463,-864
107,-118,-28,9920,20568,2539
123,100,121,5691,22060,2691
63,-27,-98,1687,13210,2424
79,-10,35,0,-12290,2795
13,-38,91,-1061,-3256,4111
-9,10,12,-1491,-18608,4886
81,108,101,-184,-23027,6017
16,-93,-112,988,4380,4997
123,-27,-9,-677,-4602,8142
-122,47,-120,744,-213,7534
-74,60,83,-313,-6675,8057
-50,62,89,1371,-3288,6692
-25,30,31,2982,-7197,5289
-40,26,-8,1745,-5452,4852
-54,-49,-62,2363,-10030,1504
117,-126,-107,4251,-8739,1846
66,59,113,4662,-7032,1056
21,-24,125,2404,-4717,879
5,-52,-57,-3019,-6030,4372
15,-25,-35,-1589,-3065,4529
32,94,14,-3462,853,6171
38,109,-5,-3229,-1574,5662
75,-32,-1,-1232,-300,4237
75,-44,-7,-459,2059,4122
123,64,-17,-1986,380,1235
109,40,6,-1594,-1056,987
93,98,37,-717,423,400
123,55,13,-202,-183,-33
-87,38,0,-958,6878,2537
-54,36,-6,-1840,9351,3208
-117,-2,58,4298,27194,7846
4,-65,61,7375,-29505,11000
E
42,51,-114,10142,-31828,15298
32,1,30,10720,-32755,13735
-2,50,85,8281,-32755,11905
-123,-39,-61,-24,27706,9772
-115,-24,-85,-1560,6474,8973
-34,-56,99,2041,6559,921
-44,-58,94,-729,2969,763
-93,10,-116,-5837,-17735,-1335
-45,0,-61,-3813,-15434,-4541
3,8,-115,-86,4831,-2808
-14,-12,80,1542,9409,-2811
-104,24,107,605,-1905,-3555
-111,8,65,2362,7115,-4585
96,1,-6,3477,4923,-3452
72,-7,-4,1828,3342,-2961
59,-49,-105,3374,9799,-2573
49,-41,-99,2325,1425,-3324
-12,-114,-119,2748,-1880,-4473
5,-114,-122,3079,9693,-3685
98,48,-73,2907,11523,-2702
112,60,-42,3007,7742,-2372
23,-14,86,2990,10589,-172
-118,19,118,-5242,11678,2051
-42,33,0,-547,-3621,8120
-46,23,-106,2104,7156,3303
-50,65,66,750,-1122,1930
-78,48,110,2134,3616,1999
-22,-2,51,3216,2655,1447
-6,-17,79,3064,3546,1827
46,-109,-114,-522,-3675,3312
24,-112,100,-716,-704,2099
-15,-126,98,-809,-5646,946
-93,122,96,857,-10023,-404
86,100,39,2767,-7138,-2644
-25,51,44,2657,-6657,-2358
-88,13,121,4684,-10041,-730
83,-17,84,1002,-6426,1356
87,11,108,378,-13992,-677
-84,-9,-5,-292,-13109,-6193
116,-60,79,-2960,-19264,-7535
E
81,90,12,-6175,24931,-20339
112,127,-57,-5474,-30601,-14887
66,118,104,-2915,-25866,-8926
-111,-49,5,-3018,31706,-10033
-104,-60,-33,-2664,-16567,-3992
14,-62,-29,169,-2374,-551
-23,22,36,-374,-20233,2680
21,63,49,5027,-2916,5316
43,75,57,4752,-7953,5883
65,-39,-50,9262,-10260,6911
-31,-10,46,12529,-4840,4282
26,47,-97,15828,-973,472
6,36,-92,16597,-9056,-3702
31,3,-60,12132,11793,-13298
96,-64,-107,14628,5150,-15090
-87,52,-123,-13204,3518,-5970
-31,-90,19,-12826,-8834,-4119
12,77,127,-18078,5659,7599
-99,-26,82,-16055,-4423,7632
-54,-14,-82,-7907,-2482,19108
-62,-33,-18,-4852,13951,16299
-121,103,-96,-3809,-17787,10967
53,-128,-2,-896,3256,9839
42,-48,-96,2365,-9451,5995
119,-68,103,11268,-5909,1550
-1,67,-12,13623,715,-2209
103,-93,-18,14962,1188,-6759
19,-46,-47,11314,-29812,-16039
1,37,75,-1068,-19368,-13653
-87,73,-28,10042,-6620,-11754
27,72,53,-14505,-23037,-12821
91,17,-64,-16408,22259,-5525
108,38,49,-15002,-290,6904
123,-112,17,-12481,16380,9059
-37,44,-29,-15109,-5213,11112
-111,64,-95,-14945,-23190,9176
-60,5,-14,-2190,-17429,10792
-4,10,6,-9299,-24192,10620
66,-32,28,-6129,-188,10063
45,-53,86,-3563,7894,9801
E
-88,-98,-34,-917,-30898,7193
11,-100,82,3874,-6328,6446
93,-91,-80,10077,-19548,6916
-44,89,-56,17260,-31839,636
77,37,91,12482,-26102,-14356
68,-16,6,18512,26780,-16932
63,-21,91,15428,2502,-14041
-11,116,24,14525,20910,-14141
-115,127,-74,6805,10914,-15374
-9,19,104,-8425,9522,-9738
48,18,93,-5519,10731,-8390
-86,-17,-26,-9736,3217,4911
109,88,11,-8836,5044,4234
116,26,88,-16625,5015,7989
93,-28,-66,-17071,8957,6222
3,-123,-103,-21298,31634,3539
116,-93,92,-13267,14778,18930
-91,21,28,-10708,-30751,9905
-109,-127,-110,-13693,20871,3542
-112,-1,-74,-7511,5397,3609
-105,-29,-38,-5938,-32761,2994
111,-22,49,1777,-31622,3999
78,-34,41,-1477,32396,2822
-124,-5,-13,12146,25408,-5298
0,-70,114,12054,-3943,-940
-68,-115,-99,11133,3496,-6417
-97,-66,-124,15856,-22650,-5810
-76,-120,86,11161,-17360,-8736
-95,63,-54,14872,19509,-7417
91,-49,106,14292,6600,-6926
-18,-15,-95,13042,3571,-9938
91,-9,-35,12691,8483,-8367
-8,12,9,7503,-1429,-7492
-23,40,-23,8128,1739,-6926
69,112,-126,888,14061,-8326
18,-48,20,-2180,4590,-9851
-13,98,29,-1019,14468,-6022
-104,126,-76,-7393,-5302,-8465
-40,-105,117,-5356,-22386,-3003
19,3,126,-7351,-30823,-2705
E
-46,-44,65,-13580,-14871,-4018
110,-57,-94,-12038,9247,1863
114,-1,-123,-12905,-4290,2816
84,73,20,-14116,-9587,2660
88,78,126,-17647,23666,3073
-11,-82,-46,-7898,21530,5536
106,112,8,-6124,20978,5647
80,-95,85,-13264,-17027,5145
-88,-114,-111,-5791,13639,5975
-35,-40,7,-4473,-11771,3584
-3,-22,110,-2875,-3632,4940
-47,95,60,-976,-223,4167
-46,76,74,-953,-5206,3180
-40,126,113,677,-2277,2815
-37,-121,-98,1120,-31403,2975
-118,-122,-15,5897,-9771,-2683
-87,-47,-120,8151,17600,2447
-55,122,117,11098,-4410,-2134
-109,-50,-117,12684,8089,7482
75,-97,-72,11639,22607,-6656
3,-106,-8,14029,4750,-3482
97,-128,-78,13567,-20610,-7137
-22,37,-58,8957,-10293,-8455
-74,47,-68,12291,16036,-8915
6,-82,-16,9170,-6203,-8804
-12,-101,36,8740,11748,-10929
112,69,53,4552,1950,-10843
74,-51,-122,1602,11405,-10009
-30,-46,-125,1006,8986,-9018
-102,34,-47,-4873,-10132,-8833
-34,99,19,-74,-22978,-4572
-5,-59,9,-6262,11586,-6639
-10,6,25,-6640,28379,-4430
-106,14,-127,-10014,-1928,-2868
103,-76,-84,-11564,6312,732
91,-103,-116,-12384,2508,-98
95,-28,40,-15527,-15176,3472
-76,114,-101,-12308,8024,6060
92,111,48,-12328,5932,5603
-12,106,-18,-12182,-116,5400
E
-128,-67,-7,-12234,1953,5612
82,16,-67,-10774,-4136,5870
-49,-73,-26,-7147,-2185,6142
-108,14,-45,-7782,-3886,5327
-6,-63,-49,-5752,-13260,3033
-115,2,-23,-3654,-13895,1847
-26,86,61,3107,-3973,871
-9,78,65,3904,6915,2434
27,65,-24,5777,10521,589
43,3,-14,6339,-2891,890
-56,-41,-120,7543,31015,-683
-66,-73,-17,10653,-9644,186
-61,-78,99,11852,-15595,-3462
10,-82,-22,9968,-27389,-7895
-28,-50,2,10544,480,-7691
1,71,110,13931,9088,-6687
-96,79,-97,12274,-4011,-7666
107,113,-10,12196,12880,-7345
85,83,-6,10431,2843,-7088
23,79,23,7271,10886,-10680
62,64,48,6795,7593,-9461
-16,49,-69,3902,14986,-7687
-115,-22,-95,55,10940,-8543
51,-61,-101,-5062,-2791,-7463
-65,-26,111,-6732,19254,-4488
35,90,1,-5573,-23124,-3082
-75,114,-58,-11083,-32763,-3880
97,-60,27,-18128,-160,2024
19,108,104,-15885,5876,483
17,105,-115,-16972,-4371,3272
32,13,19,-15958,-25455,3777
23,1,51,-18768,24943,4734
-120,-85,-65,-4888,-21071,7260
30,-94,14,-11038,-15881,5645
122,-97,-109,-6200,-6676,5483
79,-55,29,-4290,1959,5917
11,-57,55,-3081,-8690,3522
-11,-59,41,-1007,-8327,3616
30,-46,-127,2606,-10382,4106
16,-75,-43,3444,-25279,2799
E
96,76,20,10025,-14510,-2153
-37,75,30,9574,438,669
107,-36,65,12560,-17046,-294
82,-76,-32,14722,-3226,-2221
78,-89,19,13537,-22419,-3082
-67,-46,45,13295,-10839,-5452
124,107,-123,15049,2861,-5661
77,-53,121,13367,-702,-7396
53,99,95,10112,4341,-7606
28,77,70,11085,4181,-6855
64,85,-121,7049,8204,-10784
87,34,-111,6565,9633,-10102
79,102,-105,1993,13247,-7221
-67,-45,-22,-2192,-1041,-10388
-95,-90,-104,-9207,-18553,-13492
81,45,-80,-5223,-22516,-5147
-120,-55,4,-10741,26323,-4922
-77,68,78,-14200,-5665,-4438
-59,38,125,-15067,8559,71
-80,12,-96,-15334,-112,404
-86,111,98,-17904,-23564,3679
-83,83,12,-18567,-29384,2960
35,-122,54,-6306,29178,6315
-15,84,85,-9949,6232,6204
-36,-51,-89,-6754,-3770,5728
-10,-118,39,-4576,1600,7628
-93,-29,109,-3251,-3640,7872
119,-74,43,-2416,-1456,7491
-19,83,-11,-270,-8686,6281
-89,75,-47,1171,-20398,5772
41,50,56,3662,28664,3642
85,20,103,9988,29328,4583
-101,30,-45,7065,-6347,2410
-38,-39,111,12452,-4599,-249
28,-13,-1,11253,13419,865
126,31,97,11755,12485,-2627
54,47,76,12369,-20502,-3495
110,-69,11,8994,-4032,-9302
-117,25,16,12842,6657,-7076
-98,-29,125,13814,179,-5345
E
-123,43,120,13072,1488,-4408
67,121,80,9817,8271,-6736
59,115,105,7670,4334,-5423
67,-49,36,4057,6552,-1572
89,-62,23,4763,1422,-948
-107,-38,-106,4399,-13035,-1257
1,-65,68,5609,20040,1242
11,-53,84,4280,16983,1537
68,-80,-69,5545,25902,4574
81,89,41,-5434,-25087,590
83,75,-75,-4857,6004,6996
127,-30,31,-8304,-9154,9141
84,-101,9,-10664,-6009,7296
14,121,35,-17442,23847,7449
91,-70,104,-11561,26705,6886
-47,-58,-84,-14649,1623,6045
-117,-47,35,-16139,10391,4270
-100,-75,94,-16286,6970,2055
61,87,20,-14817,8239,373
49,38,-91,-14670,9860,-818
-7,-29,-71,-13092,5737,-3330
3,-87,53,-10729,11746,-3591
-12,-102,0,-8632,9300,-4131
-23,-93,-97,-2250,11637,-4476
-60,-69,-76,-1265,10742,-6765
-54,-22,-35,881,5905,-8667
-5,9,-30,4411,6612,-6817
-2,49,-6,6891,9923,-8979
-38,-107,98,7440,5241,-9644
-42,-98,95,9659,3951,-8626
104,-116,123,11734,6434,-8457
97,114,103,13254,-4247,-6195
-24,64,-113,15218,-11196,-9013
-21,105,33,21019,-18058,1226
45,38,12,14668,-15809,-1692
-127,-25,68,17086,-32489,4215
-13,118,94,10451,-21386,7085
98,-105,65,11701,-1049,7220
-101,-109,73,5730,-31312,9396
-125,-26,-85,3402,-13953,10100
E
113,-105,-45,-8797,-10605,14009
123,-35,45,-8655,-18052,11237
20,12,127,-10722,-4414,11893
87,-29,-57,-13021,-4865,10779
-55,42,116,-16746,-9703,7996
11,52,56,-18051,-417,7050
-26,47,57,-17771,-2957,7240
112,48,73,-14829,5757,5605
102,126,103,-15274,5803,4536
42,-27,50,-16961,5854,636
93,114,-47,-14699,6000,1612
-41,92,29,-9870,14721,-469
69,-91,79,-8948,11952,-3574
-97,16,-112,-4408,9480,-4620
13,-125,-18,3102,15303,-4700
26,105,109,4930,12980,-5178
-47,-26,54,6159,9973,-7774
-112,44,93,7492,9613,-7708
49,-95,-127,9799,8949,-4118
53,-113,87,10763,7483,-4165
-85,-126,74,15840,3414,-5135
-60,108,62,14662,1248,-4566
-10,-119,7,15721,4989,41
5,121,66,15863,2526,-323
55,14,-28,19337,2517,448
56,6,25,18807,-1393,340
11,-88,35,17033,-10089,2781
-61,106,-24,17045,-10303,2002
-73,37,-125,14596,10133,6659
113,-113,-37,6393,14863,10509
52,-25,-60,-5840,-168,11024
-81,20,0,-4795,-30716,7040
-72,110,-64,-8562,-15966,8554
51,104,-103,-11188,-25879,7366
-30,-34,-75,-13384,-24542,5816
81,88,20,-13517,1968,4991
-21,107,-106,-15122,-11359,4788
-111,-99,0,-13772,1263,178
-105,-53,-124,-14184,-3940,973
119,69,1,-13636,6054,-1549
E
-98,50,96,-13109,3232,-1372
53,-68,108,-11054,5274,-1908
46,-118,-121,-9840,7929,-1512
-65,99,109,-4866,6758,-2845
-114,57,100,-6067,7812,-3703
101,-73,67,-1093,9449,-3459
69,-120,47,-2092,5479,-4460
-33,-104,40,4175,8620,-6649
-103,-68,20,5296,6753,-6775
-5,-24,113,7631,351,-9578
-22,-52,48,9729,6736,-5846
-32,110,3,12618,2200,-5409
-50,-54,-49,14949,-2390,-5099
28,88,78,16922,16082,-3184
-105,28,94,15541,937,-2920
-41,-72,-100,15683,-3679,341
-49,-17,-86,17921,-2109,3699
-84,-23,46,16165,-798,5400
113,23,27,11339,-16219,6901
70,-120,8,10323,-5293,9420
68,3,96,6204,5815,11262
-16,-125,-49,1152,19024,12999
127,25,-24,-7920,-26657,9998
24,23,-85,-9625,-4145,9903
124,-50,-120,-12457,-12453,8631
-42,110,35,-13420,-6635,8292
93,-125,40,-14740,-24980,7086
-92,40,-22,-13221,14032,6102
23,-63,118,-14731,1590,4530
3,-58,-10,-13183,7180,4207
-17,-14,38,-10820,7636,2675
5,34,-21,-8202,9173,1789
41,83,-80,-6223,11511,28
91,121,-68,-3972,10601,-3329
-48,-55,-8,-289,12654,-5718
-1,-13,78,31,11567,-6552
35,73,-51,2368,10621,-8662
61,0,102,5335,10232,-10610
15,116,-75,6236,9927,-11317
-94,96,6,7826,7960,-9720
E
-99,75,-35,9574,7466,-8790
18,-32,-125,12793,92,-6820
6,-31,10,16180,8464,-4072
32,-87,-52,17792,12637,211
60,120,-44,16695,14077,28
-88,-117,-38,17158,17417,8572
-83,-106,-101,15006,-4302,6820
50,-91,-79,7727,-10497,9783
67,-1,-100,7558,-21702,9101
57,-36,-118,-893,-22449,11988
-111,36,-120,-1308,-17782,11942
102,74,-5,-9269,-7476,14512
-105,35,-79,-9003,-15040,13745
-79,50,-8,-14594,-706,12970
111,-92,117,-15035,-4542,11957
8,-62,94,-18168,-1063,7909
-89,-121,-78,-16900,930,6563
-6,121,34,-14457,4435,2862
17,-83,35,-14278,6146,1920
84,-69,-41,-10558,15092,-4401
-113,-70,68,-11871,7608,-3675
-13,48,114,-3516,12758,-8376
0,-6,-89,-2678,14101,-6034
-122,-36,106,3546,11832,-8465
50,-69,-107,2606,13583,-9242
-124,-101,-121,11871,13730,-10004
61,-89,115,14309,11444,-8921
-62,4,112,10282,-1957,-11795
-76,-28,-13,13453,10133,-8938
-74,76,62,18052,1742,-5917
-40,-98,15,16915,389,-4894
-8,-27,10,16532,753,-2922
66,120,82,19674,2926,-386
61,113,-120,19470,3234,718
73,33,-11,12370,-18858,11294
-43,104,76,12072,-23064,7757
-78,-114,-108,4742,8292,14396
-72,-74,62,4715,-2143,13084
-114,-48,6,-6475,2317,17049
-92,-64,-80,-5435,163,15911
E
42,-127,-73,-13048,-12090,11921
123,93,118,-14862,-2725,11404
110,12,-112,-17273,-9590,9189
-65,63,19,-17628,-4646,7549
-86,-12,-74,-17156,-302,6286
75,-70,22,-12528,9540,5000
25,9,121,-12241,10840,3465
38,-92,92,-11658,5451,-1112
77,-76,97,-9945,10196,-1190
122,-80,54,-3424,11808,-4915
122,-116,-119,-2829,10839,-5526
-20,47,-45,2956,11769,-10342
15,83,39,3183,13042,-10770
101,-79,-110,5519,3904,-11725
-121,75,-45,12353,7686,-10994
125,123,-96,14077,6539,-8987
126,97,-102,14062,2902,-7992
-97,-42,78,15933,3146,-3572
-81,-78,86,15465,-5931,-3513
-88,4,34,19476,6631,2297
-40,5,43,19447,8470,3438
-48,-113,-20,15717,-13861,7108
93,88,34,13290,9670,11387
68,8,56,8369,-26725,14205
65,45,-3,5752,-6943,16099
-73,-63,44,-4210,679,19124
-60,-33,117,-5694,-5398,18233
127,-22,126,-17301,393,15623
-73,-58,85,-15390,-1422,15349
82,35,85,-21802,-15472,8198
-108,-41,66,-18942,-2332,8241
-3,81,-65,-16633,7131,3609
16,124,29,-17106,-423,3940
12,-52,96,-11479,16351,340
43,23,-43,-10999,6562,-2977
-48,-90,-40,-6895,12830,-7540
116,-44,-118,-3804,12536,-7880
-91,21,75,2400,11001,-10516
41,34,-128,2458,14276,-11554
127,116,25,7455,12132,-8948
E
-89,-127,-98,9727,8063,-9796
60,-54,32,11984,5848,-7527
40,-56,26,14029,8528,-6497
-61,-37,122,19134,3670,308
-82,-81,92,18865,283,-134
-43,-66,95,17802,28128,3235
-3,20,-7,18228,29554,1216
-51,1,-99,18388,-31462,18015
-117,-93,-91,8626,32031,12648
-21,100,-98,645,-5252,13647
23,-65,-26,-1564,-18373,11507
-11,97,22,-6703,-10230,11301
-59,-88,24,-6403,-3733,13088
25,91,-12,-12599,-1826,10552
18,-108,7,-15174,-6921,10268
15,54,-50,-14190,4819,8572
16,55,-88,-15188,-10704,7735
114,-116,-98,-11159,7301,5635
68,107,71,-10507,-1334,4041
58,94,-14,-7990,3740,1228
1,56,-84,-9256,3297,-1764
9,42,-98,-8917,8139,-3146
35,-83,-124,-7544,9710,-4251
62,-56,-119,-7872,8719,-3883
10,-52,43,-3707,9493,-5102
17,-42,73,-3520,12070,-4791
26,5,-125,-251,10160,-7504
-112,21,-124,-76,11079,-7373
-83,81,-89,5274,13277,-8506
15,106,14,6889,12019,-9477
122,-105,-109,8595,8585,-10349
38,95,-79,11605,-1414,-7887
-9,67,94,10870,-675,-7950
42,-102,16,14472,-3650,-4870
-123,83,120,21285,-32315,-2508
127,59,-78,18655,-27055,8640
-128,-111,23,15100,20396,6000
125,7,-46,11116,-3032,12667
97,48,-6,10915,-23347,11291
-9,-73,58,6740,-17149,13078
E
-97,-103,-45,1172,25177,12762
38,66,-71,731,19733,9849
51,-52,-38,-4633,-3990,12012
-116,-14,-51,-9299,-97,12052
54,72,-65,-10262,3514,11412
74,-78,-94,-14382,-9514,9812
-7,-44,0,-14838,2499,8452
18,122,97,-15075,-3509,8696
123,-86,95,-12914,10820,6681
-4,61,73,-12840,7492,5321
-120,-49,15,-11737,11486,2257
-110,92,31,-11612,13870,-3705
107,62,105,-11555,9328,-4394
-64,36,-33,-6846,15320,-5064
63,64,93,-5735,12859,-5367
72,-109,-96,-2992,14077,-6063
-41,-55,-74,1457,12095,-5478
-78,13,4,7713,7021,-7880
-42,40,123,6910,3073,-8221
27,107,-47,11577,7249,-11330
-80,0,102,18475,30861,-9833
33,-110,-78,17870,23779,-7898
-33,-69,7,23442,12885,1075
-44,-56,-96,23817,-16647,-4621
88,112,-5,19330,1093,1392
91,-92,101,18760,-20019,2969
118,50,12,11919,27525,3603
33,85,-95,15053,-8878,6187
78,47,-14,9409,-8191,11021
49,90,16,9276,-14906,9797
39,-27,104,1359,-8400,12889
36,51,24,-1934,-11534,13605
-103,-98,116,-10567,-11519,13264
77,104,-71,-12782,-4063,12156
-109,3,-79,-13572,-5132,12587
-47,10,116,-15123,2768,10947
99,-123,43,-16874,127,7460
14,2,-110,-16547,2352,4865
-80,-100,53,-15559,-82,3375
-111,-42,-109,-15243,2819,2267
E
-102,81,111,-11928,9239,-863
-26,-69,96,-11866,9979,-1059
107,99,108,-8687,10763,-5333
-86,-90,-53,-8205,11790,-6227
37,75,-104,-4954,11615,-4448
42,95,-19,-3731,13130,-4254
-20,-103,-62,3,12103,-2387
-118,-80,-43,2971,15186,-3423
92,22,29,4085,10604,-7842
7,19,-50,5633,8302,-9553
-81,36,114,9018,9179,-8233
79,12,-105,15286,9683,-6690
101,-15,-114,13048,6861,-7270
126,-37,-15,14084,-1854,-4578
-55,-123,49,16261,4345,-2651
33,-37,63,16415,3126,504
6,-36,89,15918,3486,-789
11,65,-3,13807,-2890,-135
16,82,97,13336,-779,1579
3,79,-106,15175,8881,2394
-59,120,-54,10785,17022,7198
-89,-60,78,9127,18635,8486
127,-65,43,7147,-3955,9802
-20,-4,1,1047,-18675,9424
-36,27,35,-1948,-12816,8782
-75,20,-70,-8528,-29494,7385
28,-25,-84,-5800,-24683,8562
-82,-69,114,-8456,-3328,8941
69,-117,100,-8602,-6692,8838
-20,95,21,-11724,-6332,7004
-70,111,-23,-10877,-4927,6784
-116,120,98,-12694,-5633,4579
122,-81,101,-11960,-1911,4803
-27,-63,-49,-11654,-1128,2914
-48,31,-95,-11667,1724,3100
-69,-39,17,-9825,5107,1587
-49,-26,41,-9353,8301,616
42,-60,-6,-6796,11449,-2651
-116,111,113,-5022,6990,-4757
-97,-83,-117,-2932,8394,-6043
E
-45,30,-47,1325,8458,-6826
-48,9,-35,2655,8712,-6856
20,35,-48,-1574,4243,-5447
5,9,-71,-560,2612,-5898
-6,-50,7,1906,3449,-2396
-6,-42,-32,1690,5959,-1380
-45,-78,-49,2839,7344,1056
-57,-67,-38,1767,5499,-445
117,-34,-1,-486,1041,-1592
104,-8,-9,596,5091,-422
88,20,-11,1553,6655,655
66,53,-22,1864,7286,621
37,72,-40,3824,11019,-85
-14,-113,-68,3788,11322,-21
-8,-118,-76,5034,9653,46
-29,-100,83,8100,3607,1530
-7,-126,79,9461,2830,1190
78,-13,-99,13003,5681,3454
-124,121,-104,13188,1772,2709
-79,122,-120,12658,-926,3965
-107,19,-86,11457,-5785,5306
-7,39,-47,13646,-4071,5254
-8,52,-31,11677,-4487,4310
123,105,-36,9668,5371,4413
-122,-99,-45,10427,3230,5049
0,-107,-97,9207,4511,7461
-79,-82,-60,10379,3811,5878
12,-19,46,11617,6894,3116
