0,0,0,0,0,0
3,0,66,-9,119,-14
3,0,66,-9,119,-14
3,0,-123,131,-120,-29
2,-2,-97,35,-71,-42
2,0,-77,-129,32,-4
4,0,-63,-270,355,-43
5,1,-52,-457,503,-22
7,3,-44,-466,398,-55
8,8,-27,-73,-164,91
6,7,-28,117,11,-25
6,1,-26,162,686,-252
9,2,-25,15,484,-155
12,5,-19,-319,4,31
11,6,-18,-106,46,-77
11,0,-19,344,718,-430
13,0,-21,118,632,-452
17,0,-14,-178,523,-662
17,1,-12,-216,380,-689
15,4,-7,126,517,-1408
9,1,-4,367,-352,-1780
-24,-9,25,-270,-4936,-3414
-121,7,50,-2356,-5130,-3742
87,35,74,-3385,-6297,-4400
3,49,108,-2001,-9436,-4774
-1,75,-2,-6633,-19581,-6406
43,64,1,-5530,26400,-13414
25,-98,62,-18941,-31164,-16238
-54,-13,-54,-16848,-30514,-15102
37,-56,118,-14210,-17424,-16035
57,21,-26,-19809,-17804,-14525
109,-44,-52,-21126,-7978,-18093
-13,2,12,-19295,-2380,-17439
32,82,36,-17824,-2279,-17787
-127,77,-28,-19543,4054,-11657
-37,107,113,-19861,4326,-9427
-84,-28,49,29465,30268,12966
-52,-111,15,31591,-26923,11402
-13,46,-118,32709,-32688,10766
-123,-113,-101,32709,-32688,19529
E
99,-11,-82,32709,-12761,-28775
-37,-25,-35,32709,-13398,-31382
-89,41,-106,-60,2656,32766
61,14,-77,32709,12080,21237
89,-19,4,32709,12634,-11816
118,-25,-15,32709,-32688,-1276
-78,10,31,32709,79,-31313
-91,11,57,32709,6229,-17312
20,55,-51,1861,8954,25668
121,8,18,7436,-17694,-27442
104,51,-32,3128,-27244,-24640
-111,78,2,5904,20605,-22654
86,35,-85,-8359,-14947,-11731
121,71,116,-10540,-13130,-12021
-100,-36,-101,-10732,-27141,-6512
65,-19,-35,-10290,-29271,-5596
3,13,115,-13743,12604,3026
117,70,-75,-13615,4658,994
101,-59,103,-16068,-1782,7477
78,-4,59,-17670,6012,5785
81,-80,-116,31780,11882,4257
39,-82,23,30350,18735,-4433
80,-79,-87,32708,30481,-6371
111,-114,-63,32708,-29019,-18755
-37,93,88,32708,-32688,32003
-77,-18,93,32708,-32688,-32730
-11,-88,-80,32708,23747,-1257
40,4,-94,-23477,24960,-10831
120,-49,-2,-3178,-32688,32765
85,-11,80,32708,-32688,32765
9,38,-108,32708,-32688,28868
40,-21,-58,32708,-14037,18984
23,-43,9,-1188,26631,30167
-36,20,22,30537,-16156,27652
-25,112,-53,-30462,-8945,-31020
18,14,-100,3137,-26113,-19375
-47,-2,-49,9736,-1791,-6619
-18,-112,17,15268,-18544,-7211
43,76,123,4078,-3694,-7055
-121,95,100,7712,-2487,-6308
E
2,14,-82,-2304,-20114,9817
77,-70,3,4717,-6297,-7970
60,-37,-80,6321,-4706,1385
-50,54,-102,10606,19592,673
-98,30,-25,5622,-32689,-1432
52,-90,52,5992,-29939,-7
-76,85,94,7168,-25170,-332
44,-113,-101,4993,-7167,-1570
47,-31,-107,3236,-26921,-11665
53,48,123,-13348,27779,5726
17,32,-56,-14846,30882,5501
-48,27,-34,-17308,3153,-7406
-55,-7,60,24130,-17794,18975
51,-78,-23,32706,-14566,14396
-119,-14,-75,32706,-28725,29057
-43,63,95,32706,-32424,-28311
58,72,-79,-25747,31231,32765
-109,-50,35,-21493,-32688,32765
115,-102,61,-6151,-32688,32765
127,-99,-128,-10478,79,830
27,72,-70,32706,5280,-22126
-118,12,-70,32706,21774,28327
-42,-103,-50,32706,-18652,32265
-16,52,-108,19269,16806,32704
-28,103,19,31927,-5496,-31398
90,-105,121,9357,-30448,-7873
-107,23,108,7016,214,-20572
101,-51,57,14186,-6883,-21440
42,-44,-14,881,-17637,-16479
-13,79,127,-3326,31081,-10168
76,-27,88,8383,30258,-21486
64,-115,83,-3325,2725,97
95,-70,-14,-2543,-23901,-7030
80,-49,119,-9696,-11927,-1404
53,62,0,-14107,-9435,2018
82,90,12,-15668,-14876,1014
-10,69,-68,31848,14148,-14658
-5,-18,102,30773,10919,-19489
-97,37,81,32417,-20719,-25864
-40,36,16,32704,-32687,-31192
E
38,96,21,32704,-32687,32084
-99,46,-99,32704,-32687,-12892
-5,-64,127,32704,82,2497
-102,111,-17,32704,-32687,22862
88,59,-15,-65,-32687,-23223
-65,-80,39,32704,-32687,32764
68,-5,38,32704,-14833,32764
-72,53,98,32704,-23980,32764
-126,83,-34,32704,15373,8815
34,-101,88,32704,25577,11152
-6,-100,118,32630,28582,-25855
68,-44,91,32728,80,10548
-20,-11,62,19092,-27076,-2769
8,0,-11,13231,3517,6140
-66,46,-33,4764,-9603,-3960
107,88,115,-2324,-21479,3696
69,78,47,-2891,-16282,-550
126,2,-6,-660,24675,-3552
87,-46,-78,-3264,-32688,-6118
-68,-88,1,7123,-912,-3939
33,9,57,2582,-18659,-14181
102,44,-59,-5602,24641,-9056
24,118,115,-2231,-32688,-9146
74,-83,100,-5713,-32688,-9330
34,-96,35,-15730,-32688,-6607
-2,-84,84,-19512,-32688,9025
-69,-125,-51,-18082,-32688,23046
-52,11,59,29539,-9789,-24654
108,-122,96,31237,1013,32767
106,-77,-33,32701,121,32767
-11,-10,-31,32701,-29428,32767
116,-49,75,224,-2480,32767
-26,97,58,13818,32146,32767
-78,-115,40,-19292,13340,32767
41,119,-35,32701,-16537,32767
-94,50,-17,32701,19087,32767
-102,-5,-43,32701,26512,-15412
95,94,-115,32701,87,16059
7,-95,115,32701,-19083,-4947
85,43,29,7030,2826,-23854
E
30,-125,-36,14363,6048,26704
47,4,20,-23870,-12833,32767
-48,113,-9,6630,81,32767
-61,102,-119,-22334,31154,-30673
30,4,-31,-8437,28269,-25257
62,-120,-13,-13723,-28727,-22865
115,76,-83,-24769,29672,-6644
44,-90,23,-26974,-32688,-4137
82,3,-25,-21029,-17014,-372
-92,-68,56,-27913,15607,-10300
24,67,-65,-28876,13636,-18123
-29,-73,87,31207,-24079,-12484
-94,-52,92,32382,1764,-25355
120,-118,-72,32701,-8285,353
-29,123,-37,32701,19768,16700
-95,97,-50,32701,-8407,-24854
-116,-45,-126,32701,24475,-31419
-121,-39,-110,-6830,13902,-32768
7,-93,125,-30581,17318,-32768
-31,-19,36,32701,-32688,-32768
23,-18,-17,32701,31859,31461
-33,57,17,32701,7884,-32333
-56,-31,116,32701,27218,-7278
-36,-97,95,32701,-15446,14164
70,-80,-104,-10316,25427,-18678
-112,-32,-89,3811,-28169,-6158
18,-46,1,17026,-25143,-590
31,-2,-107,624,21687,-7205
22,19,-48,-9378,-24749,-8002
50,-79,118,-9045,7516,-2433
88,-110,13,-14683,11249,5023
90,-24,125,-21595,637,8306
98,8,-123,-27252,32482,29306
-33,-98,-27,3102,-15031,12657
-125,105,-109,-5609,-26938,11741
125,44,-69,-781,28321,-12631
21,-20,18,-1637,-32689,-6302
-63,63,-76,8854,-16601,-14057
-82,20,-127,-2044,-8079,1883
110,12,-95,-20980,22857,-10130
E
118,-19,105,-23913,-13103,-2281
52,50,-94,28688,-2339,554
-106,83,34,31994,-8010,222
27,-68,116,32701,15200,2984
-89,51,123,32701,23743,64
-86,-54,-60,32701,-32616,5524
90,-36,-74,32701,6961,16701
126,-57,48,32701,15225,-22598
-54,38,-10,-1644,30942,-32764
113,3,-5,-10465,-32689,-32764
-48,25,4,32701,-28624,-32764
126,15,-43,32701,31492,-32764
-119,98,-80,32701,-32689,8257
-99,122,115,32701,-15605,13794
43,-102,-87,18674,-22708,30900
54,-34,23,-1702,20340,-32764
-55,97,-98,956,-27713,-24119
-8,-10,-56,-2875,23715,29891
-1,-8,-28,-12253,600,-32764
-33,-50,92,-11309,-27098,-23405
16,-66,23,-16632,-21659,-23031
-72,-33,68,-21094,27139,-17303
-26,86,125,-28951,-28735,-14047
-102,98,67,-26653,8040,-7657
60,4,-113,29434,7995,-15973
45,82,-94,32700,-7307,-24692
33,-29,22,32700,-14459,-29704
-83,-93,63,32700,-32688,29820
-83,20,105,32700,29936,-23012
-100,-18,99,32700,22897,25753
26,92,67,32700,-32688,-20586
-10,48,-99,7136,-32688,-32764
57,3,-112,-13393,-9267,-32764
18,-32,58,32700,28539,-32764
-32,16,45,32700,-19102,15313
-26,35,-42,32700,-27269,-11748
-24,123,-41,32700,29402,-28301
40,-41,1,-6329,-32689,25955
-107,31,-28,13762,78,16249
34,36,0,-9770,80,-11146
E
112,58,-3,5484,-32689,-16823
-94,-58,-9,6293,-18266,3248
-17,-18,58,3569,-17535,613
-4,-125,4,2567,31881,-453
47,-128,49,3147,-25195,-6466
-31,66,-37,-9814,-5076,-11733
41,-98,121,-8351,-21669,-12339
126,-106,73,-10598,-29494,-6219
-123,120,-113,-17781,-14646,-1196
-20,-113,-87,26483,-19762,18716
4,-17,-62,31802,-25006,18763
-78,92,83,32698,28321,-24519
-98,-1,103,32698,-22861,-32762
-36,-61,-102,32698,-13223,-32762
-74,67,123,-10747,25256,-32762
-119,60,121,-25845,-8314,-32762
-9,-57,-111,-26701,-8047,-32762
-98,49,-37,32698,-18318,19824
105,-22,111,32698,17135,-11779
-99,101,63,32698,-32689,-3829
40,32,-12,25759,8816,17637
40,-28,33,32153,-13757,-18209
42,-5,-93,8406,80,-23375
8,107,-102,-20801,-32689,28028
0,0,-10,30227,-23919,-32762
-117,-102,-21,-20116,8079,-32762
-34,113,81,-6059,-2462,-18456
47,53,93,-14205,-26459,-23740
-71,-68,-114,-17778,-24445,-15204
-107,114,-101,-29879,-7366,-13193
-20,73,-111,-31560,-22640,-13105
72,108,-101,30984,31669,-10507
105,35,-115,32696,27203,-18270
93,-70,105,32696,-5065,-26523
12,94,8,32696,15570,-19964
1,126,-67,32696,16946,-6252
44,106,-112,32696,-4801,-11311
56,-18,-15,-25942,15564,-10743
-2,115,-39,-24217,-32689,-32761
-69,66,50,32696,-32689,-32761
E
-69,40,-26,32696,-13727,27187
123,82,-25,32696,16472,-30899
-75,-76,-70,32696,-13157,-1781
-128,82,-58,32696,9060,8567
8,32,11,10857,-16885,-12282
18,46,-23,-21897,-14861,3442
-116,-104,73,-20661,-3786,-5000
93,-98,118,-6469,-15404,-9222
-20,88,95,-5530,-22604,-12254
91,60,44,2152,-14701,-10414
-93,-95,63,-1574,-31937,-13790
-75,-101,46,1691,29850,-22422
99,37,-71,2818,-32690,-21444
-5,-42,-98,-18223,-32690,-1422
-63,-85,-22,-12956,-32690,-21942
-62,111,-60,-19376,-20241,28526
-123,-39,-111,-18941,-27011,12885
36,73,-56,-29507,-17182,-29178
-122,-45,49,30283,-27098,-30665
15,-128,5,32322,-13029,-32763
-43,-84,-48,-31766,-14119,-32763
81,-111,-57,-7407,24035,-32763
113,-32,-127,-8672,3044,-32763
17,23,97,32694,-11831,18883
-125,111,15,32694,81,-2868
-2,-9,15,32694,-32688,22227
18,44,-82,32694,79,20394
13,-32,-106,31575,-32688,-17237
-117,91,-123,-11356,-29227,27763
-96,76,-48,5676,10747,-26146
19,-81,-62,-10910,-13064,30394
-39,-48,124,-19022,22756,-24892
-74,-98,68,2271,10131,30861
66,-110,33,-13726,-21192,-18022
-65,-13,72,-20849,29016,-19522
-42,-88,-46,-13817,-9583,-14920
101,107,-11,-16861,32222,265
-7,31,62,-24936,-16683,-5884
-87,-11,21,-25546,12685,-4233
67,45,35,29481,4258,-6366
E
5,21,69,32354,13271,-7872
-37,101,60,32694,30695,-11837
64,-45,5,32694,19149,-27635
-58,123,-10,32694,-26641,-17650
-91,15,11,32694,-32687,25918
-13,-25,73,32694,21846,-32763
-40,-77,-96,32694,3749,31149
-5,34,47,21946,-32687,-21300
-27,111,29,-18337,-15867,-32763
-37,67,43,32694,27243,-32763
-108,-21,32,32694,-32687,20722
108,-14,-114,32694,19147,-30170
-74,-120,77,-14498,-27735,-18655
-81,72,12,-7366,25779,4800
-100,-70,-98,6339,-18094,11371
103,124,4,14128,-22272,-6009
-6,70,-89,4772,-2445,-8746
-84,-24,-23,3297,-2861,-8125
59,-42,5,3170,-1795,-6366
-67,-93,-29,5855,-8119,-13111
-62,-3,-9,7600,-24185,-12411
33,-125,66,10824,-14315,-15431
37,27,67,14287,-17470,-19060
69,54,77,3979,24934,-6118
116,-32,120,107,-32686,-16634
-108,-23,-57,-7557,-32686,-4301
-121,-22,50,-11939,-32686,-7155
35,-35,19,-22231,-32686,3404
-72,72,28,-18984,-32686,10999
-123,-113,-76,-22085,-26758,25228
74,-5,-40,-19744,30874,20383
115,-22,-60,-7994,-32686,20212
107,26,12,9235,-32686,-28209
-83,-84,-113,18647,-31414,-32171
40,19,-123,27342,13056,-32759
110,-17,-37,-27797,10350,-32759
-57,-127,97,32696,-31336,6338
-24,-69,82,32696,-30355,-16258
-80,16,98,32696,10709,-18903
112,86,73,32696,-7461,-25968
E
121,-90,65,32696,22838,27475
-14,-25,-16,27845,29602,-26628
93,19,76,-30616,4051,-29806
124,-104,4,-23001,-32686,31110
-123,-124,-89,-4653,-31233,-32760
100,101,127,-21649,-616,-32760
76,124,25,-4806,27511,-20377
28,55,-112,29149,-26987,-15941
108,-123,-79,-21066,29529,-8835
15,104,52,-18309,-32686,-5430
3,-105,0,-24560,-7532,-4248
-35,-1,-62,-21219,-19760,11723
45,82,-78,-24504,-28867,4300
9,-30,96,-27635,-32686,3079
-120,-64,66,30621,-32686,-6765
90,18,-104,32298,-32686,-21828
111,-87,-123,32697,-32686,-21269
44,92,69,32697,-24797,-9063
-68,-2,-43,32697,19298,-10118
17,5,109,-72,-23445,-32759
-107,53,-68,32697,-20267,-32759
-39,-40,-55,32697,-29553,-32759
107,-99,-34,32697,-3736,-32759
-28,67,97,32697,432,29295
-44,-103,-128,25645,-32687,30705
42,19,-30,-30489,80,-30088
-51,-29,-24,9484,19659,-8286
-66,-100,-16,8623,-8165,-6092
-58,-30,-72,494,2379,9296
78,-2,-86,3425,-8374,5439
-66,-95,32,-51,-24922,8300
-2,-116,0,-2335,25878,2343
-8,-22,-33,17993,-25907,-11641
50,-18,-32,15228,-20788,-7413
73,-62,115,4931,28130,-6159
-67,-66,33,-1146,-32687,-6578
-79,112,-96,-4226,-26498,5782
-97,-69,-41,-16172,-25472,7769
95,-7,-5,28089,-28012,20172
30,-127,115,30674,23589,26417
E
-6,-113,120,32694,-21772,14936
118,-70,-59,32694,-31944,30640
78,-87,-17,32694,-5811,22459
11,19,-117,32694,12968,-28237
-88,23,-36,-75,-32687,-32760
-49,17,55,32694,80,-32760
-77,112,-73,32694,-32687,24263
78,47,-102,32694,1289,5424
97,-83,-67,32694,10602,-7382
19,96,43,32694,-32687,27044
-112,-102,66,-11363,80,7499
112,79,-11,-14261,-883,-21986
-15,-106,42,-6204,-21443,-18761
21,123,28,13842,-32687,-27622
84,98,-97,-4988,82,-31729
-3,-49,-14,26851,-32687,13406
120,82,-31,-9266,-19049,-16993
-86,-82,5,-13959,-20760,-20834
-46,57,-66,-24266,-25890,-15825
-39,-59,67,-15468,-4016,7564
0,-77,42,30456,-12447,-14233
-76,25,0,32153,-21708,-4835
29,-45,3,32257,21428,-15381
29,-127,77,32692,-32230,-22613
127,-48,85,32692,19783,-18408
60,-2,-93,32692,14802,-5805
-101,-7,40,32692,7689,354
-19,-27,-63,32692,-32688,-14810
95,-102,79,-77,79,12259
27,6,-39,32692,-32688,-25923
-32,-107,-95,32692,81,-32761
-87,-15,102,32692,-29545,18033
-79,96,53,32692,-15521,-11052
-72,13,33,32692,4932,-12592
33,24,63,-905,-32688,9162
100,0,-43,-17476,-22265,-20361
-14,125,81,-54,-28272,-6177
-97,-119,-62,1858,-18206,1269
121,85,-128,-6305,-6455,-1164
-6,111,-54,-1639,-25569,-6287
E
126,115,35,-491,-18516,-14444
42,-28,117,3238,-20488,-16354
-48,-107,67,7733,29192,-14977
-103,75,82,2982,-26573,-16581
94,33,59,3148,30512,-11121
52,9,80,2111,-32689,-27665
36,57,64,-10747,-32689,6812
-24,25,-120,-15887,-32689,24549
-71,-85,-26,-8192,-32689,15669
-105,113,-125,-590,-32689,23306
127,-115,117,-6095,12053,31309
-94,-127,-75,-4876,11199,27768
-126,96,-3,-5782,-19522,-31400
0,-66,55,-9823,17273,-32379
113,-113,-69,-3305,-24133,-32759
-76,90,84,-14001,-19327,-32759
-8,87,-22,32690,22583,-32759
7,-71,-102,32690,-21166,24330
34,-93,-11,31125,82,31941
-128,122,-78,-32325,-32687,5297
-15,-17,-30,30322,80,31517
-127,-19,35,-32409,-32687,25463
80,-44,-98,16808,303,-32759
-6,-114,-46,7634,-2916,-25970
102,-62,-98,-30141,22901,30514
95,29,60,5616,-32687,-29132
123,-21,57,-5159,-32687,-22973
94,40,-32,-9253,-27438,-14812
-59,30,84,-2575,31100,-8341
-101,70,-93,-17786,-32687,-17346
11,-63,95,-29402,-32687,-31184
46,-85,-18,-19834,80,-10027
41,89,26,26879,29507,-27643
-40,15,9,32688,-31573,-18265
57,-35,-20,32688,-32687,23984
46,-32,-82,32688,-32687,-32758
123,-16,27,32688,-32687,-32758
-59,77,-94,32688,-32687,-32758
-87,59,-92,32688,82,-28109
-124,100,-56,-81,32517,-12366
E
-110,99,-29,32688,-18760,-29150
-52,-57,-108,32688,-11767,8299
6,70,115,32688,-19398,-28999
-57,-74,-11,32688,10696,-23781
-37,62,71,32688,30260,-28326
7,93,-125,16701,-7034,-13510
-36,18,-34,-3062,-16902,28372
-2,-93,13,163,-19402,16809
126,-82,115,-1865,-29557,14686
-73,-80,21,-10155,-29738,3216
-116,-68,-85,-18232,-16799,-974
14,-25,103,-5830,-8757,-8721
46,39,18,-5505,-8058,-13028
56,-64,-7,-7260,-19790,-11851
-84,-91,35,-7261,-19148,-12019
122,25,-7,-11269,-17734,-10358
28,26,-89,-22299,-24820,-12139
10,-103,-111,-22271,-13752,-14768
-123,-11,21,-20539,-30416,-8992
46,51,26,-26701,-19417,-116
-93,69,46,30068,-300,11495
85,-111,-101,32202,16214,24410
-76,76,-89,32688,12351,27419
-48,-17,2,32688,18676,30791
125,89,-93,32688,-27008,-30704
-4,-11,72,32688,22819,-32758
22,116,21,-81,-32689,-32758
35,13,-10,32688,5012,-32758
-54,-82,-59,32688,18409,12219
119,104,-100,-17783,11626,24030
-56,-105,55,-20678,-33,27056
-55,-42,70,399,26255,-32758
36,25,64,-9165,2289,-32758
117,65,81,22463,9780,-32758
-65,-69,-84,13872,-9394,-32758
119,-115,-122,-3674,20362,-19111
43,-107,-49,5584,-32690,-24974
-84,-9,-32,-5051,-19853,-20976
-2,90,-88,-342,-19753,-19983
47,-106,63,-17450,16544,-18330
E
36,-76,-120,-18058,-12150,-21676
101,-53,-15,27803,-19249,-22472
12,-58,-76,31511,19382,-21697
50,-67,27,32688,-27494,27766
16,-28,-40,32688,-32690,32618
-111,-112,11,32688,-32690,-32758
-86,77,71,32688,-30187,-32758
125,-36,16,32688,21090,9
-18,91,19,32688,-32690,-32758
-97,7,12,-81,18298,28887
-34,105,41,32688,15850,-1097
-86,24,114,32688,-30863,-6386
2,109,94,32688,9742,16973
48,67,41,32688,18499,9945
97,-84,-73,32688,-17449,-3728
95,113,68,17632,-3402,26273
62,107,55,8958,2240,-26705
52,24,92,2812,24623,-14503
-21,95,40,1553,-14193,-12503
96,101,-112,422,-24106,-9484
77,-4,16,6958,-29947,7954
51,-106,93,8686,32550,2993
-75,-94,52,9503,31783,16127
97,-18,57,5659,-32691,14847
-93,52,35,-11544,-32691,-775
125,-88,-43,5875,-32691,1994
93,-68,-5,-16975,-32691,305
-104,-34,-72,-10825,10691,-4092
102,111,-3,-9887,2390,-3930
-1,-29,126,-10331,-24451,-5796
-113,-31,127,-2317,-1375,-11944
-5,-51,20,-29816,-21207,12293
50,-92,-58,-31883,-23677,13275
104,-92,-53,30480,12115,20967
-38,-121,-1,32687,17997,-30388
103,113,111,32687,-1843,-31002
58,-15,-109,32687,31801,-32760
51,-117,93,-12870,27264,-32760
-42,-122,-16,-6741,-32691,-32760
-121,98,104,32687,143,5624
E
-99,-57,-16,-9904,-10868,-23710
-12,-90,124,-13004,78,-22126
-33,-21,94,20431,76,31431
-52,-116,-39,18578,-32691,8379
53,17,-70,7391,-18715,17605
-39,-36,-32,24809,-15505,-32760
-26,-6,-77,-22693,8105,-27039
-37,36,-78,-9512,29677,30869
0,12,73,-19212,-31384,-32760
-10,84,-48,24195,30037,-13192
-27,112,54,-32204,29352,-20061
-110,-32,127,-31774,30073,-11499
58,68,73,-30721,-30797,4790
126,107,-126,-23970,-5508,10364
-76,-36,-64,-20190,-18798,11724
17,-107,-88,27387,20800,10532
3,-19,83,32687,-29303,7895
17,-123,48,32687,-11227,18478
-50,-96,-124,32687,14950,-23982
3,68,-17,-82,-32690,-32759
118,-43,51,32687,77,-32759
45,37,58,32687,79,-32759
17,-17,82,32687,-32690,-32759
-39,-110,78,-14937,-32690,-11001
-13,-49,9,-16975,77,-23091
-95,60,-40,17679,-4792,-25659
-118,-104,-73,25383,-26386,-7969
-5,-42,116,15482,-14799,-18044
-42,4,28,1008,25453,-18228
79,92,53,-353,32341,-3300
28,-1,23,4284,-24072,1637
46,-51,113,6955,4173,3852
-99,-41,96,5630,-20220,6029
100,-16,-92,10897,28341,785
99,-90,-91,18861,4193,-6336
27,-33,100,13752,-20582,-4680
-111,40,95,8247,-27060,-12747
3,7,-8,2940,-27549,-10254
-53,50,-78,-5313,-17508,-10158
-26,-1,3,-5193,-32300,-10892
E
118,34,119,-13388,-28499,-20168
-87,56,-83,-20496,-2660,-23978
12,-34,-23,-23614,22127,-22174
-57,-104,107,-32314,24203,-8214
-112,120,24,30602,8896,-6195
43,94,114,32683,12207,-6763
48,-46,54,32683,16711,-1136
0,4,3,32683,15211,8775
39,94,-1,32683,21648,28354
40,-11,-22,32683,28624,-26618
-7,97,93,10847,-32690,-32758
85,-69,42,-14652,-32690,-32758
-14,86,-34,32683,77,-32758
29,-115,55,32683,31737,996
25,-56,121,-19055,448,31520
108,-96,-122,-2952,-32690,25807
93,-15,-72,-25118,77,-32758
-13,-102,-27,25834,-32690,-32758
119,38,-62,2474,-12609,-32758
89,2,-57,25692,4549,-32758
59,38,-17,-1707,14561,-23419
20,-44,31,9080,-32690,-17095
32,-119,10,28045,-32690,-11102
-104,69,-93,-16361,13609,-3436
42,-39,108,25434,31698,-4311
50,96,-98,32683,-16009,-2349
-33,83,31,32683,-9313,2668
-70,-42,-11,32683,-31943,-3675
-87,11,53,32683,-32690,17514
-35,13,-105,32683,-32690,-9391
66,-125,-75,32683,79,-7778
76,-71,-78,32683,-32690,-32757
99,-41,76,-86,77,178
-66,65,15,32683,-32690,5063
-112,66,97,32683,79,-12815
87,-35,26,32683,-32690,19497
-27,-103,35,32683,77,-32757
-127,34,-72,23519,-15745,17942
116,90,111,-31829,-14281,2612
71,42,-1,18124,23659,-11038
E
-74,-117,-104,10203,15405,-1381
-123,-125,14,2504,28718,8898
3,-10,-71,20093,-22972,-2576
-31,111,2,15014,27446,-235
-53,18,113,12538,-32689,-5441
-25,-82,-86,9754,-30457,-17521
-50,-24,6,-3206,-30346,-25635
-109,3,-30,2240,31818,-21595
0,-99,7,-11467,-32689,-12877
116,88,113,-7065,-32689,-13285
-79,74,-68,-3532,-32689,6155
54,3,-98,-5828,-32689,3506
-53,-20,8,-9048,-32689,16143
-38,12,25,-9165,-27916,21151
118,54,-84,-7067,-26844,22658
-54,-108,37,-1714,-17375,22953
-60,3,77,-3697,-28211,30930
34,-19,-15,-13024,-26814,31671
-44,124,116,21212,20866,-31599
37,70,7,32682,23355,-32755
-89,-123,99,-87,-8380,-32755
60,-33,95,32682,-21838,18879
74,-124,102,32682,-28792,2810
-11,-14,4,27840,80,-21220
-61,79,-18,10048,29611,14
65,52,-68,-31200,-20688,4306
-87,90,-59,-10399,80,20428
-2,58,-90,-5406,4568,-30142
-55,-113,-74,2163,-24912,-30795
123,-38,76,-10206,34,-25007
-24,58,-63,-9605,-30624,-29093
69,-21,111,-16700,27775,-18585
40,-5,-69,-14824,1532,-11731
104,-62,-93,-26071,21440,-16383
-16,-61,-52,-10006,-26699,1300
-96,24,-99,-27572,6915,-12051
58,-24,-117,27789,-21070,-7472
14,-47,-116,32679,-32689,-25584
-100,109,-76,32679,-32689,-15279
102,-111,-115,32679,80,-7973
E
-105,96,39,32679,-32689,-32753
85,-91,109,-90,78,7703
24,-52,8,32679,-32689,-24393
-59,41,24,32679,80,-2022
45,5,9,32679,-32689,11617
-97,-107,121,32679,78,-32753
-24,11,-106,32679,-26729,15726
24,69,-14,-14939,17194,-29478
-127,-73,-7,-12075,-28564,-11908
14,65,-58,14320,-5487,2741
-110,-53,52,6814,-9777,4128
-89,-55,9,-2147,-26094,3219
-52,-45,-13,-2839,27945,3099
98,95,22,3334,-2893,-4469
-10,-122,-68,3072,-2865,5799
-56,-86,-54,-7509,-22050,17823
-27,-125,108,1747,-26516,10067
-45,97,-30,19000,-11799,21956
25,-115,103,13922,-29255,23769
84,78,-26,-31423,28857,27787
122,-47,109,12497,-28329,20073
119,117,52,-1859,31393,19407
-31,49,-100,-11860,-32690,8607
-31,-15,119,-16907,-6056,-14464
-23,-34,-19,22952,7973,3849
-64,-60,-128,32680,-934,-88
-116,114,16,32680,5240,8975
-91,99,115,32680,-6941,12568
-84,-32,35,32680,-22835,30637
-76,-108,123,32680,24701,-28304
10,83,-38,3767,2342,-32751
-12,65,-105,-15964,-9537,-32751
-84,-60,11,-31634,-11531,-32751
62,-100,-59,32680,-32689,-32751
-52,-73,-38,32680,80,-16873
-86,-98,13,32680,-26914,16570
86,-86,-17,32680,2478,-30858
-122,83,40,3182,20483,32154
97,116,62,15939,-16229,-30367
-114,5,107,-7772,5515,31991
E
37,9,-74,-1635,-5613,4648
19,91,68,1202,-7910,-17209
-27,7,3,-9197,14298,-21459
11,64,-97,-9237,1097,-9336
31,-104,24,-23721,-18271,7147
122,91,31,28064,24287,-10299
44,-37,-95,31830,-5776,714
-16,-31,12,32679,-5415,4100
-3,-25,67,32679,25438,9828
62,109,39,32679,-29421,950
126,77,-121,32679,-18516,30447
-80,88,-37,32679,31053,20981
1,-25,-96,-90,28456,-30832
100,4,-124,32679,-18100,-31440
-125,74,-44,32679,19501,-32749
-127,-23,73,32679,28395,-32749
-22,-41,47,32679,-32688,15923
-105,12,83,32679,-32429,-21466
-65,23,1,32679,-6929,-9616
-34,29,-93,20380,21263,-23237
19,-60,49,14194,-20630,4841
20,118,45,-4878,-19710,-32386
2,-21,-59,-2195,24597,-3023
61,40,-53,5516,-32687,7858
-19,-103,127,6871,-28456,15410
22,62,33,2819,19845,19794
114,-114,31,8214,-27285,13043
-74,-124,-19,-19888,29910,15643
75,-39,-47,9449,-32687,-4790
59,98,-14,17350,-32687,16321
31,112,56,23820,-26337,14180
-33,-4,84,130,30733,30272
63,112,41,9648,-32687,14905
-35,-117,-69,31988,-32687,6526
-68,97,-85,-18417,80,27387
-99,-103,-48,-28779,14106,-6080
-20,49,21,28970,-4065,13746
-55,102,-87,32680,4803,4062
-47,-116,93,32680,-18544,8830
67,74,21,32680,-32688,13278
E
-5,112,104,32680,-9158,-22101
96,72,115,32680,14083,-32748
-16,-125,115,-23488,-32688,-32748
115,-77,-102,-25057,79,28078
-60,23,125,32680,-32688,30893
121,-122,-8,32680,81,24086
-10,-39,117,32680,-32688,3306
-123,118,-96,32680,79,-16514
-104,-14,42,13387,590,28984
-67,90,48,3232,32679,-29842
-40,32,64,6077,-28510,-6896
-123,86,-93,-8696,31456,-16995
119,-16,45,-4239,23714,-7720
47,-86,8,-22877,29129,7089
-48,35,-7,-5151,27821,-14231
122,32,0,20731,-32688,24792
37,58,-21,32679,-32688,-7194
65,50,-43,32679,-3242,26958
-50,91,-12,32679,-16739,-21
14,42,10,32679,14767,5159
-126,-62,-51,32679,21646,962
25,-93,-102,32679,9792,18162
-46,-58,31,32679,16661,-32599
-61,-25,9,32679,8885,-29487
-12,39,-8,-90,-32688,-32748
-68,-103,-77,32679,79,-32748
4,77,-77,32679,81,-32748
-44,76,51,32679,-32688,-32748
45,-53,-66,32679,-32688,21
-70,-64,119,32679,79,29439
-121,-35,54,32679,81,12059
14,115,-104,26443,79,-27699
-44,-80,124,17993,9950,-14182
14,-40,66,1951,-10480,-28454
-29,75,-119,21972,1154,-26121
-85,97,93,-11748,18735,-13111
-4,-31,118,-4251,-23515,-8181
-72,72,117,-4030,-24519,-2554
66,7,-19,-8653,5398,-1965
90,22,-118,-7333,-2233,-2013
E
-107,-16,121,1436,-2017,9979
110,16,-57,1760,-22473,4451
-56,-30,39,3604,-10713,17124
-15,11,25,5491,-8194,16782
83,-60,29,11252,-26591,-31912
-97,41,-65,1376,-18202,27107
120,60,-24,-11719,26059,24789
-9,95,-112,-7991,11445,525
102,97,-94,-14012,-27630,4531
63,23,105,22167,22188,2515
110,12,-92,32676,-1038,8864
-52,119,76,32676,-19963,13250
-50,18,-40,32676,30012,20220
-23,-108,116,32676,-21283,26831
-58,54,43,32676,28427,-28166
51,13,83,32676,-32688,-32747
-96,-40,-78,-93,-32688,-32747
38,-78,-125,32676,-12325,-32747
-87,21,-55,32676,-6708,-3489
-25,-94,20,32676,-32688,-13625
106,-99,96,-9273,81,-24618
116,-9,34,-28277,-32688,25657
-102,-94,112,-29438,79,-32748
-46,52,88,-1097,81,-22996
-115,36,100,-247,-8702,29538
-11,56,-48,551,-29761,5945
32,-67,31,13320,81,19891
-98,-38,-63,-7445,-29242,-2358
34,-59,-40,-6727,31895,6537
1,-59,-59,29536,-32753,-10303
102,-6,-84,31318,-32688,18263
70,-18,76,-22084,19647,-253
39,75,-64,28836,-17366,-24987
29,-51,117,32675,3711,-2257
23,-100,111,32675,-1131,-20280
90,18,14,32675,-2486,21949
-35,-63,-83,32675,20802,-29133
-61,50,-76,32675,29867,-32746
-109,56,76,13113,-32688,-32746
-127,-89,115,-15418,-5269,-32746
E
58,-89,-58,32675,-30906,-32746
33,73,-38,32675,81,-32746
40,-15,-72,-1026,-32688,23
-52,-91,-6,-21628,79,-25192
-58,-18,96,11724,-32688,-11694
109,51,18,8239,-14950,24446
-94,32,113,9598,-22899,15113
28,-39,-65,6486,27640,-10878
-3,20,-86,4691,6856,-9240
126,43,-21,5793,16753,-1354
61,36,107,17491,11839,-16089
79,49,-85,-10042,-32688,-15490
90,75,-16,12258,28199,-8031
79,-45,22,9796,1475,-6031
100,17,15,-1483,14696,-19353
71,-20,106,4374,-18618,-11844
45,2,-118,6161,-14671,-14755
-16,-66,-94,3355,25279,-23173
-87,84,-29,-5693,-32688,-21305
-75,-3,-122,-4522,-32688,-23208
-25,87,69,-5254,-23550,-12930
7,-88,20,-9263,-8572,-5811
93,-30,107,-15653,-28641,-849
34,-16,46,-24623,-25237,16521
45,1,10,31922,-21113,17225
126,110,94,-19765,17599,31833
82,-92,-97,27719,-4310,-29419
67,-100,122,32673,-31189,-32745
-71,84,-21,-21059,27142,-32745
86,-29,62,-4030,-32688,-32745
107,-102,71,32673,-32688,-32745
-25,-1,-110,32673,79,-5993
-113,-89,98,32673,-13814,15800
-11,42,-124,32673,15635,9997
123,47,119,3313,-32688,-32745
85,47,-54,-31834,79,-32745
-43,12,21,24744,-32688,-31839
23,16,78,-2671,81,32489
94,118,-89,19781,79,-29839
-2,68,-4,6716,81,-14361
E
-109,-71,-112,9479,-32688,-585
18,-88,38,-257,-14351,-1206
-30,75,-3,-22236,323,1637
-7,36,44,23151,-20143,-6193
18,38,-107,32671,-32734,-15211
-80,-77,-112,32671,26613,-29176
60,80,-86,32671,-28181,-19394
-54,6,28,32671,21427,3577
59,113,-70,32671,2339,26501
57,57,-83,-20612,11519,-24433
-47,-71,-54,-26027,4530,9725
-36,-103,-28,32671,26300,-25057
14,122,20,32671,9050,-15105
8,-71,-102,32671,-32688,15988
-9,22,30,32671,-7270,-32746
-98,-13,120,32671,-19405,-32746
-4,3,89,8450,-15076,17681
-43,-3,-42,11018,-14724,2612
112,-21,50,-12536,10865,-6035
79,-1,64,-7460,-24329,-9828
126,-114,124,-2905,-7901,-6241
48,-80,-65,-900,9910,1621
43,-114,119,-1400,-22364,8685
98,85,122,-6985,31915,18139
-66,-37,12,-10027,30021,22909
-84,-86,-46,5524,79,21919
-100,-64,13,-1563,-32688,2245
37,-114,-98,-4220,81,31603
66,-110,-102,-7565,24314,9093
-26,106,31,-14259,13848,-23936
60,-10,43,-13602,-32688,-2792
-97,-75,65,-21021,-32688,-5043
-6,-13,-100,29841,-25921,-3088
2,-70,79,31189,-13652,-4577
76,-110,94,32670,30638,5785
-123,18,76,32670,-7535,22460
-111,103,-6,32670,-16327,-24238
66,-51,34,32670,25268,-32746
57,-128,-54,-99,31758,-32746
40,28,-51,32670,12540,-32746
E
121,78,-77,32670,29322,-32746
-77,-51,-117,32670,13706,-8471
-52,-1,123,32670,-29697,13776
33,54,-95,27667,9280,-32746
-81,77,33,-5869,-32687,-32746
42,72,-30,741,80,-13030
-90,-27,-48,-30664,14560,-28067
-113,-66,5,-22067,-4746,-18288
-124,38,-105,-11016,-22630,-24345
-45,123,0,-11500,-32118,-13962
58,-111,96,-9720,27902,-9484
-127,0,-97,-14303,-6567,-13557
73,18,114,22778,24143,-15590
-80,100,30,-23268,80,21835
-126,-94,33,29470,-9399,26978
-93,124,-29,32669,-18605,-15152
-9,49,56,32669,-32687,-32032
71,126,-4,32669,-8782,16363
18,44,-19,32669,13959,-17268
56,-115,97,-30177,-32687,-32745
-27,-59,-88,-22842,80,-32745
-41,-47,-109,32669,-76,14966
-69,-113,-16,32669,11057,-8232
-62,-94,-70,32669,80,22960
12,-110,100,32669,8412,-31644
-65,34,87,23406,-13725,21184
61,120,-46,8528,21465,-10434
69,68,70,-2737,-4973,12606
110,-127,-25,-17083,-20900,6684
-45,-16,-73,-6529,-12750,-5298
-89,58,11,4470,15021,5746
62,-23,89,13510,-19852,3682
-106,58,-71,7463,-15591,7811
123,-51,8,6899,23621,8489
77,-83,-85,14861,-32689,3485
-55,-50,66,1804,-32689,3733
-39,13,107,2829,-32689,14665
-50,30,-20,-28772,-32689,-26940
-19,33,-62,4311,-10208,-8826
-38,-102,114,-14039,25354,-3399
E
-9,118,83,-13918,-13453,-5184
-128,-42,-59,-23389,8034,-9109
105,-93,-20,30803,22856,-5861
-123,-23,-36,31120,26070,-7916
58,97,-73,32669,-27425,-6628
7,107,-48,32669,-32689,-4540
54,-127,-21,32669,80,-32299
107,116,80,32669,-32689,-26542
-55,64,-90,-100,14294,23386
-59,84,-16,32669,-15583,-29610
76,45,-54,32669,13233,29818
-96,72,-10,32669,28462,-22075
18,-57,37,32669,-32690,-7797
-22,34,-11,7634,-32690,19759
-118,53,56,7396,77,-32745
-25,-18,-92,15012,3327,-18433
-68,-40,-86,-6180,29513,28021
81,-119,-54,-19482,-28300,-13498
40,-27,37,-568,79,26376
101,-21,3,-10407,-32690,799
-56,-88,92,-27108,-10892,-15876
-117,119,-85,26688,25580,-9402
-17,-57,17,32669,77,11135
-107,-128,-89,32669,-32690,-2522
89,100,-33,32669,4344,-4862
-78,-93,28,32669,9579,29678
57,-19,31,32669,-32690,-25677
-65,100,16,-100,-32690,-32744
40,-23,-5,32669,77,-32744
-5,-125,-52,32669,-32690,-32744
3,-38,-113,32669,79,25
121,-17,118,32669,77,-32744
-68,-91,-69,32669,-32690,-32744
-112,110,-99,3687,20012,-16623
-105,-43,-81,19031,4357,10411
-37,-12,15,1997,-32690,-13661
70,-111,83,-29997,26136,-32364
-106,48,82,25450,22285,32570
-92,-2,106,-29356,29831,21878
1,18,-80,15920,-32690,30988
E
-100,114,63,-27436,-3686,-8565
-42,-49,-26,284,-17474,17879
-120,-35,92,-7047,24552,7196
-32,-8,103,-6208,-17176,11422
37,82,44,-8666,25023,7739
94,-65,10,-2119,17622,-4976
114,-10,-2,-18481,-13330,2559
5,114,-48,-28274,-19112,-864
-128,-2,86,-14692,29926,-5336
-88,74,-81,31921,-26024,-10523
-103,-79,42,-28794,320,-6323
74,45,85,-32695,-16214,-2824
-127,-88,28,31899,16021,3736
-19,-9,41,32665,5160,3800
-35,-88,121,32665,185,362
53,-105,-36,32665,26205,-464
63,-27,-37,32665,26058,-657
-41,56,62,32665,4828,3517
2,51,57,32665,10992,-17454
-18,-122,41,8877,-32689,-32745
-37,-96,44,-14020,78,-32745
25,58,-45,32665,-32689,-32745
23,74,15,32665,80,-19850
-4,-99,-39,32665,-32689,-29005
107,110,41,32665,12592,-28211
-90,-110,-19,19747,17754,29173
-23,76,-128,-16581,-32689,23979
127,92,-29,21056,-32689,13883
4,-92,-20,7319,78,-3729
-35,55,107,3896,20364,-193
55,40,9,32671,4241,698
84,29,-104,-725,-32689,-4902
98,26,9,32473,16150,3640
-65,21,-103,26016,16568,-14357
46,36,38,32665,78,2395
67,-104,44,32665,-32689,-11382
96,-91,-105,32665,-32689,20457
30,-70,73,32665,-32689,-32744
2,20,-35,32665,817,8563
-96,85,-26,32665,-6685,3706
E
69,99,122,32665,16816,-16716
-11,-111,-82,-104,-32689,-32744
-76,-77,-82,32665,-32689,27387
6,-36,115,32665,17206,-27185
41,95,-118,32665,-16553,14138
20,87,65,12367,9109,3056
-62,62,25,-6981,-12295,-6655
112,1,66,23265,21489,1817
-56,19,-24,12756,2179,-5616
-23,8,9,-14627,30835,-10254
-15,86,-44,-11676,-16335,9604
109,-38,-33,-4130,-15615,10143
123,-35,3,-6270,-15763,8224
-27,-83,-127,-5782,30825,2735
51,108,-107,-6897,30737,-1738
31,-1,-46,-18879,-32690,-17653
99,67,-107,-7503,-6084,-8288
-61,9,-36,-20175,32219,-11054
-47,-9,65,-23661,30099,-3161
4,125,32,-28573,-32690,6144
-20,122,16,-30588,-32690,10345
-113,46,82,-29706,-30347,21172
114,17,-117,30982,32065,26033
70,-76,-84,32663,-32690,-27799
31,34,-4,-27875,-32690,-32741
-39,107,-86,-1772,-19989,11912
-102,-128,55,32663,29838,10257
42,-29,25,32663,-22176,-15337
-22,-55,55,32663,79,-21353
-2,92,-91,32663,77,24517
72,19,97,30885,-32690,-32741
53,-32,14,32164,79,-32741
-117,-112,-126,-6797,-22542,-32741
-58,-7,-85,-15553,29741,-10988
5,89,-106,-422,10909,25544
6,71,35,28114,-11637,378
-114,-71,28,-8687,-28493,-7778
17,-32,-6,-14354,-17657,2354
-31,-90,-39,-21267,-23474,-124
112,-61,-34,-30102,-1841,3421
E
5,34,54,29424,25456,-5816
61,-59,-113,32661,14536,-9706
-1,101,-113,32661,-31004,-28032
-87,45,32,32661,-30175,27025
51,44,76,32661,-32690,-32740
65,-42,94,32661,-32690,-25220
120,16,127,32661,79,31004
106,77,87,-25809,-32690,-211
127,1,34,-24308,77,-22652
80,-53,-76,32661,-32690,-19784
-51,100,16,32661,-32690,-31209
86,123,97,32661,6021,-32637
78,-59,-86,32661,30866,-32740
30,-85,-96,21771,-32690,-21123
75,-7,-33,-7925,27201,318
65,73,61,-7287,-31990,-15147
62,-27,-27,2320,-24769,13440
-23,-82,54,-467,-2841,9992
-4,-57,-101,8861,19031,4165
103,-99,42,2055,-12730,6204
88,42,-46,8079,-5661,8584
33,19,106,7211,29571,13851
-63,-120,-59,4694,-30216,9115
-125,-17,22,1694,-20167,5987
-92,40,3,-12344,28097,-6449
47,23,100,-19243,-32689,1652
24,-99,-89,-10646,-3283,-4142
6,-126,-55,-22799,-17853,-3637
63,-87,0,-27706,24635,-11954
-115,-22,52,-30583,13993,9489
-26,-94,22,30565,-31189,8199
-4,60,-49,32660,-3999,18196
-128,85,4,32660,-12100,23491
-56,-21,110,32660,-17930,-29029
-110,117,105,32660,24368,-31913
114,43,-83,32660,-30815,-32737
68,70,98,-21796,32643,-32737
-114,105,-107,-25647,-24095,364
98,34,-86,32660,-2832,12843
-93,32,95,32660,-32688,983
E
92,-46,108,32660,81,-3912
-96,-30,-23,12059,-32688,16942
0,-64,47,23079,79,13813
-11,15,-123,7278,81,17281
38,36,-118,-4769,79,-32738
-21,-18,-122,3707,-32688,-32738
68,10,-5,-25242,81,-32738
78,-16,32,-25990,-8245,-29810
-94,-116,55,27537,25313,-18817
-72,67,121,32660,32644,-2262
99,-128,99,32660,-29587,-11592
-121,26,-14,32660,13768,2103
-105,93,90,32660,-24891,11770
120,56,60,32660,962,23977
-83,66,0,32660,-8265,23462
-109,-8,-15,32660,17668,-27217
-117,24,-116,32660,-32687,-32736
15,-116,11,-300,-32687,-32736
-97,15,-52,-10967,-19859,20530
-13,85,-48,32660,-4196,14224
33,-46,-31,32660,29035,-29327
15,96,-128,32660,23198,8696
15,111,-97,32660,80,-15555
55,4,11,32660,82,-25291
-48,43,-21,32660,-10934,-9871
50,117,77,30407,10467,11892
-60,-18,-97,1735,17171,4933
-108,-10,-112,-6132,-14942,4816
74,-70,120,-6314,9903,4871
27,-41,53,-6711,-17137,9260
85,62,-32,21,22263,19971
77,79,-51,761,-7250,8485
-127,88,-12,-2484,9965,23715
-97,40,-78,-2604,28512,18683
-120,57,31,-29667,28613,-3884
60,77,-115,-27089,22901,-3430
-5,19,-95,28676,15823,31494
-98,108,75,32660,11025,-26415
103,99,-82,-21098,-7974,-22438
-17,10,-58,-25978,-12496,-21898
E
91,-64,21,-30697,20925,-5293
-39,-6,50,30776,-22460,12
54,53,-73,32645,-19190,7844
96,-26,-58,32660,6392,13542
2,-69,25,32660,-1977,14727
-104,39,-90,32660,-19109,14292
7,-74,90,32660,23252,-23305
63,-22,-43,-28450,-32689,-32731
-48,13,-87,-23429,30262,23556
118,81,106,32660,-21925,23960
-89,26,-108,32660,420,-29242
0,51,26,32660,-32689,-32741
-17,12,-107,-27658,-32689,-10827
-78,-58,-32,-13722,78,-15090
-113,13,-72,-21728,-32689,-27590
-114,-75,30,-19567,80,25494
-4,44,-57,-23554,78,2463
50,33,-39,-708,80,-12759
-35,64,38,-14146,-32689,25789
-86,-14,94,-18271,7222,16611
102,-13,-45,-14397,-11520,-12725
54,-47,8,-23461,13255,-2859
-91,-51,1,-28416,-14034,-7398
89,-46,-89,-29070,-17253,3472
84,-6,-101,30336,2994,-2624
-71,44,26,32618,18640,-1526
-108,102,-90,32658,29089,-24703
-107,-29,-98,32658,-28693,24943
112,-12,102,32658,-32688,-5232
47,-99,110,32658,81,-9125
-112,-27,122,12601,-32688,-32727
65,74,93,-15270,-13023,-32727
-50,32,-24,32658,-26763,-32727
-11,-27,52,32658,-16304,-13892
-59,49,10,32658,-26355,23243
30,-117,21,7158,28455,6540
2,64,29,-7292,-32688,-21227
4,-35,38,5453,23138,5298
14,12,112,-756,-20048,11146
60,-24,-37,9728,32030,5424
E
75,77,15,22826,-24965,-27895
-34,60,18,821,-11399,-30036
-68,24,-88,-11083,-24978,-7059
101,-6,-114,-8679,8304,-5278
99,35,-21,-1643,-11071,-12034
-56,-11,96,-11515,-12732,-11753
88,44,-23,-15307,-20789,-8831
-52,-126,95,-14213,-32004,-2195
-93,-6,75,-17758,30088,-20510
-93,44,-1,-24954,-5309,17819
121,-21,7,-31385,1877,-10155
-14,-119,48,32634,-28588,22835
-2,111,-123,31902,-13595,12946
-46,-22,-96,32657,-18493,14965
-96,21,-91,32657,28361,24511
7,-100,33,32657,32009,-26888
-52,-107,-2,32657,-32688,-32726
-45,-47,3,-11130,-32688,-32726
89,35,-98,-7361,-32688,26638
73,-25,98,32657,-7678,4927
81,60,-34,32657,-30103,6946
-70,18,-66,32657,6239,15742
95,90,24,-16285,8950,10524
29,-28,-6,-16565,79,-32726
56,89,42,-28545,81,-32726
30,21,-73,-22045,-32688,-32726
38,22,-104,-22371,-28460,-32726
-102,56,-125,-12145,-4817,2638
-50,-64,-56,-23998,15807,-15970
-113,-62,40,-15979,19190,13575
-116,-58,91,-23656,25683,18819
121,-30,63,-29652,31974,12706
-86,124,-90,-28746,-27346,24364
-112,-49,113,30296,-23824,3151
71,-34,23,32656,-32688,-3665
60,69,17,32656,-32688,-20077
-5,91,-118,32656,-32688,23048
53,-81,90,32656,-32688,-32726
-33,30,118,32656,21098,29653
69,-95,-29,32656,25843,-20752
E
94,79,1,-14407,-32688,-32726
33,67,11,-6270,-32688,770
120,-25,-68,32656,-32688,-10612
118,33,119,32656,15594,27581
32,99,-99,32656,-16015,-12749
-96,-112,-42,18944,81,-17879
-90,42,10,15141,-32688,-24517
47,-64,114,17387,15602,-9297
125,55,-1,7625,6235,-18231
91,30,37,9144,17768,-10904
55,-69,-27,8097,12376,2058
70,40,-1,9184,32029,5012
61,0,38,6567,-23467,10904
-32,54,-96,6533,-17204,14580
-60,-107,-82,19771,26663,26230
73,17,-114,7000,-16683,29006
-70,71,116,-23598,32723,-29589
86,71,20,21615,-20087,10925
-80,-61,-121,-4818,1109,9866
-40,-64,53,-10397,25939,13309
72,52,69,-6152,7262,-22509
-89,-88,29,-24103,-22813,-6148
-30,-11,-67,-24746,-27873,-11135
20,126,110,27495,6749,28960
-16,100,-60,32654,-32687,31300
75,-62,76,32654,7311,-10596
113,-66,6,32654,-3302,-8870
104,-102,-112,32654,18610,30319
-44,51,-80,32654,-32687,-29658
-117,18,-106,32654,-32687,-30986
63,-114,81,-21408,-32687,-32722
-30,-45,-73,-25785,-21039,4189
104,5,-61,32654,-3802,-26
-91,-32,66,32654,-32687,-3904
55,0,70,32654,82,17606
-1,-39,-25,32654,-32687,10765
36,49,-28,32654,80,-32722
-60,-38,-111,13568,23838,-18739
-87,88,-94,3526,-5413,-12607
-110,93,-115,5125,-18932,3434
E
-97,44,107,-18376,82,18010
-69,-13,5,-18964,-20721,20194
70,84,78,28452,28861,-6656
2,9,90,-32767,-12544,9757
110,42,-81,32145,26136,27505
-50,58,56,32653,-32686,-15421
-71,-14,-24,32653,81,30471
-6,-5,101,32653,9403,-12883
-58,40,-12,32653,-24871,-14188
-123,7,-56,32653,8558,-5025
-42,-105,-12,32653,8179,-28087
-99,96,103,-116,-32687,-27674
49,33,-3,32653,80,-32722
123,24,-107,32653,-32687,-32722
-11,-40,-10,32653,82,-32722
75,17,105,32653,-32687,-23891
-96,102,92,32653,80,943
-115,124,-73,32653,-32687,-28908
-71,63,5,19111,-10726,13617
-18,62,-124,12097,14607,22915
-125,-100,126,22881,11503,-1532
48,-98,-27,22811,-17472,5001
-51,-112,28,-19531,-94,17568
100,-79,-81,22209,18657,-17538
-117,-72,-14,27085,-32166,14432
-12,85,-66,11960,-9601,12876
-13,-82,77,6159,-20572,10475
-6,45,127,-12446,7026,-16450
-38,37,10,-30760,26253,989
-63,-106,69,-13490,29898,-19149
79,-27,64,-15007,-28157,-13654
-36,110,19,-12330,-24590,-6628
-57,10,-9,2101,-2878,-11958
0,36,56,-2080,9419,-12143
-48,-112,10,2930,23257,-6526
107,-90,-97,6576,30143,-12134
5,-83,-111,13662,-31595,353
101,-67,-22,11928,32483,-384
-15,-53,-62,3104,-24471,530
-74,-64,107,-2171,19086,4070
E
72,57,64,15952,-30703,4478
42,96,-47,32654,21292,-9937
115,68,13,32654,-31814,-7710
18,-63,23,32654,-31229,-2387
27,-125,30,32654,81,19503
-21,70,-46,29308,-32688,22535
-58,29,110,-20845,79,-25778
-19,43,-125,32654,-32688,-32722
-73,47,31,32654,23227,-32722
-69,75,-88,32654,3288,-14718
-36,125,14,32654,7365,-29288
117,-116,-83,-19957,19497,573
-114,-98,77,-14821,-26043,9483
40,107,64,29343,-2136,-6469
-68,77,116,-2987,-32688,17683
-68,82,1,-5435,-376,-21905
79,-43,-60,-31862,-21614,27448
-54,84,-42,5988,81,-17440
-47,-87,-71,-6888,-32688,-8628
15,-9,-42,-32349,17811,22906
6,-49,-51,27947,16015,3044
-107,55,80,32653,79,21225
-35,-69,-55,32653,15250,-15063
15,81,-66,32653,-26822,5397
86,127,-70,32653,-32688,12740
-27,118,-55,32653,81,-32568
-59,112,-3,32653,-32688,-28832
66,90,115,-116,79,-32720
100,-93,55,32653,-32688,-32720
-122,74,10,32653,-21539,-32720
4,-31,70,32653,18210,-32720
-89,7,-28,32653,-32688,11571
-25,116,-19,32653,10067,21911
98,-56,6,13924,18597,27889
-87,64,18,-2893,-3285,15837
52,-46,12,6449,10424,-2201
77,-69,-22,24413,-16421,-28708
-33,-20,85,19134,22669,-2169
-1,116,101,13012,-13316,-4691
-111,86,45,14203,30840,-3799
E
-56,-88,103,13331,-25136,-237
25,60,-118,13909,-11397,6940
37,114,-24,8235,-29174,8319
-76,-116,13,2120,28881,4599
-8,-22,5,-3679,-18914,1166
17,-68,-82,-2725,10587,-600
-104,-123,-127,-4943,-3477,-2342
-73,9,-103,-4820,-4607,-9258
68,63,64,-9185,-11224,-5169
39,-101,72,-11792,21878,-4707
-33,-66,0,-17134,2112,-326
-88,-39,-54,-21915,-24716,-4629
30,-84,71,25995,-23076,-2035
65,-24,20,32650,28929,-2195
29,68,29,32650,32354,6259
55,49,-2,32650,-20441,18185
-66,-55,-125,32650,-15074,19404
-23,-59,-96,32650,-5678,-25204
-23,-11,-8,32650,-11121,-32645
-18,-119,-127,32650,21852,-32717
79,-74,-62,-119,-32690,-32717
-44,-84,106,32650,77,-32717
126,22,8,32650,-32690,23079
-47,67,-114,32650,22134,-32324
105,-61,33,32650,3649,21877
-78,79,100,-5515,27146,25861
82,116,-5,-30794,-19869,-24313
99,111,-34,23734,78,30017
125,-126,-47,-29524,76,-17924
107,101,-29,-1729,5579,30236
-1,-48,109,6598,11519,3304
-72,-66,-79,5991,29902,-10542
-1,56,3,5423,-30201,4096
127,-98,-111,-1123,30637,18397
-118,49,110,-30555,-32691,12969
77,-46,39,-8874,76,-22645
-105,17,27,22497,-26467,12190
81,-95,53,32649,19848,1708
-38,-86,120,32649,76,-24038
-127,55,67,32649,-4261,32496
E
-120,66,-54,32649,12446,-32166
-102,41,61,-120,-32691,-32716
-91,14,77,32649,76,-9201
33,-42,-83,32649,-32691,-18709
-102,15,-56,32649,78,-32716
-23,-120,74,32649,-32691,-32716
-48,4,126,32649,12455,53
-117,122,52,22173,-16081,13166
25,36,-118,20358,-29752,-7405
-46,-7,-32,19155,28087,10014
39,120,-105,-18553,31920,11867
-94,-114,46,8470,32372,-27941
-99,93,18,-2038,-8081,-431
-106,72,-63,4367,-23985,-6682
41,68,105,11326,-1798,-8988
-18,1,-102,4440,-28511,-4390
-124,-121,0,-2668,26583,221
4,71,-51,2697,2370,-4781
82,28,-71,-216,-9461,-3608
-63,-22,-124,-7691,-5075,1127
-59,-38,-75,-4682,-10700,2443
101,105,84,414,25477,-3745
-91,68,-94,-6886,-28193,3342
114,-4,-105,-4059,-10926,3256
1,-32,83,-4204,-17792,4014
-2,-42,-124,-4450,-30068,3920
27,21,23,-4615,-19138,2922
-112,68,73,-6565,-14072,1014
-76,-24,62,-13239,-23008,1266
72,101,-25,-15521,-20374,1048
8,64,-47,-17721,-9949,2553
-124,-13,8,-26955,-12876,4218
73,-22,-91,-31595,-27662,7290
106,-75,-21,30643,-13725,11550
-72,95,100,32646,-11602,14269
-90,-4,-108,32646,-24051,23370
-68,-44,77,32646,-24365,-26219
127,-83,-69,1511,28032,-32714
-105,-59,-41,-11590,18794,-32714
32,-2,17,32646,-27202,-32714
E
-45,107,-70,32646,-29321,12471
-84,26,-69,32646,-32272,32709
89,22,-106,32646,-21130,-18690
89,66,-102,11991,-14713,25273
120,-104,-65,8440,-8433,-32714
0,-96,-68,700,16115,2814
68,-1,-68,-12955,31469,20980
-25,68,18,4496,-4855,-5268
78,-15,-25,-4679,20696,24175
-70,89,22,-4650,-15059,-3203
-53,13,-76,-5985,28540,-17652
15,0,55,8442,32318,-12886
-37,43,-113,12522,-32693,-16122
-36,117,-46,5604,20607,-19658
-98,43,-59,-27122,-17692,-202
13,67,10,24082,-32693,-20215
42,38,68,32644,10095,-28429
112,98,-57,32644,28294,-14410
57,1,-103,32644,4119,7686
120,118,-9,11931,-32693,-15926
-98,-29,60,-15066,74,-9172
-112,98,90,32644,-32693,16552
122,-55,68,32644,-32693,-22627
47,105,-71,32644,76,54
-126,-86,92,-10987,-32693,-32715
-47,-96,-12,30793,74,-32715
24,124,-113,20744,-32693,-32715
77,-79,-50,8161,-23919,-29853
-40,119,-103,5086,-20980,-15832
96,0,71,2485,25485,-7455
-11,27,74,-2250,10001,-14696
-22,73,-18,-11129,-13269,-17
-117,-124,-106,-9246,-21115,-27
12,44,-9,10477,-11391,5544
69,91,-50,1760,-10801,15593
-60,-35,-16,7084,-30476,20139
-125,11,14,12189,28570,29392
-15,6,36,13113,-32694,8243
-59,-11,32,11707,-14787,455
90,-7,105,4991,16722,-6491
E
-84,76,-72,3536,-28755,-7473
-45,79,48,-6833,-10662,-2633
-32,-29,-118,-14353,-25898,593
-41,95,-53,-24031,-18755,5219
25,125,-11,-30032,26349,12875
-107,-89,1,-29850,25757,14666
76,41,-18,30566,-3314,12864
-125,-15,1,32641,5867,19028
-72,-114,-102,32641,-15579,28499
88,-93,-37,32641,21043,-28631
74,-72,-70,32641,-32694,-32712
92,-26,-60,27342,-32694,-32712
-57,-115,92,-20207,3321,-14555
-18,84,-29,32641,-11932,7838
-125,43,89,32641,-32694,7434
64,-1,89,29812,75,-29648
-124,17,34,-31952,-32694,25213
115,-20,51,-7741,-5470,-32711
-38,-8,-31,13334,23768,-21381
-12,4,78,-6863,73,22303
-77,-22,13,27260,-32694,-888
-113,-10,-30,-13140,75,29660
51,83,-112,-17117,-32694,-14618
-42,93,-29,25064,18620,11018
85,-107,90,32640,-16427,-2506
40,-98,-45,-26759,-31882,12999
-19,27,14,-31732,-273,3657
-59,-46,105,31571,32055,24163
10,-64,8,32640,20182,15468
-121,45,64,32640,-1995,20977
-13,104,50,32640,24055,-26000
-96,28,-117,32640,19479,-32710
-24,125,-74,-129,28857,-32710
-55,26,2,32640,-32693,10039
52,21,-91,32640,74,-4083
-35,49,-24,32640,-32693,26050
5,107,7,32640,76,-19859
-74,-51,5,5434,-32693,27302
-53,118,-27,-23828,74,-27488
-23,111,-86,32640,-25798,-8538
E
-63,75,-82,17509,32147,7887
124,88,121,7177,-25728,11924
67,-85,-71,30880,-2315,1378
7,-77,-111,-23768,20318,-6313
95,11,97,10696,2573,3861
26,69,124,5591,-28165,-2443
-6,-8,-106,5844,27369,4037
112,41,4,-4681,-7809,30850
-82,-54,84,-7985,-26281,4883
-87,24,-116,-15617,-28122,16168
-11,80,-14,456,-3083,12669
-50,-73,96,-9695,26792,2773
65,27,-38,-18273,2800,-14936
-1,-121,-56,-13874,3236,-6431
42,-52,108,-24793,-32346,-15040
1,-15,126,-24333,-31525,-13314
46,116,-44,-24980,-26634,-6161
-37,-57,-95,-27293,32008,-6949
-41,85,73,32306,-17190,11504
62,-85,44,-31966,-713,17172
77,-65,48,31999,6530,21200
104,102,72,32637,-14654,27085
36,15,48,-25049,-21807,-28413
-78,-23,-13,-23909,25297,-32710
99,-35,-86,-4000,-29669,-32710
-84,-46,17,32637,-27831,-32710
-28,-74,-92,32637,19754,-19988
-39,121,-61,32637,6893,-19401
87,75,14,32637,12794,19936
15,18,93,28860,18223,12114
99,42,58,30944,-16898,-32710
-57,-41,4,-12372,76,-32710
-39,-108,-35,-5705,-20275,-23791
3,23,55,30547,6859,-24464
-102,-34,15,-25504,-32693,-13299
-55,-3,-39,28752,-32693,5596
33,80,-1,32637,-28302,1700
35,50,66,32637,-158,4829
-65,-35,-21,32637,-28480,-5051
30,46,-57,32637,12630,10447
E
65,84,114,32637,21341,9186
86,-78,-35,32637,14994,7811
-30,-78,-80,32637,-7938,31142
125,77,-100,32637,24988,-27998
70,-69,109,32637,30070,-32708
-59,50,33,3962,-32693,-32708
67,-18,-21,-12419,74,-32708
-117,-76,80,32637,-32693,-32708
106,-99,60,31872,22296,-27024
-32,110,90,-32644,25437,26644
81,-16,48,1981,-32693,30617
8,-18,102,12335,-32693,-32708
-35,-24,126,-26440,74,-31428
-91,-77,92,20112,-32693,-13179
-44,7,-92,-14581,76,4818
77,92,-66,5646,74,-15020
-125,5,85,29270,13353,-21743
15,13,-117,-3504,24403,-8228
-69,107,42,-3965,-18028,-13743
104,-29,91,-893,-2520,-5807
45,-25,-86,-11440,-22423,-3567
74,58,-15,-12693,-23856,-894
8,58,11,-8789,-2331,1721
45,28,95,-7819,-5325,2181
80,8,15,-5691,3227,7454
108,17,-2,-6642,-152,5278
-59,-11,82,-5793,-4445,9649
123,-88,119,-2728,454,15684
-60,94,127,-1538,3803,17236
46,63,-25,-71,4862,19521
-26,36,-112,-5694,-10678,19236
-33,-45,18,-12017,23308,7874
-34,-111,-85,-26397,439,12667
-48,13,35,-28416,21362,2364
20,-29,43,-25317,-32694,6123
-101,50,94,-21110,-2830,15065
69,103,102,-19279,-30840,15834
-109,-16,126,-9404,-6391,30619
48,52,-78,-2215,4254,-31603
126,-12,18,7401,13628,-31810
E
42,118,68,10063,-10006,-32703
59,-32,113,6000,-22732,-32703
35,33,50,20477,-14682,-32703
-62,30,-57,-24504,-27335,-32703
22,84,39,32635,-11499,-13927
-57,5,-60,32635,29969,5552
-103,-117,22,32635,-12712,-1465
-44,38,40,7351,23864,16261
63,68,-102,21377,-2606,-32703
-88,-6,-49,-28821,-32696,-32703
13,73,97,32259,73,-32703
-4,104,-26,-23176,-24999,-32703
114,-59,6,-18876,30275,-32703
-115,-59,-90,30866,-32696,-32703
61,123,-95,-25578,-32696,-20973
56,42,13,-6710,-32696,-2051
-40,-82,35,-17155,-32696,-7053
-62,-46,98,-11670,-32696,-880
25,-121,-91,-12940,-32696,4843
33,100,-45,13924,32529,24212
55,-71,19,-3439,23517,29756
-27,89,-92,-29163,8618,-29015
9,-75,31,26014,-10996,-32703
15,-89,104,32636,-15767,-32703
55,-28,-124,-133,449,-32703
-42,127,122,32636,29092,-32703
23,-40,77,32636,-20525,-32703
44,-7,-27,32636,-32696,18074
-43,45,57,32636,73,-5938
43,115,-90,32636,-32696,18466
11,-23,87,19356,1246,23829
16,-35,10,-29146,-19950,26509
-101,-49,90,-32676,-23858,-5524
123,-17,16,26292,-9842,21151
-122,-30,-63,17360,-27729,12748
-57,82,-33,-9612,-27013,13742
-15,98,16,-10805,9751,12882
-8,-64,26,-3555,-25586,7290
-87,58,-12,-3531,25095,7203
-79,82,-36,11659,-14181,8157
E
10,116,61,11045,-6618,-4187
111,93,64,-15395,-19964,22428
-122,-40,-22,-2178,22585,-16090
-92,94,0,-13074,27092,22954
31,-105,121,-13056,22924,5834
32,80,104,-1923,-22295,809
39,94,-17,-7229,-21214,-3429
-48,-126,-111,-7238,-22062,828
82,119,-110,-14015,-23368,-2354
124,49,-51,-23196,29031,114
-103,-81,-81,-24657,-14139,-2300
8,64,78,29989,11524,2294
-120,19,69,31846,2110,1616
-88,120,-41,32633,26398,-3074
-55,-88,-1,32633,-25369,-5160
-107,80,4,32633,-32696,-7731
-95,-79,-28,32633,-32696,-7518
4,104,33,32633,4269,15437
-112,-111,105,32633,9596,-20238
-42,68,-89,-136,-29599,-15925
68,-82,1,32633,-962,-2061
20,-25,40,32633,-32697,16542
-11,66,-81,32633,72,19020
-78,-53,57,-11869,-32697,8374
6,2,-63,-19952,70,4944
-11,-35,-116,-344,14055,-18762
-26,-52,110,5655,-4591,-5701
68,-42,89,28756,-32697,-25572
-79,87,29,2840,72,-21964
-6,38,-122,12465,-32697,-915
14,8,-26,-11100,-8896,-3786
-36,42,46,-5634,-15394,2374
-75,126,102,-18403,24427,-4743
49,29,119,-18002,-3520,-57
32,30,12,24503,-31501,-8172
75,-89,-13,32633,-32697,-23548
25,-17,-122,32633,-32697,25298
63,106,-85,32633,-32697,3464
41,14,-116,32633,72,-11993
-56,-90,90,-136,-32697,-32704
E
-66,48,108,32633,70,-6414
50,-54,-77,32633,-32697,30873
-117,-12,1,32633,72,-30625
-122,-61,-125,32633,-32697,-26639
-67,81,53,32633,-13324,-26011
55,-57,-125,32633,-1732,-22940
-75,94,-81,-1326,13931,16375
78,7,-35,-5955,-27401,-1544
-84,-17,4,-22935,15174,32597
-71,-13,43,19098,13833,-1977
51,5,29,5181,-32699,2599
19,-85,57,6754,-32699,4148
-53,-94,-50,4121,-26290,14073
65,-82,-2,-3176,21531,5168
-104,-39,3,-10970,31714,5916
-1,54,12,-5927,2792,-2891
115,-1,26,185,28665,-8329
35,122,-56,-2840,-27781,-3477
-56,125,51,-6386,-26577,-4384
82,-54,5,-8109,-32332,-6387
50,-66,92,-11881,31753,3299
58,-22,56,805,67,1127
-51,-122,83,-3346,-32700,-3813
-60,-8,12,-3219,11351,-14
-1,12,43,-27550,-7319,18566
-1,-9,-50,-4515,11264,6091
-33,-82,95,-20569,15722,13560
-106,30,-84,27990,16451,13431
-111,73,-5,31509,18331,20033
-64,-42,-34,32632,24618,32687
127,-98,122,32632,-8273,-30124
97,106,113,32632,15559,-32703
-47,-126,-127,32042,-32698,-32703
51,92,21,-21785,69,28427
4,101,44,32632,-32698,13074
-16,-90,-26,32632,71,-12860
71,-98,23,32632,-32698,17654
96,68,-126,32632,69,-32704
-77,36,-18,-18128,71,23056
-4,1,-1,-1688,69,18646
E
9,-100,-52,-19806,-32698,-11692
-100,33,111,25989,71,-30087
61,-128,-55,-12607,-14825,18552
-10,-111,-122,5099,26881,2606
74,-42,-72,3392,-32698,1509
-79,-92,31,-17010,-32698,-3109
1,74,-60,-13723,-17848,-6650
-18,59,-95,30646,32533,3209
-6,5,-124,29910,-5754,-3563
-58,-7,18,32631,-16710,20989
-114,12,6,32631,-32698,31696
35,45,-57,32631,-32698,-32705
-85,80,65,32631,-32698,-32705
20,37,22,32631,71,-32705
63,-75,8,32631,-32698,25194
43,51,-92,-138,69,-14919
124,-28,100,32631,15823,-25740
-27,-117,-112,32631,23669,-6380
-115,-22,32,32631,-28350,-32705
-27,-62,125,32631,7551,7011
-115,-111,-43,28821,-32699,9041
16,81,24,7835,68,-1444
50,-3,15,17070,-32699,-13522
0,118,35,687,8280,-7305
-10,23,-74,2394,10474,-1809
-81,19,15,10346,5648,5880
-88,42,-52,11449,-5728,5954
-23,49,76,13586,-20178,8549
19,73,-37,13062,-23522,9905
88,67,116,11118,26727,-2453
94,122,8,1259,-32698,-2166
26,-105,73,-24931,-22913,-15712
-107,-49,22,-29195,-14581,-7191
111,65,59,-30579,3495,-11887
-119,16,90,-29729,-5836,-12330
-105,20,-107,-30746,-26659,-12644
-33,120,-26,-25592,-9501,-9160
-127,-74,40,-30814,-28132,4703
-52,-41,27,30976,-14176,25480
104,95,40,32631,-6793,32572
E
124,-54,123,32631,12969,-29966
47,74,-2,32631,7623,-32707
127,99,88,32631,-11621,-32707
47,94,-39,32631,-24266,-32707
86,-85,-128,-138,25489,-32707
82,94,-36,32631,68,-32707
57,48,-8,32631,-32699,16816
-53,52,17,32631,70,-27370
-15,-35,-86,18613,-32699,7026
-35,101,-7,-32261,68,30507
65,-12,-127,3125,28069,-7258
11,-119,43,5087,-14299,-24817
98,80,-124,-3768,-31021,-10517
96,113,-52,-9299,70,-20705
67,109,-7,-10265,9205,-6263
-120,-116,-40,-15288,25547,-8534
-114,125,-11,22759,30611,11767
-111,-69,-17,-17648,-20202,30804
101,6,101,-30685,-18949,7759
33,40,-114,30195,8975,22050
-48,77,-8,32630,29235,13491
-27,4,-26,32630,-29151,9072
-38,105,108,32630,-31604,-1261
97,-74,-54,32630,-32698,1191
78,-53,44,32630,-32698,-29193
24,97,105,32630,71,28647
50,-121,-106,32630,-32698,-850
125,99,116,-139,-32698,-32707
114,3,-73,32630,69,-1629
-99,-89,22,32630,12257,-21221
78,34,-42,29631,28776,62
113,95,-121,-31907,69,-2431
0,8,-76,25308,10279,21967
-11,51,-104,20697,-18913,15341
-46,-39,32,4563,-256,-7622
14,-55,-3,8002,-27734,-8050
121,29,6,17128,5538,-5583
108,21,-112,12866,-14013,-6648
-3,76,-105,5516,8542,9659
20,110,-30,5729,-6501,3594
E
-119,59,63,8100,-31687,10980
-1,53,53,12488,-31306,4504
-113,4,-19,12164,30643,-15763
31,-41,75,7606,-16357,322
93,-75,-114,16336,-6106,-4337
-86,-70,-72,-11757,22159,-20699
78,-67,-106,-8279,-32698,-8944
124,-111,30,3764,-3640,-11568
-110,-123,85,-5094,25996,-16714
-89,42,-48,-10234,31890,-8608
-89,11,-78,-8528,-19780,-7344
-97,110,-95,-28132,-2021,8832
34,87,79,30704,5684,10234
72,24,-63,31376,-24666,10473
121,-14,-23,32630,-30014,9326
42,-27,-78,32630,-32698,-29486
-42,112,0,32630,71,-431
-9,82,-117,-139,-32698,22320
119,-57,-40,32630,69,10005
46,49,-2,32630,13539,62
77,-27,47,32630,6504,-1375
115,116,65,32630,-21680,11466
124,-51,-79,32630,-3603,-26865
36,117,-44,-4252,71,-21778
-1,51,-25,-568,-32698,28540
-27,-104,-77,18378,22988,4525
38,83,87,7983,-30225,-27004
-70,43,-45,-1065,17113,-2759
-26,27,79,1405,-7692,-11479
46,127,-25,-32530,-10224,-10872
-33,-95,-13,26727,-13774,-8091
-76,63,46,32631,18043,-20568
97,-33,-17,32631,-20322,-22755
26,-18,127,32631,-32698,26846
10,111,65,32631,-32698,-32707
29,27,-121,32631,-32698,-32707
20,-29,69,32631,-32698,-32707
-71,89,-71,32631,71,-20642
100,-83,-50,32631,-32698,-25807
-60,111,39,-138,-32698,-19030
E
63,-30,15,32631,-32698,-1759
12,51,-35,32631,-25788,-14761
-61,53,-56,32631,-24079,-17725
83,57,-122,-11790,71,27645
-80,46,-63,-4717,-32698,-2786
111,-75,57,14139,-32721,-10806
109,-99,82,10783,19733,-7504
43,-68,18,7891,26710,-19052
116,19,-5,5083,-27985,-1205
-94,6,-88,5851,-31352,-1633
115,-107,-3,-2451,28730,-30082
-61,-96,114,11239,14030,1787
84,-116,-90,3072,-1109,618
98,-7,-61,-765,24966,-5141
0,-35,121,4659,30132,-1737
119,-16,-75,-7091,-32698,13884
-104,32,-65,5637,-32698,2245
111,-29,21,11163,-32698,2045
100,-127,80,-12597,-32698,1563
115,64,8,-21615,-32698,-2591
51,-48,-55,24321,-32698,-9474
-25,-7,27,32630,-32698,-9296
-126,-58,25,32630,-14933,-9464
127,-38,-48,32630,31059,3940
-118,-74,-60,32630,31458,-31434
30,59,-99,-11417,-32698,-27590
-65,-10,28,-7302,-32698,-32706
22,-52,-5,32630,-10364,12044
-74,-118,99,32630,-7375,24667
125,-10,-57,32630,-32698,-698
-64,95,-126,32630,71,-8117
127,-54,35,11336,-32698,20422
21,-13,55,-4167,69,-22291
5,-66,-65,2289,-32698,29357
75,-32,-11,-12829,10206,-32707
11,11,-72,-13070,10380,-32707
-7,83,-116,-14303,-852,-289
116,-30,99,-14399,6851,-13156
-59,-89,81,-15730,32473,-4967
11,-97,71,-2749,-31073,733
E
-49,124,88,-20162,-23041,3155
98,-6,-29,-28760,28560,14617
2,60,-29,-25919,30643,23485
-41,83,-37,28886,-29774,23289
111,75,125,32629,-29788,8393
-54,-98,75,32629,-32698,-4025
-51,-13,-55,32629,-32698,-32271
85,-68,2,32629,71,-26287
-95,80,45,7490,-32698,-4035
-99,-42,103,-13605,69,-32707
4,-84,34,32629,-32698,-32707
8,34,61,32629,-29607,-32707
35,-17,70,32629,20886,29846
-104,-104,-125,32629,-22052,22901
-39,99,24,-8008,2927,10949
67,-72,19,-964,17979,-6346
106,-57,-90,9816,1653,18846
24,-111,-39,4344,-5143,3050
110,42,71,-14807,17476,-24697
-14,98,44,6168,10937,6903
58,-70,-102,9102,-5691,7943
74,-77,-62,4092,18988,-16526
43,-38,-127,3543,-2414,-4120
-19,-86,117,-3449,-10212,-166
42,-92,118,768,-13622,-1531
-73,28,-128,-2317,-30906,-7023
-44,40,-49,-481,29355,2180
82,37,127,5430,32690,4431
55,1,126,683,-32699,1840
115,-35,122,286,-32699,1280
38,111,54,3176,-21645,-11937
-114,120,34,-211,-18746,-7838
70,20,-76,-15322,-32683,-13025
-55,6,-92,-14355,-21952,-10639
40,43,-44,-21725,-16079,-16425
1,109,-30,-20948,-285,-11958
-100,-37,126,-28003,1043,-1392
-111,-59,-6,32281,3706,5066
85,63,-127,31492,16773,11503
11,116,49,32626,14504,20043
E
-34,-46,111,32626,-28093,-24343
67,22,-59,32626,28120,-32707
34,12,-83,-11839,31327,-32707
79,68,-115,-29012,27870,-32707
19,42,-77,32626,28765,17386
121,30,103,32626,5622,30406
100,80,-24,7706,-32697,-8339
25,-11,-13,5901,70,3749
59,44,30,18348,-32697,12294
25,79,61,21514,72,17419
-61,-100,-44,-23305,5904,-32707
34,-109,-1,9701,-12797,-8489
61,-104,59,23599,-22924,24757
-33,48,79,6935,78,-19804
-55,69,-57,-649,588,-6430
-30,20,-114,-16988,-31597,-26445
-62,-123,34,21367,-24971,-21809
61,5,34,32626,31377,-22151
-107,-39,53,32626,-32190,-19741
57,-95,59,32626,6981,-25512
33,-28,-36,32626,-20607,29915
100,11,-26,32626,-32697,-26787
-114,-55,-55,32626,26433,-11762
64,0,-89,32626,24052,22021
-122,69,86,-31039,-32697,-20745
87,56,66,-22612,70,-32705
23,-59,125,32626,72,5681
82,-35,75,32626,-32697,32316
-17,9,18,25501,70,-11955
29,78,-53,19090,-32697,19258
-25,-116,106,15367,2649,13759
-60,49,-82,24013,-22030,-2872
-94,62,59,21119,3966,-1437
2,-124,1,24710,-28937,-21600
-68,-86,115,25028,-8883,-3632
108,-16,68,32696,2675,-12576
88,-26,7,20816,-10903,-8170
118,-25,71,8866,-9614,-576
85,-122,-101,14760,-30667,1999
-39,15,118,18556,28233,2192
E
50,121,123,16982,-32697,12309
16,-4,-17,22841,-32697,8677
1,81,99,20409,-32697,4445
-92,2,-123,17483,-31260,4160
73,95,85,3053,-11169,1251
62,-127,-68,3226,-18775,-2892
45,121,109,-6184,-15492,-7667
95,-43,62,-7485,-6075,-3072
68,-2,50,-9716,-15957,-4349
-126,-100,105,-14937,-23848,-2385
63,71,53,-24874,-14983,198
-105,100,120,-29352,-12841,847
58,90,-46,29425,-7267,6075
-115,37,65,32624,-708,9355
-79,55,-111,32624,-3124,9755
27,-59,-46,32624,-8390,7964
-106,117,-121,32624,-1742,23633
64,-7,37,32624,-20028,-25550
69,-54,-124,32624,23733,-32702
74,33,82,-145,-32697,-32702
98,-81,13,32624,70,-32702
113,-37,-23,32624,-32697,-904
-35,123,-15,32624,72,32278
-68,-101,5,32624,-32697,-6857
-118,-111,-82,24043,-32697,18925
103,107,124,12827,-22495,-8862
-1,-40,40,18038,-23325,29548
-76,90,27,5241,30258,-10816
-82,-39,102,2422,3498,-28292
-28,-93,81,3139,-14607,6897
13,-38,-75,-21675,-31239,-11607
121,-113,104,-7483,-24121,-70
42,0,-39,-25792,26179,-3423
-84,-82,116,-23899,-1740,11909
123,36,-120,27524,22522,11267
-33,-71,27,32624,71,24643
-62,-11,84,32624,-32696,2899
-118,127,90,32624,-32696,-6440
-53,65,-8,32624,-32696,-10812
40,69,-93,32624,-18507,32456
E
-40,-127,111,32624,17188,-25817
-51,7,-15,-145,-32696,-32699
113,87,44,32624,71,-32699
-35,-111,-13,32624,-32696,-32699
-4,82,-64,-4405,73,10995
-98,-44,31,-20569,71,7350
-125,-53,-88,32624,-32696,-32699
-73,64,79,32624,20742,28603
-100,66,19,32624,-24511,14255
-77,42,27,5397,27816,19953
82,-41,-48,9626,-32696,11226
34,-24,43,15911,-32696,8142
-114,-91,69,12019,-20724,-236
64,24,123,1456,11484,-11858
-68,90,-57,4779,1338,-5416
-37,-88,111,6670,14852,-5291
-10,-62,77,6763,5381,-9911
0,33,-31,-2932,22388,-3793
-102,21,-13,813,29716,-2544
-89,-54,75,3239,-25678,-3203
-101,-10,45,1267,-23542,-1290
-58,16,-100,5497,-29790,-1071
-127,41,74,1242,30596,2078
11,24,33,-88,-32695,2370
-93,-22,61,455,-15235,-8264
36,-66,60,-3967,-31235,-14061
71,107,70,-12018,-30059,-16486
-2,124,-123,-10348,-28744,-14316
-52,52,52,-12386,30961,-10545
-97,84,58,-16435,-32696,-3653
-15,88,110,-19528,-24491,3775
-43,26,-100,-23725,-16333,12750
12,-101,101,-29592,7044,30815
-48,-26,67,29665,-2477,-27990
-30,-58,8,32623,-27560,-32698
43,42,-117,-28782,-11052,-32698
-9,45,47,-10017,-3353,-32698
32,86,-59,-8237,19902,-32698
20,-61,-75,32623,-6305,27528
79,39,-5,32623,-8726,-4884
E
13,-83,55,32623,-32696,19302
-126,-89,24,-15587,73,8971
121,-70,116,-3240,71,-30098
-106,75,27,28352,-26649,31972
-22,-103,52,7411,-12867,-32698
-101,-119,-92,21108,25961,-30871
118,93,118,22710,24210,-22252
115,-1,76,-13510,-32697,-14486
15,-48,53,-28584,-32697,-25543
58,-5,38,-28779,19059,6007
19,88,-109,29046,-13551,-14887
117,-104,103,32623,-6564,-12031
-97,55,11,32623,16349,-15733
-69,-52,-106,32623,-25344,-13272
-95,59,115,32623,-31091,-30251
-83,38,-103,32623,26880,28847
62,-52,-106,32623,-4621,-32699
-117,40,20,32623,9454,3700
-41,35,-119,32623,12250,-12065
-47,-110,99,32623,-32697,-32699
126,110,29,-146,-29235,70
-113,80,-60,32623,5275,-25512
7,11,-98,32623,-20827,-316
14,-84,-87,32623,-27364,-17514
107,123,35,32623,28245,8945
51,-3,-62,32623,16462,29018
-34,35,-72,31951,6749,20473
23,-39,-37,7377,-32697,13643
18,-11,106,9169,-32697,-5782
-86,-106,121,41,-2122,21057
32,-34,115,2151,32643,-3483
-48,71,19,-3057,-26179,15363
-100,-63,84,338,-29651,13173
108,-5,-41,2099,-31958,5566
-112,-27,-20,-2,-8232,11841
122,-124,-65,4212,-13681,11908
-53,13,4,-811,-18848,4498
-37,99,-6,-3461,-7307,7323
61,-35,-44,8617,-16952,3809
117,-59,-95,2361,-22003,1299
E
68,6,48,-16887,19505,-14238
-16,100,120,-4426,15932,-8124
-31,7,-72,-8694,-703,-19933
86,-117,43,-9646,-11293,-14567
64,-30,-109,-7758,29543,-10781
-96,-80,-75,-6936,-28711,-5328
-7,121,10,-9795,-3189,2031
52,-55,-49,-16853,-6241,9063
-39,63,75,-24379,-3477,12179
37,40,71,26661,17528,11832
74,84,-38,32620,14180,11863
29,-52,-119,32620,-22677,-22107
-78,99,-90,32620,2749,-32700
-29,43,-98,32620,10100,-32700
38,-17,-100,-149,-32698,-32700
-6,7,-107,32620,69,8536
-67,-119,-101,32620,-33,2789
109,105,-25,32620,11028,-11755
-47,34,54,32620,-32698,24422
45,-10,-66,-10061,-21886,-17921
39,-67,-23,2268,-3535,-11494
-25,-67,126,-18710,20587,-12914
-83,-111,73,31262,26000,23271
-74,-12,114,-12930,69,19163
81,116,33,-27718,929,15547
-60,16,-73,28320,-6450,-7248
61,0,27,32619,5936,-26765
40,108,-53,32619,-30452,29503
1,15,-6,32619,-27799,-9756
-19,-56,103,32619,4182,-31313
26,102,-63,32619,-21515,30497
-41,-113,122,32619,-23267,-22023
90,-100,74,-31140,25873,-32702
10,84,-128,-22587,-32698,-32702
77,32,-78,32619,69,-32702
-33,99,-47,32619,71,-32702
-31,-110,102,-148,-32698,-28633
-11,-84,-127,-20853,69,-16604
86,-98,19,3598,-32698,-8348
0,14,58,2591,-27311,-15919
E
115,43,-73,32326,-14808,336
6,-83,51,18662,-22214,-3673
-63,120,-17,9648,10624,-12597
126,38,-91,5911,-4012,-8768
-14,-39,10,14838,17697,-8444
-67,5,5,10301,-30185,-18149
-100,-72,-91,1207,-10322,-8648
5,20,66,3947,-5397,-7610
-89,5,-127,2703,-12430,-8837
74,39,-103,6365,-3049,-7039
49,51,126,10619,-6116,1845
121,-6,-66,18426,-3383,26990
-21,53,-116,17434,-15675,31467
-125,95,-69,15963,-15543,-29701
-76,-57,-98,7975,-16130,-32702
53,109,100,-2106,-31341,5888
30,-103,-112,-9453,-22278,-13614
71,-126,-126,-10537,-6624,-9895
26,111,105,-23817,12732,-28763
57,8,-58,-18654,14517,-20128
-95,-18,6,-26666,15770,-22265
61,-110,29,-27120,-20315,-16238
-68,35,-104,29199,-5978,-581
124,61,-75,32616,24896,-6423
-119,24,111,32616,-22558,-16084
-11,-80,122,32616,-32699,-13121
93,26,41,32616,12777,624
-123,-21,-79,32616,-15985,19827
-91,-37,-32,-153,18572,-22240
-38,96,91,32616,68,-32702
99,-115,125,32616,-32699,-32702
-54,-9,44,32616,7053,-2436
22,-34,-71,-27222,30510,5272
61,30,49,-19366,-32699,22777
77,-62,74,-28131,-32699,7788
-6,-118,29,-63,-18268,-32702
-20,12,122,-13549,29323,-32702
-13,57,103,-8008,-18077,-32702
24,23,33,-6330,18647,-16856
-122,-35,43,-11714,-11244,29862
E
107,-23,12,-17254,-12595,-9698
19,-97,112,-22463,20767,-4323
56,-68,-121,26699,-32698,-15222
-55,90,107,-29701,25847,10779
51,-65,72,31476,-1606,3962
51,125,-21,32613,26675,5593
-38,-97,-21,32613,-30333,21294
-39,100,-28,32613,25853,30005
16,-118,-48,32613,24798,-28923
0,28,1,-156,-15978,-32699
-35,93,18,32613,-5505,-32699
-55,87,-6,32613,-32699,-32699
89,-18,-82,32613,-21442,-32699
-105,-10,82,-5067,18163,27337
-39,71,56,28827,68,27771
12,-97,-47,10467,13001,133
-123,-100,122,22438,998,5742
28,-117,75,23632,-16389,-8165
-84,98,-114,29831,20751,-18624
43,-102,116,-32616,-19182,-18110
-9,3,-79,14610,-14393,-13423
44,106,86,14179,-26648,-18649
-114,-87,9,11707,-5961,5757
-125,79,-74,11643,-24691,395
-33,8,76,7019,26694,46
47,118,-28,7964,-14918,2601
-57,-65,-88,10695,3951,13458
-111,85,51,17447,-30185,7905
-26,29,22,16335,-14935,9848
-116,51,-100,8361,-27628,7778
-115,-43,-73,10526,-19287,358
48,-35,12,-3318,-22510,-8913
55,-58,5,-16708,-11307,-14359
-26,39,89,-16277,-15021,-15659
-90,-54,-27,-26418,-26017,-13011
63,55,95,-29823,-12260,-3949
80,-31,-39,30203,-6931,1341
81,14,8,32490,2832,4685
91,61,-51,32614,1829,2417
55,23,13,32614,14193,7051
E
123,-83,2,32614,14354,17777
-45,66,-83,32614,-10911,-23126
11,-18,-64,32614,19233,-32697
27,-52,-122,25598,32426,-32697
-9,124,107,-19661,24102,-32697
63,18,-62,32614,-18863,-32697
109,-69,57,32614,5622,-2896
48,-24,101,32614,30989,-30375
-25,-118,91,32614,70,25113
40,33,-44,3125,72,-27588
22,-101,63,16521,25829,31136
115,12,-6,16798,12754,-32697
-71,13,-16,4807,30110,-29868
98,57,40,7706,-2633,-21832
-19,-34,-11,-12470,-21065,-20487
42,105,-114,9591,24921,-9340
-31,-97,82,-29265,-32697,-14283
111,-29,-36,-19855,-32697,1198
116,-96,0,27211,-32697,-24094
-29,-115,-61,32131,-28841,13877
-93,-80,-28,32611,21275,550
-50,-11,36,32611,-25630,3755
-17,28,35,32611,-32697,-977
-127,32,89,32611,-3929,14163
-59,101,63,32611,12328,-21059
85,-77,31,10922,-32697,-32698
1,-3,50,-14773,70,-32698
11,38,-45,32611,-32697,-29922
57,51,-20,32611,72,-16916
-12,14,-64,32611,-32697,23629
-54,-88,-65,32611,-9871,-2078
-34,-76,-112,32611,10910,-1474
-41,28,32,22394,-13294,-4981
49,-77,111,8203,23824,-8366
79,-97,-2,5739,-28072,-9941
108,-124,57,-3048,-17460,-12893
-13,-23,98,6475,14579,-387
78,-73,37,-2534,-4752,-2683
29,-118,10,-10022,-2178,-710
6,-61,108,-15243,-6795,1075
E
10,26,-1,-17024,249,7844
34,29,24,-15199,1024,7531
-98,-89,88,-13901,-118,12214
-112,126,57,-15168,-4079,10122
-12,-67,119,-11915,1790,6108
-68,-16,94,-12770,-2414,7468
123,-82,-18,-8399,-15,5639
118,-23,-15,-9198,-1071,4928
73,91,108,-6281,-6418,1077
87,87,43,-4523,-4786,1078
-128,85,-78,-5200,-1640,35
-101,110,121,-5077,1250,135
-84,119,92,-4816,538,639
-69,-121,42,-3388,-1433,-1080
-57,-97,18,-4610,-1955,251
-64,-39,-69,-5644,-411,3370
-74,-42,-79,-3994,3563,1820
-42,-1,120,-1857,7921,592
-29,-2,-99,-2302,4862,968
-18,50,-31,-2858,-2965,1809
-44,69,-68,-2455,-3401,1772
-59,99,95,-1513,1661,-256
-40,100,107,-1707,2174,475
7,-78,-126,-2712,111,1068
-14,-83,-116,-3081,-952,989
-33,-31,103,-1184,-373,-1010
-24,-16,86,-1356,-582,-373
-24,37,80,-2072,-1247,978
-27,36,81,-2308,-612,1178
