0,0,0,0,0,0
-3,-10,65,114,-197,96
-3,-10,65,114,-197,96
-1,-13,127,279,238,85
-1,-14,-102,461,264,125
0,-17,-81,480,225,152
0,-20,-65,551,181,160
0,-24,-52,602,-320,230
0,-37,-25,658,320,215
1,-37,-29,462,96,91
3,-44,-14,-121,24,-235
3,-41,-15,11,-179,-11
0,-41,-10,-280,-460,9
1,-40,-13,-432,126,-89
2,-37,-15,-291,-110,-235
-5,-33,-15,-365,-496,-445
-4,-32,-14,-144,-237,-425
-5,-33,-22,5,671,-1118
3,-29,-19,-645,325,-830
11,-21,-16,-756,463,-941
17,-11,-13,-886,542,-1147
26,1,-17,-1270,392,-1784
24,4,-19,-1156,891,-1864
46,22,-29,-2223,4996,-3372
88,46,-20,-3860,10949,-5960
-9,-84,103,-11868,24323,-10512
53,18,69,-13378,-30986,-14918
115,95,-42,-24756,29463,-25359
116,30,53,-27723,13564,-28823
14,103,103,-18626,18976,-29867
-102,-89,-67,-11100,20368,31233
48,57,-26,-9050,18419,32626
126,-29,20,-1131,15635,-32112
-38,-2,15,-12596,-9620,3315
-108,-65,-56,8814,-17492,-28193
79,-50,-102,6926,-2057,-19909
91,69,31,6589,18963,-9110
53,17,118,-5506,7890,-5059
19,-80,24,-16107,-18915,-2479
-49,-13,-38,26970,2367,8237
E
-92,-50,-53,31021,-974,13664
-24,1,-74,32703,-9444,11254
42,56,35,32703,11822,9157
-109,-78,-34,32703,-26949,5944
-53,-69,-95,32703,25458,10007
98,53,55,-28430,25099,4693
113,-17,121,-27484,7601,2421
85,4,-43,-12924,9805,2891
-121,-25,83,690,-10696,-1230
14,126,66,22123,1129,-1065
59,45,-35,15281,-5513,-4505
124,18,85,26746,22463,-11174
-87,-50,124,25504,8314,-11296
46,-72,13,32478,16624,-13056
-92,-77,76,-32662,19356,-11473
64,88,-72,-32409,11655,-12691
-123,-114,-72,32706,9050,-12405
-11,-105,-121,32706,7285,-5304
-102,30,-99,32706,2828,-5747
53,40,-23,24757,9106,-5342
96,-109,-95,4894,6437,-1877
73,-23,103,2967,18184,-118
28,-8,108,-32176,-14363,2658
-13,27,122,-27169,-7492,3288
111,38,-96,28581,25531,15040
87,36,-64,32704,-18184,10839
-116,58,98,32704,3430,9441
-87,93,99,32704,-175,4357
-17,3,-103,32704,-7693,77
71,114,-27,32704,31774,2433
-4,23,-13,32704,30592,-6964
-50,-74,-17,-28908,27489,1685
-83,-120,24,3705,-4853,-842
30,-44,-103,3530,13793,-2390
-104,-29,93,-30738,28795,15264
-6,-27,-102,26619,1533,-16269
-115,109,79,-29209,18686,-13644
-100,-57,69,32705,21205,-10766
60,-9,-78,32705,580,-16319
-37,-94,-62,32705,16149,-13564
E
5,-77,110,32705,536,-17942
-10,84,5,32705,24657,-13272
78,75,-12,32705,19888,-9714
16,-45,9,32705,31495,-16
29,-62,84,20120,5541,-2769
-106,55,55,3112,9152,-3886
-40,94,-84,-8092,1131,-2890
-19,-90,-76,-7516,-5969,3231
-114,-9,-76,-8335,1012,1979
-126,-16,57,-4286,24992,6498
-37,8,117,-11098,-5496,-1767
57,104,2,-15031,-2943,3665
-40,9,108,-17444,8375,-1832
60,-71,-38,-15658,16853,83
23,-71,13,-25157,29118,8650
1,-17,-60,27301,-17655,8632
70,10,7,32703,-11379,6262
-87,-40,12,32703,-19612,19449
-51,7,-72,32703,32002,-17106
90,-89,-76,32703,-27816,-4740
30,-44,-47,32703,8387,-13238
-10,-111,-105,-5918,-23815,8592
-44,-44,-81,21720,-17612,17930
37,106,-68,17892,-23887,4905
95,-11,-61,17427,802,-58
80,90,72,14317,-4117,-6277
59,83,-46,27839,5098,-2610
18,-72,-109,-30326,3725,-4236
9,-26,45,-32150,-26942,-14076
44,7,-121,32703,26796,6079
-118,-126,43,32703,17907,10032
-71,-61,-39,30066,4182,8739
-126,112,113,30885,23276,10266
-124,24,2,-6021,16238,24754
-127,29,101,13976,26248,3283
-117,79,-13,8547,10910,1024
67,115,59,1699,-21134,320
108,29,108,-8354,-9414,-3618
91,18,-59,-2498,42,1131
-63,-73,36,-4838,13796,710
E
9,-10,-60,-12127,-9580,3461
25,-101,22,-16911,-7777,7445
2,-3,-90,23506,-13840,8291
113,55,-85,32702,-9644,4773
-39,86,95,32702,7415,10501
51,-19,75,32702,-2382,-4726
-53,1,113,32702,30031,-10743
115,-75,75,32702,-4499,-24835
-99,75,-128,3156,4317,19168
-105,-46,-42,-17566,9370,23872
-17,-128,-54,29023,-87,2365
-118,-45,99,7367,11041,-10061
-108,-109,1,-30579,20830,-5226
-46,46,45,-32570,16594,-9418
-28,-110,2,30991,30252,-9434
120,117,-37,28691,-28740,-9812
-53,56,-125,-31200,32217,12315
43,-112,-105,32704,9215,10162
110,-33,35,32704,17099,12906
-5,44,10,32704,-18224,-1141
-95,77,29,32704,16894,1975
-107,-126,102,32704,27792,-7807
69,73,-125,-2704,24710,2898
-107,113,71,-5678,26272,-2815
-27,-90,-74,-23520,15301,3106
-33,16,87,-17481,23825,8843
77,-24,84,29485,-20169,6619
35,-29,-84,31131,-21048,9115
-74,-64,48,32703,-13806,19849
28,-106,15,32703,1429,16430
14,116,13,32703,6254,14437
36,62,4,32703,-31428,655
-97,-103,86,32703,23388,-23589
-6,-47,-126,-19477,2365,7353
100,-78,-49,-7193,20107,1970
-65,71,-20,13014,-13296,-9238
97,-16,67,29151,447,4118
-84,-35,26,26970,-8372,1258
123,-18,-39,-29701,18820,-13054
8,22,-112,-32584,14854,-12006
E
97,-37,-93,31991,-23404,-19427
8,-73,100,-32595,32684,-2647
-7,-76,-90,32704,-9673,11529
-96,-35,-19,32704,-10509,5315
-11,113,92,32704,13240,969
36,-128,-100,32704,13853,184
-48,121,-1,32704,31939,7933
33,-81,104,20074,-10988,14847
73,16,118,-14503,16922,-3503
0,68,-4,-26305,-1459,-555
11,-27,20,-17999,25177,1750
92,108,-51,-25013,-5967,9798
-84,-114,-41,-28174,-18939,11301
54,-106,16,29459,-10184,20434
-37,67,-45,32703,-12818,13662
7,72,-10,32703,16892,8215
67,114,47,32703,-4929,9188
-43,-115,-32,32703,23725,-7898
116,10,-70,32703,-25232,-10724
115,-126,-6,-6974,7520,-15938
36,-45,120,-8074,-1612,8662
103,47,17,18149,-20490,-7078
42,-52,-76,24923,-31965,1404
-26,18,-42,30608,3913,-5356
-117,72,-3,-30016,6545,-7841
117,-64,68,32733,-468,-5590
-91,76,-56,32704,484,-8566
-76,67,71,32477,6217,-6762
-98,94,-21,20755,-2094,-6677
-100,-120,11,27881,3688,-7069
3,-81,-46,30592,-1991,-728
-7,-38,-122,27415,-8083,-2166
116,73,-114,27303,-606,-10098
-98,4,100,24487,180,-5924
51,84,83,16771,-6050,-7439
113,-33,-19,10517,6661,-6704
-2,-93,88,-2878,9295,-4891
-114,-114,-45,-3708,7468,-1967
-2,-128,-7,-19617,-1323,426
61,65,-46,30761,-17567,8209
E
-102,-8,32,30147,-30755,18388
-55,99,12,32703,12790,17973
21,-125,90,32703,-16737,27907
-15,125,71,32703,21762,22093
103,46,-53,32703,-85,27871
-45,-32,-49,-30391,-17361,-1159
-108,25,-29,-15443,-17958,7962
-42,88,34,-8493,-13888,-5245
-5,-92,7,19122,-25861,-1888
-22,55,-36,18938,27066,-12892
26,111,-75,-31335,26502,-10322
-38,-111,-39,31384,3691,-20010
95,-118,99,-31603,8274,-22693
-10,-54,-70,32703,4366,-22460
22,-100,40,32703,-7941,-20098
61,-51,-123,32703,-11130,-22130
55,-57,-44,32703,7170,-24450
27,121,115,32703,20812,-18835
5,107,-3,21771,-3677,-15226
-112,-87,106,21104,8040,-13133
32,-18,78,15147,14439,-2820
-91,-55,-108,6243,-2403,-347
-43,124,-123,-3901,10293,8448
-67,117,-36,-9044,13234,7334
19,-60,-9,-26411,-19074,7148
-50,-21,68,-31979,16264,21321
40,-91,-121,30202,172,19407
-69,5,8,32703,-3760,22487
-90,27,118,32703,27077,18757
-82,17,49,32703,-7900,20558
2,26,-34,32703,23251,15290
106,23,-57,32703,-12058,12863
109,106,21,11041,-3043,-863
-12,78,57,9770,-27729,8541
-36,83,-49,30918,-30149,30995
73,-102,-109,19198,-12484,22183
74,84,-93,3996,28866,-11752
-1,-23,121,18279,-27336,4163
7,12,-2,10675,17883,-12633
70,17,30,19041,18648,-438
E
-120,84,37,16471,-3345,-5877
87,-19,-66,20781,1632,-2352
94,-73,-12,18506,-11063,-4831
31,72,-96,12619,-2466,-6243
65,104,-37,13745,-1749,-3919
83,72,-113,8251,-2744,-7469
84,121,110,10556,7651,-3986
-40,-20,-58,11757,1706,-2791
-73,26,-62,9160,-2414,-3861
27,71,96,8363,7853,-4463
12,86,120,6844,3165,-4007
5,-71,12,1755,2737,-3783
-10,-86,10,3821,-2842,-4598
17,38,-41,8040,12049,-2491
-21,46,4,4887,7961,-4033
65,-79,93,7336,11765,-4228
-28,-23,-101,7615,6414,-3000
-114,118,-80,5823,2817,832
-83,104,-88,6191,5232,1441
-41,75,2,2121,22140,6689
-21,75,52,-726,17592,4509
-52,61,71,15945,-2451,-4126
-83,-94,-115,32702,-8408,-2737
-51,63,81,32702,18376,21512
32,-128,-21,32702,32683,19855
-63,-66,-80,32702,-30965,8755
-15,3,61,-6891,-11533,2975
-1,124,42,25016,-4056,-11647
-48,-14,-100,28106,10719,-4024
-59,34,39,-31056,32171,-15174
-22,-35,90,-31738,-30745,-10408
116,-44,-65,32702,12428,655
-48,80,-123,31242,-2681,-5833
117,42,-54,27915,-18720,6899
22,-40,-37,-22060,12402,-4213
62,56,-50,-24892,-14631,5410
-66,0,115,25412,17942,1760
34,-88,29,-28627,-25605,11973
-99,-67,20,31299,30269,3127
-96,97,-27,32701,129,22942
E
-92,-13,-100,7047,-13111,-25192
58,96,117,-19586,-32175,13859
-84,42,-104,-30761,-83,32509
-44,-37,70,30457,-85,5790
-27,55,31,32325,32684,-4178
-47,116,36,28774,32684,-7641
-18,93,-63,-31402,32684,-1533
-57,51,29,32701,22499,2541
-125,51,99,32701,12349,22747
-116,-103,113,-827,3893,2319
125,-25,11,31857,12150,-3407
90,-48,-94,25786,9539,3418
-85,-75,58,32701,-20757,6733
-71,93,1,32701,23941,6907
-25,-69,-94,32701,32683,11231
-87,119,-13,32701,-9703,13880
13,-110,81,32701,-8953,-10173
109,-89,-69,19139,-26282,-5040
17,-124,33,28191,-9900,6286
82,-32,-74,15375,24865,2882
93,-66,-46,19884,-21631,-745
-19,31,7,-31603,19404,-11075
8,22,-82,27817,-16090,-9270
118,36,-63,17244,12890,-20833
3,88,87,19201,20482,-17863
26,103,-53,18815,-124,-14967
-86,-120,61,20588,2815,-14834
126,-112,-50,30187,15450,-14001
120,44,-126,28318,13294,-11412
-104,86,-65,23103,-7747,-8473
-26,107,-115,22767,8506,-7983
-116,98,-90,9930,-2962,-5155
-95,125,-4,3387,5659,-4067
30,70,79,5812,25211,-1588
22,61,-91,10127,29240,2396
29,89,65,-7950,-21577,130
-120,63,48,-3138,8780,1956
48,50,-117,-22227,3254,3317
-83,-6,-72,-28678,-17662,6732
55,-112,36,29263,-3568,24093
E
106,-82,-117,32436,-14404,29027
54,33,42,32700,22043,-29011
-27,35,17,32700,8333,9507
0,47,-70,32700,-13816,16109
112,90,-76,-16252,-85,7650
73,-126,-110,-9456,32682,4263
-42,-2,-118,32393,-31347,9859
-9,8,48,15051,-8743,-5242
-112,102,-84,14335,28392,-12138
79,-128,127,20401,6777,-9381
-124,66,-46,19890,8971,-9424
18,80,-108,29779,3340,-9800
29,19,-109,31345,12173,-9047
72,-91,-11,-31323,8548,-8249
-44,-114,-53,32700,7552,-9907
-55,-9,-118,31612,7541,-7087
-46,-14,-120,26481,-1357,-4524
25,97,86,23678,2426,-10134
-26,-41,-80,21274,8085,-5078
103,4,-20,15036,-972,-7553
-121,-94,-41,18086,7988,-6662
94,107,-67,11164,2909,-3277
119,118,8,10553,3090,-4039
-45,90,26,2090,2128,-1931
-55,-112,47,3325,1993,-928
-20,105,-118,-4780,2364,701
34,-62,105,-13587,18436,-1178
104,-112,-26,26484,-16968,-1092
51,-95,57,30907,-2796,11722
34,126,118,32696,24938,11193
-70,-73,69,32696,2821,20713
-1,33,56,32696,15244,-12454
-36,53,21,-30284,-20327,20854
-61,-3,106,-23624,31559,-10359
125,109,-5,21610,-29369,13685
104,64,84,19381,21760,13271
-115,74,-66,16013,18774,2353
68,21,24,25069,-8494,-3469
53,94,-128,20738,23103,-6798
119,-72,-46,-27055,-30745,-12955
E
83,-5,57,32698,16946,-10212
-72,-25,-9,32698,8177,-6700
-119,-23,-32,32045,-4546,-9518
-79,-116,51,27458,6163,-10151
-83,-115,-1,25620,13949,-6734
28,113,103,25151,5714,-4522
92,-64,-101,28151,12014,-2095
26,-99,107,24531,3674,-4194
-64,50,-59,15877,3271,-3727
-112,74,93,8569,9031,-6011
-6,96,-93,-3107,12668,-4027
-8,84,-56,-4819,10636,-2646
-96,22,122,27601,-6965,1534
-87,34,3,29349,-19454,-4065
-17,84,40,32696,-15395,29062
42,43,5,32696,5112,24191
-111,27,8,32696,17004,7977
-92,-46,88,32696,-86,31737
-58,4,-113,32696,-84,-17359
-24,28,29,-2172,-86,7958
-90,-77,45,7106,32683,708
106,112,-52,19466,701,2225
-91,48,102,21884,-16828,312
-43,58,24,22910,11092,-1690
12,26,91,31069,17341,2233
84,-81,101,30391,-9846,-2431
-127,83,-106,20386,14594,-7659
3,-22,64,1058,-24676,10621
-98,-32,77,-8350,22982,-8079
-73,-34,-88,19817,-26370,11808
94,-72,-90,2428,-23207,5686
-68,-48,87,2875,-21094,6507
97,-88,69,3061,28050,-2344
114,112,89,-12723,-14442,5889
-77,26,124,-8556,2401,18004
2,-89,-69,5361,23746,6320
-70,-17,-16,-1193,5847,7117
-15,-56,-42,12,2387,3516
25,-46,-17,-2615,1745,3882
-26,21,94,-3367,-4872,-2762
E
-26,102,98,443,3976,-8152
-33,14,-123,-9345,-3112,-8493
-49,51,42,-6079,3571,-9019
85,87,-82,-17236,-26854,-9029
28,-116,105,23055,-24935,-21227
-90,-104,-13,-15154,-4878,10529
18,-118,74,-3763,-18858,78
21,2,-112,10641,4079,-1708
-114,19,-70,20220,7582,1266
-63,9,64,23457,5726,5105
-82,-3,94,13279,-3597,3064
-86,-46,-73,11798,-7738,7428
-80,-91,-48,17249,6614,3194
-99,23,51,2291,-12344,2591
-71,100,87,21566,5368,-1509
-87,95,-96,13506,3347,-1265
-101,-57,-57,7718,-876,-2871
12,-41,-38,22027,7500,-2963
19,33,-115,15436,4422,1853
-31,-59,-106,6038,-4567,1615
-20,-109,-106,11421,-2672,-452
41,6,-52,665,11588,4722
14,-5,-57,-540,8757,4573
17,59,-93,-12735,5772,5063
24,10,-81,-4900,9889,735
4,55,-103,1486,-6305,-3785
-41,113,85,-2544,-11409,-6002
1,16,94,-17502,-5533,-18182
-52,118,69,22451,22523,16343
118,20,-17,32697,-1110,-4211
-121,-30,127,-32167,-9817,1366
-76,-104,71,23855,17366,1035
64,-127,-76,29081,27748,-2454
-104,-119,-45,-32374,20634,4859
115,-71,0,15365,-15616,1476
-128,-117,13,15262,-225,-8919
30,9,-20,23140,12460,-5078
9,-27,19,15999,16705,-5483
98,-127,67,25726,-2899,-9454
-81,108,2,27209,7692,-6564
E
71,-38,14,19034,-560,-7414
32,-118,-46,17757,8898,-8777
78,-109,-93,18761,-5533,-7786
120,-87,91,11867,20740,-565
-46,-81,-56,7530,-6551,-6090
35,-78,-11,15395,2899,-4108
21,3,-63,10301,11191,237
-61,-87,-90,-8229,6787,2891
-36,17,-45,-18692,-7878,-1917
-8,-76,11,-25916,1960,-2029
-9,118,105,31571,25480,3029
122,67,-58,31201,-28783,10896
65,43,124,32696,23005,15693
24,-67,-118,32696,-8562,16350
-110,68,10,32696,-6276,9830
54,-72,-93,-25308,28286,2338
53,-76,-46,14669,5689,-10235
32,75,-37,21739,-13725,-2118
18,125,90,23008,-18420,2511
72,-95,-115,17564,6512,1112
-5,110,-2,29163,14978,-8177
-44,56,31,25698,2028,-4942
-37,-108,42,22319,-1798,-5586
107,43,-51,27493,19434,-8690
106,-27,-109,25147,6052,-2702
-101,19,-58,24086,-2527,-5536
-14,-87,4,23084,7220,-9885
72,82,-50,21798,8140,-5578
46,119,-97,19902,-13743,-5298
1,-4,-105,8362,7336,-3111
-22,-2,53,7706,10429,-3715
-109,35,28,-19194,-14330,8747
-39,-29,16,-16700,-3084,5738
44,-125,100,-24221,12388,5820
-35,122,89,-17279,8211,2980
-110,-63,102,-2473,-3653,4685
-95,41,-126,-10187,11119,1224
-5,-87,-112,23930,12529,16503
-83,-117,-97,31732,-17394,9798
85,58,-16,32689,27532,9736
E
48,-68,121,32696,-31754,25529
34,-23,-24,-2832,13653,-7188
55,107,109,6498,8480,-66
-50,113,64,14801,-311,2050
-45,20,4,24346,3470,-1118
-66,118,108,16606,-895,-2074
9,78,-118,14789,16168,-3762
-44,52,5,16136,6442,-3085
-74,118,-12,14048,3854,-5638
-26,81,97,8082,4054,-6055
103,120,-65,12900,-3721,-212
90,-76,-114,5262,-17434,-7174
47,20,-81,16105,11079,-6030
-21,29,103,20731,7286,-2864
-53,-108,-89,16231,3759,742
-38,-83,-102,11853,-929,-1810
7,106,-126,10574,9531,-250
11,95,97,8666,2832,2576
60,77,-108,4082,-362,2090
67,34,118,4013,6861,181
86,-5,75,-944,11223,1410
125,23,122,-15697,1549,-3253
-81,40,9,-25807,12405,-10601
-60,-100,-72,-21426,276,-9298
-4,-32,84,26850,14560,12673
-37,66,-100,32696,-2750,19690
83,-87,73,32696,-19115,31879
-38,-72,50,-22760,2913,-1935
8,18,-118,9453,-14165,7869
-73,-22,-72,13976,31915,8702
-41,-49,-6,24103,2882,3408
9,-2,97,24810,20260,4906
-86,-100,106,14427,-3977,4336
89,-104,-125,14665,182,4776
114,-33,89,16530,-3300,3769
-126,120,85,4007,-1218,-7592
112,-34,122,449,-8112,-14597
-27,-112,-116,23572,22357,5750
126,-4,77,7996,-6289,11176
-26,-87,-31,6324,4047,2143
E
45,-74,-120,15872,-32627,9189
-51,95,92,10536,2245,7438
-33,68,99,11642,11073,6593
86,-104,-97,8542,-3277,3970
-39,-50,-16,6185,-5951,3897
-70,-10,111,2636,7499,7585
-28,-91,-81,6903,27468,3497
-79,89,75,6469,18387,-13360
-32,-57,42,5186,-3082,-11705
89,127,63,24543,14150,-15081
63,-7,89,29012,32681,-23343
19,-93,-98,32695,-8258,4259
77,80,33,-25198,-23358,-6521
-34,-41,101,-27352,-13559,-13338
-6,60,-103,-24598,-16547,22625
-81,106,64,31369,26894,20913
27,47,-38,29943,-10453,10733
-18,48,97,24991,-10791,1570
-53,53,76,30096,19247,-768
15,-97,-77,24890,-10122,-5064
-68,63,91,26506,-5525,-11616
-100,-78,-106,-29833,19038,-12857
-72,-118,20,26287,8289,-13673
123,115,-28,27621,-2337,-14499
-105,32,-44,-30434,25607,-17141
-53,-9,-127,30655,-3156,-9429
39,-92,119,28101,-9572,-5843
5,-109,9,22456,11987,-5795
-44,102,10,15002,9286,-1531
-64,-108,-66,2279,11189,13463
-58,16,-98,-9374,21201,5896
116,-128,-69,18133,-13580,-711
-6,-37,1,32695,28858,-1271
98,10,-59,32695,29465,11881
-36,-101,127,32695,3784,5795
-28,-75,-12,32695,26859,5555
46,7,-128,32695,12547,-6358
97,-37,87,32695,16023,2056
32,-105,96,32695,32681,4664
-106,58,-90,795,-21295,-955
E
-54,-123,-124,9050,-24204,2054
-58,-62,-60,17012,4793,7725
126,82,12,11987,-27381,-2010
-109,-96,0,12331,23234,2089
113,-40,-33,26151,1030,7324
116,-82,15,19593,-11908,7883
58,16,-79,14526,8962,-4294
89,-9,74,16085,11443,-2727
-122,25,99,9212,-3277,-3107
-60,-38,-118,8959,12470,-2497
119,84,-103,13747,5416,5353
85,53,67,5155,-6383,1240
104,-27,-79,9900,12149,974
-127,-32,109,11517,13056,3203
56,-102,81,5797,-8264,1001
59,-89,82,8885,1206,405
101,106,-76,12376,8444,430
86,118,-21,13611,5750,2398
11,-81,59,12314,-11582,7962
22,122,-26,6381,7494,3493
-13,-124,3,-17365,31810,6271
-39,33,11,20661,-11435,-17518
-92,78,5,32694,16358,-10401
100,-98,-116,32694,-23134,13104
-112,68,-36,32694,-25968,11848
-106,108,53,16225,-14352,10958
-22,122,-31,-25573,-24568,-6005
69,-102,-71,25036,-24949,191
103,10,80,27425,-30380,-3622
-54,45,109,8879,-4797,-23589
111,107,-82,417,-2669,-13298
47,90,62,23000,-21073,-11201
72,119,57,17288,12864,-7369
40,14,85,15038,15379,-2517
2,-53,63,15700,5843,1527
-53,-36,18,11709,2685,176
26,35,-100,2722,12141,1308
-73,53,104,2856,-5716,1481
-2,27,15,8958,-1556,2120
-24,82,-49,5804,3080,815
E
-68,-104,104,-2556,-15247,140
109,67,37,6715,3805,1015
56,88,38,-6897,3869,13102
-1,-23,114,-850,-3669,-2893
16,-52,102,684,-3047,-1074
49,76,-77,8080,-3629,1354
101,114,-2,2445,-5624,4189
13,50,-123,-18202,-26233,542
-59,46,-107,-21973,-19087,12451
74,110,124,-25024,-21677,26065
0,-60,70,27667,-16435,-12171
-70,-88,-43,-23623,-25483,12334
-102,-62,-114,7177,20445,3789
-89,24,74,2728,-5666,2288
101,-37,67,20570,12737,-6018
-94,-123,-28,25738,9910,-5895
3,75,-1,16828,8237,-6601
44,-100,-3,14895,3842,-4013
72,-77,-80,-4026,-32614,1575
38,-114,110,1609,-13417,-4499
-62,-71,-113,10769,14194,548
-82,14,-21,9965,14933,1298
103,12,50,30225,10954,4447
-33,-95,11,21123,7742,4039
25,-98,-74,9588,10919,-1692
-54,79,-37,11056,-15343,-3010
-65,-31,77,7018,-1151,-247
-21,39,37,893,4667,2129
-70,-9,-126,1752,-2988,-808
-56,-3,-99,-690,3060,1839
-73,1,-66,-3329,1938,-1166
-90,-85,-87,-18928,-7992,-4987
-68,-23,96,-22109,-5110,-5731
-50,21,-87,-20588,-15027,-1688
-33,-23,-30,-21877,-455,-1635
83,-18,73,-27501,8170,5780
54,37,-17,-17628,26010,5521
-13,109,-113,26384,-4384,2563
-10,-17,-43,32691,16522,10078
53,-62,-26,17408,10190,-12636
E
-84,-117,-97,19722,21959,-13349
2,-70,97,-23184,-18364,-1878
-108,25,13,28093,-22438,-5819
58,44,21,24141,8721,-8363
41,35,39,24130,7984,-7201
-33,-38,78,21195,3005,-4710
119,106,98,21216,1603,-6705
50,59,115,22371,15621,-8884
-78,-5,76,23306,-45,-11568
-33,-44,96,28243,10471,-9266
-82,-54,-29,19236,-11985,-11372
-12,124,-29,30500,8251,-11890
-46,-43,79,27417,12584,-2613
97,6,124,21179,-8974,-5421
6,-123,9,8348,6530,-3219
-32,105,-63,6517,8412,-1019
-82,45,-58,-20435,12147,2076
121,-30,-50,-24395,5715,-3012
115,-51,-67,26179,-19723,10818
105,64,25,32688,-22732,14361
-32,33,-57,32688,13495,21155
-2,60,36,32688,-13450,11740
40,31,88,32688,30895,18023
-75,27,72,32688,14327,15617
-90,38,-110,4879,-15640,-1049
-119,-16,107,21354,32055,2047
-26,80,34,17542,-14291,-4659
-97,32,-112,20685,6971,-9109
42,-50,-14,24834,16934,-11797
3,77,-97,30854,13939,-14873
3,101,75,-32616,2467,-17529
20,69,-61,-32175,15477,-14623
-9,29,-108,32690,863,-14719
96,0,-96,32690,-4026,-18881
120,-115,-125,32690,-6578,-13712
123,32,75,25376,502,-14786
-10,125,-117,20684,-450,-13168
-25,14,17,11587,12792,-4204
-113,-97,91,3102,10793,522
57,-87,-100,-20781,-5240,2225
E
65,-57,-17,-28122,-2831,9972
97,91,-1,27549,9156,17581
97,1,-62,32689,-15393,22905
85,115,-45,32689,-16122,-32672
120,26,59,32689,-14067,26675
53,-73,-115,32689,-8697,6515
-13,27,-86,32689,29578,9659
45,-101,-108,-4101,-25292,-2226
5,-9,54,12591,-25802,-120
-109,-96,-6,26857,-26547,10711
52,-80,99,9254,21190,9370
63,-102,111,7139,-3895,-16486
-111,-66,-57,27411,-18735,26038
55,66,-102,12654,-32646,-811
-57,-43,-63,25125,21592,5740
40,76,-116,7435,11162,6552
23,118,33,13146,21162,7685
46,34,117,16755,14114,6983
37,78,73,15256,11118,3820
-28,-108,-106,12343,9532,2880
-26,-79,-58,1993,4475,-3394
-20,104,0,8324,-4734,2848
-7,-67,86,-9391,-3871,1578
54,-46,-122,-17253,4877,1684
60,-78,-37,-13273,-8968,5036
14,-53,40,-16616,1878,3193
-51,82,-63,-17942,-15954,1168
-68,-100,7,-9099,-8991,-1459
89,98,-92,8805,15386,-15872
-32,0,-116,-10317,20407,-28116
99,42,-75,-15238,-13046,-16988
76,77,-68,-8445,-30436,-21110
-102,-7,-53,21119,22096,-15050
25,20,2,-27638,-15858,17070
95,-75,64,2246,-14380,5698
-127,125,-82,-30643,-11565,-2248
-117,-28,36,31433,-21777,1485
-28,11,-95,19265,-7389,-2600
-17,102,-85,15620,2638,-2890
89,-46,25,2569,1802,7041
E
43,-84,-30,680,-1210,10033
-54,56,-128,11202,-31620,7395
-109,-2,-71,19666,10700,8285
37,-87,113,11432,-1815,3685
106,-93,92,14773,8166,-820
-104,-29,-85,7061,-12836,-1469
-97,-64,29,2995,-15881,-3015
115,-100,-6,-4614,9805,2706
54,-102,-107,-1971,6340,2938
-36,-98,38,-6596,6960,-6831
-56,-113,-73,-1288,10880,-8530
65,6,83,1964,-17278,-23334
-70,66,-46,-533,-12562,-19737
87,119,75,-8169,31714,-24847
99,39,-108,19021,-18994,15191
124,-79,9,32688,-6471,29974
26,-66,-128,32688,17653,-11761
82,-78,50,-6765,-10323,5583
-60,-43,-33,-30620,23210,-10780
90,41,-94,18045,2063,1957
-83,40,-89,16236,-5694,18
51,-104,49,8849,26484,7160
-86,-104,103,14819,25899,3973
-87,-79,55,10038,-18629,5150
13,99,111,10001,7888,-622
13,65,76,9194,-2342,-4757
17,-105,-52,16002,4358,-4028
47,-73,-50,11662,-1642,-5801
40,70,-22,13195,1259,-8516
93,124,42,16875,1665,-8826
-21,-53,123,10230,-8878,-8427
87,-61,38,9624,-3944,-9297
114,-72,-88,5139,26900,-5688
42,-28,-72,-3962,14065,-2625
18,-119,55,-16434,-12419,-2632
85,49,84,-2177,22034,-3257
-26,89,73,2918,10186,-20274
58,-47,109,30651,-4335,6820
0,69,-73,27851,-26224,13850
-44,60,-13,32686,-15122,15382
E
-96,-2,91,32686,-15946,-10482
17,120,-58,32686,-1049,26653
17,-75,-113,-10027,-9662,-19938
-71,38,-82,-29536,-4370,351
-41,-28,61,26587,12351,-91
-75,37,58,27691,15768,-4177
-22,-83,101,19801,536,-4402
-29,-63,-86,18880,-4661,-9434
-15,85,-22,27489,13699,-6858
24,-93,93,25264,7437,-9903
-8,4,32,27988,19318,-14538
-61,-121,43,28705,9386,-12782
-90,-20,-94,19225,-17149,-13202
112,-2,-53,14100,8316,-12055
-110,-117,8,19812,7417,-10548
-44,-72,45,18133,-356,-6767
-4,113,99,10835,5875,-7853
126,98,68,3423,-2149,-4970
119,114,49,1299,8548,-5425
-24,-58,-4,28725,-30276,1866
96,19,-89,-30918,-24063,5951
-111,37,-59,30481,1225,28785
15,123,-57,32683,-5118,24774
-104,-13,3,32683,17075,-30103
108,-1,49,32683,17365,22210
-66,113,-54,32683,-29714,11618
29,-56,-34,-23889,-12714,2093
90,68,-118,20979,23913,-3382
3,23,-39,15892,-22880,-5698
-108,38,-63,18250,-10104,-1760
-93,-66,-125,27833,11953,-1030
15,-88,-121,24954,-26576,-3111
114,125,59,26575,27954,-10037
-62,-60,84,31536,24467,-2889
-74,122,-30,26420,7786,-7745
-81,-62,0,21401,6230,-7748
-81,-128,-128,20083,12107,-6363
-81,-99,-12,14388,-6516,-6871
-14,-60,58,13303,11582,-5227
73,92,-48,11937,6318,-5294
E
108,-33,3,12453,5262,-3048
-86,100,123,7593,-3405,-1812
-76,89,-55,5997,811,-1127
-51,71,91,1580,2626,-542
-48,89,77,646,3516,-57
-87,-87,-14,-17917,-404,787
-111,41,105,31984,-24726,2160
52,25,-26,29342,-3920,8391
55,-47,-74,32681,-25559,16446
-71,-82,100,32681,-13855,22706
110,-43,-40,32681,-6646,12121
-91,4,-35,32681,23555,-658
-107,63,26,32681,-31027,14756
-66,-102,-39,5302,-17187,-2145
-17,-49,1,-31667,-8046,4729
46,-12,125,11568,17259,419
75,-83,-68,26790,23851,-2874
12,5,-9,29771,9421,-7641
-9,82,-27,29879,2213,-8190
-68,-11,57,-32581,8666,-9084
-44,-84,9,-32341,13755,-7723
80,127,-19,21497,-12884,-7347
108,76,-2,24748,4231,-8496
-16,-97,58,27663,11436,-5408
21,-46,36,19534,-1641,-5475
24,-36,56,20442,3281,-6355
-127,65,40,7235,5808,-1534
97,84,9,6829,-5418,-3292
-88,-17,-88,-4071,-6622,-1395
-65,-45,1,-9598,-18110,-648
-99,-128,38,-10178,7121,4448
82,-88,53,-19065,-16732,5793
116,24,-68,32519,-1813,17879
32,80,-38,29873,2486,23792
110,-119,-103,32681,-17451,31967
46,121,-19,32681,-22597,12570
-35,93,67,32681,-7060,12737
88,119,-112,32681,-96,16697
-37,111,-2,4254,-18318,506
-68,25,-40,24700,-4947,-9239
E
-60,-53,-26,17339,3229,-5229
-24,-53,15,26539,16582,-4724
36,28,16,28811,9608,-14423
0,-126,20,30480,6010,-16580
-31,-35,49,29900,325,-13088
89,-52,-73,31709,5817,-15149
56,48,-36,29564,2771,-12977
81,119,-96,30235,-2638,-8852
-113,-87,63,28351,684,-9727
103,-122,-29,24477,16368,-6898
-68,-112,82,17796,-750,-5086
-86,-37,-51,9641,669,-5071
-66,117,-74,5511,7872,-1769
-17,67,54,-12814,-6357,1911
-17,121,-97,-16094,-6096,4938
-71,33,91,22593,-6569,10678
-78,-18,81,32681,1220,6188
-106,33,-114,32681,-27077,-29245
67,90,-87,32681,21352,-31657
70,25,86,32681,-10518,7201
13,10,-44,32681,13053,22037
-26,83,66,-5981,12608,346
95,-106,127,-3260,-15523,1880
-11,66,118,31741,-5878,-5361
47,29,-26,3973,12745,5676
88,-61,103,27757,838,-6239
-84,21,52,29300,9338,-4207
-60,-91,-33,24190,-11980,-17882
88,-92,-86,29583,6780,-11882
-17,-20,-98,31073,-22857,-22728
-24,-4,-109,-31546,22816,-10071
10,-117,-60,32684,10739,-11790
-78,-68,-16,32684,13159,-3446
-104,121,-125,32684,8220,-5413
-5,-24,20,31113,6276,-2248
69,-12,-77,14818,-3052,-5808
98,111,-40,10206,12953,-4403
-12,-57,-93,5947,6353,-1240
-26,-46,-119,66,5101,1639
127,63,-102,-26413,-10525,-1383
E
-40,0,96,31071,-8995,950
116,-38,-79,30520,7879,-1096
13,108,-48,32683,-27567,3002
-69,-40,92,32683,5273,28425
-35,111,58,32683,-19911,-9881
88,87,47,32683,-11979,10895
3,70,71,-11026,-20337,235
-58,-107,121,-2391,28205,-2023
-97,-39,-76,32201,3932,10229
112,95,116,19789,-22298,3464
-59,-71,48,-31783,16006,-5756
63,90,-64,23836,25713,-8774
-104,-85,50,-29289,29976,-10892
93,-113,-21,32684,5488,-12355
-68,29,119,32684,8657,-11856
81,-102,85,32684,-2174,-7604
37,117,9,30921,6715,-9867
42,83,-103,23234,7864,-5116
-72,-41,81,22672,4848,-6439
126,64,66,18627,26997,-4994
-101,-75,-96,7235,7255,-1929
-82,74,-42,-11176,-10998,1868
-81,-50,-116,-21022,-6649,3111
-97,8,-42,23859,-22657,3957
76,-118,-89,32681,-17657,13134
8,-12,-2,32681,-3707,17525
-12,-93,-64,32681,26137,6657
38,104,30,32681,9882,21133
9,16,-92,32681,15067,5931
120,12,-51,32681,24199,8972
-94,-71,-33,6378,20607,2440
31,37,-69,14406,23435,4852
119,23,-29,12326,-32707,1541
-124,-38,-79,21919,10187,4945
100,103,123,21567,3700,-2530
9,118,-114,24398,-31767,6624
-128,47,-37,22102,16106,-5995
10,-31,-100,20931,7091,-6429
-46,-76,10,15014,10332,-8002
12,8,108,10996,2996,-6173
E
53,58,48,12422,-8167,-4385
-57,-44,-90,13242,8709,-3144
125,42,-89,12962,-1212,-1235
91,-47,-94,16448,7784,-1379
15,25,63,12769,4516,-2795
-42,37,-56,17469,6274,-3495
81,32,-66,18588,-4938,-4964
63,-42,-83,18120,-1033,-4758
67,25,13,18291,5052,-4226
99,-74,89,11783,892,-4148
-126,111,-6,79,2502,-5619
89,-14,-100,-14479,15016,3206
117,26,-97,-30368,-4126,3125
-87,-89,-62,27726,24711,1792
-58,-102,-1,32682,29704,16470
103,99,41,32682,16367,12715
82,15,-71,32682,-3034,-19960
64,18,38,-31361,13453,10742
-14,22,65,-17512,18555,1944
-122,-127,-12,3718,15986,-2105
51,-38,-23,27385,25116,13556
47,-8,110,11400,-12064,4636
109,47,-39,14580,-2946,4493
-42,-23,-25,11157,6810,-4287
35,87,102,18738,16033,2455
26,102,-34,20635,280,-934
46,-66,90,19726,11571,-878
-14,25,77,17993,4570,3038
-64,-108,72,12611,-93,321
-32,-37,30,15662,8032,2744
-94,98,77,3115,7774,-1307
-70,22,-112,6166,2588,900
-18,-11,-73,5330,8625,1889
-22,-30,-36,3049,2655,3007
21,-121,-34,-904,-8489,-2849
-69,77,-11,4454,-9239,-218
3,-95,104,3596,3515,-3162
-57,-99,-108,2036,6238,-6560
-58,-80,-123,-1644,-18048,-10930
-110,-91,13,349,-3176,-5692
E
-111,-45,42,-27754,-14888,-16804
-71,1,-28,25483,29970,-8723
-34,-32,-101,32682,-2713,-12310
20,18,-96,32682,-101,2204
-91,-89,45,32682,32666,1689
124,110,-99,-31113,-13821,3603
-63,-20,-46,-32103,-27962,4443
-114,-51,-119,20449,-11450,5407
71,1,35,16941,-3184,-9
81,-30,-127,17376,302,2532
76,-2,42,10478,3699,-421
126,-28,-76,13136,16446,-725
16,104,116,8695,-14473,-4000
51,106,-49,7601,-2085,-2865
-53,-66,-60,20665,19333,-1721
-106,-59,6,17491,2667,-2061
0,-42,-43,14355,10142,-2712
2,-16,-81,11708,6076,-1519
31,-101,90,3605,-5596,-1571
70,-122,-84,3423,7619,-707
117,-97,-75,-9165,57,-998
106,-76,-67,-9141,-3473,-591
93,54,-100,-12770,-104,1281
84,41,-86,-13088,-8336,1190
-55,-109,46,-13272,2337,3483
-39,-107,74,-15726,-15910,711
1,-32,-112,31480,-848,10443
45,-22,56,30072,-3638,4606
4,52,21,32679,-14637,-19485
119,55,93,32679,15992,6898
77,-110,-126,-14342,-21401,11530
96,0,74,-21212,-18154,-1264
-88,69,-79,28172,32441,3579
64,-104,28,17499,-18195,356
-98,24,-110,14585,1850,5160
-98,-29,-18,12533,-5839,6025
-116,-128,71,4984,954,5841
-98,117,83,-377,-174,2671
-90,36,62,9951,803,2961
-88,-72,65,9190,4402,5352
E
-62,66,-71,11080,-4040,1881
-67,26,-57,7046,1556,3757
-47,-25,7,4428,2778,1478
-16,-100,23,6674,4060,-778
-15,-104,-11,5375,4468,-571
-48,-40,45,6367,204,-4069
-33,-23,-6,8726,2794,-2885
-72,54,-86,13760,-17426,-2195
-87,20,59,17143,-1080,-5946
-17,10,-78,6242,-10387,-11660
-115,39,35,6764,19397,-4457
57,-45,52,-7340,17645,-2369
35,-64,23,29623,31198,-8691
-110,46,-4,28614,-10671,-10073
-43,-126,-100,32678,-10012,-11643
37,91,-95,-24369,31771,9721
-102,-53,-125,3963,-10731,6758
111,0,28,-28406,-12312,2083
-106,-51,104,30837,11255,6881
98,-100,55,20983,4059,8429
19,55,48,17886,5955,8565
-112,127,-122,-957,-15512,4916
-128,-93,45,3960,-8965,8707
34,123,107,10611,-9019,5126
-25,-60,-36,1056,-4482,3137
5,-82,-112,6222,10804,-876
-65,-72,69,10594,13020,957
78,-26,-126,4004,-283,-2994
99,-34,-54,6700,-466,-2201
-85,-31,-109,8369,9771,-1124
106,6,-6,9104,-4835,-1025
-111,14,43,6107,-6292,1175
125,100,25,-3989,2174,-567
97,52,-69,-2653,5427,-940
47,-45,-96,-6629,8578,2958
-88,-81,-59,-8445,2317,1817
-11,-96,20,-2595,858,-10189
-9,-80,26,-1706,-25449,-4473
74,73,51,-19984,-29802,7133
-69,103,-98,-24377,-28823,-2234
E
65,-20,9,26735,929,-19554
-43,18,73,32677,32664,-5786
-28,-25,6,10721,-5071,11363
-62,-58,-69,-214,23397,2714
46,-15,-85,30352,20282,4941
114,-86,114,21884,1192,1440
-110,17,-15,12824,10323,58
-54,-87,-107,10306,-6751,4496
-104,31,-97,13015,2457,991
-116,71,93,6342,-3029,1309
-111,15,-15,2721,-31254,115
22,-10,-25,7930,12222,6257
-24,41,-95,1265,-9295,-1380
60,14,6,7038,1193,2999
57,26,-27,5698,4090,2000
-2,121,-62,3068,-894,3172
22,123,-7,5208,-713,2320
14,-82,-18,7268,-3869,2875
63,20,-67,8353,13064,3051
32,27,-64,4948,4432,2477
28,74,3,614,-3518,394
15,43,31,21,-1799,-88
27,4,-88,-9390,-815,-1762
37,-41,-72,-3401,5428,614
-108,-37,66,-8935,-6392,-3065
-103,7,106,-13484,-7860,-6523
122,34,62,-18924,-11292,-8087
-20,-112,-32,29498,356,-14737
-63,-115,98,-21975,32327,-11939
-62,-34,33,28484,27793,1388
63,36,6,20687,-105,4764
82,63,106,3278,22174,5415
-53,-11,-64,-28407,15983,2915
-22,111,101,21138,-11032,2242
-26,-56,73,18798,295,3993
-16,33,70,11103,-5172,4785
30,122,73,6836,4583,-1664
-31,66,50,9503,1424,1058
-60,77,-8,8864,4998,-2437
-125,120,-97,3850,-3205,-1927
E
-80,95,45,7744,23728,-3940
60,72,-37,-1786,-14659,-4390
73,-12,113,-3506,-2107,-3238
120,-73,-87,4910,6073,89
-89,-89,33,2396,4968,702
-101,-85,52,665,5039,762
101,113,-34,-1810,-15246,1542
112,35,91,3299,-7042,-3637
120,119,19,3014,-2021,-7728
118,40,65,668,2873,-6867
126,47,1,-13188,-23809,-7161
111,-111,-79,23899,-6794,4214
-40,81,-37,31509,-11662,-5781
-58,90,-53,32671,25263,6805
49,-45,-14,-31086,-4887,5661
67,115,-48,25719,-2338,-12279
-16,36,-24,-32597,27444,-832
109,-22,-103,30095,-23000,10915
116,89,-126,15689,-12004,4082
-40,-100,-78,12685,238,-90
25,-17,-21,10568,9411,6948
-44,-6,-76,13840,-2673,7798
111,-109,-108,8381,1872,-789
-108,118,120,5130,86,2056
-58,-116,103,-3878,-2739,-903
-68,59,64,5954,5595,-1404
-77,55,30,7712,6056,133
-106,103,-41,3953,-8417,3011
30,109,56,7080,2804,1628
36,109,8,7078,5332,1286
53,107,21,3319,3172,1920
64,104,64,4872,-3353,1270
42,15,-70,-147,-3369,-1643
35,16,-72,-2726,-4944,-1044
8,-69,-101,-9206,-2832,-4828
-5,-74,-73,-14448,2546,-2311
34,-4,36,30807,27022,7039
-106,-35,91,29782,-4238,11602
54,0,96,32668,13115,-8991
-119,-66,-84,32668,27678,8270
E
-121,75,118,29,-17534,-1641
-32,-108,-57,-1017,-15398,-6669
-128,-26,-94,-23041,22174,1362
-114,35,69,21599,-13326,-3146
59,-15,32,18751,15012,2569
-1,88,54,13464,12865,2182
-25,117,28,-7591,-8347,8595
26,64,-103,-6796,4845,8342
-22,27,-109,-8420,-10121,-2905
30,63,113,-6035,10452,3031
-126,-54,-82,3646,-7276,5208
-97,12,-7,2473,-5531,4629
-32,88,-52,2315,5370,1101
-39,104,-33,-1220,223,683
-33,20,99,-4864,-10332,219
17,-1,118,-2450,-3374,-371
101,-22,-38,-12571,-6183,-9147
-127,-56,-80,-7440,5649,-7308
-55,67,-84,20202,27627,-3945
-66,-36,43,-2726,-16960,4164
-84,-12,1,28877,17350,535
-93,-70,-107,-27329,20061,-5851
-18,-75,108,29319,17041,-3298
-27,108,46,-10676,16452,3757
109,-113,-67,27128,-4251,-11073
104,-82,-104,-30916,23213,14541
47,66,-15,22667,-18361,-2107
-82,-83,35,18484,-2370,604
20,117,52,9595,-14332,3797
-123,-97,114,12144,-1034,6992
-67,-55,33,2911,-12052,1547
58,-57,-40,2003,566,-278
64,-117,13,15241,23309,-236
104,-86,-104,11916,6421,-886
-91,-84,71,4526,10035,-171
16,20,-105,13697,21249,3802
32,-1,-67,10461,6823,2864
-32,-66,-27,3354,-3144,699
-119,8,-62,6202,4659,1077
-114,-128,-27,87,-6703,-5918
E
8,-112,-10,2411,-4855,-2420
3,100,-78,2812,7884,-4123
36,100,-94,3605,13596,-6671
88,55,7,-4192,32327,-5036
-53,124,8,-10406,-32450,-29
69,-37,-62,-19852,26911,1120
22,-3,64,24102,4567,-1545
20,-60,51,32668,-14437,-3084
29,-101,-51,-25372,-8490,10689
123,-95,48,32641,-27708,-6634
-1,-47,57,-22770,-23326,4283
-5,-11,-120,18029,-17181,373
-85,83,-52,16647,12345,1890
12,69,60,11613,-3214,4267
26,-40,4,6411,2475,3668
27,85,-54,11139,-7097,7469
18,-115,-93,13214,-21045,424
-122,75,-19,5985,-3914,-1771
22,97,-30,8762,15126,-2480
61,94,-16,11515,10002,-3698
3,45,-12,4745,-6409,-2083
-47,81,-16,9321,948,-3765
111,-93,95,15896,4722,-3240
-118,-77,111,16728,-3966,-5495
13,89,-87,14959,-4157,-4585
100,-38,-20,16611,6264,-3524
0,48,5,14613,9392,1828
-53,42,37,12121,4913,1369
73,-3,-118,-21168,-19047,-6271
-96,92,-58,-32294,-16992,-263
95,-58,-97,31540,-617,10219
14,-61,-37,31693,-31975,-5978
-34,-10,-124,32666,27789,4513
-63,0,2,32666,5648,21389
-66,-115,-82,32666,28161,9096
-122,4,-38,-13009,-8414,-19604
-20,-45,-103,-31201,28148,-5470
98,0,-38,22328,-13601,-7735
-101,74,17,27134,19988,-7629
-115,-90,4,20853,3030,-6344
E
-120,2,94,19292,8448,-4714
-74,103,111,18440,9343,-3641
-125,-84,-108,19593,16929,-2543
46,102,84,4870,-7029,-82
-116,40,13,7595,-299,-48
-91,-43,-72,8948,5091,-1184
-90,-75,-51,3323,8080,366
-94,-108,-40,5524,2072,296
119,-96,-108,2004,-12063,882
112,-61,-110,361,-11468,-100
6,117,70,-8513,12304,-6595
-1,-64,-43,-12431,4672,-5244
42,62,107,27877,13862,-16084
-74,28,-93,-22257,13601,-4420
42,-108,-26,28389,19818,4339
61,-111,7,-16489,-980,32731
-34,-87,62,-32607,32668,3626
79,101,61,-16052,-99,11481
-68,61,9,7084,-30393,5595
109,-118,105,-17895,-926,-10541
37,-65,-29,23486,25682,4129
-121,56,-50,19100,8707,890
-23,5,-27,12548,19280,6522
108,-39,-55,8255,-1769,4968
115,-92,100,3987,2101,2665
-101,-103,-6,4021,3076,3113
-113,111,53,-1289,-20529,1257
113,-111,-37,2872,17667,6822
43,120,-104,2897,1681,3806
18,116,-111,3951,-1294,3001
83,108,-114,6033,2592,1858
99,68,109,6840,-1516,681
127,50,74,11438,3696,-1365
-121,-17,-18,16330,453,575
127,-39,-30,20896,5061,-551
-89,-16,58,23122,-615,-1036
-126,32,-72,6422,-3774,254
-32,55,40,10482,-8163,-3934
-49,-32,34,32663,-15820,-1456
-36,77,25,32663,-10230,-19278
E
-108,17,-107,32663,32668,-4072
-26,93,-88,-29466,-99,10207
48,29,121,26696,13595,-11027
77,103,37,31360,26672,15901
39,-56,35,24136,-14657,5917
44,-13,-78,8912,-4014,4256
-32,32,-47,-1444,-11411,1630
-44,-41,-111,4440,-31786,797
107,90,-125,6801,-554,1170
124,-40,100,4266,-7377,11460
-43,-118,93,3336,17702,7073
-126,49,-66,13273,-10576,4334
83,3,-32,3449,-18777,4181
-39,-58,99,3302,8261,2209
-7,-79,57,7191,4460,1785
50,-57,82,12126,-80,276
38,-68,-105,9840,3654,-3162
31,-118,-36,6588,-5407,-7645
40,-71,-50,5021,2325,-7227
23,-106,-16,-29570,-836,-18541
48,20,-72,-21478,-24487,-16222
8,86,89,26346,24452,10110
-102,120,5,32665,32668,-4740
-106,-7,-126,32665,-8634,334
77,26,-114,-27358,31627,-7336
-14,-19,105,26959,-14700,-12094
-66,-110,-33,-32030,32462,-676
91,1,-83,28916,-24568,4327
69,-74,62,23877,16897,-846
120,57,119,16878,11207,1619
-18,-37,79,9807,886,6557
-13,-117,97,1697,2897,4848
2,38,53,436,-12604,2266
-57,-26,25,7030,16320,14041
-54,-85,-52,-2510,-9580,4457
-19,-87,-88,4920,23553,5687
4,31,87,5953,10390,6738
-23,54,-91,5198,8960,5418
79,121,87,8221,-3853,-647
60,4,-84,8246,-9339,-4108
E
51,121,-16,4294,-720,-4175
56,-110,32,2525,-15891,-2569
-26,-6,-59,8420,4288,5418
-27,-5,-85,5548,2509,-4350
-43,-1,-107,-19487,-9481,-13357
-80,-31,77,-31355,-25339,5297
-33,89,-123,-28155,-15683,13944
-92,25,73,29713,30149,5839
44,-62,-21,32667,-29023,-4772
-7,71,50,-6376,1641,-3584
99,-61,-120,9593,-5819,-23680
77,-127,23,-17199,-9120,11815
-102,1,-39,31770,7492,1544
-20,100,86,24884,16058,-3328
25,-86,-99,19122,15578,212
104,-86,124,13183,-1041,-4400
-31,56,104,4372,30612,3582
-4,-115,-38,10863,-1078,-3425
71,64,-90,22965,9630,-8527
-76,-82,22,15279,17429,-5865
101,-8,-13,14378,9332,-10265
-88,-64,-103,20550,11655,-12904
108,76,12,12495,9508,-6334
77,-10,-126,4777,-3376,-3705
-75,105,43,-6635,-3677,-2918
21,69,-7,-10901,5371,-1727
-48,-65,47,-11180,6851,7253
96,89,107,-15419,-14897,8795
29,-10,-72,32557,-12167,8448
-57,-120,114,29497,-25143,7154
-69,83,94,32666,-6172,11647
81,-21,-113,32666,-22243,512
-125,102,-38,32666,25462,16378
-90,-51,21,14749,15551,-11751
7,-102,-34,-15976,-23147,-4971
-75,27,14,32472,30623,-3925
76,14,114,31528,14196,-7887
125,39,-56,20665,-486,-8839
25,-27,-115,15989,9161,-2231
106,-100,52,17200,12128,-2627
E
7,-20,52,9774,-3370,-1619
25,-5,-33,2206,-2466,-2115
91,-44,-78,4510,11309,2897
59,-103,-113,14448,7095,-783
-53,-2,68,9005,5640,2179
-62,45,60,4185,-3235,-113
-27,-74,-118,-299,7291,1079
-56,-97,64,1565,7439,-839
-80,-98,72,1450,3439,198
-119,-42,77,-3455,7714,987
-104,-43,120,-7861,-3267,1693
-46,-36,-109,-32537,25814,23470
-85,-113,-119,28047,29466,5040
74,101,44,32664,-25593,11069
36,-78,-121,32664,3809,12114
53,-109,-41,-27430,-26185,-9727
8,43,127,-12578,16232,-11224
-128,102,51,-29319,-19471,8277
-105,-91,99,28899,1191,-2748
-122,-81,47,28196,12034,-1963
-44,2,-37,15795,26392,2854
1,-7,86,9884,-5744,3557
20,89,-52,17329,-6336,-1532
118,37,105,8588,-2847,1761
-84,31,75,-2626,-10556,-1677
-51,-88,99,3602,4450,-2684
-66,-93,62,1603,-1226,-1622
-12,53,26,4916,3910,-4191
-35,48,-4,8061,7114,-2502
-42,17,74,7166,6409,1692
-44,8,104,3369,7435,-153
40,-55,15,3301,6453,209
64,119,30,2798,1928,-722
43,76,65,-1571,1378,-1699
-120,22,55,-6256,13633,-687
110,64,-103,-17061,29871,-7402
100,75,84,-20705,-21699,6850
109,-61,-82,-27638,-13554,12658
-12,-45,0,28446,-28687,-3402
-111,121,31,32661,-27926,-1173
E
-25,-31,-62,3524,-26515,-2217
67,33,-122,-24913,3563,-10960
87,-81,-112,-28651,12044,811
107,45,15,32661,-10740,1284
-44,-43,104,28234,19397,5307
-59,10,60,10830,-14192,3746
-33,51,114,11072,-1942,2219
43,-59,124,11152,24613,7000
-101,100,90,15180,773,-611
-58,-85,54,12377,-1367,590
-7,89,-124,8305,-402,-4179
-19,101,-110,10304,2189,-4048
-121,-21,73,6181,-2798,-5284
110,64,73,5040,-4817,-4155
-126,-103,5,-295,-5688,-5450
102,-50,-8,-1813,-8105,-6584
24,-15,68,-11327,-17218,-11552
-3,56,57,-15780,-29346,-4440
36,-69,17,-29805,-13225,8832
-20,-77,-30,-30458,-2229,15287
-107,16,-19,30411,-12983,8393
-121,-14,116,32657,32665,-1367
10,125,122,-12372,14483,277
119,63,75,22977,21356,-10791
61,106,-46,-21009,29961,13503
84,-97,33,28349,15586,-6076
57,-6,-90,27262,17564,-4536
45,95,89,21948,12478,-1283
69,-105,84,14690,-9441,2390
54,67,14,18621,11290,-1529
-127,-35,-93,16684,5102,1603
-102,29,-98,13238,-1124,-910
-93,-16,-32,16215,6909,582
-54,-105,119,11792,5187,703
-92,-67,-90,9864,-542,-586
-94,-85,-16,3189,-7860,2137
-84,-92,-37,4244,-9880,-2192
78,-82,49,-6608,-7221,2711
102,-95,-26,-5694,450,286
96,91,12,-21052,-7045,1414
E
87,8,41,-25131,-12239,2686
110,-3,113,-28241,-9269,9108
6,-104,83,29285,-20449,20718
-51,-34,83,32653,29177,19994
21,-76,-104,32653,-1621,15692
45,58,24,-29004,-103,7500
-103,67,32,30753,-20539,-22549
-76,-66,6,-21759,-4216,-6641
-119,-2,-111,32653,32552,-4309
87,-10,-61,26176,-2933,-11926
33,41,-29,22288,10549,-3738
-70,-17,-25,18599,9298,-1972
102,-107,-107,15559,-10036,-3718
-74,86,103,12847,6879,-5023
-46,89,70,12858,7635,-7185
-91,127,-117,11627,5024,-8085
-83,-124,96,10736,6922,-8362
-90,-102,-65,12204,-1811,-4113
-23,-62,-12,10249,6846,-2188
-12,-1,13,4598,928,-2767
-46,-20,46,7750,5959,-927
-80,-15,32,10380,4173,-783
-99,-10,42,17858,73,1505
-97,35,12,10691,4623,5565
-13,60,101,26445,-9971,6746
44,-117,-124,27218,-9178,4080
-29,-21,66,32652,-14913,9615
78,-36,113,32652,4463,3564
-2,124,-71,32652,-15932,5895
-125,-100,-10,32652,-104,5497
126,-84,80,-31370,-2622,-25016
113,104,-115,-23345,22480,5511
-128,22,108,25982,-11288,-5100
118,-79,-56,18618,8014,903
72,60,53,13635,-447,1494
70,-73,-65,7884,-11658,5197
-33,-28,54,14808,2321,4807
-74,-17,25,7738,-6744,118
-49,-14,-62,11767,-4919,-705
28,9,-45,13921,14266,-2769
E
-45,10,-119,9588,14338,-2227
-85,-102,-2,7642,-8184,-1433
-15,112,-113,9635,303,1282
8,13,106,7311,2940,1124
10,12,110,6395,4271,612
51,-98,-86,1380,-8446,505
8,-81,-56,656,-4222,562
-62,-92,20,-4966,-1780,-2050
-96,-64,-114,-11852,-11964,-423
-82,92,-53,25968,-5687,11991
24,82,-74,30867,-6939,9310
85,72,-74,32648,-15300,1698
-37,17,-109,32648,-24474,18380
27,74,36,3151,16275,-16658
9,-50,25,11153,23232,-15352
-25,37,-93,-18805,13489,12702
-60,-92,-51,31132,26420,572
11,-26,-112,27139,11498,-3638
-101,-31,-36,19065,8932,2499
-82,3,32,15581,-1054,-405
-103,78,103,13606,158,-394
-45,6,-38,12565,2672,-1038
-68,42,53,9535,-5962,-3945
56,-103,-32,13808,7063,-3751
46,-52,49,12458,4086,-2137
91,-8,5,4243,-16012,-3327
17,-29,1,10053,-10169,-2575
-41,66,51,9623,-2644,-1056
-22,59,96,6569,-5187,-455
-81,-68,92,-1755,-3090,-1088
-51,-29,9,-613,2315,-898
25,-25,53,-3152,11400,-1654
80,12,-127,-3978,5313,2621
104,-56,-41,-16075,4937,15397
32,-97,-70,25392,-2484,7438
26,4,29,31554,16167,21980
-29,81,61,32645,32663,24751
87,-127,121,32645,32663,22173
-124,39,115,-2153,-18506,-12876
17,17,-127,-10370,-4895,-7029
E
52,74,87,32645,19040,-2003
-81,113,-71,24072,32091,-7024
-21,-20,71,26863,-923,-6868
3,-71,73,17486,9486,-3927
47,-51,-73,19570,4320,-2244
83,-105,-109,12076,-3249,-9385
113,39,91,11816,6720,-8356
78,64,31,16178,5576,-8754
18,120,2,14976,4839,-9949
20,-107,-44,10603,1448,-9962
22,-14,-54,6476,-2807,-8421
7,108,118,5973,-706,-5248
7,97,88,4374,7884,-3575
-14,-113,112,-3589,-1432,2409
24,113,-99,-7073,-1479,994
19,107,-114,-6655,2027,2091
58,-3,-19,-9154,-9348,5335
79,0,-77,-8110,-2991,5368
-108,80,120,-7154,-758,4339
-116,28,104,-4152,1519,6076
54,-64,85,-1487,2900,10218
23,-69,107,-3421,14,8261
99,-5,48,-8701,247,3343
-128,11,24,-6893,783,4574
54,-57,-46,-4686,2842,4732
-74,-104,-113,-4578,1221,4224
-108,-125,125,-4211,1778,711
125,107,80,-1884,874,235
-113,122,83,-2392,-88,1003
-109,-126,68,-2409,-625,1247
-93,-120,21,-2647,393,1222
-98,-114,-10,-5097,959,1328
-93,-100,104,-8543,7225,-396
-81,-88,26,-7757,6219,353
-74,-53,-38,-6979,1919,286
-55,14,99,-4939,1317,-931
-50,13,114,-4670,54,-1653
-8,127,12,-5343,-2452,-2387
-15,122,18,-4524,-1018,-2344
23,-67,-51,-343,914,-2274
E
37,-60,-40,-1869,403,-2399
