0,0,0,0,0,0
-33,120,91,905,411,173
-33,120,91,905,411,173
-38,89,-96,890,698,275
-38,74,-67,921,673,268
-38,63,-45,1037,574,285
-36,53,-29,1165,575,174
-28,34,-3,928,1090,411
-21,23,7,958,747,258
-11,15,11,1024,925,324
3,8,14,1123,1268,418
15,2,24,1120,830,432
15,-1,26,874,726,594
23,-12,36,568,472,246
23,-12,33,639,738,262
39,-19,37,599,573,243
38,-18,35,588,789,256
46,-21,34,655,866,446
52,-22,35,698,591,269
57,-25,39,778,586,353
62,-27,42,1178,542,318
71,-35,39,1404,1008,554
78,-48,43,1396,76,715
75,-59,46,1533,105,698
73,-68,47,550,-442,978
63,-68,52,-155,-2528,1673
42,-70,39,695,-220,774
33,-77,33,1637,1832,723
45,-86,42,854,1196,-180
63,-89,60,1676,1977,-1320
68,-91,54,2173,4211,-1295
-103,-93,75,-1393,6553,-1629
-15,-54,109,-2424,11280,-1315
20,-20,-58,-2188,295,-111
8,-3,-41,-2152,2214,-439
33,14,-66,-6883,2441,641
19,75,18,-3683,-5284,-152
6,64,-43,-4633,3225,972
25,102,-60,-4165,-2757,616
14,115,-95,-3882,3072,405
E
46,-93,-50,-6215,1137,-321
41,-88,-35,-5012,2305,-913
48,-28,25,-5150,5191,-1289
41,-31,38,-5671,1803,-1265
21,3,112,-6184,1720,-2760
21,31,-108,-6831,9698,-3884
-17,46,117,-10773,6340,-2135
-69,9,-63,-10609,14357,-2348
-66,119,125,-12196,20532,-51
-14,-5,-119,-9777,23070,2388
116,95,4,-7784,12869,5263
-85,123,-41,-3234,10261,5507
-30,-115,-25,-8347,6202,3976
28,-105,8,-6636,4111,3741
28,-34,93,-3981,10313,4195
60,2,-14,-3489,13182,4292
-123,107,87,-1563,3654,4927
-106,108,111,-643,11160,5136
-84,-47,-52,2464,11423,7311
-95,-69,-50,-3103,8646,6453
-89,38,86,-7792,-6250,8256
117,5,50,-4657,5461,9322
66,-9,108,-6738,18430,10124
11,-76,125,-14210,-15071,3020
-64,-111,-12,-16399,-12932,15859
77,103,-87,-8814,4593,9475
54,-126,-120,-9118,2121,3968
-28,64,-80,-9508,-10039,3931
-36,100,99,-10359,-14461,6586
-115,106,51,-4187,-31834,-5644
-113,125,-81,-432,11004,-4311
2,-18,89,-10574,-12099,-5951
-118,55,37,-16920,-29656,-12064
-19,18,-39,-24563,27611,-22058
106,4,120,-23065,-29960,-2234
110,97,55,-12096,-5469,-6093
-110,-14,75,-21211,-11903,6620
-11,59,67,-18006,-18885,7434
-12,85,-17,-15771,-18176,15059
60,-29,-29,-7414,-11054,18278
E
63,-111,-121,1168,-26064,18381
0,-58,-22,11223,-3775,26938
36,-42,30,14691,1161,31046
68,89,114,19263,-13281,-30791
-73,33,127,23004,-26039,32712
102,33,-28,-26839,-97,32712
74,-52,-51,-32755,10202,32712
38,65,-89,-32755,-18691,32712
96,-6,-76,-9027,-32748,3601
-37,-31,47,-24359,5683,-17480
94,31,-14,-30909,11204,-18622
-62,-117,115,22904,16528,23710
72,-52,-27,12172,18508,32711
-86,-8,85,8742,12046,32711
14,-44,-51,2673,-21092,32711
-87,103,36,-12912,-31282,32711
58,63,125,-22245,8013,32711
24,-93,-45,-16715,-2278,32711
-52,-9,-24,-20946,-15416,-11370
44,-111,-11,-18852,-15472,-11854
-56,-97,-121,-13635,-26767,-3786
-90,3,11,-8169,-10069,524
14,-80,69,-7645,-18950,1850
33,48,13,-6712,-13455,9988
35,52,-18,-6134,-13990,10404
26,-30,-36,-2779,-5022,24308
-62,-46,9,-777,-15486,22749
-48,-28,33,-7903,22834,24070
123,83,71,1321,-23524,23703
-104,-42,-42,3470,-12855,-28243
-112,43,-26,1851,-31969,32712
112,-20,-20,7599,18599,32712
-94,-10,14,3070,-4935,32712
-2,51,102,12633,13639,32712
-90,80,-18,1124,-28329,32712
25,127,71,-18362,30193,5670
94,-55,86,-32755,-25962,23898
124,94,85,-32755,-23361,27733
7,19,-122,-32755,-25756,-24440
91,-119,-81,-32755,-4847,32510
E
-119,71,125,-32755,32727,31928
57,-65,118,15291,-9981,-10830
13,-29,36,9316,-24314,-1823
-64,-31,3,-3600,24662,-747
-105,-69,-90,18310,-25616,-4330
31,42,-38,-5634,-7554,620
-104,-100,-105,5221,860,-2569
-128,-42,-57,2125,8870,707
-52,-75,-75,-68,3190,1529
-49,-78,-58,-311,2671,1142
73,-119,-21,-3024,-12081,-701
-109,107,-50,-3046,-20178,-357
16,41,46,-2766,24219,-6612
-13,37,-18,-2279,-30602,-9765
93,124,32,-2286,-31968,-15167
122,84,-116,-3838,-29176,-16499
17,-12,40,2531,-23030,-21719
-98,101,51,3118,-23226,-23430
-103,-88,-54,-3733,28292,-20242
-90,97,14,-4864,-26659,-13930
36,66,-74,-3832,-18995,-8427
-99,74,-14,-2596,-22218,-5517
-42,124,-95,-414,-25570,2674
-11,-98,121,486,-23439,5243
-14,96,-118,4683,-16405,15453
-77,-25,-67,7465,-10897,18106
42,-49,-114,7992,-11924,25143
3,-124,-12,9795,-4491,28863
-115,41,-128,10685,-23288,-29760
5,43,-55,24867,-4011,32715
97,-27,-19,24634,6727,32715
-76,-71,-102,-29346,-31649,32715
83,-57,-9,-32272,-22933,32715
-77,-86,-71,-32754,-27220,32715
-82,-15,-14,21448,32727,32715
-9,34,48,20255,-6515,1977
19,125,94,31158,-7215,1171
79,-16,64,-30401,-10048,-14044
-85,-103,14,27972,20109,-15492
80,9,6,25755,28463,22760
E
124,-88,54,20484,12253,32715
-96,103,119,13925,-2791,32715
-69,-37,-36,7751,-19054,32715
50,-77,-71,-2360,-98,32715
-100,-91,-95,-3785,-1487,32715
109,-113,-111,-5668,-7865,32715
-49,75,114,-11473,-16967,-30422
-128,81,-42,-11324,-21885,-21636
107,8,69,-6950,-31956,-19273
29,-118,114,-11374,30145,-7936
46,-26,95,-19185,-21851,7205
-23,-22,74,-12046,-15857,32089
-103,-6,-34,-9192,-28558,-31933
-1,7,64,-3976,29020,-31267
-26,104,37,189,-2074,32716
45,-6,-74,767,27800,32716
117,-17,12,7074,-20213,32716
-78,101,85,3004,-388,32716
22,-44,50,680,-15334,32716
5,14,-112,22613,32742,32716
121,-40,-16,19918,-31782,32716
26,-110,44,23111,15505,32716
89,83,1,30682,2784,32716
-104,31,-11,24759,-28541,32716
38,61,-111,5117,24427,-24407
100,3,-127,8275,32726,28596
8,103,115,-21118,-6841,29514
-20,-30,124,-32753,20587,32716
-107,27,1,-32753,-14288,-28542
102,-106,-54,19299,-3394,-29875
-5,112,-97,12276,-3364,-27410
91,67,-103,3899,-6548,-22795
-13,-79,-64,1759,-5172,-22302
12,-17,-10,684,3581,-17583
123,-77,-22,-2015,-463,-12775
-69,11,-36,8,-4854,-9253
-41,-9,-47,728,-7978,-10827
-76,-76,-94,4731,29191,-15612
40,-12,-94,3992,-25347,-15030
-45,-15,69,6786,-29361,-18596
E
96,31,45,3066,30388,-18136
-33,112,40,1841,-24088,-16711
-46,63,119,792,-20556,-14270
-51,-38,-82,-3050,-21738,-2866
-66,-44,-89,1852,-9054,3651
72,-24,114,6586,-379,7843
84,-5,8,2529,-12722,5587
63,-6,38,-3777,-13547,4600
71,-119,13,-15874,16494,-311
-3,-98,-101,-19449,4242,2362
86,72,-123,-19099,7070,-4517
82,33,38,-17824,-681,-10697
-20,126,37,4284,-3050,31729
125,98,8,1566,-6747,-21703
116,-112,80,-249,-10335,-15499
-56,51,35,-6374,-31523,72
-105,-25,-8,-4931,-24552,-2618
65,17,-11,1420,6766,22700
-66,-87,112,-1815,7206,18245
-55,-82,-110,1389,-32253,23013
114,-35,6,-45,-16191,20450
90,60,-1,-1333,-4548,-32213
-118,-44,89,-2490,-11245,30575
-122,69,23,3741,-26243,16582
9,-19,-12,12371,23926,27825
51,82,-21,25081,-872,24080
55,-34,-75,22419,11317,32349
5,-59,21,-27119,16592,-31343
-26,-47,-88,-32756,19521,32715
13,1,-72,-5178,-32093,32715
77,64,-92,-9984,25548,32715
57,123,-118,-30114,5200,28029
119,113,-22,20275,-4309,2213
-39,-53,11,-31239,-31379,-14652
-75,-62,-57,-31286,16031,32145
76,16,-102,24491,-2250,-23242
81,-40,-80,12501,6369,28094
67,-60,19,9278,8934,32714
-60,-72,-47,7892,2060,32714
92,-89,-7,4229,-21309,32714
E
-75,-44,-86,-6296,-24555,32714
41,78,-33,-9579,32512,32714
127,-46,-41,-14347,-27915,32714
-4,-36,15,-9438,2983,-20534
121,36,7,-6107,9634,-10866
-53,-36,-36,-3376,-8182,-10462
-57,-22,17,-9632,-18656,-3807
-8,-33,-75,-11950,28526,-6568
-123,-74,47,-21059,-983,3736
-4,123,-43,-9504,-5729,5714
-12,-102,-66,-8552,-8018,8792
59,-118,12,-16795,12766,23419
94,86,-93,-10493,14165,15058
-127,-43,86,14232,-21504,20635
-110,3,-107,-17897,21587,15023
120,82,16,-13057,-5456,30437
-100,-10,28,-13735,-27841,32170
15,80,-52,1043,7572,-31479
111,56,78,-3925,10903,32715
83,-100,-95,-4598,-9974,32715
41,7,-127,17928,-4526,32715
68,70,-127,27702,-14183,32715
85,-25,40,4558,8852,32715
-7,8,93,-21550,7917,9663
-15,-86,-50,-32758,32726,17455
-56,116,102,-32758,9177,-14851
-72,-2,89,-32758,18731,25824
-61,-111,22,-32758,32726,30225
113,81,-10,-32758,-43,32715
34,79,43,30144,4766,-26884
-12,-10,29,23838,3793,-26490
8,-112,8,17346,12541,-8403
53,77,44,16486,10082,-10524
68,24,37,-2163,-1529,3791
93,-29,111,3959,-17468,-4067
-37,-111,39,-10498,-13781,1282
72,89,-64,65,-698,-7590
43,95,-12,696,-10450,-7526
125,78,-50,4038,-23348,-10199
76,60,5,4324,-18823,-3712
E
97,27,2,9274,-14057,-10392
68,5,-36,902,-5689,-19043
67,-19,9,2906,-11211,-16596
-76,124,-66,-3651,21559,-22277
23,-37,-120,-5876,-29791,-21151
-124,103,103,-4731,-28404,-21485
110,13,124,-6316,30924,-11417
106,-19,48,-8556,32727,-9876
-25,-61,-76,-9732,-31715,-221
-105,-62,52,2139,-32594,7419
126,-43,22,-1610,-19405,12909
-9,-115,-102,-2620,-23073,15737
107,-104,102,10876,-27959,18474
-86,4,104,13689,-16512,26894
-51,-23,59,22649,-10389,-29891
120,51,97,22686,-9146,-32272
109,-26,-52,17992,-3180,32716
-6,-44,24,-32635,25000,32716
-73,-95,-113,-30525,18362,32716
-7,85,-98,24970,-17446,32716
-106,41,-32,24193,20028,32716
-91,-50,52,18910,-29291,7978
-82,-119,34,31368,28149,-26733
-61,24,-4,-30333,13091,28823
15,0,69,18625,20093,30613
75,-114,-37,11089,7656,32716
83,-28,14,-4307,29362,32716
27,46,126,397,27178,32716
7,90,-57,-11883,-13058,32716
-115,78,-95,-12678,-12436,32716
-42,-85,53,-20578,-16130,32716
-79,-71,121,-19691,-11698,32716
0,110,-43,-18616,-3775,-29119
21,-16,49,-15219,-11292,-25618
-46,-61,-41,-10575,-17973,-12799
-122,-117,-102,-7101,-18611,-6321
-2,-61,66,-14300,-18547,-1824
-77,20,12,-3725,-32497,8867
-46,-78,3,-770,25137,13847
98,-58,96,-3937,-10626,17403
E
-16,71,77,-6065,-7850,-32018
122,-104,107,2225,-12103,-30161
-8,-97,67,-2661,-29864,32717
-50,-67,87,-742,22405,32717
-52,-75,61,29,-2655,32717
27,-126,25,4174,-13029,32717
39,-41,-57,-17698,31799,32717
54,-112,121,-32755,-3784,32717
34,70,102,25692,11842,20961
-31,-99,-88,-30392,28767,-19495
27,65,-52,-32755,17133,-27534
41,-55,-101,-32755,-27405,32265
11,-2,-36,-32755,-22789,-27714
115,88,-82,-32755,-27676,-8871
114,115,-77,23160,3557,-5580
-65,59,111,10390,-19334,-9710
12,-91,32,-2366,13187,-1330
-93,-67,88,-1973,5083,-3861
-59,-100,0,-1546,5101,-3861
-34,46,-84,-991,-5889,-4049
-54,40,117,-238,380,-725
-44,36,62,-4490,6303,1260
-65,104,58,-12552,-1624,42
-37,-2,-120,-14409,-11551,-3171
14,37,-43,-2717,-5642,-12151
-23,-106,88,-2958,-10835,-20621
120,105,-41,3448,-16003,-22416
-42,-62,-120,6476,-18737,-26627
-6,-74,-42,26314,25057,28602
0,-45,47,19838,32662,-30325
-80,8,87,-1896,32726,-9224
-6,-86,37,-2913,32726,-6916
-7,39,-98,-18223,-31634,-3718
-77,17,-61,-7696,-13957,4588
25,-2,48,-5026,-17533,18556
28,3,-10,-5820,-26044,19699
71,106,73,14813,-23040,32656
32,-58,-51,-5505,-10091,-31420
-12,64,-47,11328,-14639,-32422
-98,-98,-36,24366,2903,32720
E
-22,-117,-128,31299,-3692,32720
-82,-99,-102,-29906,-991,32720
-105,-27,-111,-32755,-23917,32720
41,72,-30,9898,21029,32720
126,31,110,19868,-4614,32720
6,67,-117,23649,-30005,24088
-95,-23,-26,29119,-29061,-25612
-61,8,91,18054,-28756,27637
26,55,95,13047,5383,32720
51,-61,70,9688,28286,32720
-46,-31,5,7630,-17634,32720
-107,94,-61,-1903,-28520,32720
30,1,123,-4704,-7003,32720
-21,116,-64,-4195,-13851,32720
-48,-94,-82,-802,-28200,32720
-1,84,-5,-1294,-11709,32720
50,-18,43,1630,-6884,-19865
-44,85,46,-2907,-25003,-21639
86,124,-1,-2428,197,-11259
-43,125,84,3822,-31,-9733
93,117,17,-7056,-25714,4114
-29,70,113,-9060,-23401,6493
64,85,-67,13339,27096,8779
-26,-41,54,-10415,-23887,7042
20,-6,99,-16228,29747,14068
-17,-52,121,-5164,914,28526
-88,18,41,-6114,-10994,19846
-43,108,-76,-13930,-15272,30376
50,17,-72,-23559,-20618,-30056
-5,-63,23,-16279,16352,32723
52,-51,24,-22835,-5388,32723
-62,50,54,-21189,5135,32723
34,43,13,-28701,4413,32723
81,-29,5,-22236,-18383,32723
-79,-5,23,-12328,-17537,32723
-113,-30,123,23251,18526,32723
-104,-23,-38,-21443,-653,32723
-40,-27,-105,-32759,-45,12317
14,10,-23,-32759,-29232,-28079
81,-45,98,-32759,-1241,-2069
E
115,-54,-124,17241,-45,-27340
87,-20,107,-27581,32722,-11233
96,-112,114,27104,-15826,-5367
108,0,3,15753,10387,11034
120,-124,-68,10537,18195,-11365
-40,48,37,10921,4773,-3956
-79,-86,70,9548,18077,-6281
94,-121,-63,5188,2033,-9594
97,-68,127,6303,-11303,-2656
102,93,115,7123,-31105,-8213
-46,16,-119,13053,-16010,-9363
-94,-83,116,6443,-14485,-4858
-93,47,-94,6043,24186,-1604
-2,10,-19,5041,32723,-12719
-16,69,-82,10707,-881,-5793
-50,-28,29,12370,612,-4319
116,85,-51,6346,-30156,-7839
-89,-60,43,2023,-29191,-9820
2,-111,104,3204,-31776,-16149
113,-59,39,-1997,31332,-25142
-24,19,33,-4403,32722,-24457
-18,66,115,-5599,-27135,-19114
-10,-12,-69,-6165,-2605,-11237
-103,-1,26,-3153,-5297,-6540
13,110,92,-16842,-22982,-4637
-106,-44,-108,-17215,7270,5388
36,-4,-69,-980,19649,10867
-26,37,108,3145,-27098,22306
-102,-42,-120,-2716,9604,-28644
-96,-29,102,-757,32748,-31655
-25,-29,-109,8126,-26547,32726
5,-18,-7,18234,23623,32726
-76,-118,-69,11234,-3030,32726
5,94,-61,19668,-25665,32726
127,-57,-79,-30800,-1163,32726
-24,2,109,-30805,-15204,32726
-30,-36,-126,-32757,-31948,32726
-47,102,-109,-4696,21730,-13381
-46,6,0,-26595,-47,23574
-83,-108,-6,27169,32722,-8223
E
-57,85,50,21229,2484,23615
81,119,-126,92,2354,32726
46,-20,30,6557,-21707,32726
61,110,-91,7689,16053,32726
75,28,75,9168,-361,32726
20,-54,-95,9151,-16756,32726
-28,-2,-95,-1903,26702,32726
-99,76,98,-5314,32760,32726
67,-33,-69,-7957,-20659,32726
-72,51,56,-3686,-14581,-27705
104,-71,-62,-3219,-25205,-15717
-87,-10,-56,-20004,-17862,-19377
37,-113,116,15807,2186,-7856
-42,83,62,5315,30071,-2226
3,126,-24,1054,-20561,10805
-38,39,-101,-833,-4829,19926
6,-21,88,2312,21616,18645
101,-63,96,11747,-7395,-29703
-83,-53,112,3071,4718,-31298
77,-87,-96,13960,32697,32728
-55,-36,83,-1284,-6513,32728
-18,-38,-18,-3129,7528,32728
-51,84,1,-2147,-13417,32728
45,-119,57,10102,11565,32728
100,-5,-31,-19436,7486,32728
-100,-106,-5,-32759,18413,32728
-100,85,124,-609,-28537,32728
40,16,3,-22531,1562,16871
41,-34,34,-32459,32724,27092
111,96,50,-32759,32724,32728
46,-68,-54,23424,-45,32728
52,58,-51,28188,14047,32728
100,38,66,-2183,11926,32728
47,36,-89,4522,-1959,-20727
12,65,-61,992,-5086,-9421
70,74,46,425,10732,-9379
83,35,91,1019,-18202,-736
-61,-1,-10,-4038,-28362,-2307
-118,108,-31,3558,21483,-1614
-104,51,-11,2611,-2434,-3479
E
78,-47,-27,5068,-6027,379
59,-66,13,3953,-7167,3137
-2,-34,111,-308,-11867,5090
103,22,-105,1683,-21198,4345
116,-36,88,8080,-28528,1244
53,-31,-127,5158,-3049,-8694
-34,-46,-84,-2596,-7305,-17449
-40,66,-7,-6187,-14725,-27395
-23,67,85,-6884,-4451,-31725
51,-93,91,-11216,-20529,-26480
27,51,-14,-15418,-24399,-19165
-47,-108,29,-15367,-13874,-16389
-113,-72,-106,-9393,-27046,-7821
75,-39,74,-8675,-31822,2294
101,-36,-88,-3106,-27126,12135
-107,-38,50,-468,-1320,28151
46,-46,33,5628,-4736,-29891
-19,-114,21,5411,-4530,-31862
-16,-80,86,16066,-26803,32728
-121,-21,16,16477,-8844,32728
98,-43,41,21398,8290,32728
109,94,104,24776,-5951,32728
-120,-53,-53,29556,-21892,32728
-61,2,21,29165,18160,32728
-114,-32,102,25478,-28494,32728
-23,58,-3,-30914,13222,16471
67,-74,-113,23296,30825,-7039
15,94,15,20610,-26662,15023
-118,-89,29,-27875,20657,32728
26,-15,4,20787,-9885,32728
-46,-103,-123,19272,-725,32728
81,-10,-79,5769,-17169,32728
84,83,87,2357,-10321,32728
80,1,4,-10011,23465,32728
-82,37,-47,-18025,-26945,32728
42,-16,-106,-15631,-22316,32728
-33,-20,-29,-18295,-23661,-25923
115,63,-34,-8487,-4911,-19551
-111,41,-12,-15350,-28170,-10297
126,-41,-27,-16591,-4189,-3133
E
-24,-105,102,-13685,9091,2765
-91,73,-94,-4551,-6146,12845
-52,54,83,-3572,-3412,17106
-49,78,76,-2269,-10531,-31170
-91,9,28,-1171,-14364,-30266
120,-4,-4,-579,22467,32729
-127,56,55,2195,-1306,32729
-9,46,64,-26794,-16564,32729
6,109,-42,-28837,-30802,32729
-2,-89,-22,28925,-40,32729
-94,44,6,-15075,32727,32729
-84,-80,106,-13584,10021,18336
90,-95,-105,-30193,-14318,-28010
22,40,-120,11075,7249,-4470
48,103,-105,23427,30298,12361
83,-59,121,-27231,-2349,32729
11,-18,-14,-32759,16499,32729
-70,37,-94,31982,26661,32729
36,-7,-42,31828,30065,-28910
-57,66,-92,-11897,-21057,-10293
-26,53,20,11894,13078,1486
64,-83,17,-2434,-21182,8307
-122,-79,-7,9286,-11396,8039
99,58,56,-13893,-6369,967
3,-3,86,-7472,-12975,-4023
115,-13,13,4227,-9897,-24881
107,122,73,616,-19851,-17077
-67,83,-121,-3846,-13035,-19095
-111,25,-52,-5234,-17384,-22307
-117,-22,76,-19759,-14123,29120
100,103,16,-18104,-11996,-31869
-9,0,35,-20013,-19676,-18172
4,-86,104,-14700,-10548,-22807
-7,71,-45,10172,23130,-7423
-9,-9,-14,14205,32597,-11688
81,79,11,19479,-10089,13912
110,86,74,10187,-19008,11352
-18,-60,-46,10354,-12964,27246
118,107,126,9785,-29444,26611
-8,40,67,11057,-13201,-28858
E
35,65,-80,14691,-12103,32730
-124,120,-74,30930,-2437,32730
-127,-64,-13,29706,-19812,32730
71,-2,-19,24029,-23199,32730
-28,-89,97,-29073,-14145,32730
109,123,53,17248,-24852,-7971
70,13,71,-29631,4668,13530
55,4,-83,-32075,-11175,32730
-125,-65,21,23091,-9552,32730
114,56,112,8626,-20136,32730
63,-67,66,-8398,4635,32730
45,-70,-12,-5480,-6817,32730
115,-51,-67,-27054,-28973,32730
-53,56,-116,-25094,-13882,32730
101,18,127,-21418,-3938,-29041
-90,30,2,-14595,86,-15047
107,-63,86,-14004,-16104,-14986
-79,55,26,-8959,-13476,-8651
95,-120,49,-13659,-32010,-1882
-102,-114,-59,-4904,6768,5519
-4,-123,48,-3554,-13356,8112
121,114,-49,764,-6730,12512
-51,40,-62,-6063,32012,22466
84,118,17,-2017,2098,-25654
77,76,-78,-23416,30425,32733
87,94,-41,-13022,-30197,32733
57,-85,-5,-30410,-4520,32733
-74,93,124,-29371,25178,32733
99,-89,-69,-30098,-4823,32733
14,-122,-71,-23529,24512,32733
-50,82,78,-32758,23206,32733
98,-18,36,20218,-26239,4456
-83,35,61,-28572,-39,17569
-2,-4,78,-32758,-12532,30007
-113,-31,-18,-32758,22408,32733
-67,-60,-54,-32758,18361,-30755
67,89,12,10929,-15604,-18833
16,58,25,19358,28996,-18146
97,-26,121,13588,985,-15412
-27,85,84,11049,-17535,-19299
E
-122,-7,65,-387,-9437,-8903
67,-69,18,1115,-7584,-8282
-49,-35,72,-215,4964,-7091
-70,-67,-64,171,-5672,-8503
-125,-109,113,3226,-19375,-8734
82,46,64,3044,-18948,-1003
-109,-44,1,-1525,-26125,-3576
-41,9,-27,-7487,-31749,-14231
91,-79,26,-9315,-15749,-13918
-23,-34,110,-10824,3577,-12231
11,-88,-20,-13023,-9172,-14290
83,25,-104,-6740,-12834,-26030
93,-117,-127,-6939,-13961,-24617
-9,33,10,-6782,-32489,-16900
-86,77,-58,-3465,-25181,-15843
92,93,35,-5182,-22642,-3425
-103,29,8,-5153,-17923,2482
102,79,75,-2085,-19448,13734
81,112,53,-1697,-13128,18600
-21,118,7,2202,-7515,28110
-26,61,-42,3604,-9636,31965
89,-17,-85,11975,-7766,-31068
-124,41,-8,11242,-3647,32733
-67,97,-78,12464,5488,32733
60,27,-101,14936,1824,32733
72,112,-16,-29623,3346,32733
-52,51,92,32178,26795,32733
-16,35,-11,14510,4401,32733
21,24,-112,12576,26972,10513
15,-20,13,28342,31963,17755
-17,125,115,-28321,3214,7497
-43,-14,-69,-32755,24186,18146
-128,9,-41,7527,9576,32733
58,-112,-20,11452,32733,32733
-50,43,25,-4680,-26477,32733
9,58,-128,-10492,30625,32733
-70,107,-52,-21433,-19157,32733
-22,-69,-104,-23395,29031,32733
-125,75,9,-23169,-14439,-24190
-52,-108,-98,-13195,9153,-15524
E
-20,114,-71,-8987,-12319,-13072
81,-54,-93,1265,-3425,-8119
-55,-76,63,-11068,-22264,-10214
-122,55,83,6808,-2814,16547
-104,-113,51,3280,-8233,10942
77,2,-32,3379,-11375,29775
-93,14,-93,5131,-6484,29327
35,-123,9,15430,-15573,-30063
-49,-39,97,6134,17970,32736
104,-26,-51,4984,-4658,32736
104,-63,-37,336,-9609,32736
72,108,-71,3302,1382,32736
46,-30,16,10840,-1838,32736
22,-42,90,-22287,-26381,32736
-7,124,96,-32149,31429,32736
-47,-37,120,14,8879,-26750
-57,-53,-83,7387,-12732,-22307
-55,22,27,-13368,-28571,24926
0,84,-104,32330,-6179,32736
112,-107,-58,3592,-31462,32736
43,-88,-125,12654,21392,32736
32,-92,-110,13111,6738,32736
-13,104,-49,5149,-10436,32736
-56,105,109,3007,-4563,-28037
-112,-99,-61,340,18685,-15137
-122,112,-121,2348,7548,-15239
59,43,125,341,-2203,-8080
62,50,87,1391,1636,-7582
110,46,33,1757,7484,-4830
-75,15,94,4871,5834,-286
-122,1,-128,5188,5868,-362
1,-119,38,174,2833,-162
-119,-116,120,16,2870,-4901
-70,109,-56,3946,-26154,-13793
55,-81,15,2975,24516,-16668
10,-4,76,-1564,-8144,-23051
-119,-95,-73,-2012,1006,-24834
100,-42,27,-6106,-24578,-22414
126,-102,81,-7533,-19632,-17699
-100,47,82,-8239,-30342,-6735
E
107,66,98,-5713,-27366,-7836
63,-26,-30,-8723,-31478,51
56,-8,-49,-6871,-20406,1325
116,31,-2,-659,-24782,14744
81,101,92,3011,-21316,19473
88,16,-78,454,-10491,30088
72,-30,32,4410,29339,26881
109,108,-39,3075,-6467,-29633
9,-110,-101,15799,-12146,32740
-100,-67,34,19217,7495,32740
-22,104,109,21848,8578,32740
-48,54,69,27257,-23708,32740
85,79,71,14522,-31376,32740
45,99,-47,-29250,29263,32740
-128,-21,-59,31052,7962,23228
110,-72,-58,19159,20839,-14484
-68,104,-39,11974,31081,-28049
-125,-54,-87,32256,-38,-29449
-6,-15,-36,15988,20163,29322
-99,118,-49,7251,-24626,32739
16,89,59,-803,30666,32739
-32,13,-122,-205,9946,32739
-95,100,-32,-10706,-24240,32739
-50,-127,59,-11196,-21332,32739
18,14,69,-10382,-15787,32739
-41,-81,87,-8283,-13246,32739
107,97,31,-8102,-17503,-28180
-35,-31,48,-7819,-20116,-21229
-113,5,17,-7847,-30480,-15603
96,39,30,-11238,-30124,-18159
-54,27,6,-1242,1587,12633
-89,41,91,-5488,-20982,7220
-4,-45,126,1401,3045,29537
-53,-33,124,-449,-655,30682
-47,23,72,11485,7636,-30246
4,-66,27,-4890,20915,32740
60,41,-122,11303,13688,32740
109,-24,35,4414,-1575,32740
-1,93,-110,3863,-11518,32740
-13,124,63,19154,-29954,32740
E
-95,82,-3,23169,17068,32740
-44,-27,14,28925,31383,32740
-110,50,92,-24997,-4755,19667
25,-42,110,15791,27364,19141
101,-61,107,-20295,-32326,27803
9,-120,81,-32754,-21701,32740
105,-106,113,-32754,-3950,32740
-3,-41,-119,13450,-26711,32740
94,-57,-97,16870,-1425,32740
85,-95,102,15217,4570,32740
-75,-8,101,9568,-9923,-32080
71,71,35,3207,-13430,-22535
-44,125,50,3169,-18123,-21258
-54,71,39,1438,9604,-9776
85,-75,10,2136,3343,-12657
11,-75,-121,-276,-607,246
-60,-92,-125,-559,-2890,-2246
-89,127,69,-10177,-2825,7407
74,62,-15,-11101,-3571,7655
88,66,-74,-1006,9381,3090
-60,29,5,-7294,-901,-5827
73,-6,52,-4298,-7761,-15626
47,-79,-44,-8050,-11506,-23381
23,-89,108,-8520,-8138,-21993
48,-72,34,2849,-7581,-23229
-117,-59,94,-4672,-26286,-22936
-17,39,73,-17052,26401,-22304
-118,-33,-124,-15176,32727,-21289
-85,-99,-89,-7294,32727,-1075
-65,73,-112,-4022,-26170,1794
86,107,-45,-2101,3780,21438
-124,93,30,-2928,8047,28700
-101,-40,-70,5131,-23103,-31438
-80,-43,-110,16992,-9198,25141
-60,-43,80,19566,-6193,-29911
-34,74,2,17954,8515,32742
-87,-70,6,15430,8182,32742
-32,-82,79,23626,8455,32742
-60,121,-25,23759,8971,32742
80,85,-19,25922,-14678,32742
E
6,-53,6,27827,7765,32742
-28,-45,94,6696,-26591,4135
-77,6,-45,4202,-12582,-25156
-109,58,-24,-22270,32238,22452
95,39,55,21447,-22734,32742
41,-17,-63,10879,8470,32742
41,2,71,6217,11161,32742
82,-108,51,3424,-1764,32742
-61,91,78,-4998,-25922,32742
-85,-24,43,-7458,-23414,32742
42,-7,-3,-17993,29533,32742
-125,114,-46,-13795,31854,32742
-83,-110,33,-8742,-14447,-26911
22,73,-100,-4935,-3210,-18163
29,53,56,-19967,-20762,-13824
-18,-22,-60,2391,31858,-3747
28,113,-2,-1525,-8729,4878
-109,102,52,2893,-3923,12469
2,67,-76,2659,-16742,15962
20,-61,-3,2866,-21914,26162
12,-108,-69,3416,-3855,30540
-9,3,-13,15990,2646,-30256
36,71,-104,12425,-19953,32744
-70,26,62,-3176,1809,32744
-93,-10,73,1364,5615,32744
-31,-90,-54,5495,-17759,32744
97,-43,-45,7385,25395,32744
103,-114,105,9142,2214,32744
28,84,63,-29734,10944,32744
98,-53,-94,17729,3817,24560
1,31,5,18552,10784,-31113
57,-51,63,-25991,-2001,-21840
-106,25,111,-32751,-24167,25570
-121,-82,-75,31717,24355,32744
-8,-10,94,-32395,-43,32744
36,-41,56,-32751,32726,-29873
-28,27,-8,9380,13002,-21526
-72,-117,-33,-30982,-23940,-30113
4,-126,114,11785,-6749,-8148
33,-107,-122,8701,19788,-8691
E
-87,9,14,1573,31803,9647
71,3,104,-10536,-27884,-6947
-24,60,-103,946,20211,5294
103,99,76,-1737,6136,4327
-108,-82,-105,149,10267,2028
-125,-53,-112,-1176,4937,2328
-5,67,-126,-5868,30491,-5059
80,85,-7,-6011,-28783,-4051
89,122,-2,-4378,29466,-25438
-45,17,35,8930,18288,-11734
117,-115,17,-3593,15696,-24193
1,-91,108,-13923,32728,26725
-67,50,-64,-14760,-20124,32744
21,-90,4,-7810,-30731,32744
-72,78,110,-8147,-22299,-30416
-95,-87,66,-14881,29736,-10121
-57,-119,-97,-9883,-28396,-3522
-96,-11,76,-11172,-14126,7621
-15,49,-93,4980,-6240,29168
-112,-116,-73,-8539,-26824,25399
81,-23,-82,6065,-27145,31701
-60,-84,31,8674,-12037,-32425
30,-122,-119,23222,11932,-32293
-18,-97,93,24015,373,32746
42,74,59,-29020,-15933,32746
83,-108,104,-32177,-13839,32746
33,-125,87,-32749,29768,32746
-123,-73,94,-32749,-29136,32746
-34,63,-27,-5069,1585,-4552
-7,32,-62,5949,32727,-8489
-122,87,25,-19597,-27483,-22288
112,-24,88,18710,-8139,31212
-94,107,-112,-428,-21060,30438
-84,-75,127,3200,-31661,32746
25,-65,-91,3164,14118,32746
-112,16,11,-5790,-12326,32746
13,105,65,-7011,-7180,32746
-83,71,12,-11973,-15348,32746
-51,-11,115,-15328,-21247,32746
-88,59,-69,-15712,-22754,32746
E
60,63,46,-15683,-15092,-27159
111,111,-65,-19167,-23867,-22470
-109,92,110,-23549,-15404,-10866
17,10,-14,-5587,1364,-897
10,-41,76,-8888,-6785,-40
120,-126,-106,-1743,-9204,17292
117,91,-119,-608,-6503,18872
127,100,-103,21272,-7041,-24521
-36,61,92,-4830,19847,31593
-14,-64,-87,18740,14543,-32405
-45,-121,-104,12197,-2451,32747
-111,10,115,14956,-4620,32747
80,-78,-37,24159,534,32747
-30,-57,3,24301,-25869,32747
32,61,15,-27920,16818,32747
-9,-128,106,27863,-26617,32747
96,86,-38,10661,2457,11366
59,-38,-34,24873,32728,7961
-101,115,39,24792,-3803,11070
65,-122,-81,24361,-2233,32596
42,-68,1,22445,-8348,32747
48,16,34,20230,3039,32747
-30,37,69,10355,2229,32747
-31,-19,-74,11024,6196,32747
62,9,-92,9623,10505,-17372
-50,38,-124,-8241,3591,-10341
-26,-41,-17,879,-6322,166
16,-28,74,4507,-10207,1534
-4,118,71,-7493,8192,7122
-47,-94,1,-5178,-3056,-539
116,-42,-70,6945,1267,-3071
74,12,-64,3990,-251,613
88,109,-79,-2222,-4362,3769
100,51,-24,3627,1022,1241
59,63,-77,-3083,4396,5159
-28,9,15,-618,-16307,242
9,-73,-102,1774,-28569,-5894
123,-102,-124,12913,17223,-22381
-40,-31,16,8124,1200,-18345
-52,-109,118,3347,-20022,-22090
E
20,-97,81,5461,-12155,-23341
-47,-125,-62,-9437,-32625,-21420
-7,-68,-69,-20525,29251,-14515
83,10,-83,-18624,32727,-8457
-121,-7,-125,-15783,-13540,2694
5,8,-108,-13830,-4139,7572
88,109,90,-6058,-17197,15939
118,61,91,-1817,-9876,14828
-28,-53,-35,1664,1519,29223
-39,-98,-32,951,-826,28510
-69,1,-37,6032,3217,-29936
-13,78,13,5829,-1467,32749
14,-115,-96,11621,2781,32749
95,-101,111,8680,15998,32749
54,29,112,6789,-10748,32749
121,53,98,22968,-27366,32749
-63,93,5,-25259,-3442,32749
101,-68,127,28800,-21027,21529
105,47,-40,16373,-29163,19466
-31,-74,-97,464,28870,27501
103,16,57,25522,-40,32749
100,-73,41,20416,-19194,32749
22,17,-11,-2190,22510,32749
-99,31,70,-8659,30982,32749
-112,-21,30,-15205,-22778,32749
82,-17,-29,-28755,-12550,32749
116,-74,-101,-21795,-8669,-28410
-119,92,106,-21984,22061,-6299
93,56,-60,-20011,32729,-16399
-72,-125,72,-5689,-13938,-1383
16,-74,-43,-2716,12810,-11626
-85,-99,-70,-17769,17101,6901
-66,-107,-17,-1362,-20654,2246
84,115,-35,-2034,-11745,9933
-28,-40,-37,-2577,-747,16388
-51,92,-46,-8592,-24243,23234
22,-11,67,-10471,-8359,27954
72,4,-72,-8846,-22763,31229
127,37,-86,-2942,8189,-31033
116,-23,-41,-378,-15534,32751
E
43,-3,-17,2411,9554,32751
-76,23,-3,7598,29139,32751
29,-80,86,11209,-26625,32751
33,73,-77,-30290,32730,32751
40,-90,-98,-26962,-37,32605
95,124,-27,13212,-10907,32349
30,88,-71,-16810,-4415,-32635
-37,26,19,-32746,-319,32751
66,127,75,-8502,17937,-23042
-29,102,125,-13679,32731,18581
-89,53,46,-12669,-38,32751
-56,-125,-53,-32746,16172,32751
80,-41,-14,28708,5483,32751
70,104,35,11816,32731,32751
31,-24,-7,5631,19337,-30253
-105,-122,-35,9584,9853,-17918
-44,-55,-82,-1556,-2810,-1665
114,-20,79,-1201,-10055,-5788
19,102,-81,1038,10578,-365
58,69,-11,1691,2435,-137
44,48,-22,1044,4059,2675
71,-3,-35,2363,7263,4122
46,114,97,3827,-3813,4631
13,104,95,2418,-8639,5752
-74,-117,93,9483,-17570,20349
107,-89,-120,11633,-18335,25527
39,-66,-73,-18649,320,-4517
28,-111,94,-19066,-31069,-17673
112,-98,-75,-22685,24911,32043
91,102,22,-11841,-26393,31909
72,-53,-89,1264,-1277,-30698
-110,-84,-121,-4122,32509,-23612
-113,-74,94,-9274,28828,-18220
-47,-70,42,-9126,32731,-13755
80,-24,-66,-7276,-25246,-2575
89,-25,-77,-12048,-24728,2771
-73,-13,79,-17874,-2703,18224
-66,-107,98,-9456,-9431,26392
-111,16,-82,2658,-7451,-27198
-81,22,-26,-3508,15391,32755
E
-48,-57,-19,-2388,19542,32755
26,-124,36,-4729,21510,32755
119,-61,-87,-7021,27449,32755
-108,75,-10,-13171,30788,32755
110,-103,9,-9687,5602,32755
104,-77,-59,3746,1734,32755
30,105,-11,-25714,32177,32755
-123,12,-8,-8148,6803,32755
-25,-29,74,-16437,10177,14672
-33,-28,62,16787,-25026,19736
14,-55,-119,-20308,1324,-10834
-92,105,-66,-32748,20492,-22141
24,32,70,-32748,8098,26263
103,31,-24,-32748,19098,32756
17,3,-2,3787,32732,32756
-48,15,-112,12035,-20834,32756
39,116,-11,-11108,28742,32756
109,-118,124,-7829,32732,32756
-125,-57,93,-16470,32732,32756
-102,-31,41,-10303,-23744,-21608
-120,-81,-22,-10480,-11438,-11943
-69,-119,-11,-11625,-10620,4050
-107,95,5,-20091,2342,601
-89,83,121,-20204,-4063,3978
40,-35,-71,-15355,-8850,10320
73,-31,-20,-14922,-5857,14428
-110,94,79,-19069,-6120,26700
66,-80,-56,-7312,-5364,28181
43,119,88,11407,-19803,-31842
0,-98,24,101,3645,-31977
-57,79,-37,1067,815,32758
-87,-119,117,-3177,19472,32758
-4,97,73,1361,24094,32758
94,-50,-11,6490,-5128,32758
26,45,34,5341,-8418,32758
58,-56,100,6429,-17326,32758
23,-103,38,4855,-7994,32758
-66,8,36,-10582,-2175,32758
57,-10,54,-15105,18671,13752
37,-71,54,24776,24401,28171
E
50,-52,108,-22637,13667,32758
101,-27,64,-32746,-35,32758
-97,-80,-41,29328,17475,32758
-102,40,-124,4475,26898,32758
-72,113,-40,2839,21539,32758
80,-97,55,2582,-6056,-28722
62,108,-69,4580,15547,-18201
1,-89,-16,-5107,-6089,-13389
54,21,-123,-6980,-3196,-9851
-13,42,-78,3274,14455,-7935
-5,41,100,3243,2041,-5294
-12,65,-105,3919,2068,-2530
-37,65,-92,1880,-1532,-2121
-46,57,-115,2161,-4230,-2885
-83,57,67,4852,-8748,1070
126,40,27,3974,-13170,1892
-105,-42,-81,9493,-31654,-1296
-100,112,-108,2090,28723,-13743
-42,97,-118,6088,32733,-2047
38,20,15,5113,32733,-5126
-18,121,-41,-1286,-15098,1078
-105,-127,0,-9101,-8117,5274
-92,-44,-127,-28846,3722,16972
-126,-81,-24,-26195,5249,6841
-34,-120,114,-16733,2117,-5645
11,76,-127,7874,-5016,-9303
97,-97,93,8116,-15908,-17189
127,-95,-106,-26990,-16403,-20601
84,-36,-35,-12924,-29493,-18523
-28,-102,-37,-11298,-29584,-18349
48,92,-112,-12279,-10583,-14547
-82,114,-55,-8625,18150,8716
116,-54,94,-8589,-16123,4498
-22,57,2,-6573,7037,17851
-117,-29,-83,-15563,-619,16877
2,-98,-74,-4499,-14871,28164
-30,-30,125,-17508,-23912,23281
112,-7,-61,11503,7768,21468
34,16,40,13741,1458,28485
-5,92,-106,19682,2478,-29579
E
15,100,24,28042,10531,32763
86,-73,62,-30517,15886,32763
-31,-75,-13,-32053,18573,32763
80,110,50,10114,26400,32763
-9,103,-104,13520,6466,32763
-105,116,-85,-30158,10317,12061
0,-65,-55,-32686,-22898,-6632
1,-49,66,31012,27374,-27872
-27,-40,40,24603,-11669,-28564
60,-90,-33,16041,-11743,28888
-85,-110,35,9962,-2967,32762
-41,33,-91,8449,-2210,32762
-90,60,-99,800,-13906,32762
-64,-74,-102,-2461,-27031,32762
114,-90,-71,-11224,32290,32762
-100,73,3,-5955,-24712,32762
-67,69,53,-3426,-28689,32762
100,-86,90,-6320,-22391,-26031
8,51,-102,-16205,-8622,-11825
-5,74,47,-7286,23248,-3649
79,-119,103,-12601,32737,-8448
-88,-30,78,-10764,11186,18744
-101,113,37,-10412,-16815,13881
93,-84,-39,-8883,22285,27936
45,16,-19,-7614,-6166,26767
26,-61,-110,-1857,-23411,25342
-43,36,89,14929,26501,-29077
-92,-65,92,9180,23690,32765
54,-68,6,5476,22473,32765
-101,47,-13,2668,-3405,32765
-1,-124,-8,2804,-15600,32765
-7,-50,99,-4451,31486,32765
-123,45,-11,2325,5919,32765
102,-71,-95,9563,15427,32765
-46,115,-98,18906,19958,-15639
56,-6,-114,-29439,-211,-18427
-3,23,103,31413,619,-19840
106,-115,-104,-31650,29190,-11523
-61,60,51,28960,2024,-14985
-113,41,-84,31207,-1860,5642
E
-32,123,-46,23117,24829,15949
25,54,-79,786,-30241,27089
-72,-128,51,802,-32719,28017
-119,-121,-72,16115,18031,32589
118,-74,32,22954,21743,32766
50,-7,98,4217,21896,32766
64,125,96,6740,-16881,-30421
83,-35,-63,5364,-1630,-16127
-37,-43,-25,5044,-623,-7709
1,-31,42,2816,1726,6325
-45,40,41,2267,2511,3805
71,-19,119,-462,431,3538
6,-25,106,812,-4811,2346
-99,-25,-77,3351,-11882,2342
8,-62,111,9841,-19536,3905
-17,-37,53,13895,-18613,8991
28,-63,-36,19138,-20430,15125
-96,-69,-9,10974,-6904,12322
37,-26,-117,-7515,-9028,-24985
112,107,-5,-2466,-21101,-24782
71,35,13,-19049,-21170,-15993
58,-67,5,-24470,-17222,-15276
83,111,-76,-21140,-4895,-12097
97,-103,-70,-22410,-16427,-10172
-61,100,-8,-16518,-27574,-5278
78,-9,15,-15016,-18264,3483
-82,123,127,-6995,-13028,10636
-57,61,-111,3218,-4030,14292
66,-21,72,2226,-4651,19564
118,-70,54,1489,-6231,22844
-93,-43,-47,8073,5311,-31434
27,24,7,12326,-104,-31232
-26,-65,109,16734,5971,-32766
-33,20,48,21717,12007,-32766
-58,-103,-21,23216,9871,-32766
62,-36,40,-30997,9756,-32766
-80,-105,78,-31977,19825,-32766
-103,-57,-46,25043,29247,-32766
-18,-51,-75,-3734,3847,24435
67,6,-116,-21796,-31,24626
E
32,-14,-116,14107,13275,-17226
-29,-97,8,8499,7237,30607
-76,-82,-67,8810,-22958,31765
88,-87,17,-13,19093,-32766
103,25,53,1007,3219,-32766
46,120,-16,-10094,-23036,-32766
19,-75,-111,-13167,-15665,-32766
56,66,-6,-12773,-16384,-32766
117,-128,-99,-11183,-20660,-32766
44,-109,-120,-14516,25888,-31366
-53,-86,45,-16130,32737,-24847
-72,-95,87,-11191,-29632,10122
62,40,-111,-23753,31682,-2670
122,-100,54,-16614,19972,14666
-109,111,72,-7668,3758,17190
57,73,-7,-9987,4576,19931
-39,42,-117,-6210,7754,25070
5,73,31,-303,9574,-30728
-8,81,45,-657,-12028,-31772
-74,17,65,2962,24145,-32764
45,119,125,14664,2176,-32764
-112,-68,98,-2317,17341,-32764
-117,-54,-101,2806,15078,-32764
-36,-68,-121,12655,-2819,-32764
85,-101,18,-479,-32511,-32764
31,5,-68,-7812,-4280,-32764
-7,115,1,-2464,-23887,-32764
125,-109,-79,8619,26019,-19895
-105,-29,-38,-18705,-4207,-19017
60,-109,57,-32741,22928,-28727
114,-103,70,-32741,25744,28208
26,33,109,-32741,-30493,-32765
59,-122,48,17763,-17018,-32765
-113,4,-117,12660,21491,-31193
-62,-110,-33,15179,149,-32236
68,-89,-91,7819,-6981,-25877
83,2,-118,9308,-1384,-22713
-55,-116,-101,7292,-20893,-20372
-128,-8,-20,10274,-5280,-12863
74,-120,8,2976,-19977,-9908
E
-27,-76,118,-162,-19368,-4131
-41,-124,33,-4990,2778,6046
121,-35,45,-10622,10037,11573
93,-89,-110,-30336,7484,16632
65,103,-62,21406,-24107,10661
81,-114,52,-17062,24604,-14913
-97,79,111,-14942,-8688,-10649
-60,52,-30,-15948,32050,-19537
85,-26,56,-14197,30236,-18013
-107,50,15,-10960,-18950,-13627
46,116,7,-11729,-28917,-10820
68,-45,20,-7659,-9205,-13177
-87,75,106,-15556,-22715,-8241
81,127,34,-17467,-10399,9205
29,53,114,-20536,2050,10290
-24,52,28,-17448,-231,17582
-63,14,22,-13662,-546,22838
37,-72,117,-17090,4910,29338
-34,-61,57,-14311,5500,32156
-121,-31,-75,-16152,4017,-31465
65,-124,61,-13070,19204,-32762
-53,-20,33,-14538,17738,-32762
-99,-84,39,-8581,21818,-32762
-112,97,-82,5044,-15197,-32762
105,-24,66,-26886,-25032,-32762
127,-65,-68,18843,-7510,-32762
105,-12,-75,17999,-28,-3744
-97,23,-112,-26510,32739,12398
49,-38,-6,-32528,7327,15814
72,95,87,-32742,-13404,16557
12,65,83,-32742,-15147,-32763
71,84,-120,-7847,17337,-32763
56,25,117,994,31850,-32763
-107,102,-88,-10177,11035,-32763
-15,-35,87,-13798,-8633,-32763
77,63,10,-12934,32343,-27499
-51,-30,-15,-14084,-32073,-12035
-108,-78,31,-17868,-32453,-8458
101,74,-79,-8188,-5316,1071
-23,-126,83,-4180,-17553,3107
E
31,75,-43,-9361,-9317,2342
75,-72,-112,-14056,2943,12814
82,37,-29,651,7856,21000
15,69,67,-2893,-2232,28708
-90,28,-119,-4726,1594,-29330
19,-103,70,-5684,2517,-32582
46,-5,69,-461,-25023,-32762
65,120,53,9244,-18184,-32762
-61,83,96,-18386,-12656,-32762
56,-26,120,-19232,-28666,-32762
95,-59,2,22957,-9329,-32762
-102,107,-36,19820,8585,-32762
52,0,11,-24600,-19255,-32762
-123,-70,55,-32744,-32259,-32762
-11,125,-29,-31195,7244,7
63,-32,82,15437,32740,-32762
-35,104,-104,-19850,19860,-32762
-69,47,127,-32744,6346,-32762
-87,-23,55,10253,28570,-32762
16,-19,-25,12034,1037,-32762
-79,-120,-57,11652,9744,-32762
37,2,-101,7728,-9251,-20369
4,85,-60,6448,984,-10763
17,-119,-42,2330,-5638,-11226
-89,-95,8,-5160,-9130,-835
-73,-37,1,1318,5367,2516
127,-116,-79,263,-3425,611
58,114,-12,2014,-5327,-537
-37,46,-128,2057,-11395,-817
-37,-2,4,7533,-16200,-262
-16,-86,87,16517,-22018,732
-21,-11,-120,10998,-28250,68
-106,-4,17,-3743,-25522,-3640
-115,-54,75,-11332,-26155,-9338
39,-80,89,26392,-6403,-4009
-28,94,100,-26453,-10655,-4291
61,-45,-109,-17987,11348,-7854
4,-8,-60,-16682,-4146,-10726
73,4,70,-14490,-24097,-10529
-102,120,71,-11966,-31457,-9829
E
7,-37,5,-14014,-13255,1207
21,-110,0,-18071,-32194,1067
-29,19,26,-8340,-15279,12302
33,-62,22,-6613,-40,20460
78,-90,7,-5055,-1119,18760
59,-117,34,1492,-4998,26857
-29,-3,-109,9222,-7566,32413
-33,111,94,13608,-4319,-31163
96,75,81,18590,-1885,-32763
26,75,-111,19741,945,-32763
-108,73,-61,24824,26124,-32763
83,4,-3,25819,12056,-32763
36,90,59,28273,-9677,-32763
8,99,42,29486,-20935,-32763
-67,-128,20,31311,-21264,-5348
-121,-55,104,22655,25859,19274
28,115,106,4774,32740,30586
-61,11,-6,-32428,-29,-32763
65,-3,85,-268,-27,-32763
20,-125,-15,-260,32740,-32763
-126,70,-67,-16352,-26295,-32763
-89,-36,-100,-15881,-12067,-32763
-47,-106,23,-28203,25145,-32763
-104,-88,-125,-23305,32727,-32763
-123,15,54,-21161,32739,-2782
-99,88,-69,-14283,-2449,-15240
-116,98,-61,-16148,-27182,2310
8,-85,-98,-9951,2072,-7146
99,-76,119,-20271,21898,21160
78,46,55,-4622,28516,15404
-114,-107,9,-4806,-12570,26868
127,49,-117,9061,-32324,-27730
103,86,-94,9597,-26564,-32756
19,-33,112,1356,-9476,-32760
-9,-22,89,1590,7674,-32760
54,-83,7,-2420,21825,-32760
100,113,104,-16582,32620,-32760
-56,-107,26,-20133,-29998,-32760
13,-56,-101,-2906,-27,-32760
-61,9,-92,-12507,-13838,-32760
E
95,-28,112,-32740,-28193,19222
93,-37,-65,11628,-27,-23638
44,-45,-16,-25684,-29,29657
-59,42,-108,-32740,6562,29664
-81,-108,78,-32740,-24121,-31240
8,127,-108,25930,-10,-29444
24,-48,109,19323,-29,-9519
-27,-61,-119,13168,-13291,-17352
36,47,46,-10693,9141,-1117
55,-5,44,1299,9091,2783
77,105,-93,18663,-26159,4138
-68,57,49,-8632,21784,1543
45,62,95,-242,5076,-1519
-53,12,-77,683,700,824
-99,16,-69,-703,-1676,1892
111,-1,-79,-561,-3927,1678
-109,-21,127,2384,998,2121
120,-7,-124,4628,-63,1317
77,17,46,4266,30166,-3207
-63,13,45,4587,30432,1723
-90,43,-112,3923,31978,-4277
-56,11,-71,4154,32738,-9265
-104,-25,50,1587,32738,29662
77,99,126,880,-26534,29533
-24,65,-57,-3288,-22259,-32759
53,-81,-27,-12571,30563,-24627
-65,88,-2,-10438,-26749,-20931
-102,17,-82,-19936,-12721,-6262
-118,-74,-33,-21691,-4702,2088
-123,6,15,-20112,-4426,2728
-117,-110,-55,-21712,-12948,7032
56,-107,110,-22045,-2769,14125
-86,25,66,-18615,6804,14978
-120,105,-62,-11521,5815,17049
88,124,-106,-9924,1665,19747
-89,-63,-92,-4655,-7080,26025
32,-28,122,2482,958,30653
-61,62,29,8006,29,-30504
-57,56,23,8518,-1647,-32757
117,53,123,19679,919,-32757
E
41,45,-94,18814,4750,-32757
24,10,-7,22247,13735,-32757
-15,98,35,23379,21690,-32757
-80,44,83,21682,26495,-32757
106,-36,-88,17740,30433,14689
74,26,-92,-25916,2867,-5989
-55,77,125,-32741,28153,-8220
33,90,29,-32741,-23901,18655
-24,-74,8,22893,29489,-17292
-115,-56,-79,1388,4115,27624
43,72,10,2438,13698,-32757
119,-127,-82,-3445,18766,-32757
118,-107,94,-15018,-28721,-32757
116,-98,-47,-22357,31197,-32757
-34,58,-124,-18771,-7315,-19708
102,-46,-11,-18593,-24420,-20372
106,25,12,-15342,-9380,-11748
-100,107,-90,-22172,-24251,-16781
-76,-102,-2,-6210,-9840,-4622
23,-63,32,-18299,-16068,-64
-3,-95,41,1911,-9834,15939
-9,-19,37,-2882,-6695,15749
-10,-2,127,-668,20768,28049
44,122,51,-2453,10198,31480
61,-39,72,13449,-9512,-30739
-50,94,97,-4748,18838,-32756
-98,5,-89,10517,15966,-32756
61,77,66,4295,8693,-32756
-76,6,77,5258,12340,-32756
-78,-113,-117,27355,6709,-32756
-125,77,-105,-26331,-13697,-32756
-61,-16,-37,24929,-13173,-32756
110,-82,64,-6598,-29,20671
80,-94,4,-13020,32738,25894
-113,-48,55,-12799,-20373,-32305
-87,9,-81,3641,17452,10785
116,44,-118,2631,-24924,-32756
0,-119,-110,585,-1514,-27257
74,102,13,5193,-32059,-24092
-93,9,78,4420,-419,-23022
E
14,120,-69,5885,11269,-20944
26,50,-73,-584,618,-18703
55,55,-33,2076,1008,-13459
8,-35,-62,3685,-10686,-11618
83,19,5,6928,4414,-3722
80,37,-125,7610,-1943,-5295
30,-90,-124,-5359,-5577,259
1,-111,60,-2857,-1095,3054
-22,-92,81,-4822,-5728,4984
-118,126,56,3591,-15476,770
123,64,113,7687,-15151,-1190
-95,-83,-69,-19081,23357,31597
-59,94,-71,25199,32736,-31024
-87,52,-99,-22267,32736,-8817
14,99,-76,-13133,3794,-5432
-51,45,-39,-17317,20600,-1280
47,-65,98,-18963,4151,-9372
3,-90,-56,-22199,-22684,-22311
7,-94,97,-15019,-855,-10445
-112,-127,82,-22852,20734,-12624
-80,86,-124,-21830,-12672,-4945
54,-99,-127,-17963,-15720,-1295
14,0,47,-12346,-9858,7644
85,-7,88,-15748,-4519,13108
-72,-73,-44,-16462,-16146,17851
122,14,80,-3985,662,32480
41,-30,65,-4539,-1601,30820
-120,15,-9,3984,-7099,-31087
-10,-94,22,7487,-6753,-32750
55,-19,-48,8341,-7927,-32750
3,-105,-29,13403,-2251,-32750
-116,-13,-100,19377,15328,-32750
13,-62,69,9257,5093,-32750
43,-62,-57,8930,-16201,-32750
106,-118,-32,28160,-26153,2414
122,19,52,28276,26500,-14170
-63,-59,17,-29441,27059,21730
-56,44,-29,-32737,-6592,31891
-73,70,-24,17032,-19899,-32750
-58,27,43,9467,-16025,-32750
E
-98,-64,-80,1938,-26821,-32750
123,11,63,-11213,27830,-32750
16,-82,-118,-19629,32735,-32750
76,-96,64,-24032,32735,-32750
11,38,57,-19305,32735,-28715
91,7,2,-21255,-11403,-6108
-25,-11,13,-17764,-8449,-10427
-50,-107,-118,-14699,-8361,5870
63,-56,19,-11873,-10997,2896
46,74,-41,-9169,-5643,10194
109,83,40,-11456,-5813,10452
-26,-83,41,5669,-9047,30746
-84,-110,52,2790,-4911,26533
39,103,-88,1646,-3447,-29142
-41,108,-44,4021,-9060,-32749
63,42,-2,6425,-32621,-32749
-37,52,76,2562,7725,-32749
10,53,-101,-12905,8598,-32749
52,-82,117,-10807,-11234,-32749
40,105,-59,3107,10006,-32749
-95,109,76,8351,15835,-32749
-43,-22,7,10617,-21601,-32749
9,-67,0,-13248,21486,-30653
93,111,-19,-26695,-16962,-30477
77,90,-72,-28299,-5313,28156
112,-52,-22,-32735,8848,-32749
20,-62,-28,17739,15401,-32749
-79,-72,-94,19362,27737,-32749
-120,77,116,8839,-6862,-32749
43,109,66,6097,-199,-26063
-24,45,-1,4110,8011,-14083
8,61,-56,3399,6526,-10516
-100,73,41,7015,-2055,-10391
-37,-50,-29,4496,-8760,-8868
30,-23,50,200,-77,-4735
-31,18,63,748,-16395,-3963
-8,-6,-77,1641,-21258,-1468
-35,8,12,3195,-3749,7384
-75,-109,37,1468,580,10736
103,-11,110,4874,-8607,10735
E
104,-65,114,7425,-8818,10023
112,36,-14,8942,-18937,1249
-35,76,34,6285,-31964,-10078
71,123,26,2097,-32156,-8893
125,-31,-79,-18514,-16782,-14002
-11,117,105,-21846,-29893,-15512
94,-85,-16,-2070,1334,-13211
-121,99,-11,-12398,12168,-12026
-28,69,-65,-19820,-25932,-11749
-96,119,-9,-15561,-20397,-11847
45,19,-66,-14914,-8267,-934
-36,-5,-15,-11820,-9088,1433
-127,40,-60,-7479,-16285,1416
-105,-36,-46,-2913,-4687,12691
-43,15,119,1285,1562,17152
-11,-48,32,7343,5765,29379
-10,5,33,8032,3060,31804
20,38,-105,13824,2129,-31011
29,-95,26,15142,10208,-32744
-95,-14,65,13006,10145,-32744
-37,16,-26,8878,16163,-32744
110,-86,-15,26967,-31267,-32744
-104,3,-51,-27047,-10246,-32744
-61,22,-89,-32733,-29202,-32744
101,106,15,-32733,25683,6072
77,-19,-124,4672,32736,-21026
103,-63,46,1684,32736,20933
109,-54,90,3239,-33,-32744
84,-62,74,79,-13047,-32744
106,-52,1,-26888,30115,-32744
76,-94,-37,-20549,-29109,-32744
20,-54,62,32645,-26387,-32744
35,34,68,30653,29637,-32744
-83,19,107,-27437,-7634,-32744
2,-10,-59,-15963,-9253,-24036
15,-41,25,-6672,-5400,-15192
-104,-24,-11,-10272,-9422,-12180
-19,-100,-87,-9984,-27288,-6032
73,-29,93,-4412,-12085,-3907
99,25,17,-2152,-18659,4440
E
49,17,0,-4268,-3336,8729
32,-119,55,-297,14886,16994
53,114,-111,-5269,-16693,20846
66,87,-94,-9273,-10040,23148
123,2,2,18633,21136,-27323
92,4,-8,-8788,-17387,25247
113,-31,-68,-3966,-24651,-30204
-44,-103,43,7650,30015,-32742
119,-85,-5,1751,20352,-32742
67,7,-70,3472,334,-32742
36,-30,-52,12171,24561,-32742
37,61,28,856,10657,-32742
81,-87,-116,12568,12896,-32742
91,-87,-71,-21522,-1089,-32742
-82,57,12,-18894,32738,-32742
109,-101,109,-15453,-29,17303
11,-7,-47,-32730,-19376,27036
15,18,92,-32730,28264,-32742
-45,-112,78,-32730,-29679,-32742
-86,-108,-51,23984,-28458,-32742
-6,104,-11,19915,-1069,-32742
31,31,-1,3078,-28453,-30499
-61,124,-70,4889,8953,-19608
-72,-60,-81,-2448,16606,-13149
59,-16,90,6152,-11944,-13721
-58,-111,-110,16531,-7872,-5394
51,-51,-34,-3588,3715,-1965
97,-86,103,269,-7418,-4579
82,111,58,-385,1453,2147
55,104,112,28,-3113,1069
89,-16,-21,716,-15034,-2193
-31,-112,40,5324,-8939,-4807
70,-84,121,5529,-21245,-11074
55,-43,-97,-3020,-31695,-4970
-1,20,34,2212,20282,-1149
16,41,106,-4308,5685,-9521
58,49,74,-11289,-13823,-20405
-5,84,19,-5988,-22868,-21774
0,-76,-98,-7826,-22747,-14131
81,70,64,-11208,28145,-11055
E
-123,-100,111,-9283,-18988,-2865
-77,104,81,-12902,-13414,2353
51,113,-124,-16704,-13646,6136
-21,42,-2,-6784,-8423,17216
109,77,107,5404,-26381,15815
45,99,122,-8296,12415,28453
-51,-28,-77,-2260,1051,28647
7,-2,55,-1058,3961,-29876
-22,57,72,1120,5089,-32740
92,-114,43,13001,3397,-32740
26,-58,-63,9956,4156,-32740
-94,8,-120,7499,8774,-32740
38,-87,111,1409,23223,-32740
-124,-63,8,12791,-30823,-32740
105,-79,-42,-25951,1789,28207
34,-45,-74,-31154,-5153,-6177
94,72,-96,-32734,-23900,-25619
-57,-106,122,23166,26701,27304
-67,58,-72,-5133,-31,-28232
97,60,-90,19005,27204,30925
90,-116,-73,-13829,-24766,-32741
83,-117,-79,-2063,-8338,-32741
-43,23,85,-12312,511,-32741
9,77,3,-15186,32469,-32741
77,-68,-110,-17735,31989,-32741
97,-48,-103,-15139,-2218,-22055
-112,69,-122,-13284,-7168,-17526
88,-8,-1,-11947,-5229,-7939
27,-121,-31,-14653,-25206,-11328
105,80,-83,-23648,-4661,-802
-117,74,115,-3489,-1381,3881
64,20,-17,-3707,-9606,18199
11,-13,-74,-2921,-11575,24977
104,-47,96,3360,-6614,-26753
-14,-77,64,-11541,-23807,-32740
-7,-12,-101,28915,-837,-32740
-119,27,58,-29053,-31412,-32740
69,74,22,2546,-1441,-32740
-89,-53,-89,-4284,-24625,29065
36,-29,-87,24564,-9599,-31497
E
62,63,116,27041,-9595,-32740
-94,93,-43,-31807,-31867,-32740
47,68,28,-1628,16069,-32740
24,-48,-2,7298,13046,26502
-10,64,-34,15626,30999,-11003
-20,9,-116,10717,32736,-27583
127,42,-8,-24678,-1338,25255
60,115,-39,-31869,-13179,-32740
-45,64,-103,25724,-12452,-32740
23,108,23,25087,6463,-32740
0,64,-66,10059,-17435,-32740
24,-76,-56,11765,-4482,-32740
-58,-3,-85,-385,2408,-26099
98,-65,-5,7,-2053,-26016
-35,-108,-41,-2259,443,-25212
-21,82,-12,-14962,-20547,-25477
-52,-50,-117,-12190,-17160,-14374
-127,-79,-67,-3104,-7784,-7150
100,126,36,-3183,-12123,-7109
9,-19,127,-6380,-17740,5552
26,31,-120,-7433,-10452,1411
21,36,7,-1589,-12456,-16991
107,-28,-64,325,-10405,-14479
-121,47,-102,7186,-11285,-14630
32,-75,-16,3815,-16517,-15282
-58,2,-47,4048,-20345,-18948
86,-52,-17,7274,-19957,-16383
-126,126,-48,9237,-14166,-7812
40,108,79,-1588,-21461,-8509
69,-62,-65,-6440,-12014,2113
5,-6,88,2279,28066,2617
24,-12,-102,-9361,-12401,9298
-43,124,-117,-12352,-19743,12559
59,52,-30,-24022,-13928,15878
1,-77,-88,12617,-26936,16242
11,-104,22,5282,31387,22013
73,-21,-76,10869,6712,32501
-125,-64,46,13934,11333,-30478
-122,-112,108,23590,-27323,-32735
-63,-109,-124,25253,11507,-32735
E
123,56,125,-31342,5317,-32735
57,15,48,-31637,11102,-32735
21,-77,-84,-32734,-21655,-32735
-39,-10,-127,10362,9706,-32735
112,45,99,-23036,7647,-11952
61,113,91,-692,-15174,-11192
54,47,-112,-14534,32011,8659
-108,50,30,-32734,11758,14626
-56,-28,-20,11712,10031,-32735
65,-123,-65,-734,-22154,-32735
-91,-2,-62,11692,17973,-32735
123,55,-69,6297,-11921,-32735
-24,94,8,-1858,-28219,-32735
-113,-15,91,-1582,-22175,-32735
126,1,115,-19519,28864,-32735
53,-23,-125,-13405,32194,-32735
104,-47,38,-9678,-15297,-23441
21,-94,46,-1711,-21481,-16691
-95,-116,13,-9965,-28304,-11182
103,-124,-86,-2515,2677,-1653
114,-57,114,3071,26422,-4103
-22,67,-52,548,-10164,11467
115,-50,66,2643,-14185,10882
-6,-93,-49,-12450,-14987,19118
47,36,-83,-12300,-1637,32454
19,-83,-66,371,-15276,-29791
-65,36,90,-14665,-26782,-32734
-72,-108,88,-819,-14919,-32734
15,56,56,5997,12719,-32734
-100,7,95,5740,12113,-32734
54,106,-29,14060,15225,-32734
86,60,-95,9051,-3432,-32734
-65,79,-68,27476,-18624,-32734
8,25,117,30793,31326,-32734
-46,-1,-75,-30198,8807,25923
-7,98,53,-32734,29985,-30725
55,1,86,23713,32735,5233
-19,56,79,15174,32735,-7505
44,42,17,6443,-2650,-25414
-27,-39,70,22323,-32729,-15335
E
-15,90,117,-31865,-27331,24606
51,-10,68,31707,-31460,-27209
96,-118,96,17982,-15633,-19435
58,40,-13,14428,-32702,-30528
-76,-11,-105,3826,-3052,-18453
110,10,-125,9331,-19461,-22379
-82,46,63,3377,-50,-11700
43,-16,-28,-306,-21706,-14925
56,82,38,-3180,-13522,-8338
63,51,72,-4051,-19465,-8900
38,-85,85,1411,-32694,-8321
-21,74,-60,3965,30194,-11703
5,1,122,-1031,32732,-21256
67,28,124,-9773,32732,-27956
90,29,-57,-17844,-30678,-20880
59,61,110,-16445,-21860,-19645
-96,-29,-91,-15286,-17162,-16203
89,-29,7,-12989,-12846,-14625
7,104,-80,-6438,-1815,-12705
30,-18,76,3163,-26890,-14803
-120,-24,63,-8365,-4910,-9049
90,42,-24,-10105,-22300,-9036
119,-90,-78,-13761,-14555,1164
53,111,102,-17479,-224,8424
48,-36,50,-22410,-1808,9642
114,-125,16,-17539,-1841,18585
-3,-67,-118,-7950,-5248,23837
49,111,-102,-3563,-2579,31025
-103,-50,123,4894,-5421,30274
-89,-66,43,6662,-9541,-32697
-23,-35,76,26746,-23782,-32173
34,47,-91,-31486,-18649,-32729
39,88,125,-30929,12887,-32729
67,102,-7,-32737,2025,-32729
62,91,68,-32737,12268,-32729
30,64,4,-32737,30346,-32729
-126,114,13,-32737,-32397,-32729
75,-90,-44,-16470,1417,-2110
-25,-32,31,-110,32731,-11432
115,40,-102,15513,-38,-29573
E
126,15,-96,29396,-4610,28488
-37,13,-4,2888,17872,32325
-48,-55,75,8373,-23525,-32729
-22,48,-106,-3148,12437,-32729
-55,80,-57,-6166,-8465,-32729
-101,-126,-71,-14159,-25978,-32729
-71,46,-122,-21683,-19127,-32729
-99,63,-19,-20124,-15399,-32729
-47,-23,-76,-19012,-28768,-32729
-59,-97,24,-17141,-29406,-25443
-109,22,73,-15865,-28726,-13311
-45,7,126,-11242,-7246,-4382
86,0,56,-9454,-11094,-1216
-63,-94,15,-8616,-13822,-9243
19,67,12,155,1216,-1671
98,-2,40,-4898,24111,2501
-124,-79,-108,1430,-11949,13219
-124,-126,49,979,-23261,15832
-67,27,20,24136,27012,31372
-76,-22,70,-5109,32731,20538
-39,100,-14,24042,31625,-27409
-113,26,-126,23649,16401,-32728
-125,-74,-22,30570,23451,-32728
87,117,-111,32557,30547,-32728
-22,57,56,7444,-30021,-32728
-39,-58,2,1356,32733,-32728
-67,-39,-14,3237,-27138,-32728
-73,13,-114,21050,-5302,-32728
-16,-48,-40,-25312,-6836,-32728
-48,-2,122,-32310,3496,-32728
70,30,-52,-32733,16256,-32728
61,-34,-99,10939,32733,30986
22,-93,-12,16841,-15386,-21434
14,84,38,-961,-5841,-24934
69,82,37,13279,32733,32322
-99,26,-85,-6930,-34,31303
48,97,76,11496,-29252,-30288
86,123,98,5240,-13424,31994
96,8,-20,7952,6186,-32729
89,-120,-32,5595,-2621,-27638
E
21,72,-54,4778,-4503,-22085
57,-11,-122,5888,4400,-19796
-38,97,41,1021,43,-15673
-2,71,65,3846,12246,-13307
-100,112,-60,-647,2609,-6310
-72,-34,-95,-1150,-2517,-4185
-48,-70,-118,-246,1730,-1265
-47,122,97,-237,3304,1480
-63,-123,85,993,5018,2583
82,120,20,3150,7134,4773
-15,-84,19,1647,-2122,4489
82,-21,116,112,-10760,3800
86,-48,-89,3035,-10264,-2422
30,30,58,1129,28726,-18042
-26,28,47,964,30392,-14874
40,-48,53,6697,-8245,-24594
-91,75,-45,301,30762,-23344
83,61,-109,-3058,32516,-23188
74,-56,-80,-30706,-21259,31986
-35,-71,-92,-6498,28678,-30270
23,-104,-111,11299,32733,-13965
1,43,86,844,32733,-9747
-125,53,12,2968,-13267,-10504
-48,27,71,6121,-16687,6850
-29,-10,-125,8188,-9601,5226
-104,43,70,11674,14224,12150
26,127,34,-6289,30859,15761
19,-101,-29,11264,-10475,26011
-30,-114,8,3479,-19408,-27262
-49,-122,-91,3316,17486,-32726
12,-75,100,4775,-26607,-32726
61,-113,118,3876,19400,-32726
35,34,-69,11209,-10279,-32726
-113,87,75,26686,-4230,-32726
-81,111,-86,-26703,31681,-32726
-32,-12,73,28134,-26587,-32726
-54,-6,-30,24607,-33,11373
41,84,-108,21232,32734,-7777
72,-2,-59,23746,-24352,-23141
-18,115,83,18936,27484,-21031
E
-91,-23,111,-1646,26264,25973
92,-83,-8,6810,-35,-32727
-11,67,21,1175,-33,-32727
47,-105,-14,-17095,-29200,-32727
-26,77,83,-22163,31534,-32727
84,-42,10,-29071,-4177,-32727
4,-78,-73,-16896,-8468,-23070
24,32,127,-26967,25097,-10575
-55,-75,4,-28057,31516,-3646
119,-62,-8,-15778,-6384,-7848
7,102,62,-15962,-14897,-524
1,76,61,-14777,-16654,1869
113,-59,98,-2609,31706,14926
-67,16,19,-496,31916,12094
-49,-118,14,8339,-9675,21704
-91,29,-128,9373,-7252,-30361
53,67,-29,8287,9285,-31090
16,-53,-9,6797,498,-32725
-60,-84,20,-29666,15946,-32725
-21,108,-122,-2710,-13830,-32725
48,-89,111,13777,-9762,-32725
54,-21,-95,32071,3190,-32725
-70,76,87,-28946,-31531,-32725
71,100,48,-32737,-5816,-32725
75,2,-124,-21123,-33,32234
47,-79,110,-5321,32734,-19890
-95,-17,-98,-14039,-18665,-21851
112,23,70,-32737,6177,-29971
-17,53,23,-32737,-23965,29812
0,89,57,16176,-10079,-23224
89,-51,45,11482,17927,-18120
118,33,-39,14872,8116,-22239
-69,37,32,14888,-4534,-20503
-112,-70,-35,9834,-4768,-20852
17,-32,-76,6786,-10739,-18749
-125,21,-45,7527,-24541,-15657
-111,51,-95,511,15695,-9331
106,81,-101,-1099,-13896,-14046
0,122,99,-5605,-17300,-8546
-11,-31,-21,-2897,-12324,-9575
E
-52,-112,107,1895,-6410,-6199
-46,-108,-115,7798,-19316,-10218
35,36,-111,12550,-20402,-15057
-24,69,119,2415,-28784,-11606
72,86,78,-13149,-30344,-5958
96,16,-51,-10013,-20710,-8890
43,-69,65,-6729,-10651,-11265
118,39,-39,-4071,-13802,-14963
13,19,-56,872,-13719,-18461
-18,-10,-10,1706,-12101,-18272
-34,44,21,8578,-4063,-17972
123,24,-77,-11443,14291,-9355
43,42,-44,-15274,12926,-7542
88,96,21,-12387,-24296,-4194
-100,74,-56,-12072,-2647,8458
-90,-102,109,-15072,-4748,13782
71,90,-25,-13980,-4358,22615
110,20,-28,-12490,-3391,21606
115,78,-18,426,-176,-30413
-3,-8,-32,3802,-5466,32318
31,-7,113,1676,20599,-32135
-11,47,-108,10555,19120,-32722
43,-108,101,16579,10505,-32722
-46,77,45,19721,828,-32722
66,25,41,21090,-8426,-32722
56,93,-122,-32185,16328,-32722
-36,-50,-96,23750,-21204,-32722
-86,-104,91,-10687,28713,-32722
-76,4,-125,11010,1310,12907
56,0,39,7463,-17468,18569
-123,-14,13,16118,-22273,-14314
54,-102,66,24772,-25668,-30818
46,34,-7,21598,-4682,27266
-19,-33,-98,15622,-12312,-32723
-126,-30,-1,2261,-5871,-32723
45,6,-37,2000,-13684,-32723
70,-12,-44,-6362,-30597,-32723
-65,61,29,-8946,-31092,-32723
31,126,80,-21823,30743,-32723
-116,-23,-15,-16823,-24469,-32723
E
-17,-45,-123,-19247,-13989,-18945
94,4,-119,-12415,2243,-9083
81,117,49,-11684,-16183,-7085
-35,14,-7,-12488,-9039,-1251
7,-1,-117,-7295,-11165,562
100,-81,-126,-8264,-19926,3997
34,19,-117,-8918,-25820,15179
-90,-91,99,6040,-23123,29209
117,77,-93,-2677,27851,25764
43,-124,-19,14600,5944,-28753
123,83,90,13479,13002,-32721
-18,-23,107,12721,10810,-32721
-67,24,-53,16294,25816,-32721
-87,85,-53,11887,-26591,-32721
48,36,-117,-1672,32736,-32721
122,64,-42,-28738,32736,-32721
-5,41,-44,-19106,31054,-32721
112,-96,22,-14715,-28483,31244
-63,12,-121,7091,20562,-8523
80,-8,52,-31758,-32237,-346
-31,-5,24,-27491,-179,-17044
-29,-34,42,-32736,5117,-19778
53,39,-16,-32736,-16608,-17612
-57,-50,71,-32736,-8344,-18105
6,-101,43,16924,-1498,-14080
-43,-81,-86,19252,-1684,-13629
-110,6,-30,16274,-6306,-14393
-27,44,76,17762,-8812,-12489
73,49,-78,10059,-2179,-17097
-98,-66,119,7880,-2467,-12694
-29,1,22,2959,4484,-15032
-101,13,48,2880,-4898,-16652
48,10,0,179,-3799,-15981
-28,-6,9,890,-9536,-15245
27,-77,71,-2606,-20221,-13372
96,-21,-22,-8154,-22597,-15034
-63,81,31,-13384,-10586,-21980
-26,87,5,-8601,4877,-27098
19,1,-8,-8810,2289,-24494
59,37,75,-11627,-17026,-19450
E
29,25,76,-12193,31502,-16079
78,21,-80,-9418,-26287,-12639
-113,71,-3,2176,6149,-8690
-84,99,83,2915,9688,-7838
-24,-89,-37,-5924,-5094,-3025
-72,-13,102,-9173,-5961,7199
-113,-9,-10,-11758,-6383,12446
-31,-48,-79,-4581,-31874,6742
113,114,27,-6880,-12479,-4023
-55,-40,-22,-5095,-16526,-4054
45,90,-33,2790,-12548,-5747
-53,83,-27,-21,-13247,-10071
127,-27,92,-11493,22784,-12584
-19,-27,90,-7534,32735,-2927
60,-39,40,-283,32735,11323
49,34,-66,3798,-26961,13716
68,-76,123,9582,2263,-31984
-59,99,44,13025,21995,-29337
5,80,-103,8879,-32260,-32721
45,-113,66,6198,14145,-32721
38,98,-69,16187,-15269,-32721
-64,117,10,21937,15998,-32721
103,2,29,9893,-21078,30887
-98,8,15,25779,-32,-6454
69,7,117,-32641,32735,30238
13,-128,-25,23931,32735,152
109,19,26,21433,-34,-25041
-45,-115,-12,25725,29206,27181
-64,41,31,13766,-17470,32413
25,-125,104,2742,-9874,-32722
43,-106,-121,-9181,22307,-32722
-124,-26,-36,-14187,32735,-32722
55,37,60,-19957,32735,-32722
-37,-127,95,-16963,32735,-17779
72,14,-20,-15034,32136,-3746
126,-101,30,-26888,-12279,-2026
-66,62,109,-3099,-9822,14893
5,21,36,-9240,-7379,14519
-104,7,11,-12901,13113,16858
-11,37,-37,-12317,-11352,16312
E
-12,56,-105,-8913,31103,27282
82,-89,-119,-2963,-2786,-29831
48,-43,107,2088,2585,-32136
-100,-31,107,8190,-1284,-32721
-67,80,-88,15816,8239,-32721
6,57,-50,12374,8705,-32721
-5,-72,-119,17132,11588,-32721
21,-29,-37,-24900,-25403,-32721
67,-20,-123,18848,21887,-32721
75,-125,-9,4133,-9823,-32721
-55,-27,64,-15272,17930,29282
127,31,59,-30303,30250,-31216
26,88,54,-26965,11720,29066
19,-118,13,-32733,-33,-32721
-41,91,-4,31270,16811,-32721
72,-7,-23,13722,-18447,-29298
72,-102,-26,15483,-23482,-25630
6,53,57,13113,-13921,-26754
-108,88,123,16347,857,-21914
-24,-75,17,12630,-3623,-20505
-86,-46,124,9264,-1230,-13047
50,-103,-102,8140,11453,-4596
-78,47,-118,3465,-13475,-8714
105,112,9,-37,-14911,-2267
-49,33,44,3676,-15377,-1619
-94,-37,18,521,23487,405
-69,-23,100,-11325,32736,-3981
-29,39,20,30753,32736,-17596
-68,-113,45,-18521,3394,-25193
112,-65,-86,-10824,-22118,-26814
-115,-73,127,-18269,-11978,-22953
60,58,-93,-20227,-30495,-17628
-21,-5,89,-18828,-24629,-12803
110,92,-91,-10619,-19326,-5546
-2,-59,-1,-3258,-18635,-1267
113,3,-44,441,-16046,7341
71,-23,-102,3598,-6533,15914
1,118,115,11199,-3754,27394
-20,21,92,13931,6778,-31698
-101,-61,-101,18066,5789,-31292
E
-75,67,-88,19965,14340,-32720
-49,-81,-114,17661,6702,-32720
-94,-93,-65,20795,11994,-32720
-123,-55,84,20094,15612,-32720
-23,-36,62,-30879,3830,-32720
89,76,-66,-32013,-23358,-32720
-62,25,-115,19472,1075,-13204
43,-1,-62,16760,32736,18602
-58,20,-72,18401,-17324,-30828
43,14,-105,-25644,-5191,31829
-95,-34,90,13845,26143,-32720
-115,47,-88,-940,-7589,-32720
56,94,-52,10304,11922,-32720
6,-67,-44,-6492,31008,-32720
106,117,7,-7681,29016,-32720
-82,-88,61,-17660,32093,-32720
-98,91,-39,-16986,32736,-28886
-14,48,-128,-13701,-31715,-18372
-97,77,82,-11930,5071,-4596
114,31,49,-11640,-20556,-8860
9,-56,-87,-14825,1471,6853
-89,1,-4,-4166,-7530,4774
45,-23,-91,-10690,-8135,17125
-91,116,67,-7965,4455,22501
47,16,38,-13157,-21819,-26017
-118,-30,-50,8170,2707,-32685
121,-41,-2,-4293,25838,-32718
-12,-83,36,1087,-16097,-32718
-34,5,-56,4557,-30469,-32718
-34,-18,-7,11837,-4032,-32718
-20,-32,76,27944,-6023,-32718
-123,100,93,19506,16576,-32718
-79,-123,-46,21072,-6745,-32718
25,-119,72,-26719,-7251,14282
43,-64,-108,17603,19023,15127
-48,127,-76,4966,4296,29852
-81,27,126,-21761,13098,-32718
-72,-120,-58,31225,2688,-32718
-73,105,-101,8062,-12751,-32718
70,83,-35,10065,-413,-32718
E
115,-123,-17,14536,3383,-30418
-35,15,-62,12912,-11176,-22714
-69,-38,1,5219,-19505,-19209
-35,-21,-97,5075,-4515,-10386
-95,0,71,1354,5561,-2840
104,25,113,-4202,-1881,899
83,-7,-125,-3534,-4459,867
-33,74,2,4077,-7231,6825
-36,35,-5,7492,-7294,7581
-44,-80,-15,16860,-12714,7748
-25,81,127,4087,-2529,-503
59,-17,-89,-23574,-28915,-11511
120,-1,2,-25269,-6062,-15979
1,-94,91,-25010,-14916,-19927
38,-128,19,-22427,-13108,-25997
-18,68,-52,-21755,-14893,-18967
-8,80,75,-17012,-18634,-23636
117,41,6,-13013,-25052,-14690
103,31,7,-8500,-16358,-9838
96,45,75,-3394,-5451,-2878
84,115,-32,367,-17259,8203
-109,114,48,1880,-17726,12607
-80,14,-79,6585,-7050,24747
-45,-26,-16,9933,-7490,28954
-12,-114,-38,16940,-5991,-29238
-5,85,45,19278,-2923,-32716
113,-81,107,22055,-554,-32716
60,-87,1,24412,2142,-32716
-107,101,-117,-28305,25981,-32716
40,-70,56,-32587,23189,-32716
57,45,-105,-32727,-192,-32716
104,42,34,2599,12842,4779
-21,-105,-34,207,32733,1026
4,54,-82,31633,-36,-19823
-108,-53,28,31601,23798,-32553
102,-66,58,10748,-6179,29216
-65,-82,-109,2792,902,-32716
-115,67,-124,5738,12628,-32716
36,4,-51,-1573,-22551,-32716
100,-24,83,-7121,-21857,-32716
E
-75,-13,39,-13960,-20252,-32716
125,-86,20,-12861,-25255,-32716
17,65,-120,-15326,-26780,-32716
65,-15,43,-17774,-23178,-25648
-117,122,44,-20375,28333,-10281
71,-85,106,-21029,-29357,-1944
-45,-86,-55,-12486,10473,8680
-21,32,108,-14737,-2516,19422
26,-39,-115,-12183,20799,27092
110,3,48,-15061,-4153,-31069
-55,96,-78,-4753,15557,-31589
0,-45,-117,15310,13131,-32715
38,-101,84,-1077,-27647,-32715
54,-65,52,2355,7407,-32715
90,97,-44,7873,1501,-32715
-112,77,48,-19310,-25756,-32715
-108,-103,-39,-32728,-7939,-32715
-47,-21,87,-32728,31700,17942
14,66,-116,3370,22155,-18761
79,1,14,7403,32733,-30252
104,-128,34,23926,-21743,2
92,6,63,-25855,-3722,26599
37,-127,-74,-32728,-4818,30653
-107,4,-15,11775,-3581,-26073
-100,-73,-109,12292,-13447,-29137
-90,-39,-119,6310,7531,-16532
-3,-115,-17,5824,-3194,-14694
-95,-25,-123,1150,-28511,-13125
61,1,21,-1656,8977,-4284
64,-43,28,-2198,87,-6341
5,78,30,-1916,-8894,-10831
-118,-24,11,5370,-31988,-12668
-17,-119,-56,9145,-25646,-7926
-11,-100,122,-5347,28767,-12188
-61,-21,4,-5092,-31810,-23178
101,-43,-80,-7635,-15849,-25146
-34,-21,-76,-13275,-24383,-26709
-45,35,65,-21476,28006,-18484
-54,-7,70,-22510,-23976,-15549
-8,-76,-117,-23457,-10192,-6428
E
82,4,24,-19339,-13850,760
5,82,58,-15049,-17537,-4267
-54,-110,-52,-414,6894,13982
-89,-105,74,-815,4351,10778
-73,-20,-121,1656,-16192,18810
21,84,-79,3740,-8431,22002
-48,33,-59,10329,-3914,29872
92,-52,-104,17778,6387,-29583
110,-16,20,17607,-988,-32713
9,14,-104,14915,4613,-32713
23,56,-19,17054,-8848,-32713
45,91,-24,32343,-5764,-32713
49,31,-92,-29861,1786,-32713
12,61,-24,-32729,-16123,-32713
92,-32,64,17627,-28696,-3927
-91,-29,65,-2788,20441,28049
62,84,109,-21483,-37,27576
73,-94,-43,31951,32732,-31612
10,64,-106,951,-35,32456
26,-87,-52,-820,32732,-32713
-89,57,-90,-1027,16588,-32713
78,-46,123,-1234,-464,-32713
-20,95,16,-6323,-29085,-32713
-128,-81,97,-13332,26069,-32713
-34,6,-4,-16861,32731,-32713
-16,111,12,-17482,-31882,-31295
23,70,80,-20957,-22511,-26315
-108,14,-32,-23840,29198,-13035
125,2,-31,3391,-15506,3956
7,106,41,-5508,-13296,1600
-69,107,-120,-15150,-13173,14246
35,84,5,-6045,-1702,28635
-13,-103,8,-5410,839,30936
-59,81,76,16448,22118,-30319
78,-3,69,-20167,12766,-32711
-58,18,34,19782,-11845,-32711
80,51,-30,17634,-15044,-32711
121,120,105,31700,29242,-32711
-60,-54,103,23129,32008,-32711
-78,87,-83,17731,30472,-32711
E
115,-115,-45,15464,18882,-32711
-24,55,3,-12398,25958,-32711
20,-107,-31,-12710,3969,23904
-57,-8,18,9185,32732,-31353
17,-126,57,-18170,23406,-10008
4,-110,-13,-32618,18021,27320
-75,-87,120,-32730,-27156,-30407
39,104,40,25877,30876,31442
-108,30,-13,20413,-17333,-32712
-44,74,123,4710,15039,-22405
-105,96,-50,8244,8636,-21063
51,93,-60,5222,-7149,-19520
-105,18,-92,1981,-3461,-15159
-12,-58,-19,991,5260,-12525
-74,-32,34,459,-4295,-11035
91,18,29,-3388,-19472,-9468
108,63,67,-1660,30513,-3811
95,26,-42,-1444,30281,-4363
36,-43,-48,-4607,32731,-8276
-43,-99,68,-8022,32731,-14604
28,39,66,-3081,-32682,27677
-123,-16,-33,2824,32690,31110
70,35,-4,-20319,32731,-24855
-108,-62,24,-26553,-465,-4367
29,77,49,31369,5273,935
-42,-64,90,-26555,-7101,-7086
-60,104,120,-21369,-15010,-1
-25,10,0,-19672,-8704,4296
-46,62,2,-12789,-9634,9578
77,-102,-66,-8868,2358,17467
67,-108,-34,-5071,6217,19646
70,116,-16,-858,4566,28211
40,95,-1,2086,646,-32637
-88,85,-84,11295,14064,-31383
-63,-102,-68,9746,14323,-32708
90,34,-20,10317,-1220,-32708
-127,20,-26,11663,3133,-32708
7,7,-92,21945,6507,-32708
-50,4,-94,20939,19820,-32708
-33,-68,66,9463,-2384,28307
E
-99,-57,78,12925,16507,11250
127,-123,124,-30865,14381,-30001
-93,27,-97,21423,22444,-11955
93,16,65,19801,-22213,22824
-17,-110,-65,26612,-6432,-32708
13,2,-25,7863,22631,-32708
98,118,34,21840,9493,-32708
91,100,-81,-18348,10533,-32708
89,-100,27,-21318,-29968,-32708
3,-28,-54,-23249,31786,-32708
-24,14,81,-26427,32731,-19839
-48,-65,-73,-23782,-26923,-16340
90,4,57,-18774,2477,-6478
-119,-16,-10,-16794,21057,200
-80,-88,-119,-21238,7128,10345
13,-74,-67,-8767,26479,16619
-50,-6,59,-3883,-29295,19262
-57,121,-85,-356,32146,22228
-27,48,-20,26524,-28473,29734
101,-115,5,12321,30325,-29627
-117,-103,-16,-27085,8721,-32706
112,-61,101,28467,-5322,-32706
-59,-117,105,27348,-912,-32706
18,-107,30,-30287,30179,-32706
-51,7,43,-32730,-26106,-32706
19,-104,102,1322,-36,-32706
77,58,-103,15832,32731,23533
-22,-54,86,18089,6788,-25037
116,89,-6,28597,-13235,-22960
55,123,42,-28674,-308,25742
74,-118,-58,-32729,-7396,32727
-89,-110,2,19148,-15028,-27694
41,78,-4,15433,-8849,-26085
-70,-50,26,13065,4270,-22198
-99,44,-35,10997,-7263,-18144
70,-89,-104,7190,-3350,-14057
-74,0,-127,6393,-346,-12919
78,88,-109,1802,-9933,-14016
107,-98,41,709,-8404,-14128
115,-34,-45,-1382,-20400,-17937
E
-12,-37,-98,-5249,28061,-15035
-108,-116,-100,11623,-18576,-12421
-91,-83,26,-23374,29666,-25051
91,78,100,-11268,-32356,-26587
-73,127,-14,-4044,-26011,-19734
-106,73,55,-5766,-15764,-24068
-127,-91,38,6558,-20616,-13430
74,-54,1,-439,-19480,-11740
82,81,-76,-16733,-23030,-1132
62,87,-114,-15557,-22197,995
1,0,84,-18009,461,10649
47,-37,77,-10522,-4866,13196
-90,-28,4,-12453,-549,22313
103,-69,-78,-11900,1538,22468
-116,-82,59,412,15213,-26868
-16,88,62,4003,8355,-32702
-36,-53,59,906,16769,-32702
122,-36,95,1726,5338,-32702
-39,-103,59,4810,-8198,-32702
111,100,99,12794,6513,-32702
-118,-92,105,22980,18217,-32702
-79,125,18,27180,-27607,-32702
70,-6,82,24672,26450,-32702
-7,60,36,21243,-28386,19290
94,-46,-6,-1327,11340,-8251
-48,-39,95,-27053,16597,-26599
40,-87,90,-30243,-10615,24943
-120,-41,124,19853,27523,-32703
31,-51,-24,9586,628,-32703
-64,-13,-123,11563,-21734,-32703
-126,107,116,-6503,24433,-32703
-60,123,50,-15905,32729,-32703
112,-98,32,-21403,32729,-32703
2,-93,125,-8592,-5661,3335
-109,116,-6,-21555,8242,11900
-83,39,56,-15257,-16739,-16688
122,-32,-17,-22161,-38,302
124,-55,100,-19820,32729,3017
-12,-11,-109,-6062,25987,25614
55,-115,86,-10383,-25325,24651
E
119,118,2,-7993,-14709,-31364
100,83,13,-956,1583,-31382
-111,-124,-2,2644,-18908,-32701
-91,104,82,-105,975,-32701
69,-92,10,-5631,18315,-32701
124,64,-25,19187,-246,-32701
-82,-23,91,-31901,18957,-32701
-11,28,-25,-29459,-28972,-32701
-48,-76,78,-32726,-8278,-32701
73,-112,40,-13978,27960,23008
-58,97,6,-13531,1549,10077
-57,68,-43,-31351,-27596,-26802
-25,-39,-85,-26302,-23625,30120
60,54,-28,-32725,32727,-32702
-12,-25,-97,32688,-40,-32702
-95,85,42,17219,-7358,-32702
-45,-76,-26,17719,19458,-23190
-47,-125,60,13491,-2412,-26986
9,48,29,693,-30607,-21773
10,60,8,5967,-4356,-14853
-26,58,-25,1375,-17441,-21072
-68,-53,80,417,-30573,-19493
100,-109,33,690,31574,-17287
-14,6,-7,-7435,31864,-21890
89,-10,-33,-14034,32727,-23453
-89,57,-27,-7462,-24701,-23662
-7,125,22,-18869,-23677,-19044
125,6,51,-15813,-14777,-15530
-115,-99,107,-12374,-12871,-12484
55,46,-121,-5969,-21302,-3882
79,-34,-42,-2946,-16567,-1433
-71,-22,70,-828,-15933,2695
97,-30,0,2918,-10701,13305
77,-72,-14,3646,-8201,16442
95,-1,-64,10338,4642,30328
2,-4,37,9513,5752,28870
-65,1,24,12552,3164,-30052
-125,63,111,12837,1065,-32699
17,101,72,10686,3733,-32699
75,102,-100,10653,4926,-32699
E
77,-49,126,13316,31811,-32699
77,-11,62,8202,1155,-32699
-112,-123,82,24883,-7595,-32699
13,-45,-39,17910,-15296,-32699
3,-104,-115,28712,-21266,4727
117,90,-122,-28979,20043,-23412
65,-121,-127,28081,32036,24208
-43,-33,-75,31512,-2956,32082
-57,35,-39,21817,-15804,-32699
84,5,102,3928,-17237,-32699
56,-54,-113,12266,24545,-32699
-14,-121,58,-16309,32729,-32699
-10,-50,-5,-29460,32729,-32699
-100,-19,-42,-28593,32729,-32699
-68,15,3,-23384,-14348,-9776
124,-4,26,-24705,9982,-9177
-125,-85,-95,-20892,-9399,-10669
89,-42,5,-28837,-9303,4842
57,6,32,-10762,3030,3475
-58,-83,-13,-4662,-27014,11181
81,-39,-3,-5498,-4845,19404
44,-41,-114,-1352,2075,27636
64,-119,-50,2821,-15564,-31325
20,9,-94,22072,-2256,-31620
-88,-23,5,7152,-14762,-32695
-10,-71,102,9159,23136,-32695
0,-111,-31,-4084,3311,-32695
-11,-88,-69,-4750,-1545,-32695
-125,68,-53,9398,20874,-32695
-55,-7,117,-4230,11973,-32695
-102,2,108,26572,25543,-32695
76,82,-88,3875,27537,25354
-74,23,-91,14378,-3825,-16860
-102,120,81,-22505,-9698,24754
-87,-3,-47,-32723,5161,-22468
-87,43,-84,12707,-25572,-24248
-87,120,23,11295,-16136,-25251
94,-123,-122,3682,14892,-18034
68,14,14,1718,-4284,-28423
118,-49,78,3940,5491,-26216
E
90,101,71,2845,-15440,-24917
115,-61,25,3926,-6989,-24823
29,93,69,1969,28375,-20082
-99,37,20,2799,30005,-23123
102,115,-90,-431,32732,-27334
-80,-17,-94,-4190,-25077,31089
-68,-45,-51,-23507,-29515,32273
64,-79,-44,-24432,30778,-29773
33,-105,-114,-20568,-8071,-11575
63,-94,-101,-18328,10231,-1689
12,68,-40,-17771,-992,-5136
-73,-3,-96,-15246,-3184,-838
-29,-95,-105,-14110,-3126,2239
94,-41,-123,-10601,-7094,9775
-73,112,51,-9305,-3923,13746
-6,-128,122,-6037,3449,16416
-108,50,69,-3996,4727,18591
-40,-14,42,1383,-13546,25586
-28,79,61,3772,-14084,27817
-7,99,-22,10084,5425,-29347
-25,87,-24,11265,3201,-32692
107,-54,88,12778,10590,-32692
-112,-63,63,12561,9893,-32692
87,26,-111,13662,13228,-32692
-86,-67,118,-3126,18271,-32692
-82,36,126,6172,-21896,25740
39,62,-78,17076,20942,-10027
-100,97,-44,-22822,-714,-20341
85,1,-103,-32722,32580,22831
-39,66,-62,-32722,3845,-32692
-91,7,-116,20806,-17395,-32692
63,22,-35,11451,-13756,-32692
39,52,86,-154,23186,-32692
-22,70,110,-9154,32734,-32692
-63,-28,69,-27316,32734,-32692
-119,37,27,30619,32734,-32692
5,41,29,-26818,-8302,-14479
39,54,-57,-22270,6276,-3606
-87,119,78,-24760,3726,-6552
120,11,100,-22783,-8753,3355
E
82,-70,-83,-20080,-7767,3150
-124,53,39,-7861,-20237,10046
-53,29,-48,-8107,-17976,13787
-111,-19,-4,1492,-692,31424
81,-67,-32,1158,-614,28380
94,23,-113,11658,9767,-29868
-81,-43,6,10178,3449,-32691
-106,-19,-36,6380,11318,-32691
70,56,87,611,17489,-32691
-119,80,-89,-12157,-5313,-32691
-81,83,-112,-5619,20462,-32691
-1,111,-107,-31241,-8719,-32691
77,46,68,32182,12550,-32691
-35,-114,57,-11960,14763,23546
-125,-35,-17,24580,32734,18141
76,77,-12,-8913,-35,27857
-123,-14,-64,-30723,32734,-32691
-108,96,-127,27230,17930,-32691
-24,-1,38,11584,26747,-32691
66,14,-93,15720,21574,-32691
-43,66,26,8896,4598,-31951
-82,122,85,6732,-3519,-27793
-40,89,55,2801,-9344,-24378
34,71,92,3604,-10428,-22987
87,77,60,-1513,-8340,-20495
117,29,21,-5087,-16393,-10381
-16,-45,11,-13664,-26334,-9372
33,-69,-29,-13953,-24336,-677
-13,-76,-24,-9128,-29722,4520
115,37,-14,4346,6459,-5831
4,-75,45,-2746,-10946,-7200
123,102,-107,-11553,-17182,-13917
-82,77,87,-5187,628,-20083
103,79,106,-12299,-3965,-23311
74,21,125,-18875,-29984,-19395
96,114,-84,-17088,-23684,-16834
17,-68,30,-19446,-12599,-7227
-25,18,51,-23795,1362,-4320
-19,73,39,-19078,1614,-453
68,-67,-60,-10438,-47,-3772
E
119,54,-110,-9422,-6112,4308
-30,-22,0,-1554,-11834,18693
-128,-12,-63,4372,-5873,22181
2,53,127,13851,2620,-31082
21,58,-108,13579,756,-30936
-92,-67,126,19823,1448,-32686
-96,-70,-105,16701,-390,-32686
-51,-30,-79,8370,-1976,-32686
127,-26,-14,17147,-16884,-32686
32,-123,-1,-23905,-13646,-32686
35,101,110,-6692,-31785,-32686
-46,-47,-69,13432,-33,18415
102,75,67,23284,32734,-17517
16,-97,-42,-32429,-3388,-12687
125,-80,-102,21027,-26885,21392
122,-11,-124,11582,5649,-32686
-113,14,-28,5145,27269,-32686
-117,31,-114,-5051,-15539,-32686
-108,-60,42,-13270,-30464,-32686
63,70,-30,-25961,31163,-32686
65,9,-93,-27752,-32479,-32686
-101,23,126,-22818,-14053,-32686
63,-29,108,-22626,-1057,-21899
-7,-126,73,-26717,-21674,-18417
77,-111,10,-20026,-3477,-1765
33,19,-61,-18174,11201,2680
-47,60,-56,-18927,3693,165
90,-31,-103,-889,-2633,15571
59,14,-48,-3142,-10547,17081
18,64,-123,10762,19916,16089
86,-50,-2,18730,-15060,26383
22,61,118,15056,-27583,-27664
49,106,-60,10710,5514,-32684
-1,60,44,15327,13855,-32684
111,-111,-51,13934,-966,-32684
39,36,97,17575,-28625,-32684
93,-78,-70,11837,22050,-32684
-42,100,-122,9581,-21009,-32684
47,-55,-120,16636,-29684,-32684
-115,35,-99,-23671,-7442,-32684
E
-28,34,48,-32724,-24004,-32684
90,-16,-104,-16526,26378,-22491
-88,124,48,10291,-35,18532
-14,-94,113,25784,18859,-32684
-102,63,-9,21328,-20444,-32684
-76,21,-31,16130,-5539,-32684
108,124,-21,3551,-9291,-32684
116,9,-54,4033,5008,-30929
104,-73,-23,5451,-6080,-29820
66,127,58,-3097,-14708,-23085
81,91,69,-2090,-13818,-20638
10,119,-8,-2975,-6593,-18361
-85,-97,-43,-3668,-3254,-10434
42,100,84,-5450,-13250,-7280
-115,-36,-20,3993,2496,-1684
-83,-111,127,-12200,-13204,-11399
0,-23,119,-7128,28514,32724
69,-126,102,-1522,-12908,-22514
90,-110,-78,-12546,-21659,-23319
-71,123,-89,-14591,27267,-19292
-8,-23,-116,-15425,-24219,-12459
54,28,89,-13733,-18257,-1812
-57,94,16,-10188,-14845,2956
-102,-89,-96,-2582,-9924,10419
-71,-104,-126,-781,-7030,14674
22,64,38,5356,3452,31674
40,-119,37,6035,976,32385
-86,-126,77,10324,-2029,-31238
50,-47,22,18207,-7282,-32680
126,-23,3,20222,-7957,-32680
12,-39,-18,22968,-3346,-32680
96,110,-70,25614,-19179,-32680
116,-9,-12,11540,1533,-32680
-35,95,-58,24007,28688,-32680
-108,-125,-19,26971,6903,7071
30,90,-16,24554,17525,12997
-37,-85,-103,23581,12840,31419
-3,114,-21,11605,1600,-32680
-39,75,-93,3151,2785,-32680
-59,66,75,-9233,-15762,-32680
E
-39,-34,-27,-14720,-11059,-32680
-68,89,41,-28262,-29340,-32680
42,-75,-125,-29656,-26461,-32680
14,41,125,-22517,-17561,-31643
16,67,96,-22235,-14397,-26842
50,-21,9,-22720,-3160,-9129
-105,-85,77,-21032,-22250,-7445
-61,61,-106,-27466,-9369,1477
-126,-98,-120,-27722,-3635,870
38,34,-15,5612,-14964,13371
9,45,71,3857,-10804,11596
-84,-25,17,18247,-23147,24304
119,48,-75,21335,25921,28465
71,44,49,2564,32733,12238
-1,25,23,-25245,-32228,-24589
-73,-18,-31,20094,12023,-32678
-73,-4,-72,22696,20657,-32678
25,105,0,32495,-25285,-32678
-53,2,-63,-8470,28842,-32678
102,-54,55,-14804,-11089,-32678
-120,-28,-122,-1694,30535,-32678
-53,-103,44,8584,30810,11805
51,0,80,15064,31648,-2059
127,4,-1,28646,32732,-29996
-46,-1,21,29980,11566,28146
-40,-76,36,23837,3303,-28053
51,109,-84,14749,5887,-24430
19,14,-75,-2235,2163,-23884
14,119,98,1977,4483,-22733
46,28,4,3817,3031,-24707
-117,-115,108,1035,315,-25711
-107,65,110,-3050,-8187,32149
98,-57,50,194,2880,-32338
97,78,17,-257,4223,32408
-50,73,69,-1661,-3711,-32679
-63,107,92,-1909,-6938,-28788
37,-7,88,-3807,-7260,-27302
-45,-24,-95,-5981,-9599,-23783
45,38,108,-3364,-299,-23003
-3,108,-70,-3944,-5508,-24421
E
-62,-74,-37,-3066,-11958,-22071
27,80,-20,-20127,-18959,-30152
85,72,53,-16629,-21821,-28423
-61,91,29,-10372,-20497,-24999
68,43,115,-18557,-20308,-9187
-83,-122,-60,-15161,-3739,-1497
-92,-116,110,-10198,-15573,5938
49,19,-37,-3103,-16755,8105
5,29,61,4124,-9104,9541
-82,20,-23,10687,-4177,13638
-91,107,80,17861,-1906,29216
-44,83,-28,19720,9332,32483
-25,113,-104,18809,11090,-30982
-31,92,-26,20450,-3647,-32677
-45,-71,-44,18702,-3770,-32677
-36,30,-11,24545,-9821,-32677
-98,-16,41,-31851,-18353,-32677
19,-25,30,24596,19834,-32677
-62,52,-14,9573,19910,4072
82,18,32,-2337,30149,-27041
22,-64,17,32233,-38,-10767
59,-79,-120,6970,-25196,31834
125,-62,104,-2855,-13546,32710
74,-66,-72,-3668,24526,31855
-101,-128,-108,-9811,9715,-32678
127,116,-34,-22611,-17468,-32678
-31,-57,63,32458,20368,-32678
-74,-25,-50,-17134,-776,-32678
-83,77,-84,26807,210,-31496
120,21,-22,-26761,-4710,32464
80,6,65,-23978,-3834,-14625
35,-59,-12,-25530,-16358,-16144
76,-105,20,-7418,19091,-12590
-26,-16,-64,-5890,24408,-10755
-24,0,-96,-18700,-8822,14462
-35,120,69,-3607,-22845,-2818
-106,73,-96,4432,-18566,13038
121,-79,-83,-5512,-13636,13250
-44,124,-67,16575,-29736,32014
-49,48,67,28167,-3414,-28872
E
98,12,-71,6176,-25949,-32675
57,-109,-7,26543,-9660,-32675
-23,46,82,18841,-19483,-32675
116,89,-68,4362,-2349,-32675
33,-91,-56,-24406,31985,-32675
116,70,0,-31606,1663,-32675
-52,99,-4,-32722,-13124,-32675
-45,-95,85,-10643,-35,3179
67,49,69,-8684,32732,5067
-35,-65,-4,-14061,-37,12656
-99,114,54,22242,124,-31858
-3,-122,50,22563,20615,-23724
25,-93,-88,10549,8676,-26131
126,-127,16,6979,8580,-20280
30,82,125,1561,-15805,-24407
112,45,-79,-504,8343,-24383
114,-7,113,-2687,17078,-20351
37,71,120,1364,86,-21147
-108,-41,-99,4118,-5414,-24144
-106,-3,97,-4477,-17428,-17797
-59,22,70,6550,-27900,-13379
0,13,15,-2991,-12256,-13108
41,60,-123,651,5636,-13275
-40,42,77,705,2338,-8319
-98,30,19,-1174,700,-1610
126,-88,1,3102,-22057,-3101
101,-87,55,5243,-32340,-9686
-33,12,96,10067,-441,-1888
-23,44,-70,6358,-13670,-6428
-20,43,70,12217,8788,-15910
-24,29,95,9844,-808,-14225
-52,-18,-86,439,29360,-16401
71,75,-67,-2802,-17824,-27286
94,115,-39,-1644,-5619,-18597
69,-56,-7,-5552,-13417,-22265
39,-111,28,-6510,-14553,-16134
-85,2,93,-13936,29840,-4807
-97,116,-47,-11544,31775,-4832
67,116,-49,-16334,-17363,9243
-42,-66,-61,-15818,5907,9037
E
24,-75,78,-30403,-4456,11315
-121,-11,-78,-4384,-19262,16653
124,-85,7,-9670,-19643,22772
-125,34,92,19062,-10760,15743
5,-12,-48,6164,19110,24564
-108,51,36,13248,-8201,26298
-3,79,-12,19525,-2455,31231
-115,-88,-9,-28554,-15953,-30797
114,26,-59,29359,-28155,-32670
-86,38,14,28816,-15315,-32670
-118,-59,13,-30862,10383,-32670
-73,63,85,-32721,26974,-32670
16,-92,108,-32721,-26406,22402
123,66,-32,16270,22259,-27932
-63,-53,22,9236,27324,32564
36,61,-114,-14262,-26985,29187
0,-57,37,5396,-2200,-32670
-76,77,-69,-18259,72,-32670
37,124,-51,-14232,13754,-32670
-60,62,-82,-22289,-26901,-32670
-72,105,-115,-18021,-5423,-32670
-54,99,-115,-22202,-30364,-32670
-115,13,-120,-17522,-17838,-28926
-106,-118,-29,-15629,-17327,-9610
106,86,-100,-11067,-8198,-1785
-25,-54,99,-4853,-7591,1973
-108,-57,56,1617,-7843,6725
18,-103,40,5252,-31731,16792
-1,-73,82,12537,2995,28092
22,-97,94,13158,-853,31665
-127,101,48,18130,7934,-30610
116,75,-96,17718,9000,-32668
-74,50,-58,15268,1950,-32668
99,123,96,12265,-11069,-32668
120,-125,-3,28135,-5067,-32668
-89,-25,-120,-27936,-27848,-32668
68,102,-57,26482,8091,-32668
120,-88,115,-1582,-12235,23533
89,32,-80,16312,28630,10499
112,116,-75,-23162,24860,-27087
E
26,24,114,32092,22933,30198
-60,-51,32,19994,-11868,-32668
-79,13,70,7911,-2216,-30889
49,-60,122,9873,20593,-27342
92,-105,16,8590,4475,-20878
86,-60,106,11516,3194,-21434
-56,85,-13,13607,-2405,-20957
-32,45,-34,11453,-5147,-22379
-79,-105,-29,9739,3057,-16220
89,-85,86,7845,-3398,-8417
-66,71,-68,6562,-1636,-2163
-36,-21,63,9740,13115,-230
-2,95,70,9205,1672,3269
-18,-15,60,6480,904,5373
