(-20, 125, 99, 12, 1160, 1161)
(-2, -115, 83, -568, 2101, 2653)
(57, -61, 23, -1130, 2365, 3637)
(115, -11, -7, -1278, 2258, 4262)
(-46, 60, -45, -1236, 1914, 3755)
(-11, 84, -59, -288, 1980, 2119)
(18, 85, -97, 289, 1981, 975)
(28, 71, -107, -921, 1383, 1104)
(61, 50, -123, -182, 2226, 693)
(45, -63, -106, -4110, 3638, 646)
(-30, -102, 86, -2620, 4359, 1933)
(30, -113, 103, -749, 4657, 2451)
(61, -127, 82, 416, 2659, 3506)
(-128, 119, 80, -1819, 2604, 2475)
(-111, 120, 101, -2164, 1919, 1821)
(-106, -93, 109, -1894, -777, 663)
(119, -23, 65, 1407, -3713, -4385)
(-16, -71, -99, 1771, -5121, -14426)
(-25, 79, 91, -11067, -10278, -28216)
(23, 74, 117, -12898, -11824, 27859)
(117, 70, -86, 4139, -25824, -32551)
(-35, -94, -100, 31971, 28578, -32551)
(25, -64, 44, -1044, 31670, -32551)
(-70, 47, 96, -12981, 32439, -32551)
(-75, -87, -93, -22112, 32439, -30604)
(82, -24, 10, -31129, 32439, 969)
(92, 123, -19, -22218, 32439, 4284)
(47, 112, 122, -11947, -838, 91)
(14, 73, 6, -8818, 2887, 6130)
(-13, 34, 117, -7076, 13241, 7949)
(-107, 96, -60, 419, 14423, 13032)
(89, 104, -79, -1076, 27922, 16522)
(18, -8, 119, -7383, 30574, 16453)
(62, -108, -65, 9371, 31445, 20957)
(-99, 62, 18, -7424, -32019, 19770)
(89, 4, 46, -13261, 32439, 23523)
(-88, -46, -107, -14190, 32439, 15096)
(64, -58, -104, 12565, 28327, 17940)
(-77, -72, 34, 31994, 16650, 27293)
(-126, -33, -21, 7188, 11387, 26555)
(19, 42, 83, 13871, 7862, 27023)
(19, -122, 91, -4194, 21273, 25411)
(-31, -109, -97, 10447, 25072, 25011)
(48, 19, 111, 18712, 21662, 24083)
(106, -34, -78, 10352, 21501, 21066)
(-55, 36, 32, -935, 17, 5773)
(-80, -65, -14, 12821, 2572, 1434)
(-48, -39, -72, 7471, 1043, 128)
(-89, -23, -127, 1896, -1743, -2888)
(94, -52, -123, 1565, -3577, -2607)
(39, -69, 64, 934, -3601, -4887)
(-64, -48, 99, -7758, -2750, -3456)
(-117, -57, -87, -6117, -1698, -2642)
(37, -42, -15, -7211, -3541, -4255)
(-34, -50, 67, -9179, -2840, -5757)
(98, 114, -77, -7118, -4429, -9943)
(71, 9, -56, -5688, -8300, -12313)
(-68, 61, 20, -4891, -10749, -16189)
(-70, -63, 10, -18750, -20374, -18579)
(2, 69, 25, 6860, -17672, -19590)
(-43, 28, -58, -11455, -15783, -22461)
(-80, -124, -65, 2826, -18824, -23080)
(-44, -88, 73, 6885, -18164, -20859)
(40, -102, -55, 6007, -21321, -22416)
(8, 32, -99, 4348, -23429, -21989)
(127, -99, -33, 2638, -24727, -22840)
(94, 104, 77, -2499, -23353, -22850)
(-9, 20, 34, 10225, 27899, -19415)
(77, 28, -91, 6501, -31504, -16246)
(-123, -113, -108, -10995, -23998, -8805)
(-14, 88, -55, -7316, -11590, -7966)
(-39, -85, -18, -374, -4679, -901)
(91, 15, -59, -8306, 2404, 2087)
(12, -20, -43, -6724, 4785, 6464)
(14, 123, -5, -2658, 8602, 8091)
(-113, -41, -79, -9251, 15684, 13383)
(-99, 85, -119, -6998, 13290, 16184)
(-54, -114, 125, -14387, 19309, 23397)
(-113, -106, -118, -19994, 16744, 20413)
(14, 21, -61, 1338, 19489, 28392)
(-97, -91, -49, -12514, 19173, 28701)
(81, -16, 61, -2959, 13458, 31575)
(-6, 11, -41, -14332, 13225, 32727)
(45, -21, 30, -3843, -69, 28401)
(-113, -8, 50, 4513, 8965, 30547)
(-92, -117, 62, 2399, 5183, 25905)
(-25, 37, -109, 7566, 6712, 27288)
(66, 37, -115, 10446, 9546, 23960)
(-113, 18, 5, 9014, 10069, 23248)
(-66, -118, 51, 5655, 10938, 19892)
(-44, 88, 119, -415, 7368, 18302)
(108, 63, 74, 3228, 7171, 11921)
(-7, 87, -117, 1723, 9039, 7119)
(89, 105, -52, 7610, 3575, 512)
(81, 25, -39, 6940, 1474, 1445)
(82, -35, -26, 981, -2514, 695)
(33, -45, -48, -3166, -3011, -1441)
(9, 0, -78, -4191, -1561, -3295)
(-32, 76, -97, -1024, 995, -5486)
(-36, -127, -88, -3997, 2140, -5736)
(124, 114, -44, -9555, -600, -13346)
(-75, -4, -9, -3984, -1584, -13492)
(127, 8, 16, -5383, -5422, -16356)
(-86, -73, 109, -8062, -10574, -25375)
(2, -28, 4, -18082, -13710, -31734)
(105, 110, -25, 2569, -18866, 30940)
(-38, -24, -38, 84, 31141, -32555)
(3, 76, -117, 11944, -32563, -32555)
(-62, -127, 20, 5122, 31487, -32555)
(-115, 91, 90, 28963, 32439, -32555)
(65, -69, -101, -28394, 32439, -30021)
(90, -94, 52, -20100, -24250, -3579)
(0, -6, -100, 8411, -15370, 1405)
(-100, 90, 5, -9762, 7441, 10949)
(12, -24, -118, -12321, 17129, 11910)
(126, 15, 5, -5311, 18222, 17265)
(-5, 16, 105, -105, 20889, 24991)
(104, -2, 37, -3280, 25185, 23681)
(-114, -19, 22, -6933, 32136, 32762)
(-120, -1, 102, -2895, 25651, 30912)
(10, 20, -127, -22333, 28284, -31283)
(-93, 78, 19, -17752, 19394, -32553)
(63, 36, 112, -12706, 11816, -32553)
(114, 88, 38, -8272, 4013, -32553)
(28, 78, 65, 23317, 10342, -32553)
(44, 112, 37, 20696, 19439, -32553)
(40, 52, -57, -969, 7971, -32553)
(-16, 36, 12, -11918, 1494, 24649)
(72, 94, 84, -6437, -7364, 6260)
(111, -110, -92, 15107, -1386, -7157)
(-50, 88, 94, 26421, 8895, -6375)
(66, -16, 121, 15622, 7199, -3202)
(94, 104, -116, -2836, -337, -6728)
(-65, 100, 64, -8393, -5815, -7504)
(-88, 31, -117, -6384, -8911, -9007)
(19, 78, 38, -3480, -4689, -9213)
(102, -39, -58, -1962, -1396, -8384)
(104, 84, -69, -4551, 803, -8018)
(85, 89, -106, -9003, 1850, -6815)
(27, 29, -83, -14379, -1260, -6643)
(68, 34, -35, -5759, -6524, -7568)
(-96, 67, -67, 1834, -8083, -10488)
(-71, -115, 8, -12597, -13091, -13475)
(-38, -59, 26, -4877, -20799, -16825)
(-117, -18, -40, -9889, -15878, -16634)
(29, 54, -22, -5781, -11733, -21855)
(-6, -4, 13, 950, -22510, -19406)
(37, -1, 81, -2569, -20469, -20777)
(83, -73, -56, -5588, -23413, -22524)
(-12, -69, -23, -578, -26692, -21803)
(-12, 80, 42, 5952, -27043, -22637)
(96, -64, 42, 10928, -31245, -22767)
(75, 40, -88, -2267, -31454, -20333)
(-121, -42, -55, 10780, -31077, -20062)
(88, 44, -69, 10144, -23707, -15364)
(19, -38, -127, -7116, -13496, -7161)
(0, -69, 1, 5228, -14666, -741)
(-100, 99, -2, -6330, -686, 1891)
(77, 33, -85, -1128, 4048, 3754)
(-29, 51, 127, -4921, 7863, 5208)
(112, -31, -95, -3989, 11686, 8157)
(-98, 119, -90, -11512, 17326, 17040)
(-28, -67, 50, -21478, 13266, 24932)
(58, 72, -67, 822, 14769, 32371)
(125, -61, 112, -7622, 23568, 27390)
(-74, 121, -48, -6626, 23347, 31556)
(78, 40, -122, -16026, 20863, 31892)
(80, -77, -82, -12621, 18650, -31744)
(42, 61, 115, 1420, 16140, -32553)
(-16, 93, -45, -30700, 21793, 26744)
(106, -82, 62, 23211, 20602, 27202)
(-13, 127, 112, -3354, 16822, 20790)
(-41, 6, -25, 2116, 17100, 23382)
(30, -36, 28, 3271, 9128, 25014)
(23, -98, 67, -1297, 5635, 22368)
(62, 6, -65, 2426, 3373, 13571)
(-65, -2, -9, 6883, 2003, 9863)
(31, -63, -122, 21739, 3599, 1345)
(-4, 34, -104, 14811, 5093, -1914)
(-64, 8, 109, 1254, 3685, -2656)
(-101, 38, 80, -1018, 814, 104)
(-104, 18, 78, -8547, -5180, 664)
(-38, -73, 21, -8485, -6501, -1598)
(74, 100, -97, -6968, -2764, -3308)
(96, -98, 91, -9284, -1145, -7287)
(121, -128, -71, -15339, -5647, -14569)
(112, 96, 49, -8105, -8675, -18867)
(67, 90, 72, -4758, -17044, 24929)
(85, 89, -111, -16622, -21234, -21450)
(-110, 34, -4, 10396, 25259, 31005)
(43, -53, 8, -3606, 32434, 32406)
(-46, 123, 29, 2767, 32434, -32555)
(-67, -7, 58, 6059, 32434, -32555)
(-117, -120, 120, -27011, 32434, -32555)
(-96, -10, 78, -31337, 32434, -32555)
(-19, 87, 45, 18682, 32434, 3802)
(5, 66, -99, -2663, -12336, 2491)
(89, 19, -93, -5970, 14054, 6909)
(102, -60, -85, -2005, 3642, 21054)
(-4, -19, 30, -3790, 15209, 3478)
(15, -42, 109, -10520, 21037, 15848)
(84, 8, 69, -10935, 23350, 25967)
(36, -119, -89, -9037, 28116, 31037)
(99, -68, 84, -7683, -30820, 27137)
(98, -53, 88, -11004, 31797, -29979)
(86, -109, -106, -5951, 31340, -32482)
(29, 65, 30, -5147, 30377, 31832)
(-4, -12, 55, -19767, 14768, -32172)
(-5, 104, 108, 8657, 21347, 30624)
(75, 62, -83, 10620, 15600, 31175)
(6, 53, 109, 1300, 15575, 21878)
(-64, -64, -3, 19886, 18766, 25570)
(120, -119, 91, 14960, 13732, 25284)
(-51, 77, 25, -1998, 7706, 14434)
(-114, 40, -5, -2135, 3633, 5950)
(116, -17, -1, 7346, -889, 5280)
(108, 10, 8, 4406, 1026, -3236)
(108, 53, 3, 299, -1500, -292)
(93, 74, 6, -5743, -3800, -1088)
(116, -15, 69, -5370, -5464, -3088)
(-62, 127, 123, -7614, -5448, -3173)
(2, 54, -119, -10034, -2752, -4030)
(60, -98, 86, -11461, -3913, -6822)
(113, 67, -23, -10179, -7600, -9297)
(81, 72, 0, -8868, -10353, -11139)
(-68, 7, 85, -12747, -10427, -15353)
(-116, -84, 63, -7594, -12668, -16325)
(108, -117, -69, 3649, -15193, -19345)
(-16, -50, 108, -10973, -18967, -21579)
(-64, 87, -103, -9525, -22920, -23472)
(26, -49, -118, -1047, -20936, -24881)
(-57, -40, 127, -6931, -19872, -23583)
(30, 34, 51, -2290, -28210, -22727)
(118, 99, 18, -1489, -26941, -19885)
(47, -115, -18, -3029, -31994, -20407)
(65, 106, -122, -3038, 30955, -20814)
(126, -8, 62, 5530, -29446, -17577)
(-73, 73, -51, -3636, -24589, -16376)
(70, -107, 81, 5739, -25356, -14429)
(-17, 10, -66, -4597, -9235, -10731)
(27, -30, -33, -20886, 5878, -251)
(-118, 105, 2, 10866, -3013, 4163)
(87, -72, -54, -13593, 12025, 7764)
(6, -89, -71, -4112, 3520, 8005)
(125, 56, 83, 2998, 11764, 7239)
(-110, -126, 14, -7587, 14177, 11222)
(-69, -100, 30, -2276, 15905, 18191)
(14, -16, 12, -17920, 22962, 24752)
(-31, 97, 51, -9784, 21828, 24826)
(-40, 112, -102, 502, 31188, 29534)
(72, 87, 39, -5547, 28714, 27487)
(-26, -63, -48, -189, -31106, 32344)
(35, 123, 114, 716, 26903, 27556)
(47, 76, -65, -9217, 23648, 24706)
(53, -120, 93, -10272, 14645, 27640)
(-57, 110, -122, 638, 12784, 29372)
(-6, 23, 15, 10106, 13221, 25681)
(-66, -70, -127, 19003, 14631, 25457)
(-7, -66, -12, 24651, 16858, 26922)
(65, 94, -52, 5104, 11427, 23931)
(123, 31, 119, 918, 6849, 12853)
(-128, -111, -35, 8368, 2599, 7393)
(-90, -40, -101, 9815, -2376, 484)
(88, 38, -41, 11616, -2298, -3115)
(53, -105, -72, 7960, -135, 663)
(28, -45, -70, 1197, -1111, 758)
(-16, -45, -68, 1139, -3480, -422)
(-102, 40, -95, -8803, -5226, -6007)
(83, -23, 127, -9084, -8195, -9433)
(124, 64, -99, -7024, -10998, -12310)
(-48, 27, 13, -7990, -14492, -18526)
(-65, -7, -36, -11424, -16981, -23363)
(42, 20, -62, -3635, -21590, -26136)
(-28, -112, -16, -19775, -26265, -32544)
(16, -44, -116, -27717, 27900, 31608)
(125, -43, -81, 695, -29934, -32561)
(-33, 38, -105, 28522, -30526, -32561)
(-73, -125, -75, -2776, 31219, -31769)
(0, 44, -83, 22004, 32431, 32711)
(-88, -6, 20, 7070, -30610, -32561)
(115, 10, -13, -29393, 31600, -19544)
(98, -59, -57, 2624, -7969, -14289)
(66, -127, -110, 235, -16788, 5019)
(-30, -68, -88, -1821, 10947, 10002)
(-6, 82, -98, -2674, 9206, 9871)
(-27, 57, -27, 1774, 14401, 9795)
(3, -108, -67, -3557, 17157, 15019)
(-47, -111, 7, -7943, 17217, 23898)
(93, -91, 27, -10867, 22677, 29068)
(-49, 24, 16, -14258, 26957, -29148)
(18, -22, -26, -15716, 22584, -32561)
(-6, 49, -33, -1855, 21148, -32561)
(86, 8, 122, 5505, 21907, 29430)
(-3, -91, -55, 4284, 7001, -32267)
(71, 53, -26, 21054, 19460, 23893)
(-6, -3, 125, -5507, 7552, 26444)
(-7, -120, 46, 6330, 11815, 23643)
(49, -46, 27, 1184, 10724, 24207)
(61, 13, -115, 4970, 12190, 21220)
(-54, 32, 123, 12242, 13215, 18598)
(-72, -34, 49, 8189, 10038, 13725)
(59, -31, 65, 8921, 7624, 6178)
(60, 75, -56, 5336, 7498, 2857)
(123, -126, 117, 9184, 5874, -609)
(83, 50, 35, 13101, 4008, 1312)
(-10, 55, -103, 8899, 539, -2856)
(21, -43, -19, -3809, -1241, -3924)
(119, -15, -122, -9368, -2678, -8081)
(-21, 39, -10, 144, -4096, -10353)
(117, -117, 45, 10257, -12021, -15567)
(78, 69, -114, -9465, -11484, -31282)
(-107, 0, -68, -30715, -9678, 29346)
(107, -100, -93, -21647, -24596, -32567)
(-100, 98, 1, -17882, -30572, -32567)
(53, -11, 73, 4158, 29355, -32567)
(56, 101, 76, -2005, 32428, -32567)
(68, -37, 46, -18916, 32428, -32567)
(-61, 92, -43, 30075, 32428, -22350)
(-83, -52, 108, 18401, 32428, 9576)
(33, 52, 21, -4836, -5092, 6490)
(-6, 13, -80, -19285, 24502, 9913)
(-13, 103, 114, 3827, 2250, 25513)
(-39, -110, 27, -9286, 13684, 12075)
(17, 34, 24, -19224, 20979, 28437)
(104, 113, 61, -3921, 12944, 26347)
(98, 20, 77, -13637, 32307, -31863)
(42, 51, 48, -14348, 32254, 31600)
(-6, -36, -128, 2621, 26728, -31770)
(74, 125, -125, 18198, 29896, 23664)
(-35, -82, 24, -8994, 26972, 27764)
(-128, -70, -87, 7971, 24332, 24929)
(-52, 78, 52, 11423, 29221, 28882)
(-68, -97, 101, -23285, 2540, 26461)
(47, 117, -30, 5546, 14410, 29020)
(-50, -47, -104, 13908, 9483, 23340)
(120, 15, 114, 11343, 8124, 22166)
(55, -55, -77, 7831, 10929, 17133)
(-2, -114, -103, 4160, 6571, 12623)
(34, 121, 81, 6996, 2278, 4842)
(-60, -101, -99, 9653, 448, 659)
(-85, 3, -2, 10849, -1710, -2588)
(-38, -106, 11, 2496, -910, -2786)
(-36, -12, 13, -1612, -1673, -5352)
(-48, -7, -15, 2718, -1257, -5293)
(-107, 102, -64, -153, -1674, -6217)
(76, -87, -62, -6963, -2473, -7917)
(-80, -59, -14, -4609, -2348, -9419)
(63, -67, -37, -1797, -3286, -10976)
(-110, -77, -83, 3486, -6025, -15288)
(83, -87, -125, 1621, -12404, -18783)
(-5, -20, -53, -790, -12293, -21472)
(-16, 9, -71, -5135, -21444, -21251)
(-110, 41, -94, 91, -19071, -25673)
(-51, -122, 125, 6560, -21145, -27696)
(15, -123, -39, 4922, -27074, -25233)
(-99, -64, -128, -1441, -30399, -22968)
(43, -38, -114, 17714, -27902, -22474)
(-84, -56, 65, -11551, -31740, -16506)
(-15, -31, -72, 5229, 31131, -15322)
(55, -1, -96, 8757, -25768, -14331)
(64, -73, -87, 5556, -24232, -12536)
(48, 32, -92, -8117, -13938, -1195)
(-82, 50, -32, -9094, 9233, 2794)
(-74, 48, -52, -2584, 9448, 3336)
(-102, -123, 56, -10275, 15823, 7468)
(12, -63, 53, -5272, 13747, 9241)
(121, -32, -52, -11454, 19241, 13439)
(55, -21, -87, -23876, 25742, 16873)
(-53, -96, 54, -4021, 26798, 24857)
(56, 109, 60, -10665, 26029, 23956)
(-121, -56, 18, -10981, 31452, 28809)
(-109, 122, -75, -372, 26447, 25282)
(-49, 68, -81, -24282, 26817, -29855)
(-63, -27, -65, -10632, 12302, 29355)
(35, 66, -113, -2712, 17076, 31670)
(-90, -122, 72, 1403, 4969, 32047)
(84, 122, 23, 3972, 9746, 22049)
(24, 78, -110, 23176, 13259, 23938)
(40, 68, -78, 26122, 16860, 22847)
(-10, 13, 72, 17518, 17785, 18558)
(55, -44, 113, 9014, 13184, 12663)
(112, 60, 50, 5338, 6125, 9073)
(-19, 57, 101, 14219, 5961, 3650)
(83, -26, 7, 11634, 3652, 1722)
(97, 101, -2, 3889, 1014, -103)
(113, -83, -103, 5979, 29, -1858)
(97, 109, -80, -981, -2561, -1734)
(30, 101, -65, -1807, -3655, -3725)
(-19, 126, -53, -1787, -4887, -6283)
(101, -109, -7, -2825, -6936, -12796)
(33, 41, 42, 1620, -7655, -12360)
(54, 90, -117, 3798, -11539, -18706)
(18, 16, 6, -5711, -15621, -21879)
(20, 110, 83, -10605, -16385, -26952)
(82, -62, -23, 5311, -20717, -27996)
(-53, -18, 11, -464, -25595, 31331)
(-92, 16, -88, -2896, -29279, -31465)
(-48, -75, 122, 14200, 29521, 32467)
(-13, -28, 77, 7760, 32420, -27995)
(86, 67, -17, -6335, 32420, 31445)
(-73, 67, 110, -22004, 32420, -25205)
(110, 45, 9, -25556, -30290, -8159)
(-99, -53, -33, 4394, -12918, 3446)
(-63, 74, -128, -18345, 15587, 15605)
(-11, 97, -94, -10321, 15683, 13597)
(127, 127, 52, 1773, 13046, 16903)
(-103, 46, -64, -21319, 24760, 25434)
(-92, -54, -9, -711, 27609, 27988)
(19, -102, 64, -14606, -30175, -31793)
(-115, 33, -6, -7690, 24828, -31664)
(75, 126, -101, -9022, -30516, -32565)
(-124, 33, 112, -10432, 17106, -32565)
(-104, -16, 17, 11412, 28106, 27313)
(65, 26, -14, 17285, 23227, -31828)
(-26, 112, 38, -22113, 18884, 28356)
(66, 84, -97, 30410, 19097, -31235)
(103, -47, -7, 30989, 27117, 29128)
(15, 84, -29, 12371, 10620, 25462)
(-73, 46, -106, 9991, 10173, 18849)
(-106, 11, -94, 9795, 2763, 3972)
(-31, -118, -108, 13491, 2274, -27)
(8, 121, -59, 7605, 2348, 214)
(49, -68, 28, 3394, 2980, 2922)
(28, -52, 45, 1723, -409, 2147)
(-30, -39, 82, -1177, -5008, -2157)
(-41, -14, 101, -4668, -6022, -4112)
(-64, 34, 100, -4031, -7967, -8208)
(-42, 35, 100, -4451, -10216, -13631)
(62, 36, 55, -6601, -12557, -17665)
(-103, 84, -12, -8155, -19204, -22733)
(0, -51, 109, -1861, -18904, -25790)
(20, -41, 82, -5022, -21876, -28587)
(-38, 18, -45, 15278, -30562, -23528)
(24, -109, -68, 982, -30778, -28067)
(-21, -99, -64, -3488, 31288, -24160)
(-87, 112, 58, -4382, 32208, -21295)
(81, 122, 123, 8367, 32417, -22582)
(114, -59, -45, -2775, 32417, -19214)
(87, 5, 4, 6592, -20804, -17328)
(114, 109, -72, -6402, -27186, -10408)
(66, -46, 96, 7685, -17392, -2074)
(17, 100, -2, -13963, 11754, 1908)
(-74, 72, -27, -4203, 9737, 7052)
(121, 97, 112, -13016, 15331, 8390)
(-125, 44, 109, -3534, 9156, 8213)
(120, -77, -85, -21716, 18255, 18453)
(36, 35, 9, -23002, 21223, 24232)
(71, 98, 82, 3398, -32080, 29888)
(-116, 99, 125, -15170, -31285, 27457)
(-102, -121, 47, 5518, 32419, 24831)
(-118, 120, -59, -483, 32419, 30376)
(-53, -54, -94, -565, 32419, 23671)
(98, -65, -118, -20896, 28262, 30711)
(98, 115, -9, 7263, 14734, -30546)
(-128, -92, 24, -7652, 18602, 25567)
(17, -126, -111, 18714, 16100, 23724)
(41, -118, -38, 17791, 20232, 21930)
(-19, -110, -44, 4029, 3605, 23695)
(77, 10, 103, -265, -1119, 17771)
(20, 127, 1, 11600, -1635, 9062)
(49, 107, -82, 1578, -4265, -240)
(-49, -8, -98, 6633, -2184, -3110)
(127, 84, -91, 2623, -2423, -7920)
(95, 28, -81, 2591, -2469, -7374)
(77, -23, -70, 1189, -4081, -8935)
(1, -67, -70, 1011, -8056, -14923)
(10, -92, -47, 337, -9671, -18507)
(-125, -85, -22, -8925, -14405, -24307)
(-22, 4, -122, -7682, -12817, -25897)
(-1, 56, -9, 9712, -18080, -25461)
(-2, -34, 88, 2674, -19224, -28373)
(77, 28, 56, -4440, -25701, -24591)
(120, 110, -53, -3635, -26570, -24357)
(118, -50, 78, 4437, -24215, -22499)
(-30, 47, 4, 5681, -24191, -20468)
(-53, 39, 19, 8133, -23630, -19494)
(-116, -108, -87, -7244, -24967, -13015)
(-75, 88, 42, -319, -18736, -11236)
(-47, -52, -8, -4332, -17257, -4769)
(-21, -99, -16, 1043, -14377, -1819)
(-37, 80, -13, -468, -6202, -3739)
(-5, 90, 100, -8773, 493, 1752)
(-100, -92, -55, -5687, -6096, 2166)
(-105, -39, -48, -6063, 11342, 1788)
(-64, 79, -60, -6542, 8014, 1570)
(77, -74, -8, -4142, 11589, 3654)
(28, 16, -21, -8845, 11286, 5246)
(-107, 127, 85, -13586, 13268, 13507)
(126, 94, 34, -16898, 17662, 19108)
(-17, -70, -116, -10010, 31488, 24528)
(-15, 24, 109, -12693, 29772, 19859)
(-100, -48, 100, 1018, 32435, 30003)
(-96, -30, -4, 14108, -32494, 20435)
(-90, 31, -96, -5121, 32416, 18077)
(-46, 82, 91, -17996, 30275, 29263)
(69, 52, 44, -925, 32296, 16010)
(-31, 103, 5, 1560, 21039, 32602)
(-38, 122, 66, 6641, 23582, 22368)
(0, 20, -48, 12724, 19408, 25891)
(107, 64, 29, 5872, 18054, 24849)
(99, 53, -73, -5915, 11987, 23628)
(8, -6, 88, -2142, 7481, 20078)
(-119, -71, 91, 4502, 3227, 12467)
(65, -32, -124, 13161, 451, 3175)
(-55, 18, 44, -2222, -4213, 1236)
(113, 42, 17, -2162, -3635, -3185)
(91, 86, -13, -243, -2703, -6926)
(126, -93, -41, -1088, -6473, -12999)
(-38, 35, -127, 2715, -10028, -25645)
(113, -36, 63, -12881, -17748, 26957)
(64, -96, 85, -26500, -29961, -32565)
(2, -75, 125, 23341, -27543, -32565)
(-7, 38, 86, 29162, 29173, -32565)
(-63, -118, 127, 19189, 32411, -32565)
(-93, 23, 1, -29382, 32411, -13746)
(17, 43, -106, 32340, 32411, -16087)
(-85, 10, -2, -3865, 32411, 11422)
(27, -41, 50, 2950, -6678, -1670)
(4, -66, 1, -8884, 14289, 3926)
(-3, 90, -36, -9710, 6874, 4902)
(-18, -9, -63, 1940, 9992, 12153)
(34, 114, -49, -9149, 16189, 2319)
(-38, 92, 32, -26113, 23035, 17700)
(53, 8, 17, -9992, 22365, 24523)
(-29, -105, -10, -3745, -27693, 583)
(15, 95, -7, -30606, -24281, -19739)
(110, 1, 75, -229, -14227, -2912)
(5, 19, 39, 5731, 20461, -20602)
(-12, 37, -115, 1854, -29141, 14946)
(-73, 72, 35, -1593, 25641, -28531)
(42, 59, 79, -6182, 19165, 30527)
(91, -76, 49, -21169, 12389, -31528)
(36, 123, -72, -9997, -6410, 28701)
(115, 98, -48, 10272, 6478, 22442)
(-11, 81, -38, 10391, 74, 16234)
(-70, -69, -110, -307, -577, 5241)
(7, 96, 117, 1063, 77, -3040)
(-41, 22, 74, 2950, 540, -2764)
(123, -105, 32, -763, -2919, -6242)
(43, 62, 66, -556, -4110, -6935)
(-30, -87, 116, -1710, -4059, -6835)
(-52, 96, -75, -7817, -5819, -8598)
(-50, -111, 26, -9512, -7439, -11142)
(77, -1, 27, -7785, -7918, -13960)
(-103, 89, -60, -11904, -12573, -15747)
(-104, -95, -10, -4520, -11284, -20277)
(-68, 49, 1, -5141, -12948, -18657)
(5, -128, 58, -8337, -18198, -24424)
(108, 91, -89, 5181, -19529, -19649)
(110, -116, -57, 4186, -25336, -19577)
(-89, 10, -37, -3090, -27773, -16852)
(-71, 29, 68, 1053, -30352, -16850)
(-108, 45, 46, 11537, -27966, -10447)
(103, -6, 54, 138, -29276, -18573)
(105, 103, 22, 6809, -26826, -7189)
(64, -4, 107, -792, -21763, -15364)
(-11, 80, -73, 6155, -21196, -8499)
(13, -36, -114, 9047, -20961, -1943)
(-103, 44, -27, 1266, -9583, -117)
(45, 42, -92, -437, -5370, -1334)
(-50, 69, 104, -2226, 2398, 2209)
(-80, 117, 103, -8098, 5472, 2137)
(-67, -79, 68, -6489, 8100, 2193)
(-48, -95, 125, -2603, 9619, 8561)
(29, 105, -52, -21186, 13478, 5094)
(-50, 81, 19, -10349, 6110, 13137)
(-31, -55, -55, -23942, 14277, 19341)
(-69, -41, -55, -22194, 23310, 27411)
(44, 20, 120, 12145, 26630, 21212)
(91, 30, -26, 1259, -29063, 18134)
(27, -21, -5, 5358, 32412, 23872)
(62, 60, 33, -9501, 32412, 20539)
(-35, 69, -2, -16672, 31134, 21354)
(82, 70, -46, -9772, 8919, -26717)
(-40, 88, -36, -26235, 17930, 24471)
(-86, -40, -25, 26828, 19940, 21879)
(-45, 44, -6, 26180, 6492, 21267)
(86, -74, -7, -7342, 4427, 25098)
(-57, 73, 28, 26939, 9220, 16978)
(0, -94, 14, 15793, 10268, 11346)
(-105, 94, -20, -10554, 3237, 7212)
(-9, 126, -26, 4230, 1311, 4799)
(-70, -64, -1, 11928, -319, 1740)
(-81, 94, 81, -2468, -2956, -349)
(-42, 86, 51, -2958, -1428, -4757)
(-38, -103, 27, -3642, -890, -7590)
(-45, -13, -10, -2496, -5282, -12307)
(-86, 17, 99, -93, -7808, -22358)
(-53, -31, 13, -7166, -9414, 32504)
(-71, 14, 93, -12708, -30797, 31309)
(55, 52, 28, -1417, 29020, -32747)
(-20, 111, -106, 5369, 31911, -32563)
(74, 8, 36, 28480, 32410, -32563)
(36, -44, -85, -27793, 32410, -32563)
(35, 121, -100, -26359, -30226, -29261)
(72, -72, -62, 31840, 31444, -4171)
(-35, 1, -125, -12389, -27344, -2824)
(-110, 35, 34, -5233, 4037, 252)
(-19, 64, -62, 833, 10336, 3492)
(66, -89, 6, -7771, 9171, 4288)
(-50, 111, -26, -10270, 15506, 7574)
(97, 0, 63, -17531, 17608, 13759)
(-87, 54, 118, -12404, 19200, 19058)
(-2, -36, -20, -4257, -31207, 23578)
(-58, -113, -109, -3646, -31385, 21666)
(42, -109, 70, -13311, 32412, 27339)
(67, -74, 34, -13841, 32412, 27279)
(-123, 96, 125, -6272, 32412, 26067)
(-96, -58, -105, 25315, 32412, 21922)
(-72, -54, 22, -6840, 20142, -27757)
(-17, 34, -10, -683, 10417, -32560)
(61, -14, -1, 23739, 23894, 28738)
(55, -26, 4, 8479, 11144, 28404)
(32, -72, -25, 11198, 4016, 10470)
(12, -111, -127, -22975, 3869, -2936)
(-22, -60, -54, 664, 421, 8831)
(-122, -124, 30, 21006, 4545, -7877)
(-14, -37, 56, 30379, -1569, -3120)
(42, -82, 9, -15129, -10359, -5337)
(21, 25, 104, -10951, -3877, -8585)
(-80, -54, -25, -9591, -4140, -8469)
(104, -4, 12, 450, -7151, -10462)
(-97, -24, -72, -3782, -7181, -10904)
(108, 85, -35, -18924, -10848, -12956)
(-94, 74, -103, -13982, -13039, -14900)
(-31, 18, 119, 14719, -9220, -20949)
(120, 48, 27, 5975, -22168, -27188)
(114, -16, -107, 8049, -16414, -20137)
(70, -53, 87, 2595, -22257, -23609)
(-13, 78, 117, 7660, -22569, -20959)
(20, -49, -103, 7202, -26764, -20965)
(-94, 79, -75, -9426, -22939, -19482)
(109, -37, 72, 8583, -26322, -27142)
(118, 110, 19, 6111, -25733, -17890)
(-122, -95, 83, 10706, -30852, -17057)
(44, -115, -4, 128, -21818, -10030)
(-12, -30, -19, 6587, -15212, -6552)
(3, 58, 104, 5370, -12472, -6403)
(-122, 64, -121, 35, -4693, 556)
(-116, -125, -28, -4953, 8542, 6839)
(-104, -98, -34, -7918, 6776, 1406)
(42, 0, 81, -5143, 13388, 4873)
(5, -122, 38, -8494, 11347, 3992)
(-60, -31, -51, -8278, 7904, 4756)
(-122, 125, -34, -11705, 16078, 10676)
(18, -125, 54, -10891, 12660, 15967)
(-118, 68, -108, -14588, 18956, 25206)
(-23, -62, 64, -5241, 13942, 21142)
(-86, 89, 61, -10851, 23485, 25812)
(-110, -48, -35, -9398, 19459, 23071)
(19, -71, 22, 28152, 31886, 23787)
(-98, 99, 104, 29638, -32034, 28631)
(-128, -107, -50, -13311, 12911, 27147)
(-70, -65, -52, -15129, 14741, 27878)
(-6, 35, 66, 10679, 11191, -32698)
(-86, -123, 65, 10809, 17226, 30376)
(-121, -29, 57, 16876, 17581, 29688)
(-97, -93, -91, -6890, 12061, 26646)
(55, 97, -55, -2174, 6842, 19861)
(-105, -96, 121, 5576, 5471, 14593)
(-80, -11, 40, 7477, 2107, 6842)
(-97, 51, -17, 2430, 727, 1083)
(-101, -95, 38, 3716, 2338, 276)
(-98, 90, 12, 11409, -144, -3679)
(-125, 23, 26, 589, -3251, -5503)
(95, 62, -2, -1396, -6317, -7981)
(-25, -57, -58, -7270, -7601, -13180)
(89, -128, -76, -11961, -9351, -23772)
(-5, -8, 15, -19734, -13807, 26460)
(86, -65, 115, 31884, 30114, -32560)
(87, 63, -44, -6616, 31195, -32560)
(-51, -63, 122, -25748, 31892, -32560)
(-59, 103, 38, 21372, 32406, -32560)
(23, 124, 39, 11749, 32406, -32560)
(43, -82, -53, -26231, 32406, 169)
(-65, 2, 89, 32148, 32406, -6153)
(-33, -34, -71, -21499, -13385, 1984)
(90, 99, -116, -11244, 5603, 1476)
(104, 88, -60, -812, 9238, 1362)
(49, -117, -63, -2537, 9035, 604)
(-61, -115, 117, -1536, 10593, 2245)
(-95, 55, 79, -9037, 15660, 5836)
(-28, 66, -106, -7084, 13257, 15343)
(15, 42, 45, 1735, 16315, 17295)
(-9, 6, 127, 24895, -24594, 29050)
(30, 57, 46, -20294, 32408, 24247)
(47, 76, 51, 91, 32408, 24275)
(62, -41, 34, -21812, 32408, 17060)
(-60, -93, 95, -8727, 32408, 28067)
(-41, 17, -86, 10240, 31257, -29655)
(10, 57, -120, 3486, -32745, 21127)
(49, 39, -13, -6223, 8551, -28497)
(-32, 80, -116, -13088, 5490, 23855)
(-2, 2, -95, 6732, 8370, 26569)
(-79, -34, 62, -9127, 1492, 14721)
(-112, -38, 85, 2890, 4115, 11814)
(91, -9, -111, 1304, 1280, 5810)
(-50, 108, -81, -4114, -2878, -864)
(-40, 118, 119, -2505, -1587, -4635)
(-18, -36, 76, -4639, -3905, -7786)
(-22, 115, -1, -5914, -6306, -11954)
(86, -112, -107, -7187, -7325, -16560)
(114, 40, -62, -11261, -9376, -18855)
(-58, -24, -98, -12637, -13701, -26154)
(-13, 89, -100, -23908, -20099, -26898)
(-31, -105, 5, -8169, -20317, 32579)
(113, -91, 127, 12972, -19194, 31963)
(-44, -83, 108, 9460, -22898, -32559)
(107, -91, 46, -8145, -26328, -30312)
(80, 70, 23, -22131, -30083, -27509)
(-42, 126, -25, -358, -17720, -18803)
(-36, -95, 123, 6787, -12317, -31576)
(-70, -8, 74, 22094, -23833, -28753)
(-11, 34, -93, 20510, -16762, -17311)
(-47, 124, -91, 6892, -15217, -14429)
(-73, 97, 20, 2253, -9439, -4506)
(58, -94, 63, -27273, -3474, -4358)
(-114, -59, -9, 20319, 6582, 4081)
(-81, -81, 89, -22325, 12270, 6586)
(-21, 36, 99, 916, 8677, 9122)
(-52, 18, -105, 1660, 3639, 4474)
(-30, -65, 43, -8465, 3361, 9479)
(6, 98, 47, -9208, 11615, 15271)
(-53, 64, -24, -19775, 10033, 22266)
(-94, 46, 10, -24136, 8587, 30797)
(-108, -63, -86, -7946, 7816, 28076)
(-69, 13, 72, -8859, 16849, -30913)
(121, -79, -39, 638, 13141, 26853)
(81, -46, -44, -4590, 10783, -30478)
(-11, 106, 107, -7737, 2875, -32530)
(4, 2, -101, 7857, 4297, -32555)
(-42, -123, 81, -16401, 210, 32544)
(70, 0, 70, 1018, 4766, 26403)
(95, -80, -118, 5721, 4531, 28782)
(36, 112, -92, 7120, 3106, 25270)
(-80, 33, -97, 41, 1947, 21576)
(51, -37, 109, -2168, 367, 13809)
(-114, -16, 69, 2551, -46, 2382)
(124, 97, 32, 4547, 1832, -2027)
(61, -117, -69, 12064, -217, -8850)
(56, -57, -82, 7846, -506, -5049)
(62, 92, -43, -2641, -2604, -9213)
(93, -69, -59, -8000, -4160, -12894)
(113, 83, 114, -10917, -6017, -16731)
(50, -99, 89, -7578, -5249, -20912)
(-32, -92, 109, -11628, -11457, -28820)
(-84, 26, -111, -5228, -17399, -28921)
(107, 51, -11, 7342, -20651, -29225)
(-95, 108, 121, -3997, -25388, -32640)
(-34, 51, -10, 5905, -22228, -26267)
(99, 81, 59, 15296, -28077, -27862)
(-9, -60, -107, 10774, -31203, -27415)
(-32, -127, -95, 10100, 30607, -23325)
(-29, 12, 98, 17710, 32401, -19464)
(-45, 0, 79, 13654, -29085, -11533)
(27, 21, -109, 13172, -23376, -6232)
(54, -36, 124, 8124, -30002, -6972)
(10, 18, -38, -6552, -1910, 432)
(45, -86, 126, 10407, -591, 3464)
(-19, -78, 2, -13273, 18778, 8369)
(-19, 58, 53, -134, 6490, 6357)
(-86, 15, 44, 1864, 9268, 7016)
(95, 105, 20, -13700, 11603, 10690)
(49, -37, 53, -21543, 5647, 14355)
(64, 18, -109, -26417, 11148, 31521)
(45, -119, -100, -13602, 10479, 29808)
(-127, -103, 24, -18756, 16090, 30044)
(123, 12, -95, 11507, 14625, 23847)
(-113, -40, 124, -15125, 24828, -28924)
(90, 9, -64, -20534, 9638, 22071)
(3, 15, 94, -17084, 10778, 31046)
(-7, -15, -63, -23496, 624, 26270)
(1, -62, -14, 1267, 664, 27947)
(106, -43, -24, 7641, 4614, 30238)
(21, -66, -104, 12599, 7426, 26877)
(29, 87, -79, 12257, 6785, 28179)
(61, -65, 11, 7106, 10467, 23346)
(-79, 124, -83, -1008, 6727, 16585)
(77, -60, -50, 2659, 72, 478)
(32, -122, 0, 7784, -866, -2845)
(66, 33, -57, 4765, -466, -4399)
(113, 75, -22, -80, -309, -4962)
(-33, -101, -76, -6655, -2918, -7870)
(58, 30, 39, -10519, -5186, -10646)
(126, -116, 11, -16227, -10149, -14129)
(-72, -53, -59, -12997, -14289, -23821)
(28, -81, -87, -14388, -24753, -26284)
(49, -128, 67, -8765, -26137, -28305)
(12, 37, 96, -1530, -30122, -30312)
(-81, -81, -32, 9509, -32548, -29908)
(122, -34, -119, -10296, -31123, 31533)
(-110, 55, 60, -10289, 31384, -29518)
(53, -98, -114, 25731, 32397, -27342)
(-77, -123, 12, 4827, 32397, -20609)
(-47, 43, 65, 14183, 32397, -16847)
(-59, 18, -4, 6778, 32397, -8666)
(-70, 127, 75, 19722, -24007, -6900)
(39, 69, -128, 13451, -16960, -6689)
(-71, 60, -122, 10995, -5752, -911)
(-29, -75, -109, -2000, -2272, -170)
(-114, -77, 91, -1654, 6849, 1155)
(-36, -55, 38, 425, 6538, 608)
(12, -127, 0, 1743, 2474, 3274)
(42, 55, 82, -2824, 1558, 8513)
(98, -117, -80, -3714, 865, 17410)
(87, -54, -92, 4166, -7424, 29666)
(34, 72, 46, -9865, 19088, 12243)
(92, 80, 59, 17962, 12946, -24207)
(-84, -30, 90, 20975, 16933, 18870)
(73, 81, -113, -4967, 22764, 21904)
(-78, -127, 60, -11979, 20722, 28357)
(-86, 30, -46, -1154, 21842, 24625)
(-65, 36, 102, -29051, 12971, 29647)
(-113, -50, -92, -8825, 8974, 31293)
(89, -12, 79, 6828, 10659, 27037)
(-99, 58, 68, -3482, 9318, 28954)
(18, -99, 94, -3428, 6954, 24131)
(-38, 57, 12, 10470, 5706, 23985)
(-52, -5, -124, 13691, 7268, 23377)
(-111, -73, 13, -435, 4886, 19553)
(-117, -51, 84, 4157, 4229, 7926)
(-5, -99, -97, 2722, 2877, 5582)
(115, 85, 0, 5145, 1293, 627)
(115, 48, 80, 3555, 2089, -1320)
(-127, 27, -93, 294, -766, -3589)
(-75, 36, -97, -1905, -1387, -4757)
(66, 76, 95, -2284, -2456, -9324)
(-50, -73, 28, -6906, -3374, -12390)
(-121, -74, 62, -3599, -5529, -15986)
(95, -92, -36, 10535, -7094, -18642)
(-110, -122, 58, 3074, -9311, -24403)
(109, -115, 44, -6209, -14544, -27150)
(23, -41, 113, 17409, -19227, -26684)
(-121, -25, -72, 8631, -24131, -30396)
(-87, -114, -2, -1172, 31755, -22107)
(107, 25, -58, -23811, -23496, -22221)
(28, 107, 84, 17554, 28616, -10889)
(53, 88, -21, -15780, 32393, -8446)
(-45, 1, 12, 7011, 32393, -5445)
(60, 86, -90, 12440, -32706, -12215)
(21, 38, -17, 19959, -31311, -11577)
(116, -54, -6, 14955, -27137, -6383)
(106, 24, 109, -5589, -15229, 7935)
(10, -8, -5, -13712, -372, 5636)
(-55, -2, -103, -385, 13873, 6354)
(-124, -86, -2, -3166, 9458, 3029)
(-48, -64, -61, -1843, 4558, 280)
(52, -62, -98, -18555, 10270, 5491)
(56, -74, 65, -23908, 12567, 13667)
(58, 39, -24, -19197, 12672, 20844)
(-52, 104, 39, 31197, 24858, 31977)
(36, -109, 73, -22527, 24390, 29553)
(-18, -81, -59, -16338, 24593, -30847)
(14, 112, -125, -20072, 18126, -32421)
(24, -53, 105, 3779, 17612, -32557)
(-70, 30, -80, -19543, 10429, 30547)
(-91, -104, 77, -7850, 3230, 32520)
(-111, -29, -80, 26183, 18491, 29273)
(-119, -101, 2, -14413, 6890, -32286)
(-73, 109, -69, 5157, 8003, 30741)
(57, -78, 56, -9086, -359, 25852)
(-37, 67, 75, 2556, 230, 17694)
(-10, -80, 125, -1499, 10998, 2791)
(-73, 83, 9, 2443, 13867, -5896)
(-31, 19, -54, 7256, 9946, -7942)
(-127, 35, -125, -2177, -615, -1197)
(77, 21, -109, -766, -6360, 314)
(45, 8, 111, 1004, -6737, -4610)
(-108, 71, -60, -9061, -4890, -12136)
(0, -30, 12, -4126, -5243, -17810)
(-127, 125, 86, -10470, -10432, -22692)
(-99, 79, -112, -12870, -15348, -24951)
(-83, -31, -126, -8575, -17289, -31914)
(104, 40, 46, -6591, -16891, -31770)
(105, 118, -94, -8018, -18710, -31024)
(94, 127, 21, -6647, -19955, -30168)
(6, -11, 102, -260, -24084, -27179)
(127, -16, 89, -12045, -26336, 31925)
(-35, -4, 54, 3900, -12164, 32610)
(-47, 53, 51, 15120, -19217, -32120)
(-63, 57, -66, 8592, -22078, -26586)
(-31, 9, 34, 16373, -13850, -22799)
(-101, -5, -66, -29598, -13222, -19124)
(-125, -57, 16, 23287, -13494, -12350)
(-114, -64, -8, -7682, -9051, -949)
(-1, -26, -38, -5370, -2436, 5232)
(-56, -79, 46, 1655, 8804, -2848)
(-13, 67, -95, 7306, -2413, -155)
(-46, 19, 113, -2744, -1172, 1357)
(-58, 2, -81, 104, 845, 2403)
(51, -28, -12, -4917, 5831, 1674)
(118, 62, -9, -9249, 3605, 2764)
(69, 121, -79, -13517, 8847, 8402)
(-26, 109, 86, -14903, 9534, 13326)
(99, -77, 25, -23583, 13238, 24676)
(-128, -13, -75, -20703, 14540, -29099)
(-109, -91, 45, -13394, 10543, -31566)
(109, 65, 33, 7280, 13446, 27443)
(-110, -127, -34, 11883, 30315, 22715)
(-126, 60, 15, 8470, -31706, 21354)
(-15, -2, 75, -1108, 24881, 30844)
(96, -78, 122, -10383, 19513, 23657)
(31, 75, 75, -4672, 12173, -31059)
(-89, -125, 116, 14859, 20526, -31746)
(95, 116, 62, 9234, 19989, 31776)
(-5, 107, 49, -3132, 19265, 28600)
(15, -110, 61, -6952, 11210, 20287)
(-13, 25, 61, -6231, 3768, 12438)
(35, 59, -42, -665, 1007, 4277)
(56, 97, 16, 7258, 1973, 409)
(0, 18, -25, 10424, 3836, -2825)
(-22, -30, -19, -3143, 1249, -4166)
(-62, 42, -43, -2312, -1794, -5475)
(66, -73, -87, -3303, -5683, -9033)
(-101, 16, -101, -2185, -7498, -13492)
(61, -1, -84, 1007, -8504, -17942)
(-69, 20, -79, 10100, -8554, -21117)
(48, 79, 117, 2291, -13451, -26643)
(52, 15, -23, 1151, -19102, -28592)
(-37, -7, -52, 8357, -22379, -26559)
(-83, -58, 7, 13780, -25652, -27809)
(31, -6, 63, 9299, -22138, -29028)
(109, 3, 46, 904, -27789, -24970)
(111, -29, 18, 26463, 28872, -28447)
(48, 28, -109, -3582, 32392, -19835)
(50, -124, -59, 29525, -31156, -14156)
(-107, 22, 87, 32522, 31730, -10302)
(-122, -56, -11, -11737, -19871, -4480)
(76, 118, 0, -15064, -15233, -3652)
(81, -70, 93, -6184, 14976, 3951)
(34, 108, 90, -9739, 13162, 6746)
(122, -109, -54, 971, 5005, 5221)
(36, 97, 35, -567, 8325, 3451)
(-98, 62, -36, -9580, 8599, 3404)
(127, -92, 9, -16899, 12924, 7190)
(-58, -57, -86, -26720, 17170, 14588)
(-67, 5, -94, -28696, 15144, 20506)
(-38, 54, -104, -32085, 15559, 31328)
(-98, -102, -66, -6106, 13846, -29438)
(-49, 11, -124, -18638, 23304, 28781)
(-87, -82, 34, -14694, 22384, -31155)
(114, -114, -32, -4538, 13040, -32555)
(-113, -35, 120, -17396, 16551, 29694)
(-4, -78, -51, -467, 9132, -31460)
(52, 24, 48, -3494, 3536, 31920)
(41, 41, -107, 16003, 7110, 30404)
(-28, 18, 25, 15246, 7592, 30860)
(-98, 7, -92, 2596, 3585, 26672)
(-14, 82, -10, -3882, 1811, 17708)
(-20, -32, -55, 3728, -569, 4186)
(-68, 86, 9, 9022, 2508, 1482)
(-80, 103, -65, 9511, 3875, -809)
(-74, 69, 38, 5266, 3358, -765)
(-70, 64, 116, 237, -1039, -2659)
(-20, -120, 62, -4967, -4886, -7821)
(-82, 74, 92, -16527, -7221, -16019)
(9, 65, -124, -5396, -6701, -18395)
(-72, 102, 47, -6982, -11294, -27169)
(-62, 58, 86, -10464, -19797, -31789)
(-11, -98, -78, -10459, -25753, 31228)
(124, -66, 112, 4062, -30654, -29178)
(-62, -17, -57, -5005, 29811, 31850)
(85, 91, -118, 2361, -31921, -32559)
(57, 68, -19, 29512, 31983, -29808)
(-121, 13, -104, 10376, 32391, -17153)
(-104, -57, 71, 30637, 32391, -18312)
(78, 31, -66, -4051, 32391, -2608)
(52, 78, 87, 28819, -27943, -10568)
(-54, 46, -17, 9902, -19930, 2)
(-73, 86, -32, -2075, -9496, 39)
(-78, 102, -48, 14456, 2812, -3168)
(-11, 13, -48, -16778, 9287, -850)
(93, 90, -71, -2821, 5697, 3115)
(104, 94, 19, 1238, 3835, 3740)
(41, -123, 34, -470, 2773, 2016)
(47, 119, -114, -9462, 6849, 1582)
(-4, -55, 111, -13814, 11704, 2848)
(-19, 88, 85, -13497, 5009, 7156)
(-99, 36, -58, -28350, 11282, 16125)
(-42, -119, 57, -15434, 17762, 23396)
(9, 1, -24, -14473, 28303, 21934)
(-15, 85, 10, -8555, 32606, 25996)
(7, -64, -91, -8232, -32163, 24772)
(37, -99, 35, -20467, 24613, 26881)
(86, 113, -9, -16526, 20655, 30561)
(28, 91, -44, -7142, 10822, 30969)
(-64, -118, -41, 24373, 23481, 30654)
(9, -53, -128, 7124, 22850, 19651)
(39, -91, 65, 1906, 16950, 30152)
(-94, 30, -61, 11055, 16260, 26993)
(-9, 107, 40, 2420, 11524, 22178)
(44, 36, 7, -6864, 5726, 19154)
(-80, 8, -52, 6912, 6237, 11646)
(62, -111, 71, 10711, 7709, 4196)
(-103, -65, 38, 6880, 3189, 2489)
(97, 20, 62, 4688, 1351, -811)
(48, 124, 91, 2418, -751, -1573)
(49, -86, 80, -3781, -1987, -3138)
(63, -79, 51, -3416, -5295, -6645)
(100, -42, 19, -210, -5022, -8178)
(93, 73, -23, -5497, -5031, -11408)
(52, 90, -37, -3514, -5049, -13649)
(-46, -35, -69, -4671, -8355, -18168)
(-103, -73, -78, 5573, -10245, -18816)
(48, 90, 70, 10577, -17566, -23299)
(24, 63, 109, -1950, -22331, -26556)
(3, 59, -20, -13324, -13944, -30983)
(-105, -91, 58, 6474, -19185, -30259)
(-41, -105, 63, 14549, -19873, -24182)
(-48, -117, -118, 12094, -22716, -26798)
(100, 113, 123, 12370, -28127, -25118)
(35, -31, -110, 17432, -29561, -18955)
(125, -84, 61, 21056, -26355, -5537)
(-111, 84, 81, 30099, 29327, -3303)
(-84, 4, 21, -7462, 32389, -9968)
(85, -98, 2, -31808, -9733, 1490)
(31, 110, -32, -6462, 16084, 6450)
(65, -73, -75, -8844, 9014, 8237)
(-31, 26, 8, -1669, 4868, 4216)
(31, 93, -50, 3717, 4788, 1100)
(-53, -84, -18, -6312, 9475, 1093)
(-97, -119, -55, 3054, 12316, 1748)
(113, -90, 83, -22051, 22842, 6960)
(-50, 125, -83, -32453, 25364, 13572)
(71, 3, -72, -32016, 25486, 25786)
(-38, 4, 34, -12388, 18757, 25021)
(-62, -46, -38, -11912, 21473, 28748)
(-84, 71, 3, -7762, 23274, 26134)
(-46, 58, -117, -8301, 29490, 26593)
(-62, -23, 85, -3511, 26063, 25434)
(-32, -27, 109, 2008, 25722, 24683)
(-18, 93, -19, 7478, 25755, 25938)
(14, 61, 11, 17759, 25489, 22044)
(-116, 92, 82, 12816, 23970, 26005)
(91, -110, -18, 3966, 20619, 24473)
(90, 119, 3, 2280, 15345, 22578)
(-48, 59, 9, 1332, 6219, 11361)
(74, 103, 94, 3636, 4604, 8145)
(-80, 51, -96, 8870, 3594, 3989)
(-109, -42, 64, -10426, -3030, 6693)
(86, -112, -15, 1416, 575, -981)
(82, -106, -39, 3083, -2157, -2611)
(56, -87, -28, -721, -5164, -5252)
(-9, -1, -88, -1251, -8570, -9213)
(107, 70, 118, -1019, -13235, -12557)
(-4, 17, -86, 1157, -14686, -14643)
(-54, 53, 109, 2894, -15070, -19364)
(-113, -46, -48, -2435, -17603, -20289)
(-32, 34, 61, -6810, -23891, -23330)
(-80, 15, 28, -8702, 30988, -19300)
(-7, 25, -108, 19468, -21414, -22005)
(92, 44, 80, -6604, -27184, -22178)
(-112, -123, -122, 15359, 29218, -17553)
(95, -54, 32, 10431, 32289, -15551)
(47, 109, 26, 3332, 32385, -13225)
(119, -5, -84, 7034, 32385, -12649)
(111, 99, 31, -853, 32385, -8402)
(-73, 40, 0, 3028, -27662, -2093)
(24, -89, 42, 13193, -12742, -4949)
(83, 21, -57, -10315, -1297, -1422)
(-4, 2, 5, -5546, 1931, -214)
(-78, -117, 0, -9806, 6252, 2499)
(-88, -83, -126, 10089, 445, 988)
(-125, -51, 120, -7557, 3440, -1075)
(-69, 10, -116, -5772, 834, 1725)
(4, 71, -69, -10438, 7990, 1200)
(113, 115, -8, -10848, 11564, 4280)
(-14, 82, -109, -14545, 14361, 9270)
(-32, -79, -59, 1051, 6500, 19080)
(53, 58, -16, 16799, -28590, 13166)
(5, 70, 2, -19802, 25590, 30045)
(-85, 50, -107, -27107, 21067, 19573)
(-44, -106, -4, 30027, -28349, 8588)
(106, -59, 79, -8260, 27259, -30163)
(-95, -25, -93, 10734, -31439, 3764)
(83, 49, 27, -25475, 19933, 27245)
(65, -114, 35, -23538, 19649, 14371)
(105, 76, -86, -9594, 6028, 28662)
(103, -64, -120, 7769, 16189, 27262)
(94, -28, -45, 314, 5502, 28121)
(52, 37, -65, 1446, 7486, 21336)
(4, 48, 119, 12146, 8594, 19686)
(112, -78, 20, 17074, 12072, 16428)
(-15, -66, -105, 3225, 4482, 9934)
(-2, -113, -113, 4756, 618, 6870)
(-20, 42, -84, 2464, 911, 2757)
(-49, -15, -54, 2741, -905, -1888)
(-59, -113, -16, 3037, -318, -5515)
(-16, 120, 0, -1254, -1893, -8964)
(84, -112, -34, -850, -5439, -16764)
(-42, -113, -53, 2643, -5827, -20259)
(-42, -22, -50, 2674, -6404, -27419)
(-17, -41, -108, -2271, -12530, -23686)
(99, 125, -50, 6439, -20925, -25897)
(-108, 89, 68, 8947, -20792, -26328)
(-27, -5, -23, 6394, -17849, -23097)
(119, -13, 120, 14706, -24191, -22181)
(103, -96, -87, 11750, -29342, -19972)
(69, -95, -24, 17681, -28164, -16699)
(-44, 87, 106, 10840, 29694, -13085)
(88, 126, -112, 6566, -27748, -5500)
(55, 6, 49, -32368, -23546, -3799)
(9, -6, -127, 15060, 29312, -4389)
(21, -25, 2, -25966, -13685, -1605)
(-93, -25, 113, 3252, -7174, 1316)
(16, -93, -54, -6059, 6687, 1232)
(118, -103, 110, -15396, 9240, 3463)
(22, 43, -43, 1421, 6972, 3565)
(90, 43, -5, -4305, 7625, 824)
(22, -111, 29, -15966, 10658, 2993)
(126, 101, 124, -28219, 13777, 7824)
(-118, -42, -69, -27752, 15905, 20581)
(-79, 102, 126, -26914, 17494, 26717)
(-53, 119, -46, -18168, 24012, -31901)
(54, -77, 76, -7881, 27142, 28007)
(78, -2, -64, -23165, 20397, 29593)
(-126, 100, 62, -11742, 16617, 26104)
(21, -19, 86, -27771, 9369, 30035)
(-48, -49, 48, 2206, 7462, 24990)
(26, 84, -118, -5759, 7927, 29785)
(91, -39, 65, 5070, 6216, 27660)
(-39, 37, -83, 14673, 10057, 30065)
(17, -109, 127, 11553, 9599, 29389)
(107, -6, 111, 13451, 9826, 25251)
(-73, 53, -119, 28221, 7042, 23396)
(60, 112, 115, 28859, 13748, 8611)
(92, 16, 19, 12619, 6369, -2855)
(-3, -12, -34, 1958, 1640, -3251)
(-27, -28, 25, 3133, 582, -4043)
(-11, 27, 41, -3742, -1817, -2651)
(36, 13, -35, -8411, -5689, -6412)
(-79, 15, 96, -5089, -6571, -10583)
(-82, -47, -120, -9988, -8133, -16643)
(-14, -58, -58, 2937, -13582, -19528)
(-72, -99, -95, -3231, -21453, -21747)
(-51, 109, -13, -610, -19816, -25046)
(-80, 54, 114, 5545, -27045, -23612)
(24, -119, -112, 3500, 30940, -27426)
(-73, 9, 106, 13933, 31420, -19201)
(-95, -20, -87, 15166, 32387, -20097)
(-28, -98, 43, 9811, 32387, -16552)
(-85, -116, 22, 9933, 32387, -13788)
(-10, -79, -26, 15720, 32387, -10930)
(-3, 36, -60, 7946, 32387, -8194)
(-92, 100, -32, 12654, -27284, -1564)
(-39, 0, -118, -4566, -8699, -1917)
(123, -20, 21, -10563, 5821, 87)
(80, 14, -51, -1683, 7404, 1911)
(62, -53, -7, -4091, 7839, 2580)
(49, -41, -126, 316, 1169, 256)
(62, 6, -103, -6431, 2666, 454)
(-114, 70, -79, -6922, 4646, -59)
(80, -64, -29, -9022, 7084, 2677)
(19, 49, 62, -14654, 7953, 6327)
(-90, 30, 27, -32348, 17324, 16783)
(-18, -95, 93, -9030, 20541, 12082)
(37, 107, -13, -17225, -31080, 19053)
(122, 1, 116, -2844, 23195, 17438)
(-20, -83, -7, -212, -32546, 19818)
(102, -124, -9, -26588, -32144, 20119)
(93, 69, 67, -4457, 32388, 19478)
(-103, 66, -101, 30082, 30264, 25603)
(-66, -16, -101, -19552, 12295, 21992)
(-42, -112, -88, -11706, 6498, -27329)
(102, 102, 52, 7150, 12416, 30616)
(-70, 98, -28, 11420, 13758, 30078)
(66, 110, -105, 15247, 14164, 26713)
(123, 108, -99, 6262, 12262, 24484)
(5, -30, -106, 1313, 8615, 16278)
(108, 21, -55, 1096, 2897, 9686)
(104, -97, -59, 6175, -1450, 4602)
(83, 4, 112, 11886, -497, 594)
(81, -5, 53, 921, -601, 445)
(63, -19, 29, 906, -1210, -2546)
(27, 25, -27, -403, -5076, -4777)
(-93, -82, 121, -3841, -7201, -9458)
(-15, 8, 99, -3118, -8631, -12887)
(-114, 14, 122, -733, -8922, -18109)
(-44, 59, -65, 2146, -11175, -24945)
(64, 38, -117, 9567, -14140, -26303)
(100, 25, 47, -7447, -21388, -32472)
(-121, 96, 44, 622, -24685, -25584)
(-85, -96, 101, 9666, -23263, -22855)
(-48, -108, 99, 1251, 27338, -19426)
(-108, 23, -7, -13582, 32385, -25774)
(-124, 118, -116, 11676, -26729, -25772)
(-99, 110, -18, 31260, 30245, -28575)
(42, 109, 27, -236, -32218, -19152)
(-54, -96, -27, 15671, -26236, -10523)
(20, -41, -97, 11110, -16351, -4606)
(-41, 6, 28, -7251, -10727, 2135)
(-22, -83, 88, -8080, 1373, 4308)
(77, 107, 31, -8638, 11880, 3492)
(92, 105, -93, -4514, 9551, 3588)
(-62, 127, 58, -7647, 6745, 3059)
(104, 53, -104, -3191, 8693, 3452)
(120, 57, -105, -9249, 12002, 6100)
(91, 107, -109, -7984, 11797, 8620)
(-97, -5, 24, -20615, 15706, 13505)
(41, -67, 49, -11341, 18091, 17623)
(69, 76, 34, -2962, 20197, 16832)
(-2, 48, 30, -16303, 32459, 19030)
(48, 99, 16, -11434, 31093, 20115)
(19, -92, 69, -19089, 24158, 28025)
(-74, 46, 77, -1917, 19338, 24441)
(-97, 82, -44, -16602, 20555, 24326)
(-64, 56, 126, -1443, 19966, 30912)
(16, 6, -107, -9109, 14059, 23334)
(56, 50, 125, -5147, 8374, 28855)
(-91, 54, 19, 9723, 9868, 25355)
(15, -10, 23, 16921, 15968, 21658)
(57, -66, 125, 593, 11110, 18385)
(2, -106, -60, 4419, 10623, 16190)
(-91, -107, 32, 13629, 8240, 8693)
(54, -1, -126, 12259, 6722, 7911)
(-81, -123, -78, 1822, 3101, 4235)
(-87, -66, 105, -276, 797, 2873)
(-109, -14, 65, 1203, -2728, 604)
(-106, -38, 122, 262, -2640, -3177)
(-71, -103, -58, -2976, -4815, -6031)
(-4, 33, -21, -1019, -5099, -7842)
(-125, -90, 46, -5467, -7508, -10892)
(43, 95, 3, -7720, -10008, -14739)
(-65, 97, 57, -7174, -11093, -19491)
(-94, 125, 85, -7653, -9620, -25380)
(76, -106, -21, -4840, -25722, -29599)
(-52, 70, -101, 14539, -21881, -23173)
(-5, 95, -56, 6062, 31791, -27396)
(-13, -69, -127, 2476, 30620, -26909)
(66, 122, 20, 12897, 32406, -30042)
(-18, -79, 29, 25918, 32374, -20761)
(48, 84, -27, 11831, 32382, -19127)
(-53, -8, 35, 20195, 32382, -8564)
(91, -35, 0, 9041, 32382, -3841)
(-62, 115, -96, -12070, -15263, -837)
(-100, -70, -38, -474, 311, 2093)
(122, -111, -98, 21248, -11101, 10520)
(74, 45, -6, -14175, 12905, 5356)
(-113, -99, 58, 1343, -560, 5794)
(-52, -114, 88, -1186, 9404, 153)
(26, -41, -72, -12, 1230, 1847)
(-93, 20, 66, -13865, 7627, 6703)
(77, 50, -70, -10158, 5795, 6462)
(-8, -38, -18, -12501, 19168, 6545)
(-35, 68, 87, -25088, 23240, 11206)
(-127, -114, 106, -6964, 26874, 17117)
(23, 11, 42, -15033, 26323, 21223)
(10, -17, 28, -13469, 24962, 21315)
(-12, -114, -57, -18555, 16962, 22050)
(-114, 12, -94, -17, 21594, 23080)
(-12, 33, 52, -11380, 15514, 20158)
(84, -59, -9, -4247, 15162, 25906)
(-47, -51, -122, -10306, 9741, 21843)
(-114, 58, 46, 5760, 15858, 21763)
(74, 65, 78, 649, 13380, 21234)
(56, 0, 43, 3152, 11720, 23231)
(104, -73, -113, 7486, 13554, 22209)
(-86, -34, 26, 5406, 14384, 21554)
(-56, -80, 90, -741, 11586, 18292)
(92, -54, 74, 5251, 7679, 13021)
(97, 112, 48, 7106, 4975, 8060)
(-74, 12, 5, 2631, 1597, 2997)
(-37, -114, -43, 3340, 220, 302)
(-75, 58, -71, 3506, -898, -2597)
(114, -16, -99, -2089, -3031, -4764)
(20, -8, -86, -39, -3980, -7892)
(-95, -114, -84, 3532, -4127, -9000)
(110, 68, -66, -3669, -7132, -12195)
(53, -35, -14, -4464, -10165, -17738)
(118, 97, 30, 7445, -15848, -23233)
(-128, -35, 17, 786, -22214, -27570)
(36, 33, 8, -1316, -30821, -29327)
(11, 76, -101, 16163, -27056, -23921)
(4, -38, 63, 5502, 29319, -25578)
(-89, 83, 124, -2480, 32380, -23063)
(84, -97, -77, 108, 32380, -21024)
(112, 6, 15, 27482, 32380, -20629)
(102, -67, 123, -29550, 32380, -12888)
(69, 60, 0, -1926, 32380, -4465)
(70, -23, -64, -9790, -11416, -5131)
(-22, 110, 123, -9091, 7795, 1879)
(-44, 50, -38, -12134, 11047, 3564)
(10, 66, 53, -5385, 9128, 4074)
(98, 85, 122, -1315, 8695, 4492)
(-124, 47, 69, -5714, 10334, 1974)
(-72, -17, 58, -14628, 15079, 6686)
(81, -65, 2, -8814, 15451, 11453)
(103, 28, -23, -22165, 18531, 16948)
(5, 107, 5, -16673, 24070, 24318)
(28, 123, -78, -2988, 16797, 29691)
(-127, -119, -98, -28540, 24104, 24749)
(-79, 78, -39, -20360, 14699, 31300)
(-54, 5, -26, -2132, 18044, 18840)
(-33, -18, -9, -29105, 10403, -32316)
(-90, 62, 122, -30510, 3522, 30001)
(-123, -104, 60, 7412, 6810, 26385)
(114, -109, -64, 17736, 11842, 22913)
(36, -91, -33, 11134, 12110, 28481)
(-116, 126, 67, 15274, 13432, 28568)
(79, -48, -64, 16710, 11921, 26428)
(-80, -58, 19, 6240, 10630, 14432)
(-26, 102, -101, 783, 1732, 8124)
(-80, 66, -76, 17856, 3499, 1250)
(-106, -31, 50, 10625, 2875, 580)
(113, -59, -80, -6827, -1017, -547)
(118, -43, 98, -2492, -3272, -1894)
(101, 54, -23, 2008, -5344, -7620)
(76, -64, -86, -7898, -6721, -9510)
(-103, -67, 42, -5933, -6951, -15159)
(-90, -126, 47, -11277, -12399, -17791)
(-35, 47, 88, -11574, -21455, -25252)
(111, 102, 36, 1992, -20038, 31117)
(26, 67, 90, 3345, -31837, -25405)
(72, -125, 90, 280, -29800, -30716)
(-87, -71, 1, -6277, -29096, -27268)
(-120, 72, -124, -2155, -26958, -30166)
(-56, 116, 59, 31112, 32273, -19847)
(27, 33, 5, 4421, 31497, -21263)
(-84, 96, 114, 25536, 32377, -9787)
(71, -85, 125, 17464, 32377, -12967)
(98, 98, -67, 8590, -28008, -6303)
(79, 34, 0, 5407, -10346, -3375)
(65, 81, 52, -6962, 10754, 551)
(110, 79, -8, -2731, 8703, 1014)
(-15, -112, 10, -205, 2759, 2802)
(-38, -97, 26, -4607, 2318, 1691)
(-27, 87, -58, -9730, 3906, 4533)
(-12, -7, 91, -13992, 5284, 3427)
(-63, 110, 41, -23393, 15290, 10007)
(-28, 127, 3, -14996, 19107, 13473)
(76, -86, 89, -24750, 26528, 17451)
(127, -42, 92, -13513, 25979, 30367)
(-78, 113, 25, -22783, -30242, 24015)
(-48, -11, 57, -13934, 21809, 26549)
(-73, -88, -93, -517, 30783, 21397)
(-90, -72, -89, -7784, 16489, 26924)
(33, 30, 88, 3704, 24972, 21305)
(2, 74, 59, 2387, 20126, 25625)
(85, -76, 26, 8226, 24343, 20798)
(-37, 110, 12, -4021, 20338, 23369)
(-69, 98, -61, -464, 20187, 23555)
(106, 18, 120, 13004, 20208, 25007)
(-103, -116, -54, 7659, 17712, 19184)
(71, -87, 40, 7582, 11937, 14074)
(38, 52, 2, 12469, 5125, 6541)
(-79, 22, 20, 6037, 2746, 4556)
(71, -83, -18, 3733, 601, 2247)
(68, -40, -58, 2459, -1183, 1483)
(69, 8, -70, -4877, -2695, -2490)
(77, -39, -54, -6552, -4691, -6640)
(-113, 66, -35, -1240, -8366, -12534)
(49, 18, -23, -620, -11397, -14384)
(-54, 98, -74, -5739, -14829, -23890)
(-47, 37, -17, -6697, -25123, -25666)
(90, 97, 96, 14894, -26858, -24605)
(-78, 22, 78, -8418, -28301, -26267)
(25, 57, 60, -14717, 29385, -31940)
(-46, 53, 51, 22144, -26248, -31503)
(-28, 107, 46, 4951, 30068, -20872)
(-25, -26, 78, 3233, 32373, -22658)
(-106, 1, 38, 26575, -30074, -17030)
(-98, 76, -114, -27405, 31344, -14694)
(-66, 35, 18, -27063, -28037, -9989)
(38, -98, 84, 3053, -3248, -644)
(59, -110, -128, -1269, 4462, 4523)
(49, 22, 73, -15104, 6717, 10264)
(7, 30, -26, -699, 5280, 5083)
(-69, 82, -54, 903, 6758, 3360)
(111, -105, 4, -8239, 9504, 2419)
(90, 12, 106, -12289, 10467, 7489)
(31, 82, 99, -13148, 16557, 8814)
(-110, 62, -89, -23247, 23299, 14173)
(-3, 110, -101, -3221, 17679, 23121)
(-35, 102, 101, -5268, 24308, 22913)
(88, -9, 27, -12420, 24736, 22165)
(37, -96, 29, -14457, 30016, 17635)
(30, 99, -104, -74, 27145, 23852)
(22, 20, -47, -7161, 25198, 17524)
(-100, 34, -86, -6870, 20409, 24504)
(-92, -75, -122, -7131, 26663, 15791)
(-98, -85, -108, -5680, 19544, 24463)
(-93, -65, -39, 1453, 20614, 25477)
(-127, 93, -35, 4986, 19356, 25516)
(-44, -5, 90, -3245, 13690, 24082)
(-116, -66, 107, -6034, 5637, 16912)
(104, -123, -29, -981, 1111, 9195)
(9, -84, -12, 10346, -1993, 668)
(66, -83, 75, 13079, 1668, 2116)
(16, -36, 8, -532, 1312, -243)
(7, -11, -62, 5765, 1190, -1141)
(7, 97, -46, -195, -1873, -698)
(21, -102, -102, -4066, -4344, -3752)
(71, -8, 36, -12329, -9977, -8829)
(95, 67, -79, -9758, -12709, -11413)
(-38, 110, -26, -976, -13502, -16736)
(-59, -50, -10, -10054, -12164, -20469)
(3, 0, 29, -13892, -14241, -26561)
(-63, 96, 127, 2589, -22977, -19729)
(101, 106, -9, 12489, -30583, -25788)
(-69, 111, 69, -2071, 29297, -22537)
(41, -34, 126, -11143, 32374, -21860)
(121, 74, 37, 17300, 32374, 31894)
(30, -27, -43, -28274, 32374, -13039)
(31, 51, -22, 4523, 32374, -17326)
(9, -120, -122, 11358, 32374, -3435)
(115, -113, 75, 28151, 32374, -2343)
(-96, -72, 32, 10375, -18889, -957)
(-65, 116, -18, -9644, -452, 1)
(-13, 43, -98, -1494, 7019, 2732)
(28, -109, -73, -4823, 7655, 4470)
(-56, -5, 62, 4001, 2315, 29068)
(120, -61, -34, -5842, 2534, -10806)
(93, -34, 79, -1599, 3506, 2888)
(-71, -20, -20, -15174, 8180, 4840)
(29, 40, -116, -20777, 15153, 6829)
(127, -40, 44, -19665, 25263, 9546)
(-30, -49, 35, -12795, 26249, 12870)
(-108, 28, -42, -18550, 32694, 22349)
(-91, -44, 46, -9089, -31950, 23904)
(79, -101, 127, -26658, 26947, 23208)
(-88, 92, -72, -24575, 17434, 29514)
(-105, -10, 44, -18445, 16979, 16631)
(-4, 2, 59, -21093, 6313, -26157)
(89, -37, -21, 14120, 13764, 17343)
(29, -88, 123, 11731, 11881, -27341)
(-84, -96, 5, 1589, 11736, 28551)
(103, 124, 91, 17351, 12446, 30052)
(-72, -97, -81, 6489, 11787, 24852)
(-93, -22, -92, -17344, 6787, 18250)
(65, 84, -35, -10131, -891, 13505)
(-83, 57, -78, 13045, 1761, 1471)
(92, 33, 38, 15125, 4459, -1232)
(62, -119, -126, -5567, 587, -5062)
(41, -89, -121, 3093, 2152, -4796)
(5, 32, 85, 4736, 336, -8017)
(-120, -22, 5, -2725, -7836, -11142)
(2, 0, -57, 668, -10385, -12379)
(-5, 41, -115, -1647, -10915, -13731)
(100, -68, 39, -14231, -11906, -14108)
(99, 76, 13, -10532, -13147, -16525)
(112, -2, -92, 7469, -11206, -19992)
(59, 0, 114, -15095, -27197, -23533)
(50, -6, -78, 2653, -24029, -26177)
(-6, -24, -79, 14285, -19961, -27914)
(-87, 31, -84, -5043, -23841, -24768)
(112, -106, -51, 17800, -29150, -21088)
(35, -56, 77, 4272, -30054, -18001)
(-111, -31, -2, 25409, 32675, -16942)
(55, 60, 6, 8942, 31588, -11360)
(4, 68, 106, 28779, 32372, -15342)
(92, -98, 103, -15315, -31649, -12640)
(46, -124, -114, 1041, -11490, 230)
(74, -12, 10, -6299, 1061, 1089)
(114, -112, 31, -12269, 6759, 5722)
(73, -76, -115, -8586, 9909, 5136)
(10, 2, 92, -7567, 9869, 1644)
(36, 19, -80, -18003, 12049, 3547)
(70, 96, -115, -10294, 10424, 13857)
(-24, 19, 120, -23006, 12027, 20324)
(-123, -46, -11, -8619, 19053, 23766)
(60, -128, 4, -19328, 25390, 20940)
(71, -5, 55, -11267, 19138, -26627)
(-9, -90, 118, 5403, 31288, 20308)
(76, -98, 41, -14570, 22239, 31617)
(-68, -92, -21, -20590, 18125, 25417)
(-83, 9, 79, -2495, 18592, 24400)
(-102, 56, -9, 9506, 16596, 31965)
(-119, -91, 76, 4082, 20223, 24395)
(-22, 64, -78, -9429, 12364, 30352)
(-58, 106, 97, -176, 7342, 29005)
(-118, -73, -99, 23819, 11465, 21250)
(8, 109, -19, 8430, 11507, 12554)
(71, -47, 97, 1483, 7678, 9003)
(-128, -88, -79, 10544, 6411, 6176)
(123, -69, -57, 15237, 4217, 811)
(59, -102, 75, 7017, 698, -442)
(24, 44, 118, -4369, -1982, -2474)
(78, -42, 67, -9856, -6313, -6209)
(17, 85, -47, -7488, -10580, -10541)
(-9, 119, 74, -3671, -12116, -16437)
(24, -30, 64, -4890, -11314, -21624)
(124, -128, 97, -10253, -24210, -30128)
(-102, -118, 3, 47, -30362, -22080)
(103, -58, -15, -12251, 29220, -25723)
(6, 121, 114, 2209, 32757, -26096)
(21, 111, 17, -611, -31666, -20056)
(-117, 12, 58, 26505, 31827, -20134)
(34, 7, -68, -7615, 32370, -16535)
(-111, 2, -106, 2282, -31502, -19280)
(87, 109, -95, 5345, 31876, -16502)
(86, 123, -81, 6158, -29369, -11758)
(-100, -77, -49, 14010, -26584, -7250)
(105, -52, -2, 19396, -13393, -7675)
(33, 38, 91, -5945, -6550, 1911)
(-25, 19, -19, -15307, 7962, 5623)
(61, 22, -11, -15025, 12830, 3900)
(-82, -88, -48, 146, 9356, 1701)
(-14, 1, -128, -3280, 9742, 1249)
(38, -74, -49, -11634, 18921, 1065)
(122, -22, -86, -8263, 19844, 3328)
(-125, 111, 15, -16203, 25889, 9522)
(-114, 125, -67, -11146, 30107, 24472)
(-121, 108, 15, -21949, 24514, 14810)
(-89, 91, 64, -9590, 23146, 17562)
(78, 105, -25, -17722, 22713, 16394)
(77, 95, 104, -10552, 16664, -32536)
(39, -48, -20, 1993, 24826, 7204)
(-50, -89, -49, -14300, 15523, -27377)
(-26, 94, -19, -12195, 17712, 6329)
(24, -105, -128, 6380, 15183, -30370)
(127, -99, -58, 11614, 22410, 18454)
(19, 5, -30, 7550, 21914, 21021)
(60, 68, 6, -1536, 20709, 20937)
(78, -103, -69, 2222, 16850, 20043)
(-35, 30, 126, 6537, 13656, 12871)
(84, -84, -30, 2032, 6919, 11091)
(-92, -73, 120, 6983, 3445, 1835)
(-33, 19, -123, 9222, 4720, 2583)
(5, 75, -56, 1850, 519, -986)
(-6, 59, -30, -1800, -2312, -1175)
(-32, 36, -8, 3477, -4084, -3292)
(-30, -33, 66, 3377, -5168, -4782)
(-30, -101, -61, -7105, -8029, -6037)
(-50, -60, -104, -9943, -6956, -4955)
(-105, -112, -4, -20373, -8083, -12714)
(108, -117, -79, 29206, -18368, -19066)
(-33, -119, 38, 16649, -13378, -20993)
(-9, 41, 12, -29978, -12829, -29429)
(94, -73, -128, -22475, 28072, -24089)
(-80, 64, 6, 310, -29730, -22076)
(-109, -11, 76, 8270, -25142, -31297)
(-58, 56, 120, 18827, -28912, -22747)
(-102, 51, -124, -4882, -31068, -22463)
(87, -4, -128, 9179, 30832, -23221)
(87, -24, 25, 9766, 32368, -15526)
(-82, 81, -34, 22182, -23301, -9280)
(91, -75, 91, 17663, -22964, -9163)
(-29, 9, -103, -14238, -9862, -1108)
(-63, 14, -25, -5941, 4520, 793)
(43, -14, -80, -13185, 14117, 2024)
(-70, -85, -49, -5861, 9408, 9222)
(-4, -96, 54, -656, 4673, 705)
(-114, -62, 34, -7220, 4175, 1483)
(-68, 109, 31, -8973, 9163, 4619)
(-65, 84, 63, -12654, 17138, 11970)
(43, 79, 3, -16009, 16879, 20367)
(-122, -14, -67, 32391, 17384, 19378)
(-3, 115, -43, -17073, 10488, -31187)
(-104, 8, -120, 693, 12990, 28061)
(24, 17, -88, -15107, 19132, 26319)
(-70, -60, 88, -12485, 13506, 21992)
(35, 8, 11, 3857, 12395, 30067)
(20, -90, 111, 2325, 17867, 24044)
(-78, 3, 87, 3268, 8941, 22172)
(42, -52, 22, -7285, 10673, 24269)
(-24, 48, 80, -2558, 15467, 22254)
(39, -117, 73, 11389, 13643, 24025)
(-24, 82, 91, 10780, 14827, 20401)
(-19, 126, 110, 4074, 11991, 16599)
(17, 109, -16, 3331, 5017, 12567)
(98, -21, 68, 7257, 3730, 7579)
(-97, 115, -3, 4909, 1631, 2937)
(105, 96, 73, 4120, 1993, -589)
(110, 33, -59, 7260, 545, -2179)
(-124, 58, 56, 65, -1293, -3588)
(-43, 56, 59, -5024, -3847, -4590)
(47, 111, -67, -5754, -4983, -10767)
(46, 61, -43, -7833, -9860, -16346)
(-81, 86, -9, 3899, -5775, -26417)
(-2, -125, 39, -8038, -22533, -25190)
(-102, -127, 42, 150, -24165, -23338)
(101, 61, 81, -5399, 31447, -25332)
(121, 80, 16, 8693, -25328, -31272)
(-86, 126, -79, 5874, 29225, -23249)
(-86, -116, 37, 1658, 32366, -23841)
(-91, -34, 19, -8727, 32366, -23541)
(77, 114, -66, 2979, -29439, -20393)
(18, 96, 32, -29884, -30172, -12671)
(36, -64, 19, 21850, -25041, -11034)
(-6, -84, 38, -11530, -18250, -3947)
(11, 114, 54, -1801, -6272, -744)
(76, 13, -93, -2479, 161, 1382)
(67, -89, 65, -8166, 2282, 3104)
(85, 66, 122, 1578, 5825, 5089)
(-103, -66, -5, -637, 5573, 2475)
(31, 13, -62, -6447, 6636, 2889)
(-25, 71, 27, -7657, 11231, 6756)
(-101, -58, 43, -19432, 20531, 9789)
(91, 95, -41, -25229, 25947, 16044)
(-5, -62, -6, -13256, 25742, 28292)
(-75, 43, -37, -10442, 29006, 20646)
(83, 59, -101, -14256, 31098, 23292)
(-125, -119, 79, -15625, 22505, 26212)
(14, 7, -11, 2796, 23842, 24204)
(58, -7, -12, -15473, 19060, 22260)
(-44, -70, -77, -26887, 9422, 28114)
(117, -49, 12, 19236, 12920, 26374)
(-100, 91, -23, 29870, 22307, 15911)
(-22, -94, -72, -17809, 13047, 24372)
(17, -39, -50, -6962, 5800, 19159)
(69, 23, 59, 8612, 9875, 12645)
(60, -89, -85, 1276, 2950, 8052)
(46, -35, -120, -1897, 2219, 6189)
(33, -65, 80, 6880, 4697, 41)
(66, 116, 109, 1423, 1600, 17)
(73, 74, 111, -733, -1180, -1374)
(80, 66, 116, -500, -2488, -3889)
(122, 6, -95, -224, -3633, -5813)
(-113, -6, -83, 870, -4359, -6667)
(-13, 67, -89, -5792, -7996, -17702)
(-36, -34, -17, -9768, -13111, 32754)
(70, -77, -59, -16443, 31293, 29939)
(29, -120, -2, 20462, -17778, -32552)
(-91, -15, 108, -32164, 29434, -32552)
(19, -120, 112, 32000, 31260, -32552)
(73, -120, -101, -32676, 32365, -32552)
(-63, 9, 100, 31828, 32365, -13485)
(34, -113, -62, 15392, 32365, -499)
(-123, -16, -85, 7973, -16414, 3382)
(-6, -73, 33, -1765, 2778, 6420)
(46, -39, -82, -9349, 4610, 8042)
(-114, 12, 97, 3947, 5, -1332)
(-104, -21, -96, -4584, 2176, 3228)
(-16, 2, 10, -7066, 7355, 8361)
(73, -21, 47, -6853, 12439, 8825)
(-31, 2, -59, -18758, 22056, 12188)
(-68, 120, -107, -2792, 18396, 18906)
(105, -4, -127, -23035, 20426, 19814)
(0, -39, -47, -20795, 24350, 21571)
(10, -56, -2, -17143, 27186, 23996)
(54, 64, 91, -16524, 19844, 27358)
(14, 21, 7, -1626, 25254, 25610)
(10, -92, -33, -20016, 21989, -28899)
(-81, -42, 0, -2803, 16785, 17543)
(121, -109, -21, -8551, 20574, 27826)
(-61, -85, -114, -22556, 4325, 25612)
(69, -10, 12, 4549, 11436, 22083)
(-42, -93, 100, 20698, 18949, 24041)
(118, 126, 48, 2297, 8932, 19105)
(-31, -37, 61, -2013, 4217, 18754)
(17, -37, 114, 7700, 5652, 11498)
(-62, 86, 7, 8027, 5992, 7747)
(99, 97, -66, 5198, 2531, 4120)
(102, -26, -60, 7472, 2740, 2244)
(-115, 43, -38, 4027, 1660, 216)
(123, 39, -13, -2599, -2686, -2240)
(67, 125, -53, -6605, -4872, -5515)
(2, -34, -108, -1608, -5402, -9154)
(116, 38, 118, -5024, -5613, -12094)
(-36, -127, -98, -12632, -10432, -15018)
(-90, 87, 99, -6938, -12081, -17066)
(-102, 25, -10, 96, -9651, -19499)
(-79, -93, -127, -4786, -11777, -20344)
(29, -29, 19, -2186, -15932, -23174)
(-56, 125, -20, 7695, -19593, -21769)
(6, -45, -26, -14695, 31912, -23104)
(-35, -27, 58, -4941, -28667, -25448)
(-83, 120, -101, 13942, -21648, -31456)
(-47, 63, 43, 25343, 31458, -18112)
(-112, 85, 29, 18264, 31130, -20063)
(-54, 32, 117, -60, -20710, -10279)
(89, 37, -28, 4099, -29124, -9070)
(-67, -61, -38, -898, -13479, -6122)
(-127, 120, 27, -2176, -5368, 1990)
(80, 115, -72, -6157, 346, 2704)
(-43, 83, 107, -4581, 18, 3026)
(82, 107, -48, 591, 3589, 1504)
(20, -88, -82, 91, 1569, 1434)
(-47, -39, -99, -1075, 1503, 1566)
(-65, -31, -109, -3334, 2395, 444)
(-66, -71, -120, -2473, 4002, -46)
(-40, 124, -110, -6041, 9301, 1598)
(-38, 77, -87, -5441, 11315, 7895)
(-38, -31, -30, -14657, 10782, 11301)
(-45, -41, -123, -16529, 14622, 18322)
(117, -89, -39, -12625, 19849, 15313)
(51, 99, 63, -28717, 20009, 16054)
(71, 112, 121, 26762, 27056, 22506)
(54, 76, 106, -844, 18376, -32304)
(-8, -19, -8, 18709, 30523, 19912)
(-74, 125, -117, 31235, 13341, 27547)
(-127, -50, -114, -5447, 8843, 27595)
(-14, 110, -44, 2382, 14495, 26344)
(86, 56, -7, -5274, 4116, 29880)
(-93, -122, 67, -1619, 10979, 20056)
(-89, 55, -45, 6497, 12625, 22522)
(50, -39, 93, 13839, 11198, 22882)
(91, -28, -35, 5416, 10298, 19872)
(-43, 55, 74, 1979, 7078, 15543)
(45, 81, 75, 5415, 3722, 10849)
(127, 110, -127, 267, -65, 2344)
(111, 90, -124, 3504, -266, -718)
(-127, -37, -39, 3071, -917, -5073)
(-66, -69, -9, -3725, -2115, -8321)
(111, -40, -104, -7282, -5750, -12697)
(-21, -125, 4, -12077, -10150, -17991)
(49, -35, -3, -7269, -13133, -25864)
(-123, 25, -31, 9234, -16310, -21988)
(-27, -11, -75, -321, -20881, -26566)
(-85, -125, 16, -6605, -22942, -25993)
(103, -69, 83, 12488, -24709, -25618)
(-118, 18, 93, 13920, -32297, -25021)
(55, -78, -18, 2954, -22926, -29061)
(-75, 44, -99, 18837, -28662, -23298)
(53, 87, -33, -1398, 29513, -17315)
(-1, 72, -77, 2194, 32363, -13764)
(-55, -76, -106, 15532, -16482, -8425)
(2, -36, 92, 2194, -23470, -2165)
(107, 66, -91, -14330, 951, 8129)
(-122, 52, 57, 7073, -8049, 4299)
(-68, -43, -64, -2614, 3470, 2392)
(-84, -22, 80, -1791, 665, -3318)
(23, -78, 105, -3635, 6313, 1216)
(112, -29, -123, -5189, 7694, 2491)
(-64, 31, 112, -4791, 4186, 4123)
(12, -9, -73, -8355, 8637, 10885)
(112, -28, -32, -12750, 16780, 15198)
(59, -54, 13, -13890, 27416, 19778)
(18, -94, 8, -5645, 30803, 14082)
(-4, 102, 8, -11724, 29763, 24227)
(75, 93, -114, -17830, 26008, 22786)
(108, -118, 107, -11858, 16361, 30364)
(121, 50, -99, 14107, -28728, 10743)
(46, -128, 20, -20959, 15273, 28698)
(-24, -1, -120, -22783, 9274, 16777)
(-98, 22, 124, -5994, 6468, 23416)
(-69, -31, 12, 3367, 8971, 21040)
(34, -94, -71, 9501, 8268, 20208)
(-51, 92, 79, 5032, 9795, 18186)
(-109, 100, 30, -2844, 6417, 22007)
(-94, -10, -65, 8768, 8561, 15811)
(13, -26, -63, -91, 5022, 15012)
(38, -105, 91, 2135, 810, 10345)
(65, -14, 14, 7975, 54, 3307)
(61, -99, 36, 1474, -662, -1942)
(46, 50, 67, -1156, -1094, -5253)
(63, -50, 57, 8045, -1400, -6290)
(102, 31, -118, 3094, -4523, -10346)
(-57, -33, -40, 2719, -5884, -13632)
(-59, 96, 87, 4755, -7026, -14222)
(-116, -101, -119, 125, -7714, -15796)
(-83, -75, -9, -2058, -8848, -17861)
(-113, -70, 68, 1364, -10318, -17245)
(80, 46, 92, -7860, -15344, -18560)
(-71, 56, 70, 6988, -11989, -21151)
(19, -19, 50, -14111, -30583, -19730)
(-64, -69, -98, -7903, -29763, -19318)
(101, 41, -54, 4899, -10536, -23250)
(39, -105, -49, -13056, -19547, -26028)
(-111, -109, 81, 24119, -20849, -22371)
(22, -23, -86, -5472, -25967, -21950)
(1, -43, -108, -10072, -18993, -19026)
(-116, -6, 16, 9663, -17249, -14439)
(-10, 28, 35, 1826, -3118, -6695)
(-34, -85, -65, -16777, -8452, -1989)
(-109, 20, -48, 5137, -10787, 8879)
(99, -47, 109, 5770, 3324, -4046)
(52, 46, 26, -8599, 7759, 59)
(44, -121, 29, -9762, 6133, 440)
(72, -116, -116, -11160, 11363, 5694)
(26, 70, -44, -5554, 6460, -2227)
(45, 53, 109, -13182, 13574, 1934)
(27, -1, -61, -9386, 14215, 2306)
(-103, 92, -18, -13724, 18616, 6459)
(0, 17, 33, -14841, 16678, 8925)
(-125, -101, -32, -17858, 18394, 20586)
(24, -12, -2, -7517, 20441, 14646)
(-65, 117, -115, -12875, 28417, 16784)
(-3, 101, -121, 779, 26191, 20073)
(67, 124, -127, -9514, 29356, 17751)
(33, 111, 91, -21702, 22125, 20324)
(-87, 53, -60, -29526, 17024, 18698)
(-9, 96, 76, -16406, 9315, 32291)
(69, 96, -48, -11065, 8078, 28093)
(107, 43, -65, -1422, 7476, 27656)
(-115, -21, 95, 4548, 7562, 26485)
(3, 119, -90, 20343, 9485, 24432)
(-1, -69, 123, 24415, 15706, 26321)
(34, 23, 120, 14302, 18022, 25325)
(-4, 13, -35, 20981, 12351, 22888)
(75, -102, 42, -27551, 18845, 17137)
(-59, 12, 13, 22744, 11921, 2634)
(14, -122, 59, -21277, -3688, 7151)
(81, -101, -80, -2019, -5204, 4256)
(99, 17, 46, 29477, 2116, -1910)
(107, -7, -79, 15592, 1773, -3958)
(-123, 3, 102, -7892, -3402, -5931)
(123, 58, 60, -3652, -6362, -9782)
(-64, -2, 58, 8431, -6210, -15376)
(121, -52, -81, -1867, -12931, -18987)
(-50, 78, 89, -1690, -15547, -22683)
(90, 110, 110, 7519, -16385, -31913)
(-112, -3, 60, -1826, 32702, -28486)
(121, 80, -107, -4271, 29382, 30909)
(-54, 66, 94, 5557, -31711, -32549)
(67, 6, 9, 10810, 31866, -32546)
(123, -40, 6, 15511, 32361, -18406)
(123, 36, -55, -13368, 32361, -21856)
(-55, -1, -122, -15525, 32361, -2310)
(65, -28, -119, -10563, -24844, -3151)
(-117, 93, -54, -5329, 1877, -4279)
(-100, -88, 70, -1541, 3590, 2048)
(-74, 41, -108, -9164, 2601, 5236)
(-110, 48, 92, -4090, 5377, 3349)
(98, 26, -71, 3090, 8055, 3543)
(112, 15, 93, -5113, 10441, 6043)
(45, 122, -63, -12925, 14342, 11450)
(-112, 1, 54, -10986, 16367, 15061)
(105, -119, -50, -23898, 19793, 22428)
(79, -94, 70, -23600, 19915, -31540)
(-113, -9, 37, -5834, 30076, 22491)
(38, -81, 44, 3893, 28145, 29745)
(-105, 68, -15, 1586, -31368, 18801)
(43, -114, 36, -15605, 22516, 28809)
(37, -120, 21, 31403, 10095, 31991)
(103, 5, 55, -1966, 10938, 27996)
(-70, -41, -25, 14612, 10325, -31349)
(-103, 117, -16, 8432, 13104, 28047)
(103, 49, 89, 14002, 12551, 26930)
(-123, -43, 67, 13276, 11985, 22539)
(15, -84, -110, 2687, 7290, 11421)
(122, 2, 64, -2508, 1544, 3457)
(58, 76, 109, 6870, 850, -826)
(86, 53, -52, 20595, 3868, -5455)
(70, 92, -93, 15584, 627, -4909)
(26, 20, 91, 4548, -772, -5842)
(-55, -26, -55, -4410, -6614, -10206)
(109, 86, -103, -7259, -9766, -11854)
(113, 83, -71, -3145, -10470, -14350)
(-55, -33, -22, 338, -11596, -16591)
(108, -95, 59, -2816, -15625, -17241)
(-40, 90, 65, -6822, -16077, -15294)
(-75, 26, 10, 10633, -11008, -16055)
(-127, -102, -116, 1571, -17447, -17903)
(111, 63, -45, -2009, -20426, -14371)
(118, 31, 113, 4657, -19530, -20816)
(34, 36, 93, -9726, -32497, -13372)
(-120, 102, -23, 23256, -25352, -27483)
(-127, 9, -48, 14090, 30732, -5651)
(123, -6, -24, 3589, 31751, -18519)
(37, -80, -101, 9927, 32359, -2112)
(-98, -70, 67, 26003, -24987, 3503)
(119, -93, 55, -7576, -6582, -7654)
(-101, -126, -110, -11485, -16165, -1178)
(15, -45, -64, -6365, -737, 4549)
(-32, 0, 121, 592, 943, 1572)
(-57, 90, 55, -3783, 7142, 1296)
(41, -69, -104, -5446, -1223, -1279)
(35, 64, 26, -4903, 3378, 170)
(-20, -54, 107, -6139, 5480, 2496)
(-36, -92, 111, -11264, 7725, 4669)
(-123, 37, 25, -9034, 16012, 2491)
(42, 12, 35, -25898, 26045, 2613)
(92, -60, -124, -8193, 29905, 17451)
(-47, 124, 99, -1139, -30575, 6760)
(74, -23, 69, -10080, 29990, 9343)
(-113, 16, -118, -13451, 28084, 15269)
(-56, -22, 54, 525, -31488, 5531)
(80, 97, -39, -27414, 26985, 18710)
(-61, 26, -79, -14756, 30063, 13729)
(98, -58, 19, -6200, 21733, 30613)
(-3, 9, 70, -2361, 31811, 5864)
(-23, 56, -60, -23337, 20742, 23415)
(-53, 18, -15, -13640, 21945, 26325)
(36, -65, 10, 7093, 13865, 27383)
(70, -111, -39, 30183, 27657, 22444)
(115, 34, 108, 8538, 18250, 23546)
(98, -74, -33, -3387, 13559, 18373)
(-59, 94, -19, 2928, 9808, 13987)
(-106, 58, -39, 11723, 4576, 4327)
(-26, 73, 67, 10279, 5057, 3891)
(47, -5, 10, 159, 528, 2977)
(69, -89, -81, 5094, 514, 2254)
(85, 108, -110, 344, -3235, -225)
(54, 103, -109, 388, -3122, -1817)
(-26, 57, -119, -308, -5513, -3439)
(-124, 43, -78, -1101, -8062, -4963)
(-36, -6, 40, -2684, -10094, -7776)
(-98, -100, 109, 2368, -8306, -10216)
(-70, -9, -24, -4803, -14057, -15282)
(-120, 114, 41, -8090, -15764, -27646)
(91, -37, 59, 17310, -18356, -27311)
(85, 60, 77, -922, 29975, -26798)
(-75, -21, 122, 6112, 30465, 29946)
(82, 1, -29, 22413, 32353, -32551)
(-124, -12, -60, -9609, 32353, -32551)
(-24, 124, 99, 1681, 32353, -32551)
(7, -64, -72, -18217, 32353, -26809)
(-113, 23, -22, 31822, 32353, -21221)
(-35, -6, -3, 1829, -13336, 6444)
(-84, 9, 104, -11265, -34, 8802)
(40, -125, -27, -13357, 11987, 11358)
(7, -78, 43, 3472, -182, 169)
(-89, 3, 40, -10234, 7609, 203)
(-66, 123, 107, -11101, 9387, 3660)
(-68, -55, 108, -19954, 14991, 11072)
(-86, -36, 65, -20795, 19584, 19814)
(56, 93, 127, -20286, 25357, 25609)
(65, 79, 31, -27984, -28339, 27066)
(-29, 100, -94, -19066, 32355, 31048)
(44, -18, -111, 26764, 16311, 28495)
(93, -52, -65, 9041, 21363, -30421)
(-106, 117, -100, -1310, 18374, 24866)
(48, -14, -51, 16225, -8742, -29842)
(-9, -79, -30, -6009, -8445, 26977)
(70, -39, -92, -10182, 13164, 14405)
(29, 58, -4, 27590, 4904, -26595)
(51, -42, 71, 26177, 5657, 28899)
(87, -32, 115, -24081, 15978, 21666)
(25, -65, -57, -7585, 329, 9186)
(-40, 108, -55, 7730, 5122, 9663)
(5, -6, 85, 18765, 5830, -2422)
(57, 25, -108, 17591, 4956, -86)
(66, -69, 75, 1927, 1080, 265)
(35, -44, 74, -2690, -2734, -956)
(42, -70, 94, 1372, -2491, -2335)
(79, -47, -127, -10424, -4830, -5950)
(-56, -82, -2, -3870, -4564, -11460)
(74, 111, -22, -3808, -4803, -12165)
(51, -66, -124, -4536, -7678, -16374)
(-79, 83, 33, -6480, -7307, -17533)
(-67, 16, 78, -11786, -11450, -25422)
(-101, 17, 53, -9152, -13208, -24455)
(-98, 60, -34, 5278, -15062, -23072)
(-24, -124, -57, 6762, -20043, -25773)
(114, 25, -92, 2467, -20998, -26363)
(-102, -61, 80, 5231, -21368, -25748)
(-63, -52, 9, 14774, -19287, -24338)
(-69, -68, 39, 19425, -27322, -17415)
(119, 39, 23, 13438, -26904, -20856)
(-80, -56, 46, -1627, -29051, -12883)
(94, 89, -78, 12353, -24480, -9918)
(7, 44, -76, 12723, -24596, -3582)
(-68, 118, 115, -1296, -16446, 3984)
(-8, -19, 51, -13580, -6727, 2386)
(-52, 16, -18, 9485, 948, 1305)
(84, -14, -23, 4018, 470, 1207)
(99, 118, 106, -11022, 5964, 7166)
(-90, -114, -97, -3322, -306, 11586)
(-108, 96, -31, 1046, 5060, -1819)
(63, -86, -22, -4248, 8465, 2204)
(-20, -16, -34, -8941, 10418, 3781)
(111, 78, 102, -12674, 16080, 8548)
(102, 84, 126, -18872, 22856, 12050)
(125, -80, -94, -21601, 24513, 21365)
(111, 3, -1, 1775, 32241, 22228)
(-52, 23, 44, -7287, -31578, 10565)
(-60, 17, -124, -8769, 32354, 19783)
(52, -42, -41, -13010, 32354, 25570)
(124, 67, -125, -19232, 30003, 19553)
(115, -81, 19, -31833, 18912, 28984)
(64, -35, 6, -24704, 5300, 29337)
(119, -96, 9, 8385, 7298, 30911)
(-73, 120, -121, 15148, 6169, 27294)
(-51, 97, -10, 23369, 8588, 25373)
(-112, -66, 109, 10987, 11292, 23945)
(65, -10, -20, 6026, 7972, 19642)
(-76, -116, 43, 9884, 9467, 16669)
(-24, 71, -52, 7384, 6270, 11341)
(-74, -113, 21, 5554, -101, 7057)
(94, -9, 36, 3402, -2510, -1975)
(79, -8, 30, 5477, -910, -3280)
(91, 3, 16, 10792, -629, -6268)
(87, 113, -1, 1313, -3613, -8961)
(18, 125, -106, -12558, -7829, -13552)
(68, 31, 111, -4105, -7475, -15853)
(-126, 43, 39, 8748, -11617, -20491)
(-64, 5, 120, 781, -13560, -21392)
(74, 45, -63, -7099, -19287, -23659)
(87, -54, -83, 12969, -16358, -25300)
(-53, 53, 6, 31925, -22828, -26012)
(94, -81, -89, -9962, -12436, 31678)
(-23, 42, -1, -32468, 28373, -11921)
(-120, 78, -57, 10574, 30678, -14994)
(18, 46, 81, 20490, 32349, -6414)
(-9, 71, -14, -316, 32349, -8915)
(51, 34, -96, 3859, 32349, -11077)
(-72, -64, 8, 27596, 32349, -3009)
(-122, -73, 3, -6030, -18637, -244)
(77, 17, -57, -1718, 1614, 1027)
(71, 102, 92, -2547, 1923, 1703)
(-21, 105, 20, -6064, 7679, 1440)
(8, 32, 107, -6807, 13360, 1514)
(-36, 37, -105, -5884, 13113, 1514)
(-68, -113, 80, -22052, 22807, 7408)
(-124, -50, -65, -18782, 23921, 15381)
(107, 80, -46, -28058, 30578, 24437)
(-114, 15, 108, -24223, 11267, -26210)
(-90, 126, -102, 11703, -27118, 17401)
(93, 39, 113, -6948, 30848, 11978)
(4, 87, 117, -4536, 26587, -24980)
(-71, 8, 7, -9960, 16301, 14879)
(102, -47, 76, -10547, 22727, 25700)
(114, 83, 10, -557, 18140, 22159)
(-59, 102, -4, -13365, 12461, 20482)
(-128, 68, 67, -2818, 7576, 26040)
(14, 102, -25, 19281, 15026, 19398)
(-119, -51, 31, 10516, 13318, 18103)
(127, 105, 94, -6787, 10882, 12742)
(-105, -42, 98, -2499, 7751, 11852)
(-80, 123, -42, 17951, 2470, 965)
(-31, 75, 107, 16034, 2547, 351)
(-58, 113, 22, 12304, -385, -2051)
(-39, 112, 85, 2160, -1224, -2056)
(-15, 60, -120, -3395, -2750, -832)
(-1, 51, -124, 2194, -2174, -1178)
(26, 92, -49, -9228, -3099, -1656)
(32, 18, -106, -5212, -2700, -5272)
(111, -97, 68, -4075, -2405, -5320)
(-93, -126, 9, -7135, -4525, -8583)
(101, 71, 75, -11402, -10087, -9153)
(-29, 112, -97, 4105, -10245, -13484)
(-3, 31, -86, -4521, -19031, -16616)
(37, -21, -126, -19006, -27751, -15281)
(-30, 91, -5, 5530, -20877, -22837)
(45, 47, 51, 7489, -28702, -21247)
(-46, -23, 95, 6966, 32532, -19720)
(-53, -17, -54, -4406, -30563, -20200)
(22, 72, -42, 6854, -29251, -18356)
(-98, 98, -24, 22510, 31820, -14859)
(-31, -101, 77, -5699, 31935, -12344)
(-101, 122, 75, 7914, 32341, -6924)
(83, -17, -34, 4567, -31129, -4914)
(64, -50, 74, -3722, -19621, -621)
(-4, -75, 122, -1937, -11557, 2044)
(91, -26, 30, -8430, -3210, 2950)
(-86, 117, -37, 484, 23653, -372)
(-65, -24, -101, 28567, 12452, -124)
(31, 25, 124, -5206, 10706, 29149)
(62, 122, -121, 31231, -27054, -17169)
(-84, -100, -86, -10649, 5594, 4035)
(63, 5, -9, -433, 10331, -1560)
(7, 0, -59, -3955, 10274, -1178)
(95, 33, -104, -16989, 20130, 4263)
(-9, 48, 88, -19457, 22428, 7431)
(-103, 10, 31, 23546, 28927, 14708)
(72, -28, -120, -16365, 28863, 29123)
(3, 34, 12, -12726, 29688, 29333)
(-122, 72, -45, 5092, 29137, 26889)
(-91, 60, -34, -5287, -31584, 24068)
(10, -46, -109, -18268, 16700, 18534)
(79, -20, -75, -1705, 14125, -28039)
(-80, 126, 47, 29115, 28062, 20071)
(-71, -82, 66, 6364, 23469, 26920)
