(-23, 113, -83, -5589, 4961, 4541)
(69, 106, -3, -6469, 6391, 5879)
(-28, 44, -106, -434, 8058, 8095)
(70, -80, -49, -72, 7423, 9160)
(-88, -26, 35, 2316, 5641, 11917)
(-89, 75, 100, 4231, 6163, 11394)
(51, -123, -26, 6681, 5072, 13680)
(-108, 98, 98, 6972, 12197, 14029)
(77, -16, -48, 4279, 4968, 10784)
(-3, -106, -101, 1916, 7474, 13257)
(-37, -74, 126, -8187, -5071, -6782)
(-7, -46, -18, -1394, -1236, -1355)
(-27, -70, -3, -4404, -160, -3237)
(-81, -120, 14, -3175, -1719, -4680)
(102, 32, 32, -910, -443, -5092)
(66, -21, 14, -2031, 1023, -5259)
(6, 101, -19, -151, -162, -3378)
(-6, 80, -37, -919, 47, -2010)
(-36, 46, -72, -2799, 1091, -389)
(-43, 43, -111, -1837, 1228, 938)
(-49, 87, 88, -4794, 1750, 1524)
(-44, 107, 52, -3424, 1998, 2328)
(-23, -67, -19, -8076, 3937, 2910)
(1, -7, -42, -9611, 3085, 1906)
(69, -110, -11, -9741, 1843, 251)
(73, -22, 12, 9539, -11145, -13263)
(106, 46, 25, -6132, -36, -20839)
(-7, 69, -39, -4777, 292, -21853)
(49, 5, -97, 18907, 9548, -27477)
(76, 24, -30, -31117, 14620, -28215)
(-47, 47, 64, 31100, 18316, -26149)
(80, -113, -77, 21292, 24527, -25097)
(-77, 110, -22, 17409, -28322, -21691)
(42, 43, 53, 23472, 32648, -15266)
(-101, 13, 100, -28645, 32450, -1432)
(-6, -45, -28, -18642, 32450, 12712)
(-3, 80, 70, 16101, 30450, -19155)
(106, -28, -38, 31991, -11625, -32557)
(-25, -1, 32, 21861, 14596, 18613)
(126, -59, 81, 32408, 32450, 19701)
(-117, 116, -82, -7642, 32450, -28210)
(-54, -88, -29, -5767, 32450, 27648)
(19, -58, -30, -7209, -11124, 31302)
(91, 69, 62, -6475, 4552, -32557)
(-61, -15, -42, -13411, 18631, -24979)
(123, -79, 27, -5646, 25102, -19180)
(-125, -13, -42, -7247, -27125, -4777)
(41, 98, 109, 17680, 26482, 17055)
(-99, 23, 56, 8370, -31096, 1166)
(-39, -47, -79, 18191, 31560, 31557)
(92, -85, 83, -20747, 32485, 14162)
(-104, 65, 57, 19633, 16494, -24483)
(-86, 95, 118, 30293, -19005, -32556)
(64, 85, 57, 29191, -21092, 31118)
(-47, 121, -14, -29927, 28415, -9818)
(67, -124, -112, 29770, 30927, -24490)
(-79, -119, -66, -28791, 32451, 24193)
(-116, 106, 87, -28225, -31118, -32556)
(-28, -117, -107, -3115, -30704, -32556)
(54, 96, 62, 31993, 31439, -20132)
(-9, 32, 36, 15028, 32451, -25775)
(57, -5, 113, -32123, -16817, -24050)
(100, -116, -121, -8148, -10802, -4223)
(81, -54, -61, -8355, -4875, 9824)
(100, 81, -111, -9175, -7529, 3806)
(-60, -101, -89, -4112, -2385, 4362)
(-118, -56, -69, -4462, 879, 5865)
(-110, -107, 21, -1311, 7581, 8910)
(-43, 58, 106, -1372, 6084, 12291)
(-4, -99, 99, -11841, 1714, 23981)
(80, 10, 15, -14656, 1879, 16948)
(-30, -4, 104, -22743, -3100, 24558)
(-50, -54, -83, 1953, -1412, 27976)
(-81, 119, 125, -18674, -5600, 26515)
(-92, 1, 121, 13119, 5046, -32522)
(40, 1, 78, -10973, 1934, 30544)
(-76, -76, -78, 5171, 5241, -32760)
(-52, -59, 82, 19864, 9165, -32091)
(-70, -63, -91, -510, 15143, -32552)
(7, 38, 99, 9268, 26711, -32552)
(6, 19, -126, 24575, 11939, 32678)
(-109, 97, -85, 20429, 6045, 25206)
(102, 54, 17, 2180, 4986, 9153)
(-55, -7, -21, 8012, -1659, -11802)
(125, -46, -92, 9943, 3576, -8282)
(69, 23, -68, 9070, 2216, -11473)
(-71, -4, -44, 1075, -7176, -17651)
(-23, 20, -123, -13059, -6956, -23166)
(93, 3, -63, -3293, 284, -24159)
(39, -47, 14, 10995, 5840, 32723)
(9, 12, -107, 8241, 14142, 31463)
(-15, -72, -44, 6132, 28177, -32555)
(60, 81, -52, 3025, 17305, -26492)
(5, 30, 64, -15720, 30289, -14678)
(63, 36, -122, -7131, -30112, 7336)
(-55, -106, -10, -7480, 20181, 26025)
(-74, -70, 79, -9370, 20051, 21367)
(54, 34, 1, 19610, 2271, 30590)
(-65, 2, -94, -14206, -32593, 28507)
(-90, 10, 65, -31314, -28290, 31818)
(8, 71, 97, -22782, -15843, -22493)
(115, 49, 92, 15372, 25384, -6227)
(104, -46, -123, 4467, 32454, -24489)
(109, 29, 75, -2003, -26267, 29044)
(-37, -92, -34, -10003, -14521, 32371)
(-119, 55, -61, -18898, -185, -26681)
(-19, 16, 56, -16325, 12880, -19242)
(33, 126, 3, -14658, 31081, -3822)
(-13, 56, -112, -15863, 26748, 717)
(-85, 72, -54, -18640, -29832, 23997)
(81, -36, -92, -12127, 28975, 28447)
(73, 25, 48, -10279, 22220, -28049)
(-100, -104, -39, -27739, 19885, 32414)
(-23, 109, -29, -10037, -14819, -32360)
(-5, 60, -36, 2041, -17864, -32550)
(31, 42, -78, -27048, -29460, -11836)
(30, 4, -92, 24796, 27869, -16823)
(112, -14, -109, 3368, 32454, 21802)
(89, 6, -122, -352, 32454, -32550)
(-41, -73, -67, -15940, 32454, -32550)
(123, 79, 120, 31993, 32454, -5467)
(105, -14, -4, -30056, 32454, 2256)
(-101, -103, -89, -23840, -14779, 26023)
(-39, -100, -26, -2079, -22021, -2396)
(-26, -78, -10, -3635, -17466, -524)
(-26, 70, -98, -1031, -4187, 7359)
(13, 96, 98, 2169, -12441, 20884)
(113, 15, 9, 20871, -2411, -23888)
(56, -52, 17, -8841, 7365, 8627)
(8, -105, -111, -13627, -2636, 18866)
(16, 50, -98, -25086, -1604, 26351)
(37, -80, -102, 8154, 6749, 31412)
(95, 71, -71, -6811, 14770, 27177)
(126, -94, 24, 2170, 5936, -30767)
(116, 92, -119, -5486, 7371, -32266)
(-81, 24, 71, 1618, 20496, 30372)
(118, -73, 102, 10222, 15074, 29964)
(46, -46, -113, 2634, 14394, -31251)
(31, 6, -118, -216, 15020, -32549)
(-81, -8, 58, -317, 4296, 30093)
(123, -43, 57, 4233, 3809, 24007)
(-27, 1, 70, 5448, 1447, 12728)
(-73, 80, 60, 8437, 1348, 1977)
(-87, 124, 115, 10425, -1583, -2074)
(-86, 57, -31, -229, -4429, -3900)
(-23, -50, 29, -7256, -4397, -8026)
(76, 4, -17, -14534, -11084, -14371)
(112, -75, -66, 10437, -21397, 27030)
(4, 0, 92, -18363, -7539, 31482)
(122, -104, -53, 10854, 6713, -32551)
(-15, 82, 101, -243, 6302, -32551)
(-118, -116, 51, 6237, 7790, -32551)
(86, -94, 117, -8760, 15050, -32551)
(-88, 121, -30, -19705, 28412, -21962)
(125, -29, -48, -15741, 30267, -12713)
(52, -116, 95, -12643, -30784, -888)
(102, 109, -18, -19316, 32453, 5827)
(-7, 32, -95, -22739, 32453, 25577)
(77, -47, -53, -13470, 25061, 27672)
(-42, 124, -94, -10925, 26875, -29609)
(104, 95, -42, -32351, -8022, -32089)
(64, 102, -113, 18507, -16629, -32550)
(124, -28, 73, 24040, -18850, 29206)
(-30, -63, 74, 13685, 23838, -31290)
(97, 67, 35, 15069, 32453, -28126)
(11, -30, -98, 31997, 32453, 20589)
(64, 120, 1, -20023, 32453, -32550)
(-70, 117, -49, 13818, 32453, -32550)
(-81, 115, -14, -25341, 32453, -32550)
(49, -64, -33, -770, -10023, -10590)
(-17, -110, 12, 31671, 24767, 22265)
(125, -9, -43, 32641, -9463, -8079)
(-61, 94, 17, -6901, -5784, -4372)
(35, -20, -87, -2491, -2328, 16994)
(-85, 102, -128, -13852, -2870, 5876)
(113, 60, 91, -6657, 7745, 7923)
(-21, 68, 62, -11405, 14030, 12885)
(90, 73, -3, -15690, 8538, 18390)
(39, 94, -60, -22640, 12368, 24901)
(102, 80, -64, -15137, 6948, -27563)
(71, 31, -22, -3670, 8311, -32368)
(-3, 2, 14, -5314, 10097, -32549)
(-122, -76, 47, 3140, 18177, -32549)
(-59, -74, -52, -7799, 14821, 27629)
(106, -91, 19, 26081, 24778, 21987)
(-24, -6, -84, 8592, 18634, 30644)
(113, -8, 56, 31535, 16624, 26971)
(39, 100, -105, 9497, 14858, 17325)
(-4, 99, 56, 21230, 21354, 15997)
(10, 83, 86, 31637, 23124, 13747)
(63, -67, 117, 29228, 24951, 5585)
(16, 5, 26, 11046, 3716, -5694)
(-40, -64, 79, 11098, 6965, 585)
(115, 44, 73, 12099, -1404, -532)
(121, -90, -28, 6977, -2440, -2909)
(75, 88, 58, 11377, -5296, -4896)
(4, -63, -66, 5610, -10325, -15393)
(94, 94, -68, 4081, -7208, -24904)
(28, -5, -45, -1652, 10941, -28114)
(-87, -12, -30, 3601, 22376, -31247)
(74, 90, -117, 15564, 17003, -31949)
(-65, 87, 55, 572, 28790, -28897)
(-1, 9, 94, -1395, 29505, -20935)
(-67, -109, -118, -10954, -32224, -5658)
(106, -60, 45, -10186, 26079, 7975)
(-112, 81, 19, -7244, 12797, 27390)
(-127, 29, -54, -23106, 11889, -30635)
(81, 80, 120, -12970, -19511, 26709)
(-124, 54, 55, -1542, -28993, 29392)
(115, -45, 89, -3242, 26978, 10507)
(-122, 102, 58, 3380, 32456, 2167)
(18, 58, -83, 2024, -17109, -22174)
(-14, 120, 14, 1937, -15601, -27995)
(-94, 122, 0, -14402, -361, 31925)
(35, -92, -14, -4883, 4227, -26515)
(-80, 105, -51, -18442, 20753, -16342)
(-17, 115, 31, -20617, 28246, -8972)
(29, 58, 67, -7724, 29603, 4134)
(55, -41, 34, -8874, 31206, 10143)
(-91, 29, -62, -1836, 29122, 19938)
(-110, -56, -107, -24388, 24414, 23906)
(-91, -98, 10, -21870, 23902, 28387)
(57, 40, -120, -22713, -3251, -29979)
(-10, 94, 65, 16947, -8085, 28329)
(58, -21, -41, 13240, -31426, 12215)
(-18, 119, 95, -478, 26957, -2673)
(112, 78, -89, 29684, 32458, 14595)
(69, -119, 101, -26032, 32458, -32551)
(-98, -56, 123, -4243, 32458, -32551)
(62, 57, -17, -25885, 32458, -32551)
(-117, -27, 8, -14247, 32458, -10574)
(-104, -80, -73, 24718, 32458, -258)
(78, 58, -58, -23412, -16719, -4707)
(126, -9, 118, -13053, -9602, 27062)
(-65, -3, -37, -15119, -1900, -11688)
(74, 34, 40, -10599, 3931, 98)
(-65, -21, -126, 1689, 1404, 5786)
(-34, 63, -106, -5796, 9522, 9034)
(-16, -108, 32, -14200, 8857, 10446)
(-20, 50, 66, -15968, 11477, 15099)
(52, -105, 36, -16553, 15899, 15114)
(30, -118, 90, -6279, 17087, 23307)
(-3, 77, -122, -22405, 12745, 22056)
(-120, -39, 24, -5196, 7893, 30072)
(-3, -50, 121, -23676, -31916, -29661)
(-4, 102, 88, -2466, 2577, 23110)
(-96, -119, 116, 458, 11803, 25742)
(122, -100, 116, 15688, 14230, 19635)
(121, -34, -8, 7773, 14250, 20886)
(-66, -53, 73, 15618, 7430, 24070)
(-26, 73, 83, 16851, 11127, 20319)
(124, 106, 80, 18989, 14060, 12721)
(32, 69, -104, 14570, 12954, 14139)
(-126, 48, 53, 7611, 4189, 16013)
(52, 46, 63, 11263, 8762, 10856)
(-83, -59, -46, 8133, 4944, 10885)
(96, 11, 90, 10756, 5777, 9415)
(-101, 113, 87, 6151, 2887, 7801)
(22, -105, -98, 4993, 2990, 5173)
(-98, -47, -32, 2229, 755, -171)
(-73, -20, -32, 589, -1039, -2652)
(25, 20, -6, -463, -3091, -11878)
(-48, 54, -16, 6368, -15941, -12827)
(-108, 13, 5, -18585, -9750, -28351)
(24, 83, 98, -9453, 3274, 28045)
(0, 64, 77, 2731, 20614, -32552)
(117, -47, 125, 1869, 14421, -32552)
(-30, 88, 108, -3998, 24131, -32552)
(-78, -30, 15, -1265, 27294, -31535)
(57, 28, -40, 3633, -30616, -17046)
(-97, -66, -72, -16222, 32260, 1302)
(120, -55, 49, -1683, 16573, 19103)
(98, -90, -119, -19092, 15658, -30719)
(-98, 13, -28, 260, -15005, -29430)
(58, 97, 2, 22189, 17973, 19044)
(92, -7, -58, 29963, -21737, 3365)
(69, 27, 86, 17340, 5672, -16106)
(-63, -44, -77, 5662, 8669, -20801)
(3, 37, 85, -3562, 15260, -19236)
(-80, 65, 3, -1499, 23314, -15157)
(-115, 113, 27, -10051, -31930, -9388)
(20, 42, 20, -8587, -31703, 704)
(-118, -108, 83, -8271, 32596, 8545)
(52, 97, -3, 2821, 32457, 14670)
(-86, -17, 124, -9400, 32457, 22865)
(84, 87, -1, -704, 32457, 28903)
(105, -57, 3, -5208, 32187, -30999)
(-127, 56, 30, 7560, 13546, -31838)
(-2, -80, 95, -432, -1842, 28262)
(76, -74, -100, -19158, -12845, 9199)
(-123, -102, -52, -14696, -32244, -19058)
(110, 117, 47, -22122, 27794, -26119)
(72, 104, 118, -3706, 32456, 26641)
(103, -5, 123, -28810, 32456, -32551)
(-59, 117, 112, -28302, 32456, -5770)
(-26, -117, -103, 21646, 32456, 852)
(77, -9, -46, -22968, -32361, -12723)
(31, -47, 114, -12460, -18292, 4154)
(86, 27, -69, -14589, -3470, -9654)
(64, 120, 22, -11904, 1721, 625)
(109, -70, -59, -10886, -756, 11844)
(-92, -95, 103, -14044, -3892, 3348)
(-72, -98, -127, -29315, 12589, 25108)
(-15, -128, 33, -31410, 10622, -348)
(39, -58, 101, -26760, 15721, 5311)
(127, 25, 50, -25966, 14161, 9864)
(17, -103, -58, -12960, 13779, 16172)
(-20, 52, -111, -15509, 16200, 23027)
(15, -38, -57, -9076, 15534, 27858)
(18, -127, 1, -17956, 12862, 28448)
(-62, 69, 123, -18230, 8563, -29736)
(-43, 75, 13, -10939, 5737, -32547)
(-123, -127, -42, -6544, 730, 32339)
(-87, -50, 18, -508, -13176, -32331)
(99, -10, 61, 12778, -4788, -32547)
(125, -46, 106, 4597, -7573, -32547)
(37, 67, -50, 1120, -3658, 31471)
(-112, 71, -113, -16906, -15419, 13216)
(-52, -21, 103, -1009, -12365, -7823)
(-14, -128, -65, 1947, -4876, -8350)
(37, -66, -51, -1296, -742, -6069)
(14, 2, -122, -4427, -4052, -4308)
(22, -44, 119, -17764, -8101, -4015)
(-112, 67, 27, -6375, -18834, -7771)
(-12, 91, -97, 19497, -18791, -30513)
(80, 56, -15, -14892, 5075, 31542)
(-127, -67, -11, -7100, 19667, 31802)
(31, 101, 0, -8963, 14951, -32549)
(-22, -72, -49, -15213, 26720, -32549)
(-90, 13, 9, 26112, -32448, -32459)
(-114, -62, -26, -23900, -31629, -14046)
(-126, 73, 104, -6584, 25747, 12621)
(-45, -90, 17, 624, 11085, 32502)
(-53, 124, -116, -15167, 7188, -27170)
(102, 50, 49, -12, 29477, 10694)
(127, 69, 5, -15894, -24242, 5880)
(126, 64, 110, -4687, -17423, -15416)
(101, -94, 113, 12052, 2132, -14387)
(103, 68, -40, 4387, 2852, -16214)
(-106, 113, 99, -3502, 20859, -15810)
(103, 72, -3, 4052, 27101, -10647)
(17, 9, -19, -5348, -30782, -2061)
(57, 62, -5, -14865, -32221, 5046)
(2, 60, -81, -6179, 32039, 19015)
(-60, 125, 125, 9140, 26759, 25987)
(108, -61, -17, -16305, 22285, -28178)
(-73, -124, -78, 1608, 29166, -32130)
(-51, -20, -104, 1092, 8391, -32550)
(118, -87, 115, 19970, -765, -32550)
(40, 52, -61, 11893, 29230, 10009)
(89, 14, -33, -14462, 31365, -30296)
(118, 103, -117, 28970, 31098, 23866)
(27, 105, -47, -2017, 32458, -32550)
(65, 20, -121, 31989, -27981, -417)
(115, -16, 29, 16591, 30759, 28574)
(-71, -71, 97, -16951, -24678, -9527)
(6, 8, -36, 15429, 29658, 10120)
(85, 43, -127, -27255, -4245, 578)
(-74, -91, 79, -26144, -13098, -16497)
(-5, -6, -126, -14039, 2188, 12772)
(-65, 8, 124, -14777, 6433, -2201)
(103, -37, 96, -4900, 9689, 12210)
(47, 32, -114, -3453, 5097, 26251)
(73, 26, -83, -25512, 14080, 20237)
(124, 97, -106, -7417, 14301, 32220)
(-107, 90, 59, -13868, -7266, 22538)
(118, 52, -19, -9907, 10391, 24406)
(-93, -35, 85, -17026, 3071, 22010)
(-48, 22, -125, 7047, 11245, 27718)
(57, -52, 15, 3490, 3282, 31622)
(111, 36, 37, -1292, 6526, 32476)
(-91, 72, -95, 16156, 15896, 28118)
(-63, -127, -98, 19781, 9725, 32702)
(117, 74, 110, 7115, 6978, 29847)
(-32, -41, -114, 6382, -638, 25884)
(57, 3, -70, 5649, 129, 13280)
(-105, 51, -32, 4596, 1800, 4588)
(117, 117, -44, 13654, 501, -1309)
(91, 54, 118, 10756, -1259, -2208)
(-119, 26, -5, 28, -788, -6474)
(28, 36, -10, -11178, -6817, -8230)
(108, 56, 102, -9077, -9469, -17355)
(84, -16, -8, -15354, -8726, -21126)
(42, 79, -58, -16555, -11194, -26445)
(-9, 87, 111, -5845, -9322, 31679)
(12, -41, 42, -17663, -4150, 31975)
(31, -11, -36, -26818, 17343, -32550)
(27, 120, -113, -1159, 18186, -30498)
(-51, 0, 11, 611, 25325, -26074)
(-69, -81, 79, -8585, 32184, -19673)
(127, -8, 19, -7730, 32030, -9235)
(98, 21, 44, 6512, -32327, 2160)
(76, -114, 12, -19233, 24822, 22071)
(100, -71, -43, -6890, 13382, -30623)
(-120, -100, -11, -6658, 6091, -29972)
(66, -117, -120, -14659, -12572, -32548)
(26, 80, -15, 4553, -23893, -32548)
(-88, 14, -64, -11605, 27387, 21123)
(-56, -15, 52, -4722, -23361, 692)
(116, -125, -111, 13963, -18782, -11263)
(111, -37, -32, -6131, -16164, -25468)
(13, 62, -54, -13619, -9625, 32556)
(27, -16, -45, -4922, 10470, 30791)
(39, 35, 59, -8063, 14036, -32548)
(-98, 116, 116, -20212, 19926, -23488)
(-1, -97, -23, -18715, 15004, -15672)
(7, -7, 98, -11609, 25189, 6017)
(-74, 22, 10, -9200, 19813, 16094)
(50, -72, -125, -29113, 23404, 31400)
(106, 67, 25, -25527, 21579, -28174)
(123, 36, 93, -15083, -5833, -32547)
(6, 102, -110, -297, -403, -32547)
(89, -52, -15, 6471, 27429, 29296)
(118, -121, 16, 32578, 28478, 7539)
(20, 86, 89, 25833, 32458, 9115)
(-49, -100, -116, 2040, 32458, -32547)
(-86, -87, -62, -12641, 32458, -32547)
(-2, 64, 76, 13639, 32458, -32547)
(-95, 12, -5, 12032, -22206, -32547)
(117, -80, -108, -15719, -29347, 5397)
(8, 61, 72, -604, -16411, 15509)
(114, -72, 0, -3380, -340, 28146)
(11, -113, 5, -11432, -1758, -13115)
(40, 36, 20, -4626, 2177, 3979)
(61, -18, -11, 193, 4900, 9168)
(-38, 82, 35, -4979, 6136, 20075)
(-96, -124, -95, -332, 22701, -23880)
(-57, 2, 92, -1003, 7127, 22098)
(-74, -89, 51, -15732, 1040, 27879)
(54, -36, -125, -9824, 11623, 27488)
(15, 92, 24, -2258, 9922, 28706)
(17, 27, 58, 3918, 12431, 22910)
(-97, -102, -107, 10379, 14926, 22719)
(65, 107, 21, 2448, 6226, 26882)
(-46, -70, -66, -234, 6767, 26580)
(-108, -53, 49, 6731, 12416, 25750)
(22, -127, 97, 14880, 11436, 29168)
(48, 11, -44, 11261, 9263, 27284)
(46, 35, 123, 8669, 9947, 23466)
(123, -56, -42, 5089, 8192, 21522)
(67, -102, 65, 10632, 6116, 15434)
(109, -34, -19, 6598, 3385, 12006)
(-119, -73, -22, 1854, 1622, 6234)
(-84, 110, -26, 696, 1270, 3634)
(-81, 89, -20, -512, -2183, 1567)
(-109, 61, 12, -2486, -3019, 892)
(-127, -107, 36, -6356, -5946, -42)
(26, -60, 115, -3752, -7129, -3555)
(-37, -63, -59, -10963, -5758, -7238)
(-124, -82, 111, -20744, -11832, -11092)
(-58, -3, -21, -17220, -15675, -12634)
(75, -75, -23, -19808, -17092, -21031)
(8, -26, -94, -11357, -10575, -23900)
(15, 103, 54, 1843, -15513, -23585)
(-62, -64, -90, 23905, -14977, 28653)
(91, -101, -73, -14546, -8027, -32691)
(36, -44, 6, -28987, 12323, -32548)
(34, 1, -71, -4652, 30548, -32548)
(115, 108, 16, 15178, -27831, -32548)
(-89, 60, 41, -22383, 18435, -5167)
(106, 93, 78, -13232, 10938, 19062)
(39, 30, -63, -9727, 2207, -28429)
(69, 49, -18, -3615, 4204, -29747)
(-109, 113, -78, 29776, -24453, 22264)
(-106, 82, 24, -15062, -27413, 15218)
(58, -42, 102, 5440, -17342, -16279)
(23, 53, 9, 9492, 8028, -23125)
(-41, 42, -9, -7666, 12467, -24668)
(-39, 77, -16, -8870, 19374, -18607)
(-81, 38, -76, -7249, 24768, -5485)
(-4, -100, 44, -4082, 25666, 7254)
(106, 115, -17, -15791, 18073, 26772)
(-108, -28, -82, -5197, 14333, -27177)
(12, -113, -18, 6810, 16618, -31895)
(70, 73, 25, 1423, 8051, -32548)
(-118, 52, -84, -18364, 12853, 31674)
(-114, 52, 105, -777, -9337, 4713)
(19, 43, -25, -3405, 16995, 27219)
(89, -91, 80, 29676, 32455, -29477)
(-100, 85, -108, 31019, 32455, 30028)
(-13, -94, -45, -1315, 32455, -32548)
(43, -7, -67, 31989, 32455, -32548)
(-127, -29, 76, 17755, 32455, 23429)
(2, -122, -45, 22954, 32455, -12513)
(-113, -105, 63, -11243, -12559, -32599)
(30, -85, -105, -4314, -6306, 17101)
(21, -70, -114, -6675, 2450, 3492)
(39, 94, -61, -374, 4545, 21834)
(-104, 34, 39, -1022, 2205, 3546)
(-100, -77, -7, -6205, 12066, 24532)
(41, 84, 5, -4777, 13949, -31315)
(64, 47, 112, -10428, 13979, 5713)
(-88, 42, 52, -8498, 10944, 14991)
(104, -99, -41, -24936, 12139, 14623)
(-90, -90, 3, -25231, 12762, 16001)
(105, -2, 88, -4445, 11944, 18578)
(37, 70, -108, -5676, 13482, 21201)
(-77, -99, -31, -7405, 8438, 24901)
(-56, 126, -125, -1054, 6125, 26078)
(20, -7, 53, 4987, 4690, 29514)
(-111, -3, -74, 6065, 569, 28587)
(42, -18, -43, -3875, -231, 24751)
(-25, 71, -40, -6121, -11091, 29640)
(-85, 21, -55, 2976, -7838, 17392)
(22, 9, 105, 5678, -3047, 9988)
(-23, -113, -65, -11784, -14044, 1565)
(93, -79, 21, -5555, -9260, -8474)
(97, -60, -98, -9111, -8136, -11468)
(-95, -118, 40, -17470, -13493, -17282)
(-15, 115, -77, -14955, -14572, -17492)
(31, -29, 42, -8197, -8360, -29759)
(-6, 78, -79, -14657, -8556, 30584)
(117, 3, 63, -11256, -350, 32586)
(30, 76, 127, -16892, 3823, -32549)
(97, 28, 74, -23485, 18301, -32549)
(126, 28, -15, -4224, 25981, -30939)
(-85, -93, -70, -21646, -29391, -16745)
(-10, -62, -109, -21987, -32493, -7034)
(61, 106, 96, -20050, 32456, 17394)
(-34, 55, -109, -15122, 17856, -31908)
(59, 98, 38, -20025, 13425, -28534)
(-121, -41, -77, 24693, -7556, -32547)
(-109, 70, 46, -781, 15680, -16702)
(-11, 85, 31, -779, 32455, -31208)
(8, -77, 54, -26248, 32455, -26442)
(111, -49, 57, 1073, 16917, -27522)
(82, 37, -38, -6645, 8545, -30603)
(33, -79, -62, -11595, 20181, -27987)
(92, -76, 92, -12547, 32201, -15606)
(-40, -123, 68, -9254, 24706, 20)
(59, 21, -101, -20230, 28661, 14283)
(9, -89, 45, -6114, 27724, 26251)
(53, 71, 59, -18902, 17518, -28834)
(42, 45, -3, -19970, 18310, -31612)
(-37, -78, -124, -5196, -4807, -32547)
(38, 89, 16, -24635, 29790, -32547)
(-50, -121, 117, 16627, -25793, 13123)
(-17, 112, -122, -27252, 28308, 26143)
(-89, 122, 58, -14470, 32455, 26556)
(15, -113, 21, -18549, 32455, -32547)
(77, 20, 50, -30684, -16032, -32547)
(-95, -88, 110, -13644, 26772, -30052)
(21, -33, 111, -18338, 32455, 16349)
(-13, -77, -6, 15569, -11245, -14711)
(-20, 48, -49, 1954, -2647, 9571)
(-72, 101, 12, 4307, -6739, 15340)
(91, -22, 102, -16418, 972, 1852)
(-69, -46, 36, -5629, 1453, 5934)
(-34, -71, -29, -18771, 7896, 11943)
(83, -122, 80, -19142, 3262, 19576)
(-52, -83, -114, -22030, -10484, 16408)
(117, 47, -8, -19656, -15621, 17029)
(-127, -86, 17, -8111, -10039, -32096)
(52, -94, -8, -856, 682, 24157)
(-78, -128, -61, -3309, -5579, 22134)
(117, 20, -124, -6680, -790, 21790)
(-111, 15, 37, 16098, 5305, 21209)
(-52, 113, 70, 1427, 1824, 22707)
(36, 70, -23, 762, -1761, 24172)
(-33, 25, 63, 8431, 3712, 27775)
(93, 102, 34, -215, -8927, 26608)
(21, -56, -53, -892, -4739, 26188)
(-88, -39, -54, 16735, 2842, 22884)
(104, -45, -105, 15961, 4539, 19482)
(82, -54, 117, 11572, 4144, 11275)
(83, -22, -27, 10353, 2583, 3022)
(-117, 79, -61, -133, 3736, 1837)
(-107, 42, -101, -7877, -3754, -1743)
(54, -105, -68, -10501, -4605, -8808)
(3, -96, -50, -5141, -1549, -12042)
(-12, -84, -32, -10974, 1686, -27067)
(19, 71, -83, -3560, -5802, 28098)
(23, -50, -11, -10183, 1379, 32763)
(67, -41, -44, -20911, 4646, -32543)
(16, -80, 93, -5462, 14918, -32543)
(57, -80, -91, -24556, 11780, -32543)
(-60, 104, -50, -19786, -29098, -29556)
(46, -115, -35, -7639, -30914, -12920)
(-9, 54, -55, -9561, 32457, -2639)
(13, -30, -49, -27700, 19783, 10718)
(-30, -19, 119, -26176, 1563, 26639)
(-96, 26, 79, 27582, -15535, -25670)
(106, 119, 61, -16042, -26155, -32542)
(-55, 61, -66, -22977, 29216, 31555)
(-51, -29, -57, -30639, 31337, 8487)
(123, 124, -114, -12838, 32456, -9568)
(-106, 87, 111, 19820, -771, -15656)
(-36, -23, 15, 3940, 10340, -20470)
(-22, 83, 28, -4044, 13365, -16886)
(114, -51, -37, -9069, 19944, -4814)
(-110, -106, 122, -16330, 23578, 6261)
(-1, -20, 98, -13879, 26403, 24766)
(31, -79, 40, -10047, 27150, 25163)
(-111, 44, 82, 28411, 13349, -27252)
(34, -96, 121, -10813, 13501, 32415)
(-58, 125, -109, -10479, -27000, 18589)
(-114, 123, 89, -3220, 3072, -1439)
(91, 19, -114, 31155, 22038, -28832)
(-52, -67, 127, -16493, 30797, 25202)
(84, 105, -121, 2330, 32455, -32542)
(58, 8, -127, 21931, 32455, -32542)
(-43, 85, -127, -24867, -30603, -32542)
(28, -55, -113, 7342, 31629, -32542)
(-126, -122, -69, 22371, -25942, -1414)
(-79, -8, 86, -13465, -11928, -11449)
(95, -104, 90, -9518, 1254, 13011)
(45, 25, -117, 309, -14884, 7511)
(109, -40, -60, -14252, -2293, 11573)
(-3, -88, 106, -2691, 461, 4332)
(-19, -46, 127, -9968, 3786, 12418)
(-65, 77, 83, 2168, 2138, 20283)
(32, -78, 16, -8363, 4323, 28148)
(36, 102, -48, 19498, 755, -28256)
(22, 117, -76, -10399, -2890, 26066)
(64, 10, -122, -3710, 6364, 31584)
(46, -105, 40, -4192, 996, -31909)
(-12, 59, 15, -493, 7569, 32396)
(22, 75, 105, 18195, 6667, 24126)
(48, 64, 77, 16623, 8236, 25653)
(-48, 85, -69, 13500, 14869, 15025)
(-73, -104, 54, 12339, 15803, 17125)
(73, 57, 39, 9131, 3808, 21813)
(-39, -49, -48, 7505, 2930, 16373)
(55, 45, 57, 8888, 8023, 9502)
(-71, 39, 72, 11022, 7361, 6458)
(71, -89, 58, 6470, 3377, 2629)
(109, 27, 48, 4965, 1377, 273)
(-109, 41, 8, 3953, 3591, -3338)
(-72, -1, 25, 300, 3930, -3052)
(-24, -69, 6, -41, 1431, -2507)
(-27, -50, 6, -1756, -139, -3346)
(-44, -24, 9, -2132, 116, -3269)
(-103, 52, -13, 1010, -1829, -5431)
(22, -125, -13, -8054, -7068, -6989)
(38, -31, -104, -12084, -6515, -21376)
(-27, -22, 44, 2710, 5849, -27782)
(66, -126, 48, 15729, 13225, -28937)
(113, -24, 39, 2053, 10592, 31106)
(29, 4, 100, -14875, 25714, -29852)
(47, -14, -7, -6843, 31057, -20082)
(49, -106, 109, -483, -30631, -9410)
(-47, 24, 17, -17090, 28417, 7724)
(4, -87, 92, -7975, 6604, 22554)
(-83, 103, 29, -28188, -2411, -28488)
(-117, -104, 110, 7077, -19423, -30931)
(-60, 14, 15, -3958, -20550, 13130)
(-123, -10, -85, 3460, 30024, -4942)
(13, -97, -66, -269, -25069, -14658)
(-89, 118, 32, -2288, -7866, -26492)
(125, -48, 122, 9148, 13741, -24449)
(-63, 75, -79, -1512, 18723, -19353)
(-108, -47, 106, -8979, 20481, -11820)
(-22, 72, -122, -16010, 30984, 2971)
(72, -31, -41, -10499, -31459, 13865)
(-85, -40, -77, -12347, 31107, 22288)
(-112, -29, 37, -13759, 16896, -31581)
(-85, -107, -3, -15785, 12947, 31267)
(103, -8, -59, -3111, -3835, -31225)
(-103, -107, -8, -835, -6388, 17022)
(-43, -1, 12, 255, -25526, 2753)
(80, 43, 20, -12789, 24982, -21498)
(110, -104, -10, 29097, 32455, 22336)
(18, -107, 38, 11943, 32455, -32546)
(-34, 5, -67, -17015, 32455, -32546)
(44, 8, -29, 31977, -20256, -32546)
(-66, 87, 119, 21255, 28180, -13359)
(43, 52, 86, 6818, -31796, -14924)
(99, -34, 65, -13880, -4218, 6643)
(126, 64, 11, 2480, -5782, -15509)
(-78, -17, 8, -9656, -8756, -7550)
(8, -98, 101, -192, -6492, -26661)
(119, 60, 111, -9835, 1240, -3672)
(52, -15, -81, -3601, 682, 23190)
(-40, -95, -55, -10239, -1712, 15762)
(103, 110, 99, 17759, 10603, -24261)
(106, 1, -83, -4515, 6178, 23534)
(64, -46, 85, -5734, 9302, 20374)
(-2, -43, 46, 2881, 2916, 21837)
(-15, 127, 33, -2829, 2182, 26528)
(94, -77, 3, 3427, 10309, 24289)
(-93, -21, -57, 15129, 21464, 21325)
(76, 75, 125, 8517, 13764, 22759)
(-46, -75, -24, 4846, 11224, 29562)
(103, 46, 127, 4710, 12694, 21160)
(99, -25, -93, 7938, 16111, 23757)
(46, 62, -13, 12798, 11735, 22350)
(35, 63, -115, 3978, 4132, 20779)
(-17, -42, 42, 3255, 1381, 15316)
(86, 47, 94, 1691, 1119, 8482)
(-42, 82, -123, 6618, -933, 2008)
(-27, -29, -54, 6288, -1465, -4258)
(41, 65, 85, 100, -145, -6601)
(-111, -52, 81, 80, 145, -8025)
(80, 71, 77, -3053, -482, -4861)
(127, 69, 18, -3721, -2540, -3540)
(-85, -121, -95, -7296, -907, -1630)
(96, 47, 8, -13965, -15493, -1209)
(-2, 115, 103, -15570, -17462, -14343)
(-58, -109, -84, 7927, -9538, -31364)
(-57, -106, -43, -6794, -11355, 28857)
(-125, -23, 61, -15622, -17006, -32546)
(-4, -7, 114, -24416, 3966, -32546)
(57, -97, 32, -7298, -30240, -32546)
(27, 55, 71, 2125, 30981, -20465)
(-109, 125, -110, -12623, 22341, -1338)
(33, -39, 79, -10157, 19047, 20271)
(-35, 35, 20, -7249, 1863, -29249)
(127, -94, -84, -3246, -8415, -29896)
(30, -37, -30, 6453, -16801, 31339)
(-123, 92, -58, -14535, 21992, 4627)
(75, -126, -100, -15636, -13282, -16862)
(73, 15, -43, 22260, -28523, -24120)
(-55, 123, -82, 2354, 19872, -14914)
(-118, -101, -126, -6506, 26847, -11541)
(67, -27, -88, -3050, 29327, -1198)
(107, -113, 32, -7753, 28969, 6086)
(96, 23, -24, -16825, 31844, 9676)
(25, 38, 46, -16276, 27071, 26541)
(-80, -40, -24, -15779, 20605, 29409)
(-117, -35, -105, -11183, 17463, -30378)
(47, -35, 30, -3402, -2389, -32155)
(-22, -54, 21, -6352, -14779, 8076)
(119, -84, -124, -10210, -16683, 1560)
(107, 78, 34, -6902, 22844, -15051)
(-76, 64, -48, -19838, 32452, 20650)
(-50, 62, -25, 23073, 32452, -32547)
(50, -24, -27, -793, -24394, -32547)
(113, -125, -79, 31976, -17507, -32547)
(29, 68, 65, 9609, 26295, -20599)
(70, 65, 113, -26105, 32452, -12646)
(-17, 68, 44, 7999, -9049, 2246)
(60, -110, 33, 1759, -12914, -21919)
(56, 68, -25, -13005, -7382, -17031)
(73, -31, -104, -6876, -4996, 9795)
(17, -10, 75, -17957, 2720, 21484)
(-110, 37, -21, -7088, -4445, 18070)
(-112, 96, 83, -6088, -19142, 31983)
(21, 9, -59, -11641, 21451, -29622)
(-34, 106, 39, -7523, -2119, 18535)
(68, -18, 24, -8047, -152, 28077)
(49, -123, 111, -2235, 5102, 27325)
(-115, -114, 60, 5069, 9797, 28164)
(-102, 15, -66, 311, 11404, 24649)
(-119, 114, 119, 13658, 9677, 23849)
(44, 53, 15, 7449, 21791, 23455)
(74, -69, 77, 9042, 10300, 19017)
(67, 14, -93, 7602, 10169, 26477)
(-45, 72, 71, 8587, 13412, 19717)
(-37, -102, 51, 16185, 14643, 19121)
(-100, -84, 56, 9694, 11673, 17518)
(57, 15, -39, 1982, 1863, 12902)
(-128, 61, 1, 1847, -4737, 7873)
(-50, 34, 95, 688, -4926, -1369)
(-42, 51, -70, -1811, 201, -3983)
(22, -121, -90, 2984, -3833, -9359)
(126, 81, 2, -2838, -5187, -10717)
(123, 27, 24, -6681, -5647, -13519)
(1, -74, -42, -2922, -10872, -26416)
(109, -6, -44, 25850, 21131, 27549)
(12, 74, 13, -25597, -22399, -31848)
(-75, -104, -57, -30856, 32455, -12514)
(11, 80, -95, -4828, 20279, 12527)
(90, -106, -98, -779, 26280, 23012)
(17, 27, -8, -2171, 26773, 19735)
(-26, -9, 72, -10603, 16940, 17466)
(4, -63, 43, -7698, 14508, 12473)
(4, 28, -62, -2083, 10061, 8040)
(-83, -64, 54, -1279, 4882, 1317)
(-123, -84, -15, 960, -572, -1520)
(-93, 84, 42, 1634, -2502, -2346)
(-50, -17, -88, -6967, -6257, -3191)
(-28, 115, 23, -9727, -9872, -2019)
(107, -106, 61, -15285, -10192, 2987)
(-89, -117, 112, -1994, -17665, 561)
(32, -80, -6, -26550, -32437, -23723)
(82, 12, 11, 25132, 29216, 24493)
(55, 109, -16, 30932, -24457, -32546)
(69, 120, -58, -22310, 29579, -32546)
(39, -91, -55, 31974, -18538, -32546)
(-61, 100, -103, 31974, 27606, 12972)
(-23, 89, -72, 5100, 32454, 26857)
(52, 20, 42, -24604, -21644, -1644)
(78, -78, -9, 351, 6356, -12109)
(27, 120, 50, -9844, -13714, 299)
(96, -7, -127, -11160, -3563, 3432)
(-16, -49, 70, -1147, -190, 9509)
(61, -101, 122, -6009, 5128, 9848)
(-78, 125, 106, -6680, 1883, 10733)
(22, -24, 74, -9909, 13851, 13336)
(64, -8, 93, -7261, 8986, 22251)
(-37, 16, 68, -11233, 2463, 24336)
(-3, -17, -73, -2040, 10334, 30837)
(16, 39, 39, -8148, 20935, -30085)
(18, 9, 21, 4883, -3807, -32545)
(-47, 25, -12, 5691, 10695, 29817)
(-26, -94, 90, 7337, 15722, 30119)
(27, 2, 18, 10658, 12281, 20441)
(31, 121, -111, 22440, -31496, 24312)
(-11, -79, -13, 5508, 18630, 15660)
(-105, -80, 113, 9719, 13427, 13447)
(-76, -33, -127, 7649, 14927, 15608)
(-23, -58, -50, 7839, 17215, 14340)
(19, -17, 25, 4942, 14718, 12648)
(78, -4, 78, 7362, 12283, 13695)
(6, -43, 23, 2179, 3995, 5851)
(64, 94, 73, 7517, -142, -2)
(83, 106, -126, 13681, 3732, -6690)
(-26, -98, 101, 403, -1237, -7893)
(3, -19, 70, -103, -3787, -7115)
(34, 32, -1, -554, -7733, -7068)
(-56, -87, -71, 1536, -7983, -11438)
(44, 112, -66, 4943, -10591, -20145)
(43, -31, 76, -5088, -8217, -30641)
(-77, 4, -33, 3960, 5512, 31437)
(-32, -63, 66, -663, 15831, -31715)
(103, 110, -12, 4320, 29027, -21369)
(-126, -109, 40, -17411, 26397, -9144)
(-101, -103, 44, -20946, 23248, 7626)
(50, -22, -29, -22153, 11146, 25476)
(68, 39, 13, -28922, 1487, -24596)
(-43, 106, -76, -11913, -16552, 18741)
(-81, 45, -99, 23494, -29474, 20247)
(-65, -116, 78, -8451, 29794, 691)
(-84, -45, -28, 2863, -21249, -12946)
(-90, 28, -94, 4408, -1409, -17781)
(-108, 75, -3, -847, 1437, -24911)
(-19, -44, 2, -5921, 11286, -22391)
(90, -21, 124, -7778, 23495, -13624)
(96, -80, -111, -8109, 23329, -5391)
(67, 51, -73, -9340, 29883, 6520)
(-2, 6, -51, -10135, 24607, 13728)
(126, -104, -80, -9997, 23824, 25137)
(95, -40, 34, -11069, 19154, 30317)
(-36, -27, 59, -8616, 10661, -29485)
(-45, 68, 31, -18369, -208, 25567)
(36, -64, -54, 6916, -7747, 17175)
(-56, 8, -109, -13603, -24490, 8974)
(111, -5, -126, 22726, -13278, -30969)
(-117, 68, 69, -12665, -31894, 24887)
(16, -59, -125, -32478, 30894, -32547)
(61, 48, -108, 19868, 31826, -32547)
(107, -53, -35, -26823, -26634, -32547)
(-64, 32, -69, -9267, 30310, -23764)
(52, 82, -83, -19821, -31950, 2482)
(23, 19, -1, -23652, -20536, 8667)
(-119, 81, -107, -8916, -6263, 1795)
(77, -118, -75, -16971, -10040, 17779)
(-49, 38, -58, -12398, -5445, 2384)
(-126, -92, -125, -4152, -3263, 8660)
(1, 90, -60, 3603, -181, -19904)
(-115, -1, -37, -2267, 4330, 21392)
(74, -17, -90, -16644, 10824, 22124)
(-54, 24, -34, -52, 15857, -27636)
(-115, 35, 107, -1535, 16991, 19638)
(48, -82, -11, -4013, 10878, 27456)
(-44, -26, 1, -1795, 11063, 23337)
(61, 127, 77, 6000, 13346, 30665)
(-124, 29, -67, 9574, 13253, 25398)
(67, -123, 0, 4268, 17218, 20311)
(127, 22, 56, 6782, 14802, 19944)
(85, 86, -117, 6412, 15782, 20312)
(-26, -105, -10, 12925, 13530, 20694)
(-35, -12, 121, 10449, 16718, 17495)
(112, -74, -126, 8761, 21120, 13192)
(-110, 8, 109, 10685, 17286, 14329)
(117, -73, -87, 11438, 12438, 15154)
(-19, 2, 78, 3926, 5304, 9460)
(4, 119, 60, -12563, -7392, 7132)
(-107, 4, -112, -4171, -5728, 3835)
(-96, -26, -71, 1064, -7682, -2550)
(32, -87, 24, 189, -4716, -6361)
(-113, -92, 29, -2834, -7757, -5425)
(82, -82, -56, -4772, -6742, -8507)
(-89, -24, 52, -10215, -9730, -6638)
(108, 27, -30, -20947, -16500, -9269)
(93, -73, -128, -19139, -15283, -15432)
(-13, -19, -61, -11794, -4688, -27347)
(-57, 63, 72, 7239, -12164, -30704)
(108, -115, 98, -13395, -8121, 30715)
(-23, -30, -45, 4897, 21455, -32549)
(63, 72, -110, 28879, 28147, -32549)
(-60, 49, 65, 206, 24870, -17330)
(-66, 48, 103, -28271, 19667, 20389)
(1, -118, 53, 3494, 2037, 29684)
(-100, 26, -80, -28304, -14170, -26972)
(104, -95, 32, -4840, -23952, 18581)
(117, 120, -111, -14139, 25013, 4204)
(106, -46, 57, -2865, -17900, -10598)
(121, -120, -103, 6708, 2783, -26122)
(87, 70, -93, -6126, 6954, -25565)
(-70, 73, -122, -2878, 20506, -23892)
(-11, -83, -95, -5567, 25023, -17432)
(-86, -91, 62, -10987, 26461, -9131)
(57, 125, -98, -16613, -31868, 1785)
(4, 45, 43, -10986, -32205, 12922)
(49, 113, -46, -26976, 28566, 22899)
(-51, 15, -122, -12924, 20132, -30746)
(-44, 0, -107, -20530, 15583, -30618)
(92, -51, 51, -15184, -7888, 30822)
(-57, -64, -28, 1032, -27025, -32431)
(-87, -63, -127, -9732, -13757, 1543)
(-79, 48, -121, 28514, 25531, 25895)
(-87, 16, -127, -32002, -27761, 27946)
(7, -84, 44, -2354, 30457, -32548)
(77, -50, -67, 31968, 19453, -32548)
(-17, -45, 47, -26576, 14949, -19393)
(-36, 125, 18, -14054, 32459, -13833)
(-61, 96, -61, 8209, -9665, -7476)
(-9, -100, -94, -7300, -10399, 5175)
(48, -62, -61, -7531, -13433, -13051)
(26, -1, -106, -3257, -11389, 2336)
(105, -54, 24, -6979, -7100, 9516)
(-43, -8, 75, 3823, 1686, -19001)
(120, 23, -123, 15400, -24992, -32548)
(-75, -44, 92, -12434, 7672, 20583)
(67, -99, -25, -13671, 25110, 32663)
(107, -39, 112, -17710, 3319, 25564)
(-117, 26, 12, 675, 2832, -31896)
(27, 81, 119, 6418, 13047, -32112)
(-21, -19, -79, 4829, 29329, 26993)
(94, 40, -112, 4167, 27568, 30280)
(-7, 44, -92, 2665, 22508, 30982)
(-62, 38, -19, -7663, 13084, -31353)
(-87, 41, -118, 20701, 3169, -32548)
(56, -25, -71, -1114, 3189, 27300)
(-98, -85, -87, 7208, 5966, 16149)
(17, -94, -103, 13182, 9511, 13116)
(39, 67, -94, 23304, 4076, 6308)
(-11, -77, -110, 20614, 2608, 2547)
(-67, -79, 7, 1275, -4072, -2893)
(-2, -113, 22, 525, -5007, -5005)
(-62, 17, 93, 1499, -5467, -6731)
(65, 17, -115, -4066, -9810, -6849)
(67, -5, 41, -14986, -13503, -9647)
(-63, 39, 1, -13685, -10129, -11319)
(-69, 66, -53, -11357, -7824, -8812)
(10, -33, -28, -9004, -6020, -6466)
(-128, 51, 26, -4528, -2865, -4546)
(-36, 72, 108, -5465, -1036, -1386)
(-42, 91, -104, -6265, 1541, 2295)
(-8, -56, -63, -9959, 2634, 7904)
(84, -75, -13, -16741, -15091, 19018)
(-54, 76, 74, -31592, -9057, -7157)
(12, 61, 42, -18604, -6895, -26535)
(-33, 97, 7, 2128, 7420, 27437)
(-10, 13, -77, 1543, -4561, 32360)
(-20, -46, -96, -9782, 14972, -32547)
(6, -30, 12, 29640, 25223, -32547)
(90, 93, -126, 4393, 30431, -2851)
(-5, 4, -42, -10221, 10729, 18461)
(-13, -72, 90, -29780, 8642, -32119)
(83, 104, -102, -8891, 14186, -28534)
(44, 106, -78, 23685, -11062, 11109)
(-36, 90, -30, -20721, 32429, 10484)
(96, -25, -50, -6634, -31914, -16170)
(-82, 74, -8, 16661, -5740, -25151)
(13, -19, 83, 10199, 4949, -19984)
(86, 119, -85, -2604, 23223, -26486)
(-49, 59, 32, 5920, 23676, -22457)
(-7, -70, -54, -11500, 26280, -12821)
(57, 60, 77, -23406, -29675, -2798)
(56, -97, 19, -10860, 32666, 11928)
(-42, -8, 12, -8387, 32464, 25395)
(28, 51, 20, -17799, 27878, 29442)
(8, 103, -14, 22776, 1692, -28993)
(-115, 4, -77, -21183, 7321, -32545)
(-76, -37, 97, -5033, -11518, 18291)
(-102, -101, 103, 746, -12683, 5345)
(65, -101, 92, -4734, 27755, -7314)
(-16, 45, 35, -17394, 30197, -20171)
(-32, -20, -99, 26303, 32462, 23627)
(48, 78, 6, 30431, -16140, -32546)
(27, 117, -66, -803, 26818, -32546)
(-113, -9, -54, 31966, 32462, -23730)
(37, -36, -105, 16430, 32462, -22218)
(-116, -88, -87, 4377, -1331, -23509)
(-56, -88, -59, -29226, -11229, 19069)
(-6, -38, -35, 25648, -686, 327)
(27, -22, 55, 27196, -727, 6276)
(12, 117, 91, -18291, 2800, 15097)
(-49, -29, 96, -2131, 6008, 9994)
(45, -36, -66, -18260, 10056, 8000)
(-23, 37, -63, -14078, -4751, 22638)
(-105, -70, 107, -14821, -5115, 24773)
(-9, 98, -50, -15061, -10890, 24639)
(-18, -42, -122, 26762, 1553, -28017)
(-17, -57, -38, -230, -5000, 22792)
(-94, 18, -73, -7192, 4055, 26580)
(74, 45, 96, 11811, 8425, 23903)
(-40, -104, 7, 6042, 8843, 24608)
(19, 56, -62, 4293, 7756, 23729)
(-2, -82, 30, 16941, 9360, 27107)
(16, 28, 15, 5766, 2392, 25618)
(98, -6, 81, 8943, 3998, 23403)
(-67, 79, 125, 22212, 11495, 19423)
(-58, -50, 125, 19825, 10239, 14935)
(33, 25, -92, 4413, -79, 5208)
(-112, 126, 2, 7480, -2033, -3646)
(-34, -88, 81, 6083, 1383, -7309)
(-9, 46, -111, 5335, -467, -7471)
(-28, -98, 38, 1417, -3403, -7131)
(-110, 70, 30, -13782, -3467, -11378)
(54, 81, 113, -14933, -14302, -9271)
(20, 125, 65, -12295, -13410, -11008)
(-50, 44, 21, -29287, -18572, -19569)
(-108, -126, 71, -19747, 5318, -28220)
(-80, -74, 3, -8578, 15967, 30326)
(120, 32, 127, 3209, 21939, 32508)
(85, -55, 67, -2718, 23490, -20579)
(-97, -77, 85, -3938, 29632, -3637)
(-124, -9, 3, -6093, 24002, 6920)
(0, -30, -92, -7293, 19867, 25959)
(-12, -110, 125, -20335, 22103, -25644)
(-13, -73, -115, 32653, -26525, 22549)
(-45, 37, 9, -17625, 21117, 4800)
(-56, -104, -98, 13061, 32465, 9919)
(-108, 3, 61, 8594, 27898, 11565)
(-80, 98, -20, -18933, 19601, 14076)
(-118, 45, -110, -1793, 8805, 17468)
(-102, 105, 25, 2073, 19714, 24672)
(-82, 69, -11, 8981, 23453, 23068)
(-46, -98, 0, 2159, 22589, 21078)
(-55, 111, 110, 11087, 15732, 19308)
(-9, -6, -83, -1357, 10530, 13654)
(-34, -16, 113, 4767, 5063, 5971)
(-100, 13, 127, 4890, -1127, 150)
(70, 60, -78, -12721, -10806, 1035)
(55, 20, 106, -11706, -23239, -3947)
(-117, 2, -12, -19911, -25353, -17656)
(77, -116, 38, -6874, -29542, -29150)
(-94, 0, 21, 20243, -24463, 28507)
(65, -89, -7, -11588, -11040, -32548)
(4, -122, 42, -16951, 23842, -32548)
(-27, -78, -55, -30636, -6405, -32548)
(-29, 18, -76, 31962, 24207, -6259)
(-78, -91, -97, -31581, 32254, 16319)
(-42, 4, -102, 19499, -10595, 28111)
(-93, -112, 97, -29166, 3737, -12097)
(6, -52, 97, 1654, -4122, 19485)
(-116, -51, -62, -7150, -2269, 5802)
(89, -82, 27, -10476, 3884, 8361)
(-107, -124, -106, -17027, 5015, 12620)
(-88, -126, -93, -12041, 1735, 14698)
(-110, 97, -45, -14995, 11020, -27045)
(49, 89, 112, -6280, 10103, 16593)
(-49, -119, 100, -3346, 11824, 27440)
(9, 53, 108, 6934, 19111, -28721)
(11, -15, -4, -7665, 2091, 17131)
(46, -70, 81, -3472, 7360, 24126)
(114, 123, 52, 1509, 6906, 25571)
(45, -42, 25, 10011, 10438, 23929)
(-3, -43, 3, 9980, 6899, 23435)
(88, -44, -104, 14150, 10898, 24561)
(22, 126, 51, 12709, 12051, 19848)
(119, -79, 85, 15843, 9291, 17983)
(12, -15, 11, 17374, 12984, 14691)
(4, -59, 47, 11258, 9473, 12459)
(108, 108, 28, 4864, 5947, 10835)
(9, -22, -104, 12235, 4349, 8007)
(-15, 33, -100, 5281, -3933, 2841)
(-12, 55, 29, -6527, -5821, -7196)
(61, 125, 28, 560, -5347, -7802)
(-72, -49, -75, -11409, -9385, -13507)
(104, -80, -124, -11024, -18877, -19387)
(87, 68, -92, -15175, -8562, -27194)
(-4, -56, -27, -15256, -10144, -30664)
(35, 56, -7, -8264, 6120, -28442)
(-13, -103, 70, -1338, -5166, -26947)
(-80, -66, 63, -17719, -11909, -29484)
(13, 15, 9, -6570, 5699, -25587)
(-47, 75, -123, 1009, 10346, -16708)
(64, -114, -17, 3982, 15592, -5102)
(-3, -118, 44, -2017, 16859, 3468)
(122, 51, -90, -8169, 9477, 14299)
(-97, 10, 50, 4766, -1024, -32680)
(116, -105, -30, 7843, 6178, 28471)
(70, -128, 120, -1203, 12958, 32562)
(103, -118, -37, 8384, 27020, 32027)
(67, 74, -88, -24803, -27570, 28745)
(-76, -1, -56, 27341, 32467, 17553)
(-93, -20, 83, -3990, 32467, 10185)
(-98, 105, 96, 6595, 32467, 10436)
(107, -30, -120, 379, 22861, 7505)
(-97, -110, 117, -3499, 17268, 6037)
(-92, 18, 121, -1220, -244, 656)
(118, -61, -109, -4275, -6211, 2735)
(-92, -60, -64, 8292, -14576, -323)
(-116, -81, -94, 12960, 22764, 6869)
(63, -108, -27, 31962, 31918, 14305)
(111, 19, -45, -28642, -31239, -32550)
(-2, -47, 77, -2451, 31857, -32550)
(-97, 113, -85, 31962, 32467, -32550)
(-45, -115, -112, 31962, -4351, -29703)
(43, -10, -50, 31962, 22895, -17615)
(-94, -15, 69, 15988, 32467, 31909)
(82, 32, 29, -6404, 1746, -15187)
(17, 83, -84, 25968, -4805, 10546)
(-24, -29, 0, 9814, -2438, 5663)
(-1, -119, 39, -8732, 4505, 8161)
(-23, 57, -27, -14155, 8692, 9487)
(-112, 119, 109, -21479, 14010, 19768)
(113, -29, -104, -10183, 12886, 19744)
(-100, -70, 102, -3268, 17754, 31552)
(88, 116, -34, -8005, 19586, 17024)
(23, -63, 112, 10201, 22113, -26268)
(-101, -117, -97, -16246, 23381, -32550)
(68, 0, -95, 1830, 24533, 14510)
(-7, -23, 51, 2947, 27067, 28411)
(-68, 101, -6, -4155, 20532, 26510)
(-50, -94, -127, 4402, 32020, 27455)
(64, 0, 113, 12488, 27449, -30458)
(96, 21, -8, 23010, 26898, 28686)
(-16, -35, 48, -21080, 5891, 25198)
(-126, 68, -70, 10414, 10345, 16968)
(-94, -9, -123, 1532, 914, 9652)
(91, -18, 69, 5667, -2663, -3814)
(-49, -46, -80, -6477, -623, -10558)
(-17, -5, 58, -4112, 2892, -10043)
(81, -22, -108, 6752, -15483, -18745)
(27, -29, 57, 5027, 32562, 27378)
(-68, -108, -2, -1754, -22083, 32002)
(-73, -92, -68, -11462, -8181, -32552)
(52, 56, -103, 4335, 11989, -32552)
(87, -79, -5, -8607, 17531, -32552)
(-105, 61, 58, -11483, 25813, -32552)
(75, 32, -119, -23122, 27250, -18647)
(-83, -71, -1, -20354, 27312, 8338)
(12, 73, -84, -24203, 25272, 24615)
(-51, -45, 113, -22852, 18244, -30642)
(-32, -102, 126, 26583, 3884, -30305)
(12, -73, 60, -20014, -14483, -32552)
(-70, 19, -7, -24936, -29363, -32552)
(-120, -54, 42, 5733, 26804, -32552)
(29, -75, 20, 7457, -31214, -2460)
(-16, -10, 95, -482, 31850, -17722)
(103, 94, 121, -9712, -25205, -29026)
(14, 45, -28, -2034, -3595, 27833)
(-6, -62, 121, -6503, 11376, -32552)
(-80, -119, -18, -9821, 16208, -32171)
(2, 118, -86, -17914, 20636, -16804)
(81, -85, -68, -17288, 25706, -7540)
(-10, -28, 107, -9922, -29199, 8205)
(-22, -55, -106, -10994, 32746, 16544)
(-125, 20, -48, -17678, 30090, 25827)
(70, -36, 114, -9411, 28893, 28227)
(-74, -86, -114, 20906, 6579, -28976)
(30, 90, -101, -19717, -4919, -32551)
(-28, 57, 120, 19530, -10490, -32551)
(-68, -67, 21, -4399, -10304, -4455)
(21, -106, 23, -31646, 20452, 1786)
(105, -104, 101, -5360, -22939, 14777)
(43, -15, -74, -28483, 29091, -32551)
(56, -50, 46, -6310, -20903, -32551)
(48, 22, -53, 31960, 28413, -27059)
(9, 95, -104, -3815, 32468, -27080)
(-68, 28, 118, -3692, 32468, 24142)
(108, 27, 50, 2483, -9887, -15396)
(-41, 6, -60, -19705, -4528, 21079)
(83, -54, -110, 20165, -20491, -22565)
(-110, 19, -127, -21594, 8782, -2219)
(-53, -127, -70, -8906, 1334, 11375)
(-61, -85, -113, 6908, -8723, 27210)
(-16, 114, -78, -31170, 7647, 10423)
(92, -116, -19, -16584, 10382, 29567)
(104, -27, -120, 7203, 12705, -32186)
(-52, -106, -31, -8508, 13454, 11362)
(68, 100, -41, -15563, 9345, 18912)
(-41, -29, -69, 7584, 20884, 17205)
(30, 110, -107, -7371, 15123, 22341)
(31, 83, 79, 1792, 18863, 17723)
(-9, 77, 89, 4305, 23202, 16407)
(43, -89, -43, -417, 28180, 12737)
(18, -22, 98, 5887, 24672, 22024)
(2, -84, -26, 6231, 19502, 27980)
(30, 27, -71, -549, 17195, 22879)
(-113, -58, 14, 11911, 8055, 25301)
(126, -64, 63, 14777, 8238, 15664)
(20, -86, -73, -1282, -1267, 7922)
(-3, -57, -76, 3043, -510, 2373)
(-15, 23, 7, 6334, -2126, -4315)
(1, -97, 120, 7285, -5018, -3571)
(14, 13, -119, -755, -10816, -4688)
(99, -42, -25, -3790, -7096, -6203)
(-3, 111, -33, -6227, -2723, -4792)
(69, 49, 123, 251, 2212, -5464)
(-69, 22, 94, -3001, 2165, -1971)
(-74, 62, 4, -4013, 1839, -1283)
(-80, 98, 127, -6547, 1465, 1766)
(-125, 12, 0, -18318, -5583, 1204)
(-89, 20, -30, -14631, -14821, 2068)
(-48, -32, -123, -8183, -20485, -1060)
(-36, -47, -10, 6161, -18625, -17817)
(12, -53, 75, -12236, -31188, -19018)
(98, 26, -107, 7172, -9235, 25035)
(35, -98, 54, -27353, -2487, -32552)
(113, -37, -97, 8313, 27329, -32552)
(-97, 94, 43, -22860, 11146, -31817)
(29, 18, 50, -6288, 27409, -6284)
(21, -44, -90, -5123, 27692, 8719)
(-119, -75, -54, 4123, 31303, 11822)
(-117, 71, 99, -919, -31593, 17996)
(-105, 75, 90, 21540, 20008, -28319)
(56, -107, -125, 29823, -23697, -30917)
(51, -68, 79, -27754, 19810, 18135)
(-105, -77, -105, -17779, 32470, 6346)
(-128, 26, 24, 13299, 32470, -30444)
(-8, 10, 32, 3602, 6227, 26965)
(-4, -34, 97, 11867, 9370, 32286)
(-38, 26, -36, -3754, 13945, -29557)
(-1, -38, -52, -13095, 19056, -16741)
(89, -2, -86, 6532, -32337, -12092)
(-76, -9, -3, -17278, -30604, -3464)
(32, -109, -120, 9937, 32471, 7581)
(75, -81, -81, -11084, 32471, 13356)
(9, -40, -19, -8402, 32471, 24719)
(-34, -121, -41, -18319, 24351, 28018)
(45, 46, 70, 31405, -8262, 28882)
(94, -60, -54, 6877, -3811, 15383)
(-128, 98, 33, -7048, -26503, 21067)
(-78, -29, 105, 18302, 28393, -9867)
(-9, 52, -55, 31964, 31339, 16578)
(-20, -3, 109, 25738, 32470, -32550)
(5, 53, -93, -20575, 32470, -32550)
(66, -64, 72, 31964, -13896, -32550)
(-23, 80, -19, 24640, 26080, -24424)
(96, 96, 83, 25956, -28676, 16195)
(68, -62, -23, -6337, -12781, -2733)
(58, 45, 21, -10051, -9832, 8146)
(-93, -70, 61, -20842, -5531, 17795)
(55, -19, -34, 16702, -13599, -26244)
(116, -80, 61, -14357, 6468, 11468)
(-96, -120, -84, -29346, 1652, 21019)
(-66, 4, -35, 4250, -3507, -26055)
(77, -118, -60, -30709, 10571, 23673)
(97, 39, 81, 6986, 8632, -29447)
(83, -111, -75, -838, 11429, 20668)
(0, 27, 55, -6546, 18771, 22217)
(-95, -4, 68, -11771, 12248, 19211)
(44, 118, -36, 12295, 16229, 18112)
(-33, 20, -92, 16285, 22661, 26041)
(-90, 99, 24, -1429, 13703, 20147)
(-36, -7, -91, 12343, 19592, 18104)
(-13, -78, -6, 8553, 18229, 21028)
(-45, -80, 2, 522, 9613, 22662)
(-65, -21, 19, 1883, 6906, 24507)
(-105, -5, 76, 6668, 9490, 18851)
(111, -37, -77, 15225, 11689, 15897)
(56, -39, 86, 19432, 10710, 7464)
(98, -81, 71, 6813, 3634, 247)
(21, 41, -80, 3203, -3403, -6945)
(-45, -90, 3, 11424, -2731, -7438)
(116, -12, -37, -5957, -7764, -5312)
(-21, -119, -105, -3147, -3723, -6848)
(-93, 85, 91, -5281, -5297, -4560)
(-33, 81, 5, -9212, -5732, -2980)
(46, 46, 23, -11363, -4172, -992)
(7, 82, 93, -13601, -8546, 2528)
(71, 99, -16, -25048, -29786, 11487)
(-85, 7, -94, 31189, -22166, 32314)
(28, 65, 94, -20315, 6123, 26580)
(-103, 26, 2, -570, -840, -32596)
(44, -123, 7, -11393, 11480, -32552)
(20, 29, 4, -8927, 16230, -32552)
(30, 108, 58, 1046, 14082, -28187)
(-67, 82, -88, 3732, 21549, -9387)
(-86, -58, 43, 3259, 15880, 13214)
(-64, 32, 27, -6456, 14010, 18349)
(-119, -29, -41, -17944, 12710, -23729)
(-51, 15, 55, 32735, 5114, -32225)
(56, 118, 59, 4803, -10377, -13059)
(-126, 51, 97, -14822, 18079, 18449)
(-85, -82, -35, 31336, 32469, -19619)
(28, 77, -127, 12584, -1865, -20802)
(125, 36, 25, -2492, 9719, -23464)
(64, -43, -40, -6900, 13914, -20536)
(113, -118, -85, -11174, 21709, -15472)
(-17, -90, -72, -9487, 24296, -4390)
(127, -123, 31, -11451, 29149, 11254)
(47, -100, -79, -6922, 27098, 14673)
(17, 51, 70, -7498, 24946, 24643)
(-77, -4, -1, -10845, 16945, 24363)
(-2, 114, 12, -9429, 29432, 28156)
(65, 113, 26, -8023, 17873, 32178)
(127, 27, 67, 9590, -4783, 29406)
(-17, 19, -103, -6189, -4087, 25443)
(-12, -72, -67, 486, -12780, 7662)
(99, 75, -79, 9978, 20446, 11266)
(54, 87, 1, -27488, 32470, -30656)
(-63, 62, 31, 23267, 32470, 24896)
(-35, 58, -86, -29341, 32470, -32551)
(-103, 39, 5, -24062, 32470, -32551)
(72, 96, 15, 31963, 32470, 22756)
(-18, 72, -107, -804, 32470, -29468)
(-93, 74, -46, -6653, 32470, 7)
(84, 18, 25, -15099, 11579, 340)
(78, 18, 117, -11975, -7061, -6996)
(62, -117, -73, 1888, -2430, -28729)
(-81, 115, 15, -15768, 3686, -8002)
(-34, -108, 115, -12226, -3484, 19927)
(48, 24, 101, 14158, -10323, 31426)
(-38, 114, -91, -19014, 15518, 17819)
(-61, -7, -48, -22446, 7022, 21919)
(-35, 89, -52, -10257, 14875, 19777)
(-39, 83, -81, 2878, 21361, 17978)
(-103, -34, -68, 2762, 22803, 19012)
(-104, 112, 76, -11047, 15237, 23968)
(-101, -61, -14, -7210, 18627, 19756)
(95, 9, -124, 22142, 9167, -28235)
(-93, -35, 2, 3381, 2489, 31635)
(33, -119, -110, 9263, 2367, 31119)
(-31, -23, -91, 13122, 15111, 26959)
(-29, 24, -27, 15248, 12333, 26348)
(-107, -62, 33, 18915, 8076, 24682)
(92, -80, -114, 23662, 4445, 17514)
(9, 100, -120, 12111, 6470, 12535)
(53, 87, -71, 2217, 1256, 1056)
(60, 19, 38, 6274, 1025, -851)
(83, -99, 75, -17347, -435, -536)
(109, -104, 60, -11042, -2, -1292)
(71, -10, 67, -3437, 533, -3860)
(23, -106, -17, -995, 251, -7198)
(7, 98, -26, -11478, -2183, -9543)
(101, 113, -108, -15932, -10665, -10619)
(73, 16, 1, -10777, -17530, -16672)
(95, 28, -66, -15438, -13500, -29426)
(-33, 59, -12, -105, -2388, 31021)
(-16, 94, 112, 13704, 91, 32278)
(-2, 6, 102, 9156, 6889, -32555)
(-59, 3, -7, -29988, 18496, -13256)
(55, -31, -68, 11208, 9194, -23313)
(94, -45, 111, 7012, -26975, 19010)
(32, -64, -90, -15963, 20401, -28123)
(-103, 60, 33, 29862, 19989, -8493)
(-58, 11, 109, 15774, -22568, -108)
(30, -115, 122, 18056, 4950, -21141)
(-97, -82, 5, 12415, -3594, -15353)
(127, 43, 121, -6474, 6399, -11392)
(56, -101, 121, -7666, 20329, -9902)
(120, 37, -23, -8837, 25355, -839)
(-111, 98, -102, -12138, 30954, 6228)
(87, 59, -64, -7112, 29053, 17185)
(-67, -117, -51, -12064, 28284, 21729)
(86, -11, -67, -10113, 19639, 24761)
(92, 42, 50, 1496, 21270, 30087)
(39, 56, -24, -136, 17630, 29090)
(-65, -68, 98, -4644, 4882, 25519)
(117, -51, -113, -18757, 5091, 23044)
(75, -76, 38, -31864, -15808, 8181)
(-11, 30, 17, 28071, -24543, 9943)
(-14, 10, -102, 18434, 25508, -32554)
(-3, 85, -81, -18141, 2124, -32554)
(78, 84, 58, 31959, 20740, -14120)
(-65, 44, -127, 31965, 32470, 2488)
(83, 17, -68, -4890, 32470, -12807)
(103, -111, -114, 20953, 32470, 6526)
(83, 111, -118, 29912, -18313, 1128)
(-67, -105, -108, 2077, -10470, -9053)
(-55, -64, 56, -14456, -6685, 2124)
(-15, 78, -50, 11783, -11749, -25938)
(119, 96, -61, -11982, 6965, 31845)
(-43, 35, -126, -13567, 11936, 29729)
(-72, -105, 109, -32521, 9568, 8861)
(-5, -116, 82, -24639, 2189, 20697)
(21, 127, -120, -17442, 16730, 23953)
(45, -84, 20, -6745, 14241, 23533)
(-37, 103, 112, -5304, 12927, 27482)
(-21, 124, -45, -5932, 12029, 25363)
(-81, 29, 100, 7170, 12655, 28322)
(92, 75, -14, 5102, 10277, 26023)
(-88, 101, 14, 7584, 9621, 27043)
(-49, -28, -61, 11059, 10192, 22552)
(113, -126, 56, 1833, 9768, 22325)
(-92, -118, -87, 9282, 7569, 21932)
(116, -57, 71, 6132, 2419, 21349)
(64, 89, 63, 6752, 5090, 17268)
(80, 64, 28, 4038, -142, 12647)
(-74, 104, 27, -2477, -3601, 9461)
(70, 4, 65, -2831, -6147, 1469)
(107, -78, 49, 1607, -2337, -2322)
(108, -62, 39, 785, -32, -5213)
(53, -37, 22, -150, 590, -6024)
(-68, 8, -7, -4482, -1845, -5643)
(-115, 21, -6, -5608, -5244, -7957)
(76, 28, 20, -6533, -8816, -12025)
(85, 21, 69, -7759, -7019, -19251)
(117, -112, 127, -2356, -7605, -27819)
(-4, 78, -77, 1892, -6505, -28145)
(45, -113, -115, 6613, 5128, -32404)
(68, 31, 73, 8742, 9163, -25465)
(8, 48, 17, 6765, -5029, -7466)
(-59, 103, 75, -3000, 17857, -13739)
(-70, -83, 107, 15025, 26596, 6765)
(4, -64, -121, -23497, 16200, 31046)
(-102, 13, 6, 12554, -23716, -30334)
(105, -114, 84, -709, 24337, 10526)
(-14, 5, -22, -5686, -22257, -2021)
(61, -9, -50, 4215, -3116, -13511)
(16, -74, -96, 9556, 7749, -13119)
(-9, 79, -90, 3364, 9236, -16073)
(1, 89, 94, -798, 15030, -15054)
(-114, 96, 16, -2415, 18749, -10004)
(-45, 100, 54, -6191, 23369, -4230)
(117, -23, 107, -4203, 27747, 4610)
(49, -91, -26, -2990, 27652, 14641)
(-55, -92, 72, -2412, 28191, 21235)
(26, 25, -75, -8366, 21830, 22403)
(-71, -34, -42, -15191, 17279, 28416)
(-25, -117, -28, -14186, 16609, -28999)
(-44, -56, -44, -13173, -717, 21045)
(8, 112, -102, 1334, -9840, 18290)
(-122, -95, -68, -17630, -23058, 3464)
(-111, 82, 18, 25787, 24414, 25164)
(-52, 12, 37, 30586, 32467, 28634)
(-115, -42, 89, -21369, 32467, -32556)
(-11, -74, -50, -4870, 32467, -32556)
(-106, 49, -49, 31966, 32467, -32556)
(-92, 16, -124, 31966, 32467, 13259)
(89, 20, 77, 6887, 32467, 28865)
(-73, 98, 67, 5006, -8055, -24116)
(63, 0, -31, -9690, -18514, 9937)
(106, 40, 119, -1531, -11585, -17732)
(-66, 37, -87, -24140, 8013, 372)
(7, 43, -55, -18914, 2612, 20317)
(65, 67, 126, -14162, 4870, 25647)
(-124, -116, 0, -5468, 9975, 30106)
(-63, 43, 32, 6085, 20996, 26321)
(-80, -78, -27, -11466, 1640, 21579)
(85, -34, -74, -4976, 2260, 24573)
(-22, -37, -38, 14708, 5714, 29977)
(-123, 64, 101, 8765, 9515, 25394)
(102, 95, -127, 11888, 12188, 24390)
(-4, -83, -123, 8410, 14190, 23000)
(-79, 80, 54, 10616, 13421, 19024)
(-67, -47, 3, 12496, 10632, 23839)
(-21, 11, 84, 4761, 8779, 23661)
(-35, 39, 2, 7236, 7987, 22442)
(-37, -19, 78, 9810, 5884, 19979)
(-72, 28, -70, 13787, 4839, 15629)
(89, 70, 49, 17313, 166, 10255)
(-6, 91, -87, 14388, 4680, -3747)
(68, -4, -100, 6922, 3030, -10970)
(-21, -34, 17, -769, -73, -9548)
(-79, -26, 15, -1807, -3775, -6627)
(-43, 50, -62, -2498, -5786, -5556)
(-127, 102, 3, -15431, -20883, -6274)
(3, 1, 43, -12274, -23015, -23542)
(-73, 111, 93, -14522, -5586, -26091)
(10, -15, -91, -10205, -8585, -32741)
(90, 112, 52, -3815, -6514, -31235)
(-69, -71, -16, -10681, -10360, -26941)
(-64, 37, 37, 3466, 3108, 30993)
(-16, -90, 44, 757, 31441, -25882)
(-118, -54, 52, 9662, -27143, -5344)
(-54, -54, -120, 3201, 17663, 1890)
(63, -78, 79, -19607, 13786, 21277)
(-26, 95, 90, -19485, 5095, -31899)
(-52, 59, -48, -17796, -16060, 32447)
(-52, -56, -70, 12174, 19788, 7025)
(6, -112, -122, 1812, 32465, -8568)
(79, -56, -16, -7175, 4936, -11297)
(58, 16, -30, 12638, 18114, -21040)
(-105, 53, -96, 5624, 10772, -13384)
(116, -53, -98, -7306, 26389, -8142)
(-83, -42, -16, 3221, 27692, -3218)
(-34, -125, 96, -4354, 30478, 2762)
(-61, 124, 100, -3038, 31233, 10375)
(-123, 70, 54, 69, 30169, 14438)
(-84, -16, 118, -4869, 31470, 17990)
(-64, -3, -83, -6316, 22342, 23161)
(89, 69, -95, -3090, 12945, 28204)
(103, 64, 40, -9281, 6947, 21772)
(-65, 66, 52, 14064, 16958, 9939)
(122, 37, -50, 16128, -21274, 7979)
(14, -124, 0, 13702, -28986, 5415)
(97, -35, -16, 30287, -32135, 31877)
(7, 107, 88, 31967, 30377, 26757)
(-74, 86, -64, 1746, 32465, -32558)
(38, 109, -117, -12573, -20660, -32558)
(-120, -38, 90, 31967, 28328, -12500)
(118, -47, 10, 31967, 32465, 19181)
(2, -81, -65, -9259, 32465, -19266)
(31, 106, -63, -23876, -18717, -1596)
(-1, 16, -23, -3715, -5032, -3749)
(122, 42, 82, -17906, -7881, 19787)
(49, -82, 44, -14267, 699, 20249)
(76, -75, 97, -309, 4844, -2715)
(18, 95, 109, -10522, 4586, 14954)
(-40, -61, -109, 9445, 7420, -21752)
(40, 85, -90, -8433, 18990, 18950)
(-102, 113, 51, -20763, 23682, 13892)
(-78, -51, -9, -12483, 17338, 31144)
(-8, 120, 80, -13146, 13018, 18345)
(-56, 70, -43, -7312, 9151, 22360)
(121, -67, -33, -25081, 6388, 27828)
(-107, 53, 59, -3545, 4178, 23323)
(51, 4, -92, 10221, 9697, 29050)
(-37, -91, 18, 7452, 5798, 25019)
(94, 63, -3, 18669, 13874, 20345)
(-52, 107, -85, 368, 4981, 22761)
(-7, -95, -95, 9050, 7585, 19994)
(42, 57, -74, 19186, 6749, 17193)
(-86, -58, 55, 10840, 8117, 15449)
(-126, 85, -34, 13651, 4994, 13627)
(-121, 47, 58, 14758, 6160, 6876)
(-23, -67, 37, 5312, 2231, 5831)
(79, -7, 124, 2217, 920, -1691)
(109, 15, 111, -1653, -2922, -2899)
(-50, -31, 110, -2056, -89, -7883)
(-13, 24, 117, -5565, 2424, -9632)
(119, 36, 1, 25136, -19713, -21989)
(-72, 9, 127, -32755, -7124, -20520)
(48, -98, -37, 10800, -7547, -32125)
(-86, -74, 4, 2142, -2522, 30654)
(-100, -12, -96, 1594, 13575, -32560)
(-94, 55, 116, 13320, 20446, -29959)
(81, 123, -44, 6844, 24313, -18577)
(74, 95, -85, -4496, 31177, -4340)
(-27, -101, -48, -9624, 27822, 8344)
(116, 68, 109, -21482, 20040, 23475)
(7, 112, 56, -29775, 14123, -24244)
(-25, 117, 105, -25878, 31722, 26924)
(-118, 25, 101, -28036, 28412, 24033)
(-67, -76, -101, -27036, 31121, -1882)
(-78, -96, 119, 26972, -2537, 28215)
(0, -102, -68, 17882, 6525, 29565)
(26, 35, -41, -720, -12315, 32427)
(48, -99, -117, -6526, 8145, -27814)
(-56, 92, 38, -6133, 18831, -17249)
(89, -16, -69, -9895, 27495, -6682)
(63, -98, 3, -2159, -32750, 4697)
(13, 55, -83, -4932, 30325, 15326)
(-100, -109, -62, -24599, -32740, 26476)
(-117, -122, 116, -26928, 20319, 29942)
(-49, 91, -7, -3608, 17252, -29549)
(105, 7, -71, -12126, -389, 26538)
(63, -80, 28, 31498, -26632, 5882)
(113, 80, 110, -23071, 23768, -17074)
(-13, 113, -3, 27300, 32468, 20141)
(-44, 9, 86, -10385, 32468, -32560)
(-60, -80, -88, -30372, 32468, -32560)
(-111, -52, 15, 31969, 32468, -10648)
(-112, -53, -71, 3356, 32468, 14193)
(-5, 61, -54, -9151, -30506, 17850)
(-31, -32, 34, -22916, -20788, -3889)
(106, 62, 95, -4762, -3330, 12781)
(109, 110, -63, -22431, -3653, 13332)
(-23, 107, -1, 6902, -15487, 22867)
(31, 25, -88, 19020, 8361, 23072)
(-127, 94, -23, -24143, 11218, -26964)
(-12, 92, -37, 4672, -21849, -32558)
(-36, -52, 93, -27156, -4172, 21920)
(30, -83, 70, -19241, 8225, 27832)
(-18, -62, 21, -3162, 3688, 30695)
(-70, -77, -120, 6202, 12643, 23772)
(-3, -29, -61, 19789, 18217, 29025)
(110, -49, 100, 4078, 15388, 17003)
(-104, 11, -29, 24995, 15493, 25875)
(-49, -28, -124, 15201, 14321, 20345)
(66, 82, -42, 12520, 17866, 18918)
(104, -79, 1, 10776, 14146, 19602)
(-95, -81, -120, 12807, 11102, 18792)
(0, -52, -31, 9655, 4590, 13745)
(19, 61, -41, 5279, 3519, 2409)
(58, 14, 126, 2118, 3254, -613)
(63, -26, 39, 360, -931, -1281)
(35, -72, 84, -3365, -8087, -4292)
(122, 36, 17, -2127, -8998, -8957)
(25, -119, 116, -4775, -7992, -9805)
(53, -24, -123, -17436, -13712, -11014)
(14, -39, 111, -10196, -14067, -12496)
(-108, 39, -33, -14042, -30546, -8567)
(99, -78, -87, -5870, -31243, -30554)
(8, 101, -15, -28978, 25981, 28484)
(24, -90, -86, 12382, 30036, -32562)
(15, -123, 94, 19498, 24892, -32562)
(73, -122, -23, 7154, 28576, -22653)
(56, -71, -38, -2365, -30381, -64)
(-119, -62, -60, -22433, 29869, 14596)
(52, 127, 29, 22412, -629, -19492)
(70, 22, -96, 14634, -19459, 26552)
(-122, 10, 51, 15900, -21714, -12943)
(-9, 50, 8, 30594, 5797, -14200)
(-115, -46, -77, 19924, -30015, -16642)
(-79, -28, 79, -1748, 23770, -13190)
(-2, -120, -46, 1765, 31260, -10768)
(82, -45, 25, -5936, -31173, -7166)
(88, 87, 104, -12100, 32465, 6130)
(-97, -93, 124, -6155, 28506, 9436)
(-86, 10, 60, -9936, 23866, 14464)
(65, -52, 81, -20878, 13749, 16311)
(-113, -10, 32, 13757, -790, 19983)
(108, 105, -59, -23857, -12476, 13664)
(124, -128, -42, 1471, -24054, 10695)
(87, -117, 21, 17146, 25037, 3320)
(1, 35, -115, 31966, 32467, 13554)
(-109, -37, -60, 13313, 32467, -32562)
(95, 127, -26, -16430, 32467, -32562)
(94, -43, -8, 31966, 32467, -32562)
(123, -78, -94, 31966, 15449, -31832)
(-14, 87, -72, 12797, 16295, 9661)
(49, 52, 58, -6423, -21720, -9855)
(-42, -120, -98, -30484, -9442, 19500)
(67, -123, -40, -18515, -2170, 5821)
(-96, -53, -67, -5904, 304, 19214)
(-76, 95, -51, -21150, 2935, 1631)
(-36, -52, -114, -32431, 2220, 18213)
(77, 114, 81, -6328, 6410, -23184)
(-75, -50, -9, 3744, 26539, -32561)
(-118, -47, 60, -7175, 10215, 24998)
(-1, 30, 77, -8559, 18094, 28537)
(-16, -108, -25, -6061, 14139, 23608)
(115, -11, -22, -4412, 20170, 28024)
(127, 61, 1, -649, 18711, 26992)
(115, 73, -17, -561, 15995, 29590)
(-7, -103, -77, 9290, 28861, 24583)
(-123, -78, -72, 4982, 7673, 29978)
(25, -68, -99, 3678, 5006, 26764)
(11, -115, 24, 3127, 6170, 22354)
(101, -118, -29, 17974, 8695, 13151)
(5, -75, 26, 2725, 1337, 3003)
(-48, -97, 33, 1502, -12077, -16616)
(123, -9, -21, -6123, -9620, -21679)
(58, -55, -59, -763, -12602, -32414)
(-12, 67, -88, 5498, -12475, 32257)
(0, -58, 109, 1526, -14004, 32346)
(82, 58, -120, -3701, 11499, -32564)
(65, -64, 111, 7518, 18578, -32564)
(-2, 30, -17, -3568, 22309, -28493)
(86, 52, -106, -1884, 24904, -17844)
(100, -114, -9, -12897, -30344, -477)
(22, 29, 105, -14464, 27103, 13313)
(-86, -121, 93, -24745, 19410, 28217)
(4, 0, -92, -26882, 18712, -28073)
(21, -11, -41, 31012, 111, -32054)
(-114, 121, -68, -25779, -24129, -32564)
(61, 84, 119, 9031, 22856, 28598)
(-10, -65, -107, -6698, 32467, 4758)
(65, -95, -1, -877, 32487, -21307)
(14, 65, 43, -4201, 32461, 32406)
(-15, -92, -81, -5021, -15055, 29368)
(69, 53, 11, 8762, 6326, -32564)
(-102, -60, 70, -11108, 2133, -32564)
(-62, -40, -127, -19248, 15301, -32564)
(-22, 44, -34, -17156, 23693, -11052)
(-26, -128, -23, -17413, 25601, -3011)
(-60, -15, 90, -29128, -29279, 10981)
(77, -9, 56, -18604, 29351, 19291)
(-93, 57, 121, 26662, -32002, -31619)
(103, 106, 15, -23905, 25933, -32768)
(-115, 0, -116, 28620, -30882, 31516)
(115, 32, 105, -13065, 2916, 12797)
(32, -57, 51, 12563, 20254, -25564)
(96, -4, 22, 14308, 28902, -4331)
(89, 119, -125, 19445, 32469, 12642)
(102, -15, 20, 1316, 32469, -32562)
(9, 55, 0, -18323, 32469, -32562)
(52, 18, -124, 31965, -19291, 29571)
(109, -19, 33, -7619, 27877, 26419)
(-84, -93, 84, 15202, 32469, -5284)
(120, 60, 86, 31742, -29257, 17463)
(-102, 1, 113, 32220, -18263, 28504)
(106, 37, 121, -7168, -8728, -18821)
(-105, -23, -16, -8857, -1323, 9703)
(-19, 109, -126, -9032, 1183, 21694)
(126, -16, 109, -17916, 2808, -24089)
(-65, 87, 60, -5584, 14408, -32562)
(117, -15, -47, -7363, 16352, 27641)
(-45, -15, -79, -6518, 14922, 29846)
(31, -36, -84, -7622, 9578, 29593)
(-60, -105, 91, -6535, 10189, 27485)
(15, -13, 62, -5763, 12345, -30175)
(-48, -41, -92, 2310, 9062, 23483)
(-103, -62, -18, 19219, 16924, -31531)
(-71, 66, 96, 1233, 13132, 23834)
(-72, -37, -126, 4382, 10085, 23219)
(122, 127, -84, 8688, 9248, 21307)
(-39, -64, 90, 13423, 5432, 19138)
(7, 19, -16, 5386, 2714, 13480)
(-46, -91, -4, 6160, 1862, 10612)
(-88, -44, 65, 5045, 3757, 5088)
(122, 2, -83, 994, 722, -1409)
(-105, 21, -70, -4588, 1014, -1663)
(-111, 124, 116, -9444, -7277, -5278)
(100, -34, 27, -4259, -855, -10287)
(35, -17, 69, -1558, -4076, -12111)
(118, 119, 61, -6946, -5206, -21783)
(16, -115, -101, 380, -8410, -21823)
(-17, 11, -24, -6207, -16866, -22085)
(-79, -1, -109, -19822, -1920, 30563)
(-82, 86, -25, -7189, 23228, 31943)
(89, 119, -5, 9811, 32666, -32566)
(-98, -39, -76, 3080, 28964, -31253)
(53, -67, 121, 6738, -30868, -19989)
(115, 56, 91, -6016, 32470, -9726)
(23, -96, -118, -31365, 21143, 13998)
(101, -84, -86, -14397, 13580, 22962)
(-36, 51, -105, -16096, 11013, -30784)
(80, 83, -109, -11065, 5796, 32416)
(-103, 39, -70, -13472, 29271, -31681)
(-30, 6, 83, -13282, 26652, 28200)
(-70, -3, 91, -12541, 32470, 24045)
(127, 11, -86, -29056, 32470, -3730)
(-74, -41, -50, 15845, 608, -21362)
(-118, -27, 34, -6381, -19498, 30413)
(115, -71, 91, -6239, 1440, 30425)
(-64, 84, -49, 3124, 16236, -32567)
(78, 104, 33, -3028, 12751, -32567)
(-3, 58, -83, -11975, 19000, -29280)
(57, 45, 57, -14373, 24797, -11894)
(-12, -36, 15, -18730, 25496, -395)
(84, 38, -96, -16318, 29241, 17980)
(-128, 32, 31, -10069, 27305, 23399)
(76, -47, 126, -25164, 29868, -31601)
(58, 38, 48, -26516, 25723, -30543)
(-40, -19, 116, -2347, 31208, 30412)
(-40, -8, 65, -30252, 25987, -31714)
(57, -86, -64, -5878, 6455, 23360)
(-46, -64, 97, 23947, 24025, -29364)
(-26, 106, 98, 23714, 27545, -26019)
(-113, -102, -72, -15617, 32471, 19864)
(63, -17, -69, -4434, 32471, -32567)
(-47, -27, -28, 13919, 32471, -32567)
(-36, 126, 113, -20537, 32471, -32567)
(34, -91, -46, 31964, -4815, -27355)
(-67, 30, -10, -803, 30551, -23382)
(-94, -99, -1, -5955, -22855, -16767)
(9, -118, -14, 27288, -12838, 8952)
(101, 111, -46, -20634, 170, -3850)
(91, -96, 16, -15960, 335, 21267)
(-19, -53, -100, -5287, 6902, 8151)
(-7, 3, -113, -18259, 12114, 18984)
(-115, -77, -64, -7711, 14855, -24095)
(33, -45, -53, -23358, 28819, 13483)
(-85, -5, 127, -14356, 21701, 19753)
(-60, 36, -105, -12276, 28676, 20449)
(-43, 67, 29, -11642, 20374, 27087)
(-35, 36, 62, -1593, 25512, 12505)
(67, 85, 94, -2586, 15471, 32495)
(87, -38, 85, 1346, 16652, 23393)
(42, 76, 104, 7073, 16373, 27400)
(42, 34, 110, -619, 9248, 26988)
(-24, -101, -42, 8243, 15446, 26617)
(38, 109, 14, 12518, 16740, 26842)
(-75, -40, 91, -31485, 23115, 18577)
(-125, -100, -31, 21998, 19455, 16808)
(-6, 62, -37, 13789, 14201, 12446)
(47, -5, -35, 9882, 7550, 10694)
(6, -22, 1, 2534, -3823, 1491)
(-123, 19, 10, 5513, -5149, 626)
(35, 82, -125, -1919, -7968, -1504)
(-99, -3, -70, -7123, -10870, -2593)
(113, 82, -109, -5686, -5003, -4500)
(-98, 56, 89, -9456, -1193, -4880)
(-29, -1, -80, -20488, -10217, -5428)
(65, 18, 100, -7595, -14037, -10659)
(-126, 110, 39, 2523, -20997, -6039)
(-27, -21, -51, 10391, -7684, -28885)
(93, -114, 55, -8073, -12156, 27467)
(-124, -96, -42, -31, -2175, -32572)
(-91, -15, 110, 15299, -6445, -32572)
(-125, 49, -81, 27266, 14256, -32345)
(2, 120, 8, -24328, -20561, -9149)
(56, -93, -24, 30466, 32475, 7654)
(-114, -8, 16, -19426, 16327, 25239)
(23, -95, 125, -20979, 10944, -24413)
(125, -33, 28, -16730, -4126, -32571)
(109, 34, -28, -17311, -31573, -32571)
(40, 45, -28, -25576, 26120, 7147)
(-80, 12, 0, 16572, 32475, -15810)
(-75, 56, 61, 9892, -10961, 29371)
(-14, -1, 34, -1495, -9077, 29617)
(-97, -71, -109, -6568, -90, -32571)
(-118, 61, 85, 29945, 19023, -24906)
(-66, -26, -2, 27684, 28732, -9119)
(66, -31, 102, -2520, 30691, 9654)
(115, 23, 77, 1495, 31533, 18711)
(48, 14, -100, -2521, 24364, 24506)
(-77, -125, -96, -2514, 21758, 28055)
(11, -108, -54, -9361, 19802, 29451)
(16, -106, 25, -18379, 19876, -32129)
(111, -1, -70, 21030, -15732, -31916)
(-113, -76, 78, -27607, 4205, 14422)
(106, -104, -82, 22857, -30177, -14045)
(21, 120, 5, -18461, 25743, 23716)
(-100, 121, -45, -15893, 32474, 31038)
(117, 79, -119, -30016, 32474, -32570)
(34, 41, -101, -26359, 32474, -32570)
(56, -103, -120, 23897, 32474, -1743)
(-31, 103, -127, 1886, 32474, -3279)
(-66, 15, -64, 15049, -28070, -5772)
(13, -127, -53, -27385, -12268, -4607)
(119, -99, 38, -14516, -4749, 16041)
(105, -117, -90, 16612, -12295, -26219)
(-104, 79, 88, -13994, 12419, 21550)
(63, 44, 116, -8400, 12948, 16439)
(98, 84, -119, -9712, 19559, 29780)
(108, 87, 32, -19468, 12118, 30610)
(34, -114, 123, -8000, 15502, 28397)
(-123, 53, -114, 16082, 30029, 23195)
(-21, -26, -7, 892, 24519, 31592)
(-27, -24, 91, -5420, 24881, 26163)
(119, 25, 102, -8536, 14021, 28252)
(-115, 52, -27, 17618, 25194, -30041)
(12, -30, -112, 11688, 23525, -32567)
(-44, -39, -107, 8051, 22141, 24203)
(-119, 37, 35, 2639, 17516, 31047)
(16, -125, -51, 10304, 3381, -30953)
(116, 14, -71, 13434, 2483, 15702)
(-4, 126, 4, 14261, -10536, -702)
(-90, -120, 12, 1266, -5584, -3991)
(19, -44, -62, -5053, -9241, -7181)
(62, 78, 36, -13510, -9708, -8647)
(113, 18, 76, -11696, -24408, -12738)
(70, 113, 92, -21063, -32483, -21117)
(-69, -5, 15, -82, -27427, -30961)
(0, 121, 93, -13180, -9596, 30226)
(-121, 80, -121, -26400, 5499, -32656)
(-25, 15, -5, 32492, 28087, -32568)
(68, 83, -123, -20131, 24683, -25708)
(-93, 49, -62, -9428, 25196, -9690)
(12, 29, -20, -6977, 24414, 15745)
(4, -20, 107, -21565, 14932, 26869)
(105, -88, -88, -19959, 10427, -25912)
(-32, 24, 58, 32601, -3306, -32567)
(-39, -98, -114, 18122, 26507, 24867)
(-86, 6, -117, -18486, 28594, 9906)
(-13, -119, 66, 2397, 32470, -15628)
(80, -102, -124, -437, -14859, -32200)
(53, 22, 43, 4317, -5631, 28276)
(-4, 74, 0, -3902, 2257, -32569)
(3, 68, 110, -16299, 10926, -29083)
(-124, -86, -105, -21947, 16666, -17963)
(61, 67, -105, -19100, 27751, -5998)
(116, -48, -19, -11678, 30442, 7228)
(14, -14, -44, -4851, 32436, 14840)
(110, 61, 71, -10720, -32299, 23605)
(-56, 44, 102, -6664, 32295, -30260)
(51, -30, 99, 7640, 32529, 25626)
(-74, 103, -123, -20713, 10641, -29611)
(-11, 100, 53, -15618, -30080, -32569)
(101, -62, 27, 22541, 32742, -24860)
(104, 35, 26, -1431, 29216, 19475)
(-33, -33, -76, 7797, 32470, -32569)
(72, -75, 36, -18170, 32470, -32569)
(-81, 88, -93, 31961, 32470, -19159)
(-30, 110, 64, 31961, 32470, -28925)
(-54, -127, -125, -806, 32470, 31986)
(109, 12, 55, 10474, -29866, -6220)
(17, 5, 26, 24192, -17950, 22084)
(-119, 40, -58, 8598, -4999, 466)
(-128, -93, -67, 31378, -3456, 11934)
(116, 33, 5, 2172, 15661, 17417)
(2, 81, 37, -11875, 26068, 31770)
(79, -94, 57, 31947, 27250, 30618)
(11, -3, -97, -31094, 9322, -30649)
(123, -114, -11, 11383, 20624, 25479)
(96, -58, -126, -15125, 15441, 32578)
(-43, 125, -40, -4825, 17322, 25405)
(-86, -48, 111, 13013, 17732, 26869)
(-63, 44, 100, 25697, 24649, 25008)
(11, -91, 74, 16708, 28369, 22790)
(-125, -116, 49, 10623, 26245, 20459)
(118, 46, 84, 10886, 28684, 21532)
(102, 82, -102, 73, 7356, 27189)
(-124, -19, -58, 2547, 1788, 28221)
(114, -30, 122, 2564, -1520, 17925)
(91, -20, 80, 10692, 3130, 7446)
(-78, 92, -105, 9786, 3817, -2547)
(-89, 109, 38, 7212, -1195, -2894)
(-115, -42, -3, 3256, -3583, -5451)
(83, 102, 34, -6086, -7563, -4854)
(-10, 87, 105, -3554, -7264, -7469)
(-110, -34, -24, -7235, -9467, -8134)
(113, 116, 116, -7627, -12291, -10990)
(-15, 76, 85, -8870, -9334, -10706)
(-98, -69, 65, -10067, -7728, -7897)
(5, -70, 118, -20357, -14697, -3966)
(-95, -67, 89, -18989, -25047, -13014)
(-67, 41, -63, -19572, -9721, -27815)
(121, -89, -114, 2108, -9047, 27704)
(74, -120, 112, 17251, 5658, -32573)
(108, -1, -122, -22521, -20147, -32573)
(-27, -102, 85, 20839, -32070, -22292)
(-89, -93, -113, -29059, 28618, 8562)
(79, -109, 118, -14380, -31778, 20369)
(105, -86, -33, -14342, 14888, -22404)
(-80, 102, -117, -4977, -9039, -32573)
(-83, 52, -84, -4931, -28234, -32573)
(-108, 106, -114, 23764, 25198, 15435)
(-79, 117, 29, 21472, 32468, -12873)
(-65, -63, -101, -17921, -23108, -30746)
(-81, -104, -91, -13035, 11348, 29159)
(-60, -118, -43, -2266, 28974, 32300)
(-9, 67, 92, -16404, 21468, -25350)
(125, 58, 101, -16942, 29169, -8018)
(121, 8, 36, -10246, -30672, 1718)
(44, 87, -116, -9177, 31307, 17346)
(-108, 96, 127, -11334, 28364, 21759)
(5, 47, 47, -21573, -32680, -26059)
(-125, -109, -115, -13775, 26471, -32242)
(72, -87, 84, 15488, 3124, -32573)
(4, 31, 109, -21551, -7407, 21387)
(102, -109, 11, -4370, 16489, 23579)
(45, -46, -113, 18729, 32468, 19388)
(-121, 121, 96, 9899, 32468, 28037)
(68, 15, 17, -15302, 32468, -32573)
(-28, 30, -94, 31959, 32468, -32573)
(63, -116, -86, 31959, 32468, 3942)
(4, -1, 53, 12080, 32468, -4437)
(67, -21, -49, 21238, -18560, -16282)
(-79, 125, 97, -18297, -8979, 11332)
(111, -27, -112, -25294, -8722, 25484)
(127, 119, 86, -8520, 2309, 6979)
(-74, -42, -68, -24142, 1092, 32172)
(-100, 26, -41, 13071, 18448, -28594)
(105, 110, 62, -11825, 20430, 20877)
(72, 88, -105, -14485, 13415, 28609)
(-83, 91, -79, -1066, 13351, 26205)
(32, -76, 21, -6273, 12693, -31796)
(24, 116, -112, -1156, 15230, 26410)
(32, 90, 87, 12431, 20896, 20927)
(102, -117, -107, 19892, 23549, 27954)
(50, -59, 97, 8351, 22857, 25195)
(-37, -18, -68, 11115, 21991, 24165)
(8, -31, -123, 15188, 19821, 22811)
(13, -64, 87, 22182, 17374, 19463)
(-10, -66, 40, 27205, 16824, 15841)
(-57, 80, 60, 9423, 8602, 11761)
(-73, -17, -119, 4491, 444, 7455)
(-39, 124, 72, 4279, -3566, 2275)
(-6, -126, 115, -3751, -7176, -1296)
(106, 89, 28, -9167, -5965, -2095)
(-106, 58, 105, -3033, -5125, -3729)
(-35, 118, -68, -5548, -6900, -5196)
(-48, 16, 52, -15504, -14721, -7059)
(-17, 67, 60, -13859, -10934, -7445)
(54, 87, -74, -25321, -4623, -5225)
(9, -60, -60, -29600, 27069, -31302)
(-2, 4, 6, 28583, 1006, -30986)
(126, 8, 44, 2958, 29784, 30804)
(88, -28, -16, 17112, 21731, -32575)
(45, -79, 5, 4700, 16446, -32575)
(45, 54, -57, -20258, 24457, -9488)
(19, 82, -82, -8249, 15870, 17240)
(-108, 127, 10, -10264, 15102, 21637)
(71, -60, 28, -19289, 10431, -24268)
(71, -128, -84, 32622, -9924, -32575)
(59, 4, 37, -12579, 17569, 24466)
(81, -111, -72, -21036, 32337, -2379)
(50, -6, 11, -24841, -27893, -27443)
(100, 1, 6, 18760, 4781, -31396)
(50, -82, 27, -753, -1524, -32727)
(-1, -87, -25, -8697, 8433, -32453)
(-23, -44, -33, -9323, 25628, -21920)
(-46, -85, 0, -15130, 30352, -15456)
(-75, -1, -86, -5462, -30055, -5161)
(81, 15, 24, -3225, 32466, 6340)
(-49, 122, -123, -6903, 31630, 20378)
(117, 1, 113, -21999, 29550, 30281)
(90, -34, 53, -21247, 27714, -28509)
(7, 48, 108, 15107, 25298, -32575)
(12, -28, 38, 30768, -14619, 23152)
(-92, 122, 93, 1206, -14144, 19644)
(123, -54, 42, 30969, 20801, -11304)
(-126, -106, 1, 27776, 32464, 16791)
(65, 49, 1, 11403, 32464, -32575)
(-30, 75, -20, -15808, 32464, -32575)
(-79, -106, -54, 31955, -29328, -8888)
(-27, 115, -10, 31955, 31216, 21716)
(-77, 11, 124, -12159, 32515, 10268)
(45, 83, -87, 31621, -14034, -6874)
(-57, -29, 73, 9095, -4419, -3647)
(-120, -37, -22, -13607, -5997, 11358)
(-2, -6, 56, -13337, -493, 10579)
(82, -97, 31, -8283, 11305, 28838)
(-97, 64, 15, -424, 5628, -27249)
(-20, 69, 24, 20650, 10607, 28575)
(34, 76, -41, 13816, 2440, -31111)
(4, -61, 100, 19208, 18230, 17589)
(-91, 14, -79, -17939, 13249, 23813)
(32, 28, 1, -7519, 13199, 21073)
(-45, -111, -13, 23725, 17568, 27476)
(-20, -126, -4, 7441, 15264, 20191)
(-83, -5, 112, 13331, 15294, 20866)
(14, 50, 111, 15273, 16980, 18017)
(-6, -23, -65, 16898, 17970, 18778)
(-102, -49, 49, 16173, 20695, 17159)
(-121, 4, -18, 19580, 15966, 20672)
(122, 112, -79, 8218, 9306, 16614)
(-106, -57, 125, -4136, -6058, 14493)
(67, 59, 78, 3501, -2810, 4445)
(75, -17, -93, 347, -1608, -1839)
(109, -21, -56, 5520, 869, -4893)
(-75, 94, 32, 2224, -1623, -8462)
(-26, -95, 15, 4055, -949, -7681)
(4, 28, 10, 95, -321, -5610)
(-58, 54, 8, -6219, -150, -5129)
(-120, 6, 37, -9589, -3669, -1302)
(-110, -72, 39, -6761, -2281, -919)
(121, -120, 13, -7077, -1880, 1850)
(124, -42, -80, -3254, -11184, -455)
(-58, 46, 15, -17627, -11484, -23141)
(14, 16, -42, 3488, -4922, -28868)
(-8, -3, 101, 18991, -1078, 28871)
(-78, -101, 38, 20214, -9709, -32575)
(119, -27, 19, 7287, 17238, -32575)
(95, 122, -122, -549, 23860, -23237)
(122, 2, 57, -6843, 22594, -4556)
(-120, 31, -33, -12574, -32004, 9493)
(75, 43, 124, -26319, 28074, 25244)
(-76, -18, -109, -28855, 15686, -24908)
(5, -27, 74, -19281, -20405, -32575)
(53, 103, -70, -10981, 19399, 12817)
(126, 89, 30, -2410, 32462, 1558)
(21, 16, -11, -2785, -23103, -28490)
(-5, 105, -91, -5381, -5822, -27846)
(116, -45, -67, 6216, 273, -30424)
(50, 24, -15, 4064, 12386, -24985)
(37, -102, -14, -6776, 14788, -16954)
(-122, 29, 59, -5726, 21099, -11031)
(-54, 70, 110, -9028, 32444, -321)
(122, -76, -79, -1794, 31964, 11868)
(110, 71, 80, -12636, 32163, 19114)
(-5, 67, 112, -10157, 30639, 27400)
(41, -97, -74, -10589, 24415, -30320)
(68, 1, -49, -18837, 18783, -31702)
(-85, 5, 83, -27472, -3982, 20361)
(73, -115, -43, 3174, -8402, 3520)
(-61, -7, -67, 25657, 17981, 32182)
(-70, -83, -118, -11559, 32462, 26036)
(-7, 46, 55, -17443, 32462, -32575)
(100, 50, -8, -31370, 32462, -32575)
(-65, 1, 109, -26101, 32462, -31699)
(19, -60, 36, 30527, 32462, -5820)
(100, 72, -34, 25263, 32462, -3086)
(-100, 28, -7, 18732, -28262, -10223)
(39, 98, -85, -27719, -5755, -6942)
(60, 47, 48, -20791, -7924, 10443)
(-10, -128, -77, 7255, 23647, -18297)
