(-41, -11, 17, -651, 2357, 2279)
(-75, 12, 16, -5507, 1891, 2517)
(-98, 30, -90, -1984, 3080, 3580)
(-120, 36, -102, 595, 3740, 3731)
(96, 38, -84, 842, 2716, 4822)
(49, 67, -86, -1056, 1546, 5321)
(-31, -126, -114, -1691, 1384, 5270)
(-65, -77, 121, -268, 1712, 4603)
(-90, 0, 103, -1310, 3450, 4135)
(-66, 25, 74, -255, 2664, 1744)
(82, -80, -21, -2727, -800, -2052)
(31, 43, 9, -2580, 844, -467)
(43, 72, 26, -2888, 1093, 582)
(51, 97, 24, -3145, -83, 2149)
(69, -97, 33, -3515, 615, 2115)
(102, -60, 42, -2240, 366, 1934)
(-119, -27, 47, -2458, 306, 2289)
(115, 0, 75, -4814, -1274, 3139)
(109, 107, -98, -7707, -1555, 1485)
(99, -109, -22, -3949, -598, 722)
(97, -103, 12, -1261, 1385, -738)
(98, -100, -3, -1321, 1109, -1958)
(87, -116, -35, -844, 719, -2896)
(52, -113, -38, -6830, -1130, -1338)
(-44, -18, 110, -13706, -4703, -4460)
(122, 9, 54, -21746, -6331, -10828)
(54, -77, 127, -24631, -4942, -18737)
(-1, 22, -49, 31269, -7684, -24846)
(66, 3, -64, 30119, -12364, -29806)
(27, 46, 15, -20134, -657, -24379)
(-47, -40, -108, -27787, -15935, -26309)
(0, -56, 56, -26287, -22141, -31252)
(6, -121, 27, 31815, -30080, 31560)
(88, -110, 109, 31815, -30275, -32481)
(-35, -66, 5, 31815, -19564, -16569)
(-24, -67, 30, 14557, -5757, -11119)
(11, -61, 91, 31955, 15418, -23201)
(-44, -20, 91, 20915, 28788, -31775)
(-48, -67, 104, -16206, 24179, -19065)
(120, -67, -19, 9551, -30199, -31992)
(99, 10, 29, 30622, 3093, 14604)
(-38, -61, 110, 24444, -17819, 18519)
(-58, 121, 54, -27710, 1944, 7865)
(-88, 34, 79, -21378, -6594, -12235)
(100, 13, 8, 25463, -19496, 16422)
(94, -62, -68, -19533, -5297, 5944)
(114, 63, -39, 19716, -7451, 13290)
(-90, 103, 14, 31816, -11747, 17634)
(-6, 72, 88, 31816, 8316, 19720)
(-109, 125, -97, 31816, -4978, 18821)
(-112, 70, 0, 31816, -6307, 22034)
(55, -61, 86, 31816, -3992, 23455)
(38, 51, -115, -853, -7462, 26540)
(55, -107, -45, 5560, -4270, 25040)
(-82, -110, 64, 10604, -82, 20600)
(104, -119, 35, 3339, -289, 24916)
(-27, -118, 70, 11702, -4773, 23592)
(-19, 127, 4, 8566, -3118, 18109)
(-23, 48, -63, 8006, 209, 18404)
(102, 1, -126, 10852, 2186, 16994)
(-96, -108, -58, 5571, -2752, 16977)
(98, -42, 79, 9662, -1857, 14026)
(-32, -67, -74, 5101, -1583, 9078)
(-90, 56, -78, 2925, -1275, 4190)
(117, -33, -90, 1174, 1993, -2974)
(-121, -35, -61, 3415, 3109, -4277)
(-109, 56, -6, 8, 2951, -8207)
(-113, -51, 27, -1951, 4135, -10146)
(37, -46, 107, -508, 4566, -15434)
(74, -125, 111, -1824, 3813, -21183)
(61, -116, -104, -10309, -4440, -27086)
(-60, -55, 10, -10529, 2395, -24014)
(31, -86, 69, 14220, -20302, -24761)
(60, -25, -6, 10278, -18883, -32498)
(-97, 100, 32, 27848, -22331, 31730)
(-93, -92, -114, 28176, -32372, -32486)
(35, 33, -128, 27042, 32324, -26369)
(105, -54, 44, 30866, -25141, -19009)
(-76, -57, 28, 12922, -7362, -11937)
(51, 127, 108, 31034, 2836, -15925)
(-54, -126, -124, 6545, 29709, -19939)
(52, -13, 10, 3467, 25654, -19451)
(4, -90, 85, 8642, -28674, -28208)
(40, -53, 89, -2740, 32374, -25408)
(76, -60, 75, -4794, -2965, 14390)
(32, 111, 17, -20701, -5256, 15367)
(84, -110, -117, -3902, -4274, -6893)
(-100, 52, -71, -4509, -19642, 18740)
(7, -47, -12, -27700, -7281, 7808)
(1, 93, 29, 25104, -2647, 8479)
(-24, 5, 8, 31813, -5839, 9724)
(-33, 118, 32, 31813, 4706, 16235)
(73, 15, -77, 31813, 15680, 18254)
(48, -20, -11, 31813, -359, 19838)
(-81, 109, -46, -4, 3819, 27488)
(37, -43, -4, -32123, 9799, 27503)
(-44, -36, -2, -12418, 2055, 26642)
(51, 73, 68, -8025, 4538, 31995)
(96, 14, 110, -15368, -2901, 30294)
(-125, 1, 26, -5942, -4020, -32698)
(-68, -87, 119, 24295, -3244, 32533)
(13, 123, -13, 14719, -2496, 27517)
(104, 99, -114, -1875, -11458, 19473)
(111, -85, -66, 6265, -7069, 5696)
(-60, 88, 5, 20239, 2862, -3347)
(73, 64, 73, 12585, 3311, -5073)
(3, -117, -53, 2383, 2055, -4271)
(-68, -65, 111, 94, -974, -4291)
(-72, -98, -105, -2983, 117, -6686)
(-96, 67, -101, -2522, 829, -6615)
(-95, 33, -107, -4245, 189, -7699)
(-98, 4, -108, -12312, 1090, -9203)
(-97, 103, -68, -15160, -1546, -8571)
(103, -111, 21, -8758, 1182, -10605)
(85, 98, 2, -6607, -1682, -12948)
(65, 98, 45, -22673, -16993, -23315)
(71, 28, 82, 30019, -24966, -21087)
(-87, -77, 82, 23425, -6765, 27087)
(21, -48, -48, -31537, -22475, -32488)
(-11, 1, -80, 13486, 31922, -32488)
(-86, -49, -6, 24721, 30130, -31627)
(-118, -18, -120, 30611, 32377, -23457)
(-53, 64, 89, 20005, -27664, -11280)
(-118, 87, -5, 2637, -4438, -4791)
(-36, 62, -32, 13970, 2460, -11846)
(60, 91, -79, 16149, 30227, -27539)
(82, -66, -124, 1625, -27387, -27359)
(84, 75, -102, 26123, 32637, 29981)
(127, -18, 11, -16592, 11877, 2532)
(64, 30, -47, 24600, 9774, 23240)
(36, 40, 63, 7517, 9455, 14881)
(37, 99, 61, 17023, -27874, 12043)
(99, -68, 20, -28558, -1979, 10563)
(-126, 91, 2, 24455, 3699, 10145)
(102, 121, -37, 31814, 2099, 18404)
(-48, -60, -45, 31814, 8444, 24202)
(-45, -19, -63, 31814, -2145, 21919)
(108, -50, 79, -21084, -7921, -29360)
(-97, -93, -67, -15845, 6214, 30214)
(-113, 30, -68, -1777, -5723, 23411)
(-63, -17, 120, 480, 1574, 22146)
(-27, 26, 97, 5742, -1420, 25281)
(66, -10, -40, 518, -6462, 29353)
(87, -99, -126, 11697, -4065, 26891)
(-107, -24, 74, 16214, -1122, 22841)
(-56, -92, 69, 18163, -753, 22421)
(-55, 35, -111, 23288, -6555, 10184)
(47, -116, -51, 6647, 975, 505)
(72, -106, 97, 3193, 2241, 303)
(7, 48, -51, 8790, 3900, -2623)
(-59, -52, 33, 1024, 5479, -4717)
(-18, 98, -42, -4309, 9583, -12019)
(-11, -44, 29, -7590, 16060, -16102)
(-65, -91, -41, -891, 1432, -13072)
(72, -57, 52, -7104, 418, -11518)
(20, 66, 98, -9815, 549, -11867)
(-94, 100, -25, -16271, -5467, -14380)
(-79, 5, 119, -17866, -17957, -23233)
(-17, 91, 48, -30486, -7244, -26441)
(105, -88, -14, 1937, 6143, 28956)
(-25, -91, -125, 31675, -11677, -29390)
(35, 61, 82, 32607, -26379, -31074)
(-88, -41, 55, -31801, 29235, 32236)
(-126, -87, 35, 31812, 31244, -29820)
(76, 111, -81, 31812, 32378, -16202)
(-99, -125, -32, 29431, -23409, -5629)
(70, 6, 82, 3029, 6246, -10486)
(121, 97, 1, 3767, 14274, -14095)
(-121, -68, 77, 5474, -31803, -26953)
(23, -93, -24, 15238, -29537, -27102)
(-29, 15, 106, -10518, 32378, -22173)
(-13, 12, 102, -22063, -7254, 13818)
(8, 48, 37, -12031, -3341, 11768)
(-67, 60, -41, -15113, 458, -4092)
(-81, 72, -28, 4671, -16046, 12149)
(-26, -40, -18, 22656, -3490, 6122)
(-119, 10, -110, 29528, 4388, 9640)
(17, -38, 42, 31811, 7529, 9220)
(13, -46, -53, 31811, 4657, 16141)
(-81, -58, 68, 31811, 1060, 26999)
(114, 64, 34, -24695, -8537, 26017)
(109, -47, 31, -18604, 7075, 28318)
(-3, 26, 84, -5133, 4192, 24717)
(17, 14, 74, -5726, 6529, 18797)
(6, -35, 23, -12383, -129, 26653)
(-112, -21, 23, 2062, -1472, 24779)
(22, 120, 38, 1303, -8539, 26837)
(81, -31, -17, -1709, -4341, 22071)
(-117, -24, -48, -3588, -6416, 17992)
(28, 74, -103, 9824, -4784, 12360)
(102, 11, 8, 13038, 104, 2594)
(-34, 18, -48, -11390, -2119, -4317)
(17, -15, 48, -4608, 2067, -1701)
(70, 96, -38, 526, 4041, -2987)
(-127, 72, -36, -1523, 2052, -2319)
(-52, 87, -75, -2838, 824, -3119)
(11, -116, -95, -4655, 3031, -5341)
(-103, 27, 121, -5588, 4604, -8242)
(-29, -119, -121, -514, 5532, -10341)
(47, -124, -20, -5835, 2232, -13569)
(-78, 111, -23, -18320, -8998, -14737)
(37, -27, 33, -10707, 8682, -23697)
(40, -120, -94, 2050, -10424, -25951)
(-3, -75, -84, -9431, -12511, -28998)
(30, 19, 103, 15793, -2564, 30488)
(-67, 26, 34, -22006, -21064, -32488)
(34, -88, -121, 31851, -28406, -32488)
(66, -32, 82, 31813, -27942, -30745)
(-107, -86, 75, 23797, -16233, -16456)
(-75, 95, 89, 25608, -6487, -11650)
(18, -103, 90, 30184, 1313, -12642)
(122, -54, -73, 23966, 18017, -29400)
(-1, -104, -100, -1786, -30988, -25495)
(-121, 67, 13, 31590, -30337, 29314)
(-54, -101, -106, 25046, 4314, 4282)
(77, -66, 126, -15702, -11451, -19504)
(-73, 46, 30, 3962, 13687, -22803)
(-58, 42, 52, 21620, -12339, 12009)
(-118, 69, -86, 31930, -1588, 2894)
(-78, 106, -124, 25625, 554, 7261)
(28, 91, 87, 31813, -3648, 13148)
(3, 49, 56, 31813, -414, 13549)
(-73, -95, -51, 31813, 7292, 15912)
(111, -126, 105, 31813, -9857, 14713)
(-74, -56, 114, 31813, -3336, 19692)
(19, -88, -85, -19102, -8725, 22003)
(72, 6, -50, -2833, -2360, 17808)
(4, 72, 50, 12384, 2059, 15865)
(-56, -64, 43, 890, -1116, 20872)
(-59, 9, 13, 2147, 4417, 22788)
(35, 40, -95, 6481, -3513, 25421)
(-82, 62, -109, 4328, -7360, 27247)
(17, -107, -55, 7856, -4349, 21368)
(123, 19, 50, 10725, -3244, 18941)
(61, -76, 80, 13059, 47, 13271)
(98, -41, -5, 7690, -441, 7749)
(105, -47, -34, 2694, -2039, 5506)
(104, -52, -30, 16, 466, 455)
(83, -127, -48, -933, -1207, -654)
(100, 122, -22, -3890, -259, -3536)
(81, 50, -35, -1343, 652, -6261)
(111, -39, -58, -1235, 3586, -8413)
(-75, 119, -115, -5310, -902, -8609)
(-53, -103, 125, -11151, 916, -12728)
(28, 59, 114, -15154, -6903, -18519)
(-46, 98, 109, 7558, -2005, -27275)
(59, 97, 113, 2621, -2385, -26275)
(-34, 109, 81, 31818, -15939, 32293)
(-83, -27, -67, 23288, -18337, 32114)
(85, -110, 36, -29224, -29066, -30735)
(82, -115, 104, 14038, -23537, -24305)
(42, 83, 21, 22022, -31921, -14608)
(97, 81, -29, 20382, -27240, -7899)
(-7, -7, -34, 23681, -24016, -2441)
(-95, -117, -48, 13743, -9404, -1607)
(-39, -90, 114, 16747, 2919, -5767)
(46, 120, -111, 437, 12818, -10545)
(-36, -23, -4, -4766, 26127, -12506)
(-81, -76, -54, 18985, 29636, -17196)
(-50, -68, -35, -10862, 32114, -17763)
(96, 13, -80, -26369, 23019, -10480)
(-86, 57, 68, -16366, 1881, 5266)
(97, -120, -31, 6456, -2936, 6019)
(81, 39, -95, -8930, -2088, 6067)
(68, 37, -119, -24969, -1309, 3771)
(116, -101, 24, 24345, -3972, 5808)
(-24, 110, 110, 31813, 3377, 10743)
(83, -8, -10, 31813, 5433, 12803)
(64, 13, -104, 31813, -1081, 19580)
(-56, 126, 29, 31813, -1395, 23900)
(-39, -81, 81, -22330, -1289, 20589)
(60, -63, 64, 11590, 4680, 17975)
(-58, 51, -32, -20767, -3487, 15398)
(-91, 58, 0, 14721, 1942, 29775)
(-17, -98, -96, 1471, 2296, 18756)
(-90, -8, 12, 9458, 6311, 24367)
(116, -66, -76, 64, -6180, -31200)
(-84, 21, -86, 3679, -5678, 25208)
(-4, 9, 51, 14421, -4572, 24747)
(-113, -67, -121, 21943, 745, 18624)
(-128, -21, 51, 9746, -991, 8252)
(33, -25, 100, -8920, -4260, 1763)
(18, 100, 42, -3526, 503, -2182)
(38, -22, 3, 9225, 4601, -5670)
(-124, -86, 63, 11762, 3398, -12370)
(38, -123, -92, 11467, -159, -17945)
(-40, 68, -120, 7624, -11484, -24716)
(3, -63, 32, 12789, 54, 27563)
(-119, -32, 12, -20061, 4490, -32488)
(30, 108, -20, 21182, -10155, -32488)
(-19, 52, -107, -23280, 26343, -32488)
(-88, 90, -104, 31815, 29865, -27595)
(60, -38, -61, 13036, 32374, -10518)
(107, 36, -34, 17168, 32374, -8109)
(35, 37, 38, -26753, 32374, 2481)
(-45, -64, -94, 21348, -21264, 5917)
(80, 83, -36, -23609, 2027, -98)
(82, -35, 19, -978, 20990, -16779)
(61, 122, -102, 8110, -25347, -30064)
(-54, -55, -107, 8982, -32311, 28633)
(-20, -61, -53, 15902, 32375, -32488)
(-24, -63, -26, 30259, 4355, 16765)
(93, 79, 23, -17975, -7442, 24880)
(60, -87, 77, -2402, 25388, 501)
(-42, 56, -8, 31737, -675, 3351)
(45, -49, -67, -12724, 280, 10479)
(21, 36, 32, 22660, -12348, 3789)
(36, 102, 13, 31814, 1874, 10683)
(-46, 73, 33, 31814, 8153, 14844)
(-102, -123, 107, 31814, -3866, 14867)
(-99, 47, 121, 31814, -7802, 22119)
(-7, -40, -67, 20194, 5974, 16914)
(81, -101, -96, 18971, -6164, 25187)
(-35, 96, -69, 20482, 12050, 20514)
(4, -36, 104, -3163, 3890, 25743)
(-128, 79, -28, -18720, 7648, 30617)
(-114, -84, 49, -454, 5601, 25312)
(16, -38, 99, 10420, -516, 32428)
(37, -123, -88, -4619, -2021, 29409)
(72, 81, -116, -8162, -12791, 27321)
(-13, 62, -60, -666, -10202, 23355)
(94, 105, -109, 28300, 1042, -1247)
(69, 78, -127, -31840, 6938, -6565)
(-77, -105, 67, -1434, 5715, -9136)
(-72, -54, -90, -8034, 2692, -8148)
(-68, 34, 110, -4565, 3670, -9358)
(-29, 114, -113, -16783, 66, -9132)
(-90, 60, 60, -22133, -1898, -12790)
(87, 34, -29, -25048, -12445, -17405)
(114, 74, -32, 28544, -5808, -21825)
(-67, 117, 18, -9151, 16959, -23162)
(-61, 87, 26, 1129, 7042, -29483)
(-83, -114, 118, 24703, -9826, -32327)
(-115, 11, 100, -29484, -26484, 32077)
(17, 17, 45, -32305, -28460, -32489)
(-37, 61, -99, 31815, 28443, -32489)
(-119, -6, -55, 31815, 32373, -17277)
(-35, 123, -53, 31815, -8252, -10917)
(25, -35, -36, 7915, 9221, -16596)
(-64, 112, -87, -5680, 12607, -20920)
(-78, -111, -80, 13610, 16715, -24086)
(-73, -100, -54, -3071, -23982, -22357)
(-110, 41, -39, -23615, 32375, -26987)
(24, 43, 75, -32068, -15813, 19553)
(-13, -93, 53, 31302, 5664, -30596)
(90, -38, -103, -25847, -2656, -15054)
(-45, -102, 81, -4178, -14189, 6902)
(-75, -96, -37, -8992, 1881, 4940)
(-51, -27, 16, -20445, -5026, 5030)
(-10, -36, 32, 23166, -6411, 8523)
(39, -78, -7, 31813, -1690, 12410)
(-84, 40, -15, 31813, 1368, 14550)
(-119, 58, -5, 31813, 10957, 15519)
(19, 22, -123, 31813, -8188, 16736)
(-114, 120, -12, 8249, -5800, 18472)
(-102, -99, 53, -9167, 1917, 20470)
(26, 113, -20, 6461, 4299, 17136)
(112, 89, 78, -3827, 4124, 21693)
(66, 20, -67, 8682, 6522, 22111)
(72, -7, 120, 11385, 6505, 16111)
(3, 106, 63, -9091, 3637, 29698)
(62, 120, 67, -6234, 1999, 24391)
(-4, -64, 111, 5018, -1278, 22923)
(-1, 34, 87, 13904, -1705, 18683)
(-68, 74, -28, 14708, 1994, 13695)
(-98, 104, -56, 10371, -943, 10054)
(-107, 83, -65, -3591, -718, 748)
(-83, 78, 105, 1290, 503, -8506)
(74, 26, -113, 1211, 1780, -16609)
(85, 9, -97, -6937, 3451, -24613)
(56, 37, 63, 1081, -3021, -28800)
(-112, 49, 37, -4887, -6392, 29832)
(-11, -28, 2, 4837, -10242, -32488)
(-89, -93, -77, 20999, -17071, -32488)
(-3, 80, -6, -27372, 32548, -29795)
(93, 97, -59, 32554, 29148, -24659)
(10, -33, 62, 31816, 32372, -18436)
(-123, 89, 93, 31816, 32372, -6789)
(87, 85, -6, 24758, -20990, -2140)
(110, 110, 67, 19193, -3814, 304)
(61, 20, -101, -11870, 20001, -12770)
(-7, 47, -3, -7080, 15999, -12973)
(-16, -23, -11, -2400, -29824, -20773)
(-53, 39, 1, 2681, -31199, -21105)
(-111, 29, -50, -8719, -4137, -702)
(114, -11, 81, -31025, 2458, 13741)
(123, -103, 90, 2329, 6221, -753)
(98, -124, 106, -13248, -7514, 13304)
(-25, -120, 9, -24939, -11003, 10985)
(-63, 15, 35, 25071, -5047, 16732)
(-2, -36, 51, 31815, -7122, 21250)
(0, -7, 39, 31815, -1189, 25087)
(-108, -99, 104, 31815, 6458, 29025)
(115, 10, 69, -31933, 3230, 25389)
(117, 6, 118, -16702, -1676, 18573)
(62, 35, 112, 12056, -11439, 26844)
(94, -15, 39, -14387, -4929, 22065)
(23, -81, 82, -6075, 2024, 24087)
(123, -111, -120, 9275, 8113, 21033)
(-110, -114, 117, 22748, 15271, 27341)
(-7, 6, 86, 30107, 12053, 27832)
(-99, 39, -23, 3336, 4779, 28337)
(-18, 52, 109, -15782, -16444, 11603)
(18, 124, 126, -10234, -18500, 8097)
(-91, 80, -81, 17442, -9336, 2421)
(-72, -94, 105, 6097, 2458, 1151)
(122, -11, -128, 585, 3634, 1390)
(60, 66, -67, -1769, 482, -6825)
(83, -124, -21, -6666, 2750, -11844)
(23, -12, 99, -9380, 6192, -15785)
(-72, -82, -5, 27068, -9350, -17404)
(-13, 122, 123, 29070, 3241, -14575)
(22, 113, -101, -20931, 7161, -11093)
(-96, 69, 124, -10985, 130, -13150)
(-30, -99, -38, 5174, -6052, 30805)
(90, -117, -97, 474, -5982, 30535)
(39, -12, -82, 21648, -22626, -32487)
(16, -66, -39, 24272, 30283, -32487)
(-62, -103, -43, -28294, 30342, -32487)
(-38, -5, -50, 31815, 32373, -19818)
(-120, -51, 109, -12129, 3065, -7719)
(-113, 119, -7, 30732, -4905, -16027)
(68, 124, 111, 25192, 19518, -26275)
(42, 26, -49, 2590, 23688, -28544)
(-59, -75, 121, 19192, -26692, 30077)
(49, 37, -49, 4449, 20069, -26130)
(-98, -113, -21, 8440, -11731, 18698)
(48, 9, 106, 15076, 7176, 8650)
(98, 12, -70, -944, -12694, 9479)
(92, 36, -98, -14132, 1169, 11611)
(9, 84, -110, 30855, 4446, 10873)
(11, 36, 5, 28689, 6580, 18022)
(-14, -55, 69, 31813, 12906, 20862)
(-96, -96, 57, 31813, 6862, 29938)
(18, -7, -116, 31813, 5021, 17047)
(84, 83, 57, -14406, -5750, 26114)
(105, 79, 89, 13001, 10204, 19658)
(-64, -4, -125, -25378, 3868, 20195)
(88, 47, 79, -9044, 7048, 20491)
(-86, -15, -31, 10028, 1836, 21328)
(-86, -21, 96, 4262, 6889, 23131)
(-27, -78, -45, 3630, 4639, 17003)
(-45, -40, 36, 16225, 1272, 18462)
(122, 100, 66, 31155, 10108, 26467)
(42, 43, 71, 5923, 252, 15175)
(80, -66, -27, 21570, 1415, 9052)
(-100, 58, 69, 32684, 4838, 8862)
(127, -15, -111, 12825, 9646, 4433)
(31, -25, -88, 6136, 4373, 2601)
(-57, 10, -6, 3158, 2596, 1702)
(-44, -17, -115, 9685, 3671, -608)
(-49, 9, 65, -7111, -583, -5493)
(-62, -99, 66, 2631, 2598, -10683)
(-8, -100, 29, 1018, -3288, -18619)
(-22, -43, 92, 9181, -2676, -27142)
(122, 16, 8, -5850, 7341, 32028)
(80, -50, -26, -5542, -10644, -24681)
(-92, 70, -76, 12938, -24335, -26045)
(32, -68, 11, 15873, -25743, -21792)
(68, -74, 77, 31179, -31232, -24116)
(46, 118, -44, 25249, 31522, -22134)
(41, -1, 107, -30418, 31883, -10148)
(96, -34, -3, 31814, 32369, -1365)
(-4, 104, -26, 11592, -27609, 718)
(43, -91, 7, 7697, -20440, 3988)
(51, 58, -54, -4666, -2006, 1825)
(-18, 17, 111, -7461, 19664, -13836)
(113, -7, -23, 686, -28570, -26028)
(20, -125, -65, -41, -30979, -30927)
(78, 36, -118, 27860, 32371, -25393)
(114, -110, -56, -1773, 9587, 16219)
(-42, 19, -63, 3974, -10824, 10261)
(50, -33, 82, -24114, -12969, 3290)
(119, -48, -53, -20149, -15464, 12182)
(7, -15, 31, 27369, -7060, 11585)
(-33, 49, -1, 30814, 8535, 20712)
(35, -115, -70, 31811, 18047, 25978)
(-110, 7, 104, 31811, 611, 30279)
(83, -111, 115, 31811, -4019, 20806)
(14, -112, 21, -22040, -7580, 28018)
(-24, -28, 67, 19445, -8609, 27175)
(45, -82, 112, 29741, -3452, 21456)
(-32, -40, -77, 15059, 5920, 20551)
(-74, 58, -99, 183, -62, 24066)
(75, 68, -96, 14458, -1004, 24211)
(97, 53, 30, 15247, 1556, 24002)
(80, -40, -98, 13987, -1333, 20110)
(-12, 111, 100, 2924, -4333, 18805)
(62, -83, 87, 2741, -6816, 13505)
(85, 116, -121, 3288, -2546, 6907)
(126, 93, -39, 1460, -2452, 1091)
(-128, 48, -2, 6058, 475, -2249)
(-107, -41, -121, 6937, 1809, -5763)
(-18, -41, -22, 2992, 2052, -6323)
(79, -45, 68, 1684, 2738, -7077)
(-115, 8, 84, -6191, 1027, -6318)
(27, 56, 1, -9293, 192, -7977)
(-112, -81, -93, -17547, -7819, -15354)
(-32, -125, 58, -16238, -7866, -22555)
(-120, 40, -73, -6574, 15505, -22533)
(-27, -72, 125, 31646, -8068, -31216)
(50, -82, -9, 31472, -22605, 30790)
(105, 41, -46, -31296, 29521, -32484)
(60, -119, -58, 31811, 30456, -31189)
(58, -124, 95, 31811, 32371, -17846)
(-53, -86, 2, 31811, 32371, -983)
(-8, 19, -124, 11670, -16555, 4418)
(63, -44, -15, -13264, 6989, -4731)
(96, 107, 31, -3492, 3339, -556)
(103, -92, 106, 3321, 11279, -8812)
(-77, 127, -126, 3373, -20960, -24921)
(-101, 77, -7, 10992, 32371, -30815)
(-53, -58, 25, -31260, -8116, 17641)
(51, 92, 8, 24002, 5252, -2962)
(-69, 23, 115, -23768, -12743, 4372)
(58, -106, 13, 28492, -11025, 266)
(43, -10, 76, 31811, 11843, 13752)
(83, 69, -65, 31811, 1665, 19805)
(-113, 24, 123, 31811, -7910, 26462)
(-16, 116, -6, 31811, -29715, 16176)
(-21, 13, -101, -958, -13810, 26305)
(-119, -39, -126, -6576, -6638, 14518)
(-8, -115, 109, 8178, -7706, 30433)
(101, -5, 41, 3662, -13934, 22184)
(-39, 71, -63, 9262, -11446, 25758)
(100, 51, 64, 5659, -14023, 24479)
(32, -42, -15, 13376, -9785, 13703)
(-27, -46, -83, 7869, -8616, 8800)
(-20, 77, 8, 13806, -1800, 3633)
(78, 27, -39, 18272, 3060, 1705)
(64, 42, -104, 9161, 1184, -2115)
(38, 70, 48, 2642, -981, -5438)
(115, 13, 85, 8795, 5001, -8423)
(-29, 75, 8, 7044, 7072, -10882)
(23, -75, -31, -15739, -8658, -11672)
(43, 71, 41, -236, -5321, -18237)
(24, 101, 72, -2274, -442, -21028)
(-51, 120, 60, -2013, 9, -23502)
(-33, 40, -85, -30162, -12096, -24636)
(-48, 121, -122, -29734, -23404, -29607)
(-9, -46, -88, 25783, -17807, -31721)
(7, -39, 36, -32118, 31937, -29329)
(73, 109, -15, 31963, 29992, -21694)
(-55, -88, -37, 15024, 32374, -8273)
(-125, -79, 127, 8862, -20670, -4593)
(-119, 18, -20, 16583, -25000, -2676)
(-84, -40, 120, 17300, -6809, -11929)
(-98, 81, 74, 6710, 7879, -1893)
(24, 59, -81, 2365, 19220, -17139)
(102, 47, 117, 24045, -25025, -15229)
(-84, 28, -25, 29664, -32668, 24032)
(-89, 12, -4, -22874, 3916, -8224)
(66, -31, 74, 24510, 7019, -22431)
(122, 55, -15, 11696, -10150, -16215)
(-76, 21, -28, -7279, -11911, 13014)
(-72, -17, -18, -6825, -11586, 6913)
(102, -37, -21, 32321, -2844, 11916)
(43, 23, 102, 27633, 1486, 20475)
(14, -38, 45, 31809, -2047, 24464)
(100, -41, -25, 31809, 2463, -29515)
(-48, -80, 70, 31809, -9319, 32100)
(107, 126, -1, -5018, 4388, 27176)
(-56, -9, -127, 9765, -1331, 20422)
(-114, 107, -43, 9887, 1984, 17794)
(-88, -57, -110, 8602, -298, 21855)
(3, 113, 101, 15344, 8399, 22991)
(-126, 80, -7, 18390, 665, 24841)
(123, -68, 91, 14911, 596, 26892)
(54, 46, 82, 6710, -5356, 21394)
(-7, 114, 60, 10532, -4527, 9635)
(-89, 91, -7, 10846, -1453, 9110)
(81, -122, 100, 4536, 2261, 2493)
(39, -99, -20, 8617, 1918, 2190)
(17, 11, 75, 18782, -1979, 1319)
(36, 59, -72, 14706, -754, -2920)
(-7, -69, 93, -196, 184, -10362)
(-10, -45, 107, -5768, 4140, -14941)
(-103, -87, -13, 16066, 2100, -17871)
(-81, 66, -107, -28508, 1067, -12941)
(99, 5, 34, -7165, 3500, -10667)
(63, -3, 49, -8209, -588, -12375)
(87, -18, 112, -14595, 992, -21241)
(-57, 115, 44, -17821, -5163, -23938)
(57, -91, -122, -13617, -5100, -22182)
(37, 78, 79, -31578, -10938, -26812)
(-20, -36, 52, -29666, -21179, -27001)
(-75, -63, -90, 27438, -25301, -30980)
(107, 0, -42, -31941, 31083, -26844)
(76, 35, 76, 17833, 31035, -21227)
(-27, -69, 63, 26920, 32373, -15311)
(-53, -96, -64, 15070, 32373, -7021)
(83, -44, 74, 7440, -12397, 84)
(-92, -32, 15, 9028, 4030, -1536)
(25, -59, 45, 12504, 18941, -6271)
(-63, -100, -98, -640, 19832, -16352)
(-68, 15, 45, 19099, -27296, -22523)
(-83, 108, -113, 15152, -32559, -30775)
(91, 46, -7, -22583, 20475, -6938)
(-108, 76, -29, -17300, 3696, 22819)
(-15, 111, -95, 6494, -6488, -3430)
(2, 36, -40, -3608, -6310, 9564)
(25, 100, -62, -18865, -13560, 10747)
(63, 24, -123, 21670, 452, 12258)
(104, -4, 111, 31808, -2058, 15488)
(109, -106, -73, 31808, -8074, 23908)
(-115, 75, 68, 31808, -11603, 30772)
(106, 8, -55, 31808, -23855, 29484)
(-72, 16, -25, -27911, -8899, 21392)
(-4, -78, -127, 5720, -10899, 20735)
(59, -97, 62, -31361, -13996, 12682)
(122, -56, 41, 6809, -2470, 11372)
(-9, -49, -47, -475, -11209, 26561)
(-95, 53, -75, 11807, -13521, 24262)
(11, 25, 36, 16346, -4369, 21988)
(83, 32, 31, 20464, 965, 21259)
(51, 9, -100, 18260, -526, 19529)
(-16, -85, -59, 8893, -3210, 11295)
(-124, 44, 61, -3353, -1694, 468)
(35, 114, 17, 6948, 1197, -572)
(-20, 61, -65, 2539, 6215, -4555)
(-75, 104, -69, -251, 5823, -6835)
(53, -66, -41, -7791, 3951, -9198)
(-82, -68, 41, -8686, 3117, -10351)
(-97, 80, -90, -10943, 1691, -14448)
(63, 124, -76, -9882, 2474, -17558)
(105, -79, 118, -19825, -3535, -20768)
(-83, -11, -123, -19041, -20326, -20341)
(115, -87, -82, -1774, -2138, 32170)
(1, -99, -58, 21577, -23305, -32346)
(-109, -64, 80, 32140, 30255, -28361)
(-1, -80, 41, 25619, 30479, -31515)
(-56, -106, 125, 27365, 32371, -30686)
(-127, -17, 87, 20535, 32371, -25371)
(-61, -68, -32, -29132, 32371, -7155)
(-56, -57, -97, 24203, -23034, -1089)
(-4, -118, -53, 2610, 2511, 1353)
(-1, 64, 30, 362, 9641, -6418)
(37, 50, -110, -11214, 14766, -9003)
(60, -36, -117, 4709, 22025, -19247)
(-27, 109, -55, 13277, 29760, -21048)
(69, -79, 20, 551, -32486, -21913)
(-106, -34, -18, -23538, 22137, -3518)
(-18, 65, 97, -27364, -13174, 19305)
(108, -78, -21, -11581, -13659, -199)
(-94, -87, -8, -18625, -5051, 8968)
(-62, -24, -86, 6843, -23133, 9938)
(-73, 111, -17, 15586, 15201, 13971)
(-12, 9, -110, 31806, 6516, 17371)
(111, 70, 51, 31806, 9373, 18431)
(-74, -7, 34, 31806, 19005, 22202)
(86, 3, -6, 31806, 2230, 17595)
(68, -112, -83, -13607, -19707, 23833)
(-52, 120, 90, -26000, 4149, 23600)
(-97, -7, 79, 11581, 4465, 9539)
(-48, 127, 32, 2824, 11524, 21119)
(-35, 7, 27, -19268, -442, 29011)
(-4, -103, 56, -12162, 119, 25476)
(121, -90, 91, -698, 1981, 24269)
(7, 74, 72, 9929, -1007, 16263)
(-97, -65, -66, 6989, 5025, -727)
(124, 79, -32, 6842, 1386, 6899)
(74, 21, -37, 7822, -198, 4746)
(-1, -108, -30, 5811, -1681, 5405)
(-124, -17, 7, 1108, -1583, 2704)
(88, -40, -12, -1757, -2240, -121)
(103, -28, -79, -5922, 875, -4115)
(-97, 38, 124, -6091, 1089, -5720)
(-35, -41, 63, -6961, 43, -12029)
(-58, -103, 97, -3504, 1075, -17086)
(-6, 12, 108, 6230, -4323, -13376)
(77, -51, 67, -654, -4585, -10117)
(-75, -1, 126, -8335, -2167, -11951)
(108, 20, -115, -10735, -7316, -16111)
(-4, 35, -14, -1028, -9892, -24210)
(-78, -49, 54, 15103, -12703, -21254)
(-49, 41, -99, 22206, -12694, -24418)
(-116, -60, -10, -30461, -23132, -22204)
(34, -41, -91, 32694, -31750, -18113)
(-58, 43, -61, 30465, 30765, -12528)
(9, -9, 66, 32298, 31993, -3502)
(104, 83, -43, 25881, -28046, 3762)
(91, -118, 58, 16466, -16161, 8362)
(30, -84, 86, -145, -1069, 6734)
(124, -74, -104, 5946, -5679, 6853)
(-68, -63, -63, -15126, 234, 23)
(81, 78, -24, -20511, 11397, -12924)
(-53, -81, -23, 25463, 15901, -15058)
(66, -39, 74, 30038, 24635, 31238)
(83, 69, 61, 2954, 28366, -26281)
(123, -42, -114, -2936, -5467, 16286)
(-30, 95, 99, -1610, -7190, 7349)
(42, -60, 57, -11279, -5880, 10996)
(-103, -125, -110, -10734, -787, 9205)
(-87, -2, -16, -26011, 6751, 6400)
(68, 107, -61, 30601, 1235, 14817)
(110, -83, 11, 30030, 14013, 13056)
(-120, 50, -41, 31808, 8518, 19362)
(-47, -13, 110, 31808, 8739, 16789)
(10, 95, -24, 31808, 1181, 26864)
(-9, 81, -51, -31647, -12315, 18451)
(89, -14, -98, 31115, -8484, 29383)
(80, 79, -48, -30801, -9342, 25692)
(0, 85, 93, 26058, -16224, 14513)
(-32, 9, 116, 10623, -4958, 23499)
(118, 122, -101, 15233, -1794, 17879)
(101, -44, 116, 16568, -1236, 12824)
(98, 33, -62, -31670, -1812, 9037)
(-100, -36, -48, 17166, -2190, 10069)
(67, -88, -66, 827, 2758, 11953)
(-75, 113, 106, 2556, -474, 11330)
(-123, 41, 31, -908, 3258, 9134)
(-33, -20, 99, -3209, 533, 3650)
(-42, -70, 90, -448, 2018, -1193)
(-92, -48, 98, -3432, 1219, -6195)
(26, -10, 98, -1954, 3856, -11927)
(-112, 29, 109, -13121, -980, -10622)
(-83, -54, -119, -7892, -9327, -18043)
(90, 10, 70, -3049, -174, -22332)
(116, -46, 32, 6622, 2120, -31858)
(66, -104, 51, 4587, 6678, -31229)
(5, 61, 47, -4383, 923, 32424)
(117, 26, -7, -30685, -25842, -19003)
(-85, 59, 10, -29175, 24051, -9074)
(-24, -73, -54, 31809, 32378, -7381)
(114, 63, -64, 26043, 32378, -6354)
(106, 60, -124, 23559, 32378, -713)
(81, -73, 56, 18145, 32378, 8320)
(9, -90, -31, 9696, -17375, 2421)
(-93, 4, -126, -16395, 14749, -16944)
(113, 40, -24, -16013, 16086, -21200)
(-38, -80, -57, 2397, -26704, -22861)
(-46, -26, -67, 2512, -31827, -30234)
(-4, -70, 44, -22164, 12400, -18593)
(44, -97, 113, 25710, 7710, 24690)
(13, -75, -44, 8795, -1001, -17719)
(-82, -105, 95, -20881, -6653, 13436)
(-79, -125, 89, -8448, -12986, 2115)
(25, -29, 50, -31715, -3815, 6782)
(-68, 52, 73, 27854, -5209, 6905)
(91, -25, 87, 31809, -991, 13341)
(-23, -95, -58, 31809, 4119, 11486)
(-125, -73, -78, 31809, -5880, 13478)
(54, -64, 22, 31809, 3723, 21227)
(69, 110, 90, -4085, 299, 22234)
(-12, 114, 74, -9570, 6180, 23279)
(19, -118, 43, -7841, 329, 20695)
(-55, -76, 41, -18641, 1857, 25850)
(-114, -20, -54, -19425, -8593, 27840)
(104, -124, 43, -6614, -6285, 31185)
(26, -38, -63, 15743, 1196, 21849)
(118, -119, 67, 20698, 1532, 29523)
(-49, -116, 5, 14485, -1645, 19081)
(29, 113, -67, 16519, -1119, 10765)
(73, -34, -102, 28095, -651, 11905)
(-127, -9, -105, 28249, -1127, 10745)
(63, 59, 110, 4068, -3377, 4821)
(49, -47, 115, -10352, 70, -782)
(10, 4, -32, -6702, -3153, 3521)
(-46, -52, -57, 171, -1209, 6087)
(67, 51, -47, -2260, -1177, 4266)
(34, 123, -71, -3776, -820, 1388)
(29, -126, 112, -1483, 1160, -1879)
(76, 99, 74, -416, 3165, -3853)
(-74, 50, -11, 1381, 4650, -7806)
(57, 49, -32, -11315, -8672, -13188)
(44, 95, -22, -11317, -28778, -22190)
(-55, 115, 122, 8870, -31833, 25996)
(7, -16, 42, -25317, 24807, -32495)
(-124, 0, -14, -31658, -28473, -32495)
(39, 29, 44, 31810, 32560, -32495)
(23, 96, 19, 27625, 28752, -26807)
(-112, -70, -119, -32331, 32381, -16896)
(109, -79, 3, 31810, -30357, -8617)
(-38, 81, 59, 31219, -16135, 7403)
(-78, -116, 115, 7077, 763, -2007)
(103, -74, 42, 3890, 19788, -11681)
(66, 12, -69, -4665, 27665, -24694)
(-31, -44, 111, 450, -28021, -31340)
(-4, -62, -76, -810, 32381, -19187)
(114, -117, -102, 3872, -11388, 3313)
(-30, 63, 12, 13740, 7652, -8930)
(-11, -52, -62, -11994, -13384, 14874)
(94, 68, -74, -10896, -5569, 5129)
(4, -67, -50, 21786, -6490, 15940)
(-52, 94, -101, 31810, 1415, 9468)
(27, 46, -9, 31810, 15888, 20107)
(-51, 98, -24, 31810, 8363, 18860)
(-109, 26, -43, 31810, -3598, 23762)
(-112, 114, -53, -26731, -5521, 26336)
(97, -41, 117, -14037, -8474, 32052)
(-35, -55, 114, -6981, -7367, 29138)
(40, -116, -111, 2477, -4976, 28944)
(46, -98, 21, -3423, -6218, 25982)
(64, -54, -128, 1773, -1523, 22373)
(-100, -78, 68, -2183, -2488, 19292)
(126, -123, -31, 3855, -11575, 15915)
(55, 76, 0, 8785, -13039, 14107)
(4, 55, -93, 9669, -5021, 3983)
(-79, -74, 30, 9791, 1214, 1623)
(-118, 25, 124, 7644, 856, -4279)
(-33, -61, -47, 6009, 2052, -6600)
(114, -105, 34, -2827, 1256, -5328)
(-94, -28, -7, -8892, -14622, -6025)
(-32, -125, -29, 4524, -3686, -22604)
(-95, -21, 55, 2306, 6724, -27069)
(-91, -105, 73, -19144, 1658, 28646)
(125, -2, -127, 31936, -18701, -32496)
(61, -76, -84, 31811, 29321, -15384)
(116, 52, 72, 21714, 29846, -13243)
(-100, -86, 103, 10550, 32383, -4732)
(-18, 100, -106, 14772, 32383, -4623)
(119, 33, -28, 31944, 32383, 1915)
(51, -77, 41, 5943, -27147, 4125)
(43, -75, -113, 13839, -24211, 10253)
(102, 12, -70, 7952, -703, -9584)
(123, -124, -77, 16191, 22863, -23192)
(-21, -57, 75, 3446, -23068, -32157)
(-94, -25, 103, -22627, 32383, -11029)
(80, -68, 54, -25584, 10219, -7336)
(-127, -70, -126, -25629, -4670, 22171)
(108, -85, 15, -2707, -12954, -4210)
(-86, -106, 19, -18140, -12300, 10272)
(-71, -103, -41, 30601, -12382, 5795)
(87, 33, -75, 29155, 1884, 4863)
(-26, -23, 38, 31809, 4199, 5805)
(-29, 14, -3, 31809, 10475, 24862)
(126, -83, -16, 31809, 11098, 9638)
(71, 20, 79, 31809, -24082, 17524)
(-20, -83, 98, 24112, 28593, 20860)
(37, -32, -61, -9335, -14098, 21473)
(-39, 73, 117, 12227, -17798, 29022)
(15, -14, 31, 11938, -17983, 21290)
(92, -68, 16, -221, -8913, 16466)
(-80, -128, 46, -205, -5515, 16603)
(-63, 28, -70, 3624, -6025, 10624)
(-97, 100, -15, 11857, -6943, 9435)
(36, 28, 70, 8905, 1224, 1135)
(4, -28, 114, 1328, 5328, -2413)
(42, -62, 88, 2505, 4433, -3634)
(73, 118, 81, 7760, 5511, -4677)
(-83, -72, -52, -2980, 6757, -5911)
(-82, -50, -32, 3158, 4155, -4932)
(-101, 47, 46, -6434, -1146, -1792)
(-120, 103, 55, -6974, -1624, -1952)
(102, -36, 108, 3157, 5762, -10274)
(-24, 108, -98, 832, 2385, -6901)
(-11, 96, -29, -3089, 1362, -23475)
(-31, 109, 99, 10277, 21610, -22175)
(87, -96, -111, -20941, 4003, -24446)
(-53, 57, 89, 31808, -11192, -23356)
(86, 89, 13, 31808, -24667, -27745)
(123, 39, 48, 31808, 24855, -14554)
(-66, -7, -1, 19349, -24981, -1082)
(-27, -52, 100, 10194, -19940, 5906)
(10, 123, 13, 19344, -24929, 7774)
(-58, -85, -78, 14873, -25869, 17282)
(-81, -22, 95, -8251, -9479, 11919)
(98, 55, -115, 12845, -12667, 6749)
(104, 58, -88, 28186, -8792, 10190)
(23, -120, -3, 12407, 15647, -15417)
(-123, 115, 33, -20772, -20450, -30583)
(-70, 20, 89, -4818, 32389, -20633)
(120, 99, -114, -19626, 15390, -32382)
(-66, -71, 73, -960, 21360, -29831)
(29, -91, 35, 1316, -6334, -7729)
(-16, -35, -7, 18406, -17614, 3798)
(-58, -48, 70, -21584, 18905, 5543)
(-27, -55, -67, 32177, 19330, 3577)
(-19, -38, -74, 27970, 8169, 3461)
(-54, -118, 75, 31806, 9622, 13464)
(-97, -35, -126, 31806, 21517, 16245)
(30, 17, -9, 31806, 1827, 21974)
(-9, 101, -108, 31806, 1265, 29260)
(40, -62, -24, -11419, -14219, 20363)
(117, 82, -89, 32328, -4257, 25007)
(-60, -45, -40, -15409, -12903, -30507)
(-25, 57, -99, -21849, -18160, 30068)
(-47, -90, -15, 4392, -18810, 26679)
(-127, -60, -124, 16319, -10381, 11684)
(-6, -76, -102, -955, 1761, -830)
(-65, -71, -12, 3264, 5046, -3614)
(66, 34, 81, -8967, 2112, -170)
(14, 26, 88, -5819, -1405, 944)
(2, -51, 85, -6828, 1942, -2517)
(-5, -101, 88, -10151, 3352, -3386)
(11, 33, 35, -8896, 5748, -4873)
(-8, -6, -42, -9408, 1588, -6975)
(-23, 123, -75, -6500, 927, -6797)
(-12, 95, -77, -12750, -3513, -4995)
(-6, -127, -45, -19242, -7003, -4856)
(42, -111, -51, -22277, -7805, -16646)
(87, -33, 49, -16423, -72, -28109)
(-69, 102, 71, 29068, 7727, 28291)
(-123, 57, 7, -31991, -3587, -32498)
(50, -64, 26, -31258, -31029, -32498)
(-10, -76, 58, 31803, 26311, -20276)
(60, 85, -2, 31803, 32386, -13811)
(126, -120, -101, 31803, 32386, -3723)
(-41, 9, -37, 31803, -32232, 13452)
(-93, -34, 109, 31803, -13620, 23541)
(26, 82, 75, -20196, -4665, 14534)
(99, -91, 4, -25222, 6577, -7499)
(21, -1, 112, 7836, 7460, -15009)
(-118, 51, 14, -7540, 26671, -18191)
(-83, -4, 22, 26076, 30341, 24510)
(51, -57, -11, 28968, -31257, -29369)
(-1, -100, 2, -3833, -21247, -8549)
(-97, -128, -51, -17490, 17600, -12053)
(-121, -121, 51, 17365, 9496, 3247)
(-113, 116, 55, -1491, -15171, 16453)
(121, -19, 116, 7539, 4005, 3522)
(40, 56, -29, 8149, -1941, 10990)
(104, -42, -31, -24184, -6305, 25235)
(-49, 25, -35, 23653, 2278, 29835)
(-25, -26, 11, 31804, 11591, 25219)
(106, 25, 70, 31804, 9076, 30151)
(69, -7, 88, 31804, -13345, 27752)
(-14, 16, 90, -12499, -13005, 25140)
(-118, -73, 41, -26730, -6232, 30052)
(2, 120, 119, -10545, -13201, 28886)
(-26, 26, -37, 7679, -13969, 30226)
(-60, -16, 44, 22013, -20097, 11226)
(72, 21, -43, 22280, -7908, 15041)
(-118, -86, -7, 10849, 2374, 8903)
(113, 115, 81, 16418, 4435, 8)
(-9, 113, -11, 19985, 4425, -2520)
(-112, -73, 102, 6022, 3585, -3728)
(-62, 69, -118, 873, 4740, -8493)
(-94, -38, 37, 6732, 2357, -15407)
(-56, 82, 19, 5500, 2350, -21193)
(50, -72, 50, 12, -5151, -23627)
(84, 21, 71, -15377, -4355, -20945)
(-23, 124, -119, 24400, -3236, -23413)
(-84, 59, 23, 14300, -15383, -22700)
(16, -42, -65, -24989, -32058, -30536)
(-9, -37, -53, 22581, -32193, -23768)
(-65, -36, 33, -30634, -31445, -27133)
(-110, 58, 76, 21898, -21912, -20290)
(-77, 60, -103, -30430, -24000, -12490)
(-104, -56, 81, 20077, -8062, -10503)
(13, -50, 27, 3083, 600, -7030)
(8, -43, 4, 3137, 7040, -11182)
(2, -107, -106, -8318, 13569, -7101)
(-76, -113, -54, 19270, 9700, -20747)
(97, -81, -12, -15789, 15909, -18279)
(-126, -48, 12, -7325, -32710, -17242)
(-78, -81, -110, 8617, 16742, -20837)
(-120, 70, -64, -15024, 10816, 2252)
(9, 68, -110, -29745, 3090, -2615)
(50, -51, -98, 25508, 1234, 14748)
(-82, -72, -61, -27800, 154, -491)
(57, -20, 67, -542, -2100, 2008)
(-96, 110, -111, 3622, 2696, 5596)
(-69, -124, -96, -31893, -3561, 5958)
(62, 95, 68, -25088, -6781, 13356)
(-116, 97, -68, 26810, -7549, 13015)
(10, 107, 57, 31802, 736, 21993)
(101, -31, 116, 31802, -2434, 16432)
(-22, -105, -9, 31802, -4231, 15103)
(-38, -74, -122, 31802, -7612, 26386)
(-30, 120, 43, 31802, 3079, 24131)
(38, 127, -63, 31802, -1375, 17395)
(-107, 104, -110, 12442, -3690, 25755)
(-89, -48, -89, 22120, -7819, 26491)
(-18, -123, -71, 8428, -3087, 27757)
(98, 80, -41, 18283, -1678, 28417)
(123, -37, -68, -30931, -4787, 24053)
(-10, -103, -75, 29073, -1140, 19000)
(28, -84, -115, 14920, -2647, 16283)
(-127, -31, 25, 20977, 5360, 8867)
(55, -32, 61, 17175, 2428, 3053)
(-26, 110, -94, 23933, 3145, 1222)
(-46, 111, -13, 21570, 2722, -560)
(-60, -13, 85, -30537, 1025, -6195)
(-12, -42, 120, 32415, -6419, -18153)
(-89, -58, 21, 31802, -31934, 32423)
(105, 52, 13, 31802, -6418, 30065)
(11, 113, -3, 31802, -30408, -20010)
(62, 16, 69, 23730, 32659, -20026)
(87, -119, -81, -31044, -21518, -5641)
(-102, -110, -52, 31802, -14686, 5325)
(-113, 56, -97, -16162, -22357, 17222)
(58, -105, 123, 817, -16869, -15192)
(66, -53, -37, -23052, -10814, 1094)
(-87, 120, 127, -26183, -13322, 8736)
(-84, 15, -25, 14788, -9044, 3104)
(74, -118, -27, -20122, -3826, 9263)
(5, 8, -30, -13710, 1982, -664)
(-15, -101, -73, 677, 4475, -2774)
(91, 122, -63, -9265, 6965, -3171)
(12, -24, -91, -17228, 10363, -1037)
(-125, -87, -109, -28349, 16155, -4321)
(23, 34, 109, 26713, 22006, 5515)
(113, -65, 109, 31802, 27011, 5712)
(73, -2, -100, 31802, 21898, 9687)
(53, -36, 116, -25827, 22203, 15080)
(-9, 34, 125, 29167, 22300, 27082)
(66, 24, 86, 31802, 13790, 18797)
(95, -36, 68, 31802, 6660, 32451)
(-118, -48, -12, -31437, -12233, 32337)
(-106, 102, -84, 1107, -11256, -31469)
(-40, -45, -77, -2047, -12043, 27828)
(-79, -87, 124, -2176, -13372, 27018)
(67, 60, -127, -790, -13301, 15493)
(-14, -32, -124, 8728, -6350, 8562)
(98, -54, -74, 19341, 4804, -3122)
(45, -41, 21, 15049, 7523, -4494)
(-101, 58, -112, 2923, 3903, -3100)
(-92, -98, 126, 4381, 1913, -6340)
(76, -117, 81, 16249, 3714, -12498)
(-89, 24, 107, 19972, 299, -20844)
(15, -93, -18, 7321, -7992, -32190)
(-61, 86, 81, 4669, -9623, -30987)
(33, -62, 43, 5754, -13653, -29440)
(-119, 114, 30, -20865, -17595, -26255)
(88, -119, -31, 31802, -30996, -28656)
(-58, 10, -69, 31802, 28750, -23195)
(104, 66, -101, 31802, 32384, -5548)
(114, 27, 116, 31802, 32384, -2235)
(-38, 83, 22, -7621, 4291, -9764)
(-29, 107, 19, -21971, 3875, -11523)
(100, 75, 40, 18721, 6229, -23006)
(66, 79, 59, -2285, 23340, -24853)
(117, -74, 45, -5958, 32218, -17955)
(-8, -31, -79, -5093, -30836, -10527)
(-16, 30, 126, -18701, 4586, -5657)
(105, -103, 79, -10585, -4655, 4891)
(-60, 88, 50, 3305, -15106, 13643)
(-126, -57, 102, -28083, -6627, 3175)
(-76, 8, -14, -32300, -7537, 11025)
(125, -122, 127, 28916, -3898, 6655)
(7, -21, -103, 31801, 6046, 9934)
(126, -54, 86, 31801, 7363, 7992)
(56, 126, -92, 31801, 9284, 12862)
(30, 119, -11, 31801, 11354, 16705)
(-17, -79, -8, 31801, -8726, 18837)
(53, -38, 17, -744, 1205, 30439)
(-128, -5, -68, -14207, -2580, 21483)
(-28, 112, -40, -17623, -6691, 31303)
(4, -116, -68, 44, -7389, 22925)
(113, 88, -14, 15131, -4348, 26476)
(-107, 92, -27, 11815, -2403, 22980)
(1, 120, -19, -2983, -2787, 17381)
(108, 110, -98, 4000, -879, 12324)
(6, 10, -28, 8613, 1599, 9276)
(110, 13, 126, 6135, 1441, 5046)
(-93, -105, -90, 7371, 1209, 2680)
(-87, 34, 109, 7155, 3822, -184)
(-65, 113, 19, 4936, 4481, -5196)
(6, -61, 17, 10674, 10374, -6668)
(-29, 100, 102, 20950, 8226, 2644)
(-8, -66, 60, 7010, -66, 3442)
(114, -38, 78, 15449, -17584, 267)
(110, 60, -18, -2752, -4844, -8965)
(89, -32, -43, -6382, 6095, -13730)
(-50, 118, -92, -13, 4050, -14700)
(-15, -47, -94, -1353, -6641, -14526)
(71, -2, 35, 3740, 634, -18939)
(46, 29, -56, -4714, -16068, -18174)
(-33, -113, 0, -16611, -27924, -19078)
(-117, 5, -35, 31799, 26945, -20024)
(26, -117, 101, 23261, 32387, -20030)
(52, -84, -107, 15848, 32387, -14685)
(-54, 97, 82, -31939, 32387, -5943)
(-100, -112, 47, 26328, 32387, 2833)
(-46, -13, 122, 24817, -23793, 4888)
(-116, -4, 112, 6439, 638, -2038)
(-17, -84, 27, -20438, 5977, -4773)
(-50, -115, 122, 11093, 9804, -8825)
(-89, -49, 122, -3950, 26259, -22238)
(-77, 79, -36, -1899, -26859, -23418)
(68, 30, -92, -6695, 32389, -21221)
(116, -49, -71, -3487, 6904, -12802)
(-14, -43, 78, 2791, -408, 17291)
(-5, -89, -44, -9362, -13094, -5501)
(-1, -13, 75, -10096, -259, 4690)
(-30, -66, -84, -17625, -1152, 5812)
(12, -37, -123, -31229, -834, 3404)
(-37, 69, 0, 27782, 1784, 4060)
(-94, 62, -114, 31797, 9120, 355)
(113, 0, 46, 31797, 11920, 6881)
(-107, 112, 116, 31797, 11796, 6983)
(-36, -25, 84, 31797, -8466, 29466)
(-53, -10, -72, 31797, -7461, 23819)
(-93, 15, -79, -28610, -7493, 28014)
(95, -17, 24, 3108, -1552, 24570)
(-33, 124, -31, 13495, -3117, 23736)
(-67, -26, 67, 10783, -4851, 25716)
(-61, 36, -122, 251, -6183, 24772)
(29, -51, -29, -2826, -7897, 23229)
(-6, 33, 71, -9338, -9599, 17666)
(-90, 49, 45, -5241, -6577, 14335)
(75, -28, 76, 1009, -4103, 8911)
(-73, 74, -64, 9500, -458, 4935)
(-92, -15, 50, 8467, -317, 1362)
(-113, 49, -95, 5719, 2627, -1009)
(125, 23, -72, -735, 2233, -3130)
(-121, -2, -73, 283, 3504, -5540)
(-99, 6, -57, -405, 4200, -8299)
(-83, 83, -22, 5845, 3906, -11875)
(62, -74, 17, -8588, -13260, -11445)
(63, -11, -118, 11199, 1387, -22886)
(-13, -101, -94, -20837, 6544, -32588)
(67, -102, -106, 31796, -31474, 31442)
(67, -5, -15, 27764, -28137, -32715)
(99, 108, -122, 15426, -31874, -21831)
(-14, 64, -50, 16860, 30662, -20562)
(-10, 120, 71, 24916, 32389, -15161)
(-116, 123, -83, -31327, 32389, -8784)
(7, 68, -61, 22793, -18196, 1630)
(14, 13, -115, 7085, -10471, 8478)
(108, -49, -115, -5458, 11884, 751)
(-95, -112, 99, 705, 14515, -4798)
(112, 87, -123, 14534, 26537, -20645)
(-112, 59, 25, -28836, -27578, -14661)
(-31, 21, 117, -13888, 27249, -13733)
(104, 53, 119, 24386, -8562, 13977)
(-72, -94, -34, -11781, -29966, 5391)
(-44, -24, 64, -15236, 4294, 8355)
(4, 126, -79, -10535, -1378, -752)
(-5, -57, 84, -19995, 269, 3306)
(4, 95, -89, 24269, 6585, 7405)
(57, -116, -38, 31503, 8829, 6871)
(-33, -128, -117, 31793, 13381, 7495)
(113, 34, -38, 31793, 11319, 9354)
(-105, 111, 34, 31793, 6446, 23464)
(33, 66, -49, 31793, -2321, 26673)
(-23, -116, -27, -30411, 4105, 27479)
(17, -119, -31, -29442, 7801, 24296)
(12, -115, 86, -6130, 6732, 20533)
(-115, -72, 125, 6491, 3086, 21721)
(20, 6, -10, 20248, 3369, 23108)
(119, -74, -87, 12879, 4519, 20830)
(-26, 43, -61, 3464, -5570, 23660)
(-31, -99, -113, 7786, -5475, 20679)
(60, 59, 8, 13480, -4908, 12006)
(-117, 43, 25, 12360, -1864, 10518)
(91, -107, -65, -1447, -7879, 7895)
(-52, -78, -23, 3191, -4331, 5680)
(60, -69, 126, 5667, -4068, 3159)
(26, -77, -52, 5641, -2247, 819)
(22, -82, 38, -572, -1338, -4435)
(71, 113, 27, -2225, -469, -6545)
(-94, -56, 5, 1797, 2649, -8925)
(25, 121, 6, 1000, 5319, -8782)
(65, 122, -19, 413, 7535, -13610)
(45, -28, 13, -11323, -6857, -15590)
(127, 115, 72, -6303, -8961, -20787)
(77, 43, 18, 27143, 4847, -13532)
(-60, 68, -63, -25785, -29466, -24312)
(-10, -23, -36, 31794, -26556, -25317)
(-59, -69, 39, 31794, 31226, -22526)
(61, 84, -124, 30102, 31280, -18250)
(26, 109, -116, 32358, 32391, -15462)
(51, 66, 15, 31794, 32391, -9916)
(-112, 84, -10, 27895, -21007, -1387)
(-70, 14, -21, -15098, 2717, -5684)
(108, 3, 4, -960, 1043, -10392)
(-113, -123, 59, -20733, -2701, -8461)
(-87, -118, -112, -2061, 14382, -16468)
(-128, -105, 71, -16305, 28869, -18261)
(-128, -109, -16, 8535, -28695, -28441)
(73, 111, -35, -29807, 14082, -22510)
(105, 31, -5, 19727, -27005, -31347)
(34, -3, -60, 11582, -5303, 923)
(-59, 21, -77, 21071, -15884, 12296)
(-22, 26, -128, -4395, -3562, 5258)
(98, -106, -31, -12129, 4738, 4951)
(63, 37, 65, -21277, -4865, 7543)
(-87, -91, 82, 29043, -8793, 10772)
(65, 13, -94, 29937, -3235, 14403)
(-96, 125, 75, 31793, 8157, 20680)
(-77, -20, -15, 31793, 9022, -30223)
(-95, 60, -46, 31793, 16152, 30585)
(-59, -23, 33, 31793, 5511, 22593)
(33, 50, -55, 31793, -19187, 16319)
(-83, 122, -15, 4572, -12664, 19489)
(52, 116, 47, 18993, -7012, 13414)
(-45, -56, -70, 3865, -5561, 16100)
(18, 12, -94, 4997, -7455, 18109)
(82, 1, 2, 8433, -7517, 16844)
(115, -120, -84, 9413, -9012, 12652)
(108, 59, 17, 2760, -6877, 11755)
(-112, 71, 113, -8124, -4562, 6183)
(-89, 79, -47, -17550, -8349, 6033)
(83, -63, -23, -5200, -7306, 8655)
(-41, -90, -115, 4002, 885, 4227)
(-49, 57, 4, 5373, 754, -613)
(-96, 93, 55, -633, 3657, -2588)
(15, 38, -32, 594, 9111, -5993)
(-83, -5, 118, -3663, 6822, -6417)
(75, -104, -19, -518, 2069, -10353)
(49, 84, -22, -5581, -2947, -11138)
(27, 115, -125, -3224, -20857, -22598)
(83, -113, 75, 7491, 292, -32331)
(-126, -55, 31, 11815, 14577, 30632)
(-8, 12, -58, 16008, 6808, -32512)
(34, 40, -107, -29907, -24079, -22691)
(45, -75, 36, -32010, -30614, -14428)
(49, -40, 91, 31793, 32253, -4412)
(79, -126, -3, 31793, 32051, 302)
(25, -88, 27, 31793, -29501, 15998)
(119, -61, 36, 16809, -20214, 8196)
(84, 50, 12, 4025, -2744, 595)
(-100, 78, 78, -13878, 10689, -8782)
(51, 13, -98, -5362, 10922, -21878)
(86, 28, 35, -32100, -21234, -25910)
(118, -93, 97, 27442, 14018, -4449)
(-46, 24, -52, -8297, 8584, -1961)
(16, 37, -43, -17015, -8787, 3216)
(-109, -5, 100, -10711, -15390, 6724)
(-77, -105, -39, 2390, 4562, 4894)
(82, -84, -84, -7679, -5316, 6127)
(28, -26, 117, 27611, -5613, -524)
(42, 98, 74, 28535, -3457, 638)
(38, 66, -76, 31793, -2095, 717)
(63, 8, 93, 31793, 3407, 8223)
(68, -10, 71, 31793, -9356, 19102)
(76, 0, -10, 31793, -11288, 18066)
(15, 26, 4, 31793, 1476, 8815)
(49, -91, 34, -30969, -12443, 15330)
(-57, 97, -40, 4926, 204, 19320)
(101, 12, 6, -15994, -10736, 11689)
(97, -99, -2, -15855, -21589, 18434)
(-19, -3, -70, 5278, -14468, 19569)
(-10, -90, -55, 16483, -13915, 14361)
(60, -96, -52, 839, -16121, 14121)
(60, -112, -53, 6734, -12780, 12502)
(34, -100, 23, 11837, -7878, 10220)
(-121, 65, -83, 10453, -3439, 5183)
(84, -70, 59, 2652, -3062, 5000)
(-22, 105, -8, -2936, -2312, 1502)
(-59, 125, 22, -4809, -425, 72)
(-39, 88, 10, 3337, 2942, 732)
(-14, 66, -44, -1343, 2363, -1993)
(-25, -103, -19, -7825, 187, -2844)
(-50, -70, 18, -2315, 697, -4707)
(-113, -25, 84, -2233, -735, -11681)
(21, -113, 42, -6016, -7179, -14867)
(45, 94, -39, -2661, 5382, -23028)
(126, -65, -17, -26831, -3065, -30938)
(-18, -29, 92, -32134, -6844, -32293)
(-22, -127, 94, -1055, -24265, 32059)
(68, 32, 84, -22576, -30388, -32515)
(-77, -61, -70, 31794, -29028, -32515)
(25, 116, -1, 31794, 29863, -26927)
(10, -104, -112, 31794, 32391, -9562)
(-27, 42, -24, 23806, -26309, 3921)
(87, -74, 65, -5375, -4694, -4517)
(55, 45, 80, 12169, 10535, -16824)
(-93, -108, -115, -5630, 13456, -14624)
(-41, 1, 41, 7793, 31275, -27161)
(8, 31, -12, -25316, 9358, -13198)
(57, 103, -44, -23229, 16904, -7396)
(105, -1, -11, 20352, -762, 9417)
(20, -27, 33, -12155, -4466, 17195)
(-126, 101, 112, -22234, -4226, 1672)
(125, -6, 71, 31948, -7207, 8782)
(20, 44, 127, 28914, -2621, 13510)
(-94, -80, 107, 31793, -12561, 16963)
(-31, 59, -2, 31793, -16014, 27833)
(-46, -113, -3, 31793, 4435, -29220)
(28, -114, -5, 31793, 574, 22354)
(59, 63, 33, -17967, -3501, 23395)
(-126, 113, 20, -14321, -5968, 27642)
(-111, -72, -125, -3730, -5379, 20964)
(84, 74, -66, 6127, -6432, 19093)
(50, -128, 21, 6545, -660, 20328)
(36, -121, -109, 5760, -685, 14439)
(75, -117, -126, 3074, -1363, 18853)
(21, 31, -101, -2182, -6409, 21884)
(56, 99, -67, 631, -10597, 20168)
(-36, -43, -115, 1784, -7313, 22162)
(7, -42, 68, -3674, -5636, 8669)
(98, 39, -70, 2774, -510, 2875)
(88, -93, -102, 12735, 4739, -4401)
(117, 77, -29, 10281, 6768, -8972)
(-94, -119, 100, 1094, 4843, -7293)
(-61, -25, -77, -1096, 4649, -5803)
(-103, 53, -59, -1614, 1996, -4298)
(93, -109, 1, -5593, 577, -4108)
(51, -47, 34, -4306, -729, -4066)
(-1, 89, 57, 4542, -1465, -10296)
(78, -86, 98, 20025, -600, -17610)
(-90, 46, 83, 12212, 4534, -21363)
(-25, 42, -75, 23410, 5424, -30017)
(22, -24, -118, -29772, -3535, -22250)
(-112, -104, 31, 28447, -23737, -18310)
(20, -34, 71, -32404, 23872, -10886)
(-106, 15, 76, 31795, 32391, -12020)
(-2, -78, -66, 17413, -19400, -10694)
(-95, -112, -18, 28025, -31285, -1624)
(-47, 117, 41, 9750, -12001, 1946)
(61, 52, -24, 13789, -18426, 7575)
(-10, 14, -85, 79, -3416, 5284)
(-7, -124, 41, -2470, 13949, -3913)
(-97, 2, -95, 5605, -10695, -4465)
(-40, -16, -7, -13377, 16465, 1174)
(27, -84, -1, -1849, 21013, 32306)
(5, -12, 77, 15842, 26872, -11851)
(-115, 100, 89, 20091, 16680, -11619)
(-24, 16, 23, 8277, -1734, 6291)
(-62, -118, -97, 7501, -18473, 22130)
(30, 29, -18, 30055, -4703, -2504)
(42, 114, -18, 20498, -15630, 13090)
(111, -40, 101, 19202, -658, 4921)
(0, -40, 97, 29332, 3478, 5199)
(-15, 5, 108, 31793, 1559, 12453)
(11, -126, -105, 31793, 4908, 22370)
(-104, -69, -93, 31793, 3479, 15184)
(78, 127, 82, 31793, -5511, 22344)
(-109, -24, 58, -27078, -8131, 21212)
(-97, 5, 122, -15750, -10082, 28500)
(119, 60, -7, -1117, -12056, 23137)
(115, 105, -113, 152, -7653, 24524)
(105, 30, -27, -3265, -7784, 16546)
(-80, -39, -53, 4577, -3801, 15721)
(-66, 50, -81, 7551, -4526, 11571)
(27, 40, 0, 9723, -7871, 16556)
(32, -65, -50, 5010, -6169, 13599)
(33, 127, -16, 6210, -6706, 9671)
(79, -8, -22, 11749, -3856, 5359)
(99, -6, -93, 5587, -2038, -132)
(53, -120, 118, 3423, 989, -2379)
(42, 46, 91, -2559, 949, -2627)
(38, -39, 61, 720, 663, -1292)
(66, -67, 43, -535, 2252, -2718)
(102, -67, 12, -6629, 2729, -5279)
(-88, -52, -10, -6954, 6025, -6145)
(58, -21, -82, -1487, 8782, -14780)
(-60, -53, -89, 4240, -479, -21644)
(-126, 23, 105, -29666, 10191, -26512)
(-91, 98, -66, -30099, -14045, -29289)
(-50, -41, -70, 31798, -27890, -28038)
(41, -65, -68, 31798, -28390, -22884)
(103, 33, 127, 31798, -25786, -10515)
(-114, 2, -89, 31798, -16606, 3092)
(-32, -117, -62, 23509, -16984, 12665)
(-63, 44, 119, -15659, -13879, 2787)
(35, -80, 16, -15856, -4152, 866)
(70, -2, 50, 1989, 3096, 996)
(114, -6, -40, -5296, -3403, -11644)
(-104, 31, 105, -18424, 7119, -8187)
(101, 76, 61, 2, 9886, -5507)
(1, -17, 5, 11372, 27674, -8469)
(45, 18, -67, -19997, 6440, -7971)
(-29, -98, -68, -23043, 12288, -5420)
(-41, -127, -22, 13947, -15483, 8215)
(99, 74, -68, -12082, -3964, 7151)
(-70, 26, -126, -7186, 493, 4210)
(-23, -1, -116, -7157, -3386, 5238)
(113, 89, 107, -32102, -5855, 3515)
(-104, 117, 94, 26823, -5667, 8772)
(18, -81, 100, 31798, 6957, 9543)
(58, 20, -94, 31798, 11290, 11972)
(117, 22, -38, 31798, 614, 20136)
(27, 83, 50, 31798, 429, 23153)
(-124, -117, -45, 31798, -12021, 26094)
(-4, 0, 112, 31798, -19036, 28778)
(48, 67, -106, 31798, -15884, 24592)
(126, -88, 98, 4557, -19945, 22493)
(-13, -1, 75, 28761, -9422, 22406)
(115, -110, 120, 27567, -1796, 14225)
(-112, -6, 55, 25682, -5527, 10338)
(67, -32, 125, 13141, -1120, 8812)
(102, 124, -45, -297, 3920, 1628)
(67, -19, -87, 6183, 1820, 1068)
(38, -42, -29, 2500, 2567, -1159)
(-4, -52, -49, -555, 4038, -2742)
(-110, -115, -108, 3828, 3551, -4092)
(93, 73, 62, 828, 1223, -3687)
(45, 18, 55, -2496, 2164, -3979)
(19, -12, 49, -1534, 1378, -3532)
(-18, -26, 62, -5460, 516, -4236)
(-49, -13, 96, -6473, 474, -5305)
(-127, -18, -106, -3397, -1923, -10282)
(71, 117, -101, 3112, -2255, -13569)
(75, 57, -112, 8377, -519, -17028)
(-37, 106, -6, 8016, 164, -22965)
(71, 24, -128, 31980, -12905, -16595)
(5, -29, 38, -30054, -7659, -23169)
(98, 31, 29, 31910, -25906, -19805)
(-45, 68, -2, 31797, 28252, -14202)
(-71, -20, -69, 17925, -27723, -8358)
(-52, -73, 11, 25600, -28738, -3897)
(-83, 83, -39, 7597, -20170, 208)
(-10, 63, 116, 4314, -10852, -4012)
(-86, -56, -123, 8993, -2509, -4704)
(-88, 116, -23, -4787, 2833, -4445)
(86, 108, -111, -4283, 7421, -8980)
(14, -46, 119, -10857, 14883, -7407)
(-72, 12, 114, -9653, 8486, -9661)
(52, -111, 6, 6683, 20889, -9601)
(-11, -73, -86, 2549, 17745, -8328)
(11, -90, -65, 10503, 14780, -1672)
(-62, -49, 41, -10664, -8232, 2553)
(-103, 7, 126, -18742, -10221, 2344)
(-30, -124, -117, -3867, -7860, 9739)
(24, 127, -55, -19048, -8974, 6602)
(55, 14, 49, 22479, -7047, 2290)
(58, -105, 107, 31793, -5778, 10051)
(-7, -52, -127, 31793, 1675, 12282)
(-13, -112, -88, 31793, 10131, 21766)
(53, 73, 122, 31793, -24896, 21753)
(104, -52, 65, -32760, 11644, 10228)
(-57, -104, 35, 9620, 11587, 16779)
(92, -61, -46, -28451, -8576, 25636)
(-26, -10, 79, 1983, 5947, 18995)
(102, -32, -15, -7810, 1732, 20712)
(-127, 53, -10, -10450, -2227, 22524)
(-74, 67, -105, -9877, -4260, 21820)
(-2, 120, 70, 1679, -5114, 21980)
(33, -80, 109, 12944, -2569, 18468)
(13, -83, -112, 23342, -4673, 19347)
(44, -14, 95, 23073, -5867, 16998)
(72, 0, -49, -3579, 1165, 8456)
(112, -106, -85, -1285, -249, 3846)
(-125, 69, 90, 4917, -1266, 2510)
(-126, 30, 54, 1372, -1178, -1561)
(99, -50, 21, 2501, 1580, -4265)
(84, 33, -82, 4176, 807, -6868)
(97, -77, -94, 1101, 341, -8515)
(-44, -33, -112, 8322, 7118, -15207)
(-91, 38, -37, -228, -794, -16485)
(-92, 87, -68, -4457, -14109, -22653)
(-16, 93, -127, 32392, 16580, -32443)
(5, -36, 64, 32529, -19474, -22342)
(-109, 21, -74, -32160, -28783, -11541)
(111, 106, 89, 31793, 30776, -5726)
(-53, 92, -53, 31793, 31181, -4261)
(86, -106, 107, 26643, 32394, 2508)
(37, -43, -101, 13437, -27200, 5203)
(104, 127, -42, 20406, -13426, 5479)
(-74, 70, -33, 13048, -8117, 3555)
(-46, 10, 101, -14615, 7466, -6511)
(-34, 47, 86, -20225, 4888, -3538)
(17, 109, 10, 14173, 6151, -1898)
(92, -126, -12, -15709, 13825, -11342)
(-85, 28, 43, -23098, 19372, -13363)
(-55, -77, 88, -7528, -25230, 32070)
(-125, -99, -26, 24615, -8089, 23762)
(88, 36, 81, 18711, -3968, -1257)
(19, -33, -36, 6567, -1819, -4666)
(23, -51, 63, -8644, -7035, 8824)
(-75, -8, -115, -15401, 1439, 2258)
(-57, -14, 11, 22888, 3796, 4923)
(-104, -124, -26, 31791, 10379, -2523)
(73, -67, 81, 31791, 14186, 7633)
(20, -66, 10, 31791, 1768, 12487)
(121, -93, 52, -21845, -107, 18125)
(-84, 40, -71, 27825, 1211, 20950)
(9, 22, 43, 31791, -6070, 26214)
(2, 122, -32, -24358, -9337, 22471)
(78, -37, 33, -15466, -12950, 25056)
(-20, -84, -111, 7100, -2266, 20201)
(-6, 21, -45, 8713, -1871, 14429)
(126, 32, 76, 12722, -5175, 18321)
(105, 30, -27, 2832, -6097, 18387)
(45, -46, -67, 3371, -8512, 13424)
(61, 29, -84, 1219, -3292, 9963)
(-112, -33, 125, -489, 3576, 3881)
(-80, -54, 108, -3696, 1304, -393)
(-121, -106, 72, 4686, -74, -119)
(86, 104, -43, 3189, 1861, -2909)
(22, 65, -113, 5449, 6174, -6377)
(-76, 0, 40, -252, 7654, -7670)
(-118, -3, 38, -3383, 5989, -6600)
(85, -24, 29, -3045, -404, -4423)
(51, -5, 105, -5677, -1476, -7888)
(115, 62, -37, -24267, -1069, -17004)
(7, -110, -48, 25996, 4936, -20729)
(-84, 66, 96, -31629, -2446, -25280)
(-4, 100, 70, -31057, -9173, -19158)
(-19, 81, 34, 31790, -27938, -13314)
(-34, 49, 5, 31790, 29427, -15431)
(123, 3, 57, 30522, -26256, -12201)
(-42, -62, 98, 32212, -28231, -5972)
(-27, 25, -57, 25278, -26698, -391)
(-104, -50, -30, 20110, -24320, 2883)
(16, -17, -94, -318, -10760, 2768)
(67, -85, 35, 5407, 8575, -5277)
(83, -29, -5, -6283, 13165, -10866)
(43, 13, 124, 26485, 30872, -22865)
(-101, -57, -11, -8370, 27373, -19686)
(83, -50, 62, 1787, 17939, -19350)
(46, 114, 67, -13750, -9398, 3022)
(64, -93, 72, -14823, -6567, -1073)
(79, -68, 11, -13837, -5299, 9548)
(-68, -77, 106, -14721, -12437, 3227)
(-106, 3, -54, 22069, 3586, -1058)
(-119, 0, 91, 31787, -1449, 13124)
(-103, 26, 51, 31787, 9823, 454)
(93, 8, -92, 31787, 4910, 12770)
(-38, 49, 21, 31787, 1011, 2823)
(114, -11, -51, 31787, -3549, 21386)
(93, 59, -86, -9467, -3869, 18120)
(-87, 53, -118, -23483, 1756, 17699)
(-54, 95, 48, -15497, -2203, 22805)
(-74, -85, -110, -10674, -3433, 22316)
(-28, 54, 17, 3045, -3984, 26464)
(99, -7, -6, 7515, -1868, 27766)
(57, -84, -106, 2985, -8049, 25328)
(-32, 66, -66, 7782, -2885, 10327)
(79, 65, -112, 1925, 1653, 2458)
(75, -29, 74, -2278, 3243, 2100)
(-7, -111, 68, -8490, -2923, 1179)
(35, 58, 116, -2067, -2953, 2119)
(32, 6, -107, 949, -229, -3986)
(-29, -42, 125, 1443, 1385, -3953)
(-103, -118, 28, 2931, 4031, -2309)
(104, -110, -51, -1823, 2001, -2012)
(61, 106, -113, -1778, -445, -2257)
(65, 123, -99, -2911, -1933, -2374)
(28, -128, -104, 5754, -155, -12974)
(23, -40, 102, 4393, -416, -16538)
(-115, -124, -84, -21164, -5226, -23787)
(3, -97, 113, -11458, -7941, -27610)
(94, -35, -75, 20402, -15440, -13406)
(79, -120, 65, 28538, -30268, -24456)
(20, -116, 92, 21952, -9819, -20370)
(21, -6, 59, 30667, -16334, -16556)
(-101, -4, 115, -32022, -29709, -10239)
(91, 9, 52, 31787, -25801, -6907)
(-9, 51, 2, 31787, -23188, 1309)
(15, 115, -116, 21644, -11021, 2427)
(-124, -31, -89, 16238, -4082, 3663)
(-59, 11, 60, 7272, 2462, -4481)
(-82, 94, 3, 1629, 11617, -16977)
(-90, 108, 6, 10522, 7158, -12465)
(43, 58, 73, -13461, 24477, -13984)
(121, -52, -40, 5985, -6086, 1836)
(36, 18, 8, -22102, 11952, -7675)
(-58, 13, -44, -4234, 2990, 2066)
(-3, -33, 118, -19036, -13793, 4028)
(82, -99, -18, 22508, 2479, 2510)
(77, 104, -98, 31785, 3706, 8246)
(-113, -116, -80, 31785, 12609, -3491)
(13, -96, -62, 31785, 16710, 10792)
(125, 118, 107, 31785, 11903, 7721)
(23, 97, 7, 31785, -499, 14012)
(-126, -84, 114, 32208, 687, 22164)
(62, -91, 93, 31644, -4435, 24580)
(22, -31, 56, -29999, -8216, 21285)
(-32, -29, -40, -3705, -5794, 21083)
(-36, 53, -79, 2400, -6936, 17495)
(-5, 26, 78, -5611, -6256, 15220)
(107, 34, -104, 1603, -4480, 11185)
(21, -88, 20, 10987, -2688, 12409)
(-43, 38, 20, 7190, -2741, 12024)
(-54, 94, -66, 6379, -1414, 10147)
(-97, 105, -103, -62, 933, 6444)
(96, 31, -112, 3150, 127, 3640)
(12, 100, -93, 8936, 1223, 3775)
(-29, 65, 15, 1447, 1762, 3278)
(-109, 22, 23, -2889, -1622, 3429)
(104, -23, -17, 1187, -1780, 3145)
(58, -36, 36, 374, 896, -702)
(83, -18, 48, -537, 1946, -2725)
(-83, 1, 40, 542, 2592, -5229)
(1, 40, 89, 3743, 4534, -7448)
(-73, 37, -1, 2044, 3757, -17269)
(-52, 28, -7, 10276, -1165, -21276)
(78, 7, 5, 24429, 20518, 26115)
(33, 68, -119, -27267, -9566, -24378)
(-117, -13, 66, 31785, -26181, -13930)
(-101, -48, 66, 31785, 31265, -10609)
(47, 106, -92, 28053, 30260, -6530)
(8, -89, 89, 25532, -31859, -6662)
(-33, -72, 99, -31252, -31480, 1230)
(25, -115, 65, 21670, -18851, 3327)
(15, 122, -29, -5362, -14981, 3587)
(-39, 117, 87, -146, 824, 1948)
(-116, -2, -32, 16906, 9168, -6825)
(-116, 121, -30, 8479, 32197, -17234)
(-28, -44, 83, 28065, 12600, -16858)
(63, 0, 75, -20596, 26349, -15325)
(43, 89, 42, -1192, 1538, -3011)
(-22, -28, 76, -19869, -19968, 2151)
(127, -15, 8, -14779, 11411, -1889)
(22, 68, -103, 5606, -3361, 6807)
(3, 29, -35, -29839, 3443, -3360)
(-62, 86, -103, 31560, -3033, 4237)
(-83, 30, -117, 29613, 1912, 3103)
(-80, -40, 56, 31785, 10730, 9156)
(-16, -68, -45, 31785, 16538, -2493)
(112, -10, 18, 31785, 1482, 8548)
(96, 12, -116, 31785, -5330, 5655)
(22, -9, 86, 31785, -12515, 18446)
(-113, 2, -49, 6310, -4108, 14903)
(100, 40, 119, -28927, -8062, 15251)
(-85, -48, 99, -26625, -8440, 16544)
(47, 60, 86, -4034, -8737, 21545)
(-26, -32, 89, 12383, -6455, 23660)
(-14, 63, 57, 10067, -3557, 22966)
(-28, 92, -123, 6518, -4820, 21427)
(-12, -86, -63, 5488, -8007, 19169)
(53, -110, -37, 4189, -6084, 12788)
(100, 14, -51, 7380, -2600, 7848)
(92, -96, -52, 5040, 1615, 2868)
(56, 23, 105, 1797, 2579, 1383)
(16, 12, 30, 4556, 302, 965)
(-34, 73, 56, 1332, 2712, -2819)
(-111, 34, 60, -1377, 3605, -4669)
(40, -75, -28, 18, 1336, -1439)
(31, -97, -66, -2758, 2633, -1832)
(1, 97, -122, -2712, 1911, -1984)
(-2, 77, 103, -4696, 1442, -918)
(-21, 63, 86, -6041, 2276, -3737)
(-23, 19, 67, -1746, 3492, -5533)
(-45, -10, 44, -20707, -12704, -8020)
(-66, -3, 37, 18630, 264, -18231)
(-77, 11, -11, 30185, 3817, -22737)
(-54, 44, -56, -29171, -28987, -28084)
(-112, -98, -84, 31784, -25071, -27074)
(-118, 8, 49, 31784, 27310, -23859)
(-124, -77, 67, 31784, 32399, -17851)
(-96, -97, -23, 30072, 32399, -7807)
(1, -28, -51, 32354, 32399, 2435)
(18, -2, 86, 18805, -13248, 956)
(-88, -116, -124, -7822, 6707, -2768)
(-97, 118, -50, -13762, 1006, -3351)
(-22, -2, 120, 12992, 7898, -15488)
(65, 26, 60, 5261, 31797, -25168)
(32, -77, -3, -18374, 23764, -24286)
(-46, -55, 24, 31328, -8587, 11097)
(1, -54, 2, -4720, 9355, -767)
(-92, -26, 60, -25599, -11891, 4815)
(-84, -60, 99, -22591, -19791, 3634)
(-93, -108, -91, 25942, 13496, 8335)
(21, 126, 107, 31782, 1930, 10404)
(-28, -6, -75, 31782, 5227, 8418)
(96, -119, -114, -31232, -2576, 18101)
(-44, 98, -111, 30942, -5934, 18166)
(0, -58, 32, -10158, -1328, 17989)
(-11, -38, -7, -26049, -10503, 15554)
(-99, -111, 111, 28161, -8926, 17750)
(62, -83, 82, -22388, -14752, 21090)
(-29, -18, 44, -8510, -17629, 21003)
(90, -71, -55, 622, -17265, 20125)
(83, -34, 117, 14127, -9315, 18346)
(-86, -106, 20, 18437, -4449, 15166)
(108, -108, -62, 15299, -5136, 13578)
(-45, 112, 35, 14132, -5132, 11429)
(40, 117, -107, 8875, -3690, 7315)
(10, -56, -41, 2308, -1475, 4979)
(-11, -18, -29, 569, 1173, -190)
(15, -73, -96, 4373, 4698, -2124)
(83, 76, 54, 2123, 7123, -7408)
(-76, -57, -10, 2566, 6237, -5875)
(43, 126, -34, -2695, 4974, -6135)
(-34, 118, -69, -1927, 5371, -8412)
(88, -113, -57, -13241, -2169, -8817)
(39, -22, -125, -21084, -5428, -9764)
(44, -93, 103, 25559, -7011, -12216)
(20, -8, 58, 11743, 6071, -13650)
(17, -108, 16, -23661, -13452, -21364)
(120, 31, -126, 31784, -13007, -27558)
(19, 5, -42, 31784, -19474, -23807)
(108, 86, -36, 31701, -26055, -19597)
(-2, -94, -122, 23004, 30960, -21739)
(40, 40, -89, 32038, 31259, -14111)
(43, -81, 27, 32677, 32375, 12152)
(-66, -18, 86, 31784, 32399, 2723)
(-33, -32, 123, -983, 24456, 9805)
(10, 44, 76, -5510, -305, 8844)
(-41, -2, -76, 17254, 8379, -17508)
(-96, -79, 116, 8385, -26367, -22794)
(-9, -34, 115, 31416, -31011, -22510)
(85, 103, -81, -11296, 17270, -24815)
(10, -7, 2, -3643, -3196, -31473)
(-46, 124, -5, -14444, -1140, -18754)
(65, -77, 67, -2342, -6701, 12883)
(76, -33, -110, 25583, -1862, 6882)
(10, 61, -68, 29156, 9364, 2796)
(-51, 37, -41, 31785, 5111, 261)
(120, -93, -47, 31785, 12737, 2934)
(-124, 62, -57, 31785, -2684, 6668)
(109, 57, 85, 31785, -6159, 7909)
(81, -109, -30, 388, -19828, 15943)
(114, 104, -114, 30753, -1724, 12808)
(100, 5, 15, -10393, -12996, 21024)
(106, 108, -48, -7442, -6123, 16531)
(60, -97, -31, -11961, -11549, 15878)
(-113, 79, 6, -8293, -14329, 16874)
(-113, -117, -73, 9481, -6664, 18015)
(-17, 85, 19, 9155, -4137, 14768)
(-12, 123, -29, -2663, -9563, 15252)
(-123, 113, -104, 5369, -6698, 14251)
(85, -61, -63, 7601, -2966, 9719)
(-60, 14, 48, 7798, -4671, 9775)
(27, -74, -32, 5181, -992, 333)
(4, -31, 120, -2266, 487, -3525)
(40, 81, 57, -1244, 6408, -3157)
(-19, 38, 105, -511, 4868, -1903)
(-81, 26, 57, -3882, 487, -1398)
(-58, -13, 4, -5779, 2463, -2996)
(-14, -67, -95, -5194, 4484, -4661)
(100, -101, -4, -7136, 3722, -6512)
(-42, -88, -84, -8066, 2346, -6555)
(117, 27, 21, -10674, -988, -6378)
(-112, -20, -21, -16807, -9217, -8559)
(55, 46, 109, -9889, -8192, -15301)
(9, 77, -58, 12012, 13068, -23666)
(15, -38, 112, -22558, 9824, 27597)
(-84, -63, -3, 32646, -9001, 32739)
(-120, -89, -52, 31783, -18199, -27906)
(-39, -117, -115, 31783, -24509, -23181)
(-41, -78, 36, 31783, -21112, -14946)
(-57, -41, 66, 31783, -25806, -2074)
(-2, -99, -68, 12758, -3065, -4069)
(-33, -102, 80, 13035, -10120, 739)
(5, 39, -112, 22251, 303, -3040)
(64, -37, -23, 363, 11961, -11969)
(-107, 113, -126, 17332, 12898, -17930)
(-84, 4, -18, -19747, -29992, -30497)
(43, 112, -106, 4623, 15729, -5947)
(-78, -10, 68, -14241, 9209, 1829)
(-62, 50, 27, -11025, -8435, 3520)
(71, -14, 40, -18798, -10086, 3076)
(4, -19, -56, -28438, -5926, 1226)
(16, -5, -29, -30557, -7396, 4528)
(-35, 61, -76, 29139, -2906, 1740)
(-63, -61, 98, 31780, 897, 2090)
(-100, 106, -82, 31780, -15508, 2034)
(-33, 79, -48, 31780, -10310, 15594)
(120, 42, -63, 31780, -31669, 9656)
(27, 47, 3, 31780, -22628, 14705)
(41, -116, 2, 146, -13290, 16888)
(21, 16, -113, 9103, -16443, 8725)
(112, 97, 72, 2241, -17056, 19827)
(-16, -41, -95, 15518, -12571, 11454)
(77, -83, 7, 13829, -10119, 13703)
(76, 98, 0, 14823, -7841, 15276)
(119, 117, -125, 16072, -4269, 14258)
(100, 8, 122, 11865, -9189, 15908)
(9, -35, -28, 5976, -8498, 15141)
(17, -13, 56, 4307, -5604, 10871)
(117, 22, 78, 7282, -3510, 5059)
(-105, 79, 1, 3385, 2016, -480)
(75, 19, 93, 2924, 5729, -4115)
(54, -65, -18, -1857, 3393, -4433)
(24, 33, 126, -550, 4739, -4443)
(45, -47, 41, -942, 5808, -4070)
(108, -125, -76, -2652, 4211, -2761)
(-94, -128, -116, -1851, 3811, -2562)
(-26, -122, 93, -4365, 1326, -2558)
(-9, -94, 103, -4119, 1206, -1770)
(2, -37, 118, -4446, 670, -1004)
(4, 28, -108, -4761, 1581, -2579)
(20, 122, -69, -880, 1846, -6080)
(-13, -117, -27, -3900, -465, -19152)
(-47, 15, -68, 14803, 9480, -23190)
(-91, -26, -63, -22254, -8342, -22380)
(-44, -51, -62, 31777, -15467, -26795)
(88, -76, 82, 31777, -24184, -21356)
(-102, -100, -72, 31777, 30696, -20402)
(-86, 78, 76, 31777, -27822, -13859)
(-35, -90, 78, 22604, 32378, -6538)
(-63, -120, -57, 19088, -21331, -2631)
(-33, -57, 64, 19936, -22505, 5169)
(-99, 36, -122, 8724, -17726, 5734)
(-68, -2, 19, 29629, 18579, -12989)
(-58, -22, 52, 28741, 19584, -21521)
(98, 107, 87, -2183, -24436, -27491)
(-32, 126, 21, -7541, 24913, -24153)
(56, 5, 60, -12711, -11872, 18454)
(71, -24, 97, -30429, -14354, 703)
(115, 90, 99, -9572, -6188, 7499)
(90, -57, -24, -13904, 822, 1944)
(79, 91, -33, 24725, 6443, 3035)
(-75, -83, -117, 30835, 7623, 5309)
(89, -30, -16, 31775, 2119, 10426)
(17, -56, -109, 31775, -2920, 13344)
(-48, 85, 113, 31775, -8125, 25042)
(-59, 84, -51, -24888, -24076, 24863)
(-24, 69, 14, -15901, -6753, 17300)
(-50, 17, 21, -9253, -5657, 15918)
(-44, 106, -81, 1166, -9649, 16879)
(-125, 3, 49, -1370, -6157, 16269)
(-75, 5, 95, 3729, -5358, 16324)
(-80, -57, 13, 2115, -6591, 16209)
(-32, 73, -26, 3825, -3665, 14778)
(-101, 12, 40, 1257, -5908, 15950)
(-2, 127, 113, 12318, -6334, 14268)
(-92, 58, -67, 8246, -4759, 9664)
(41, -18, -115, 1283, -4215, 7610)
(-122, 79, 41, 5528, -871, 1469)
(111, 118, 101, 4159, 2533, -1603)
(-11, -124, -20, 2019, 5395, -4797)
(-102, 74, -111, -51, 3899, -5026)
(37, -67, 29, -1181, 3794, -5283)
(20, 121, -15, -4698, 4167, -3935)
(-4, 22, -88, -3426, 2491, -3647)
(12, -10, -114, -4504, 2340, -3354)
(24, -22, 104, -7192, 1962, -4190)
(31, -26, 87, -6611, 2623, -5610)
(57, -19, 52, -7489, 1202, -6236)
(68, 3, 78, -6227, -1728, -14214)
(89, 93, 127, 21141, 901, -23936)
(120, 66, 25, 26915, 5863, -23835)
(98, -61, 29, -28833, -9407, -29295)
(84, -23, -78, 31774, -19544, -22432)
(-82, 18, 11, 31774, 28018, -21090)
(16, -27, -89, 31774, 30790, -15090)
(47, -101, 12, 28613, -26942, -7656)
(-58, 110, 104, -32709, -23126, -1158)
(27, -41, 108, 28385, 1292, -4869)
(-123, 78, -71, -406, 7480, -11206)
(-93, -49, -87, -32410, 18177, -11129)
(-17, 112, 15, 28509, 5195, -13276)
(-51, -103, -32, -9598, 27123, -21150)
(-53, 38, -104, -11216, 18751, -17860)
(40, -128, 73, -24178, 1865, 1152)
(-67, -53, 1, 674, -102, 3245)
(-18, -60, 115, -19262, -8667, 1369)
(-33, -85, -89, 23389, -9241, 2671)
(1, -100, -106, 31408, -4728, 4598)
(-47, -76, 113, 31775, 1183, 806)
(49, 124, 43, 31775, -2923, 6985)
(125, 84, -51, 31775, 4446, 6651)
(-101, 0, -59, 31775, -16194, 10881)
(89, 86, 61, -30381, -15839, 15829)
(-35, 82, 118, 7094, -14224, 18035)
(-14, 95, -82, 926, -7960, 17266)
(-46, 91, -75, 2430, -10147, 17629)
(21, -30, 41, 4323, -11727, 17439)
(31, 108, -70, 12730, -7528, 16380)
(-127, 54, 101, 11522, -5619, 15757)
(23, 47, -40, 3961, -4467, 16592)
(-8, 91, 68, 9127, -2836, 14569)
(-23, 97, -22, 4181, -1162, 12201)
(-30, 37, -32, 5429, -1130, 10041)
(-13, 23, -70, -1807, -1666, 5086)
(35, 38, -67, 1452, -662, 4173)
(51, 59, 112, -313, 2744, -1888)
(20, -4, 42, -460, 1916, -1847)
(11, -44, 21, -17042, 5879, -3777)
(-10, -125, 10, -6696, 1645, -2926)
(-14, -5, -50, 1374, 1282, -1416)
(-9, -15, -75, -1494, 1181, -2173)
(2, -35, -107, -4579, -550, -2778)
(8, -13, -91, -7557, 1714, -6146)
(30, -114, 115, -191, 4241, -9742)
(36, 100, 119, -2228, -7840, -10760)
(122, 38, -108, -25644, 19167, 32684)
(51, 103, -127, -30803, -1403, -23053)
(-15, -25, 114, 31774, -23244, -21146)
(-49, 65, -23, 31774, -28144, -18237)
(-77, -98, 87, 31774, 28811, -11491)
(73, 72, -83, 31774, 32018, -7443)
(43, 10, -31, 21542, 32406, 1871)
(95, 105, -64, 23766, -21563, 6420)
(22, -79, -90, 14288, -9271, 6274)
(36, -38, -71, -18523, 11195, -815)
(-4, -24, -114, -21903, 9562, -18058)
(89, -6, -7, 184, 21153, -21559)
(3, 68, -99, 6395, 32028, -26992)
(14, 40, 110, 3666, 16031, -27095)
(58, -51, 78, -4715, 129, 13333)
(38, 48, 22, -20634, -8102, -1507)
(-45, 97, 74, 7104, -1235, 5946)
(1, -119, 59, -19984, -6956, 7381)
(18, 91, -13, 21568, -5103, 2195)
(-41, -35, -32, 31774, -5055, 1728)
(53, 21, 46, 31774, -11173, 8608)
(4, 7, -66, 31774, -10234, 20703)
(22, -55, 75, 31774, 1265, 17205)
(-4, 53, 121, 31774, -12159, 17519)
(-86, 55, -98, -30055, -4660, 17879)
(13, -15, 87, -12198, -9619, 23311)
(-60, -102, 17, 6247, -8822, 16134)
(-99, 53, -106, -7803, -19223, 21604)
(125, -12, -13, 3087, -6819, 17289)
(37, -21, 61, 3641, -5641, 16646)
(-16, 42, -8, 7159, -9161, 21344)
(-22, -16, -51, 10290, -4041, 17072)
(57, -20, 4, 12265, -3782, 15372)
(42, 121, -80, 6744, -5793, 13126)
(-1, 47, -13, 3047, -6912, 7506)
(3, -98, 69, 4473, -3393, 3469)
(23, -115, 45, 1722, -400, 803)
(17, 113, -10, 2726, 1305, -436)
(22, 82, -67, 1078, 423, -1253)
(20, 3, -123, 673, 2186, -1692)
(29, -26, 95, -2914, 3572, -3191)
(64, -89, 7, -2930, 2272, -3176)
(85, -119, -23, -1803, 2426, -3496)
(-127, 95, -82, -3458, 2411, -2787)
(-106, 114, -109, -4483, 1978, -3052)
(-75, 121, 109, -3190, 1676, -2808)
(-62, -94, 107, -6617, 662, -2695)
(-62, 9, 124, -6240, 718, -4078)
(-55, 62, -98, -7914, 1382, -8331)
(-59, -22, -23, -11136, -1260, -18830)
(-94, 112, 21, -1308, -2552, -25680)
(106, 81, 9, -30445, 7417, -23750)
(-6, 127, 125, -28881, -22540, 30358)
(-18, -71, 74, 31773, -23024, -27905)
(100, 42, -41, 31773, 32431, -24332)
(73, 47, 77, 31773, 30187, -13806)
(103, 0, 98, 31773, -31689, -8468)
(-117, 120, -114, 31773, -27898, 3325)
(23, -83, -105, -1721, -3273, -82)
(112, -105, 59, -3287, -1561, -1631)
(87, 70, 31, 2243, 1126, -7631)
(-97, 78, 42, -3718, 14590, -16473)
(54, -18, -89, 2173, 25392, -22315)
(-35, -88, 107, -6751, -26964, -26915)
(-118, 48, -50, -5987, 16162, -11014)
(-25, 45, 94, -25322, -6995, 6803)
(124, -109, 89, -10534, -22268, 5427)
(122, -92, -116, -23923, -3432, 1217)
(37, -49, -95, -22784, -5971, 6805)
(-115, -128, -126, 25877, -266, 6955)
(96, 84, 12, 31770, -5961, -98)
(-57, 83, 124, 31770, 7150, 8515)
(-19, -124, 64, 31770, 462, 7420)
(-66, 116, -5, 31770, -10854, 14769)
(-59, 45, -98, 31770, 394, 14685)
(47, -68, 45, -31846, -5003, 17363)
(101, -81, -70, -31551, -11009, 17848)
(-11, 17, -49, -25150, -11514, 19615)
(64, 69, -91, -21059, -10902, 15130)
(56, 41, 116, -17714, -19491, 16991)
(-91, 10, 34, -9360, -17317, 18139)
(16, 64, 109, 6934, -10425, 11402)
(-75, 126, -63, 11831, -4523, 3550)
(-43, -6, 92, 13014, 2046, 1185)
(126, -109, -29, 15368, 251, 5033)
(-44, -68, 125, 1295, -4015, 6275)
(89, 114, 34, 1133, -1512, 3323)
(102, 58, 8, 1470, -987, 1240)
(-127, -32, -78, 3529, 3733, -457)
(120, -58, -121, 604, 4158, -2508)
(94, -71, 103, -584, 1628, -1394)
(90, -93, 88, -635, 805, 689)
(80, -20, 110, -3582, 1843, -3274)
(56, 29, -127, 9151, 2850, -6090)
(-65, -64, 8, -3178, -9742, -3674)
(7, -91, -85, -30088, 5614, -14776)
(-22, 39, -89, -29637, 133, -22631)
(38, -101, 21, 31770, -9601, -21336)
(-101, -31, 100, 31770, -14677, -21921)
(-63, -33, 80, 30553, -11630, -19147)
(-60, -18, -114, 32175, -25824, -18016)
(-12, -45, 121, 31770, -32402, -13526)
(-12, 4, -86, 29902, -32707, -7957)
(75, 67, -98, 13184, -25638, -608)
(16, -25, 4, 8149, -23644, 2275)
(-121, -50, 91, 2320, -8833, -583)
(105, -50, -51, 6556, -2212, -1348)
(-102, 50, 60, -5357, 14878, -14788)
(5, -49, -34, 4437, 30171, -24566)
(109, -63, 37, -7256, -32026, -22768)
(-89, -126, -71, 18061, 10160, -11201)
(19, 53, 41, -15159, -23939, 4362)
(-125, -28, -54, 30006, -1961, 1323)
(4, 95, -99, -4135, -9472, 9264)
(116, 68, -120, -21549, -9927, 6977)
(-75, -31, -6, 23962, -1689, 5474)
(1, -34, -99, 31767, -2653, 7591)
(-96, -51, -84, 31767, 3800, 3995)
(126, -40, -30, 31767, 5412, 12840)
(-91, -109, -46, 31767, -2164, 16880)
(123, 50, 0, 31767, -5481, 17501)
(106, -29, 22, 31767, -4892, 15292)
(-41, -62, 101, 31767, -16254, 19717)
(21, -57, 13, -23245, -21797, 23333)
(67, 124, -25, -1661, -22451, 19738)
(112, -99, 26, 8727, -22742, 18226)
(-41, 32, 23, 12324, -13090, 14804)
(-82, 60, -12, 10749, -6378, 9874)
(24, -17, 11, 13719, -1119, 7731)
(-46, 92, -90, 15402, -1403, 6755)
(-82, -114, 82, 6451, 1667, 4640)
(-127, 65, 115, 2897, -1573, 3500)
(79, -87, 84, 7470, -1203, 3428)
(68, -109, -123, 2091, 281, 1787)
(56, 89, -93, 2872, 1680, 575)
(55, 94, -63, 88, 1061, 45)
(51, 74, -67, -158, 117, 107)
(51, 68, -69, -2600, 574, 727)
(53, 39, -90, -2943, 869, 2031)
(39, 28, -111, -3263, 536, 595)
(34, 31, 97, -3185, -194, 284)
(38, 33, 77, -2889, 1131, -771)
(54, 52, 55, -2242, 1536, -1291)
(68, 73, 52, -2977, 1245, -1617)
(109, -103, 52, -2700, 3225, -5573)
(-96, 10, 122, -6083, 1665, -8867)
(-74, 75, -42, 4680, -3380, -19899)
(-68, 112, -9, 4266, 11301, -14193)
(86, 72, -72, -23244, 6207, -31621)
(94, -46, -85, 25194, -5365, -30900)
(77, -51, -8, -31170, -19114, -24795)
(-105, -50, -70, 31766, -23260, -23226)
(46, 93, -83, 31766, -25981, -14303)
(-38, 61, -126, 31766, -31928, -9433)
(15, -100, -98, 23844, -27478, 646)
(-113, 37, 35, 18026, -19160, 1450)
(-118, 120, -88, 2431, -6505, 443)
(6, -47, 23, 14875, 2743, -4330)
(38, -53, 53, -15, 30072, -22039)
(-69, 71, -24, 23445, -26608, -21031)
(123, -62, -75, -14072, 27682, -17712)
(11, 122, 113, -18833, -4113, 3565)
(-71, 105, 126, 25778, -9657, -2617)
(-41, 59, -6, -5665, -5537, 6705)
(-98, -62, 97, -6708, -9595, 8313)
(-41, -117, -31, 21138, -4521, 772)
(-51, -77, 57, 31210, 5155, 3348)
(-110, 18, 115, 31765, -3107, 7591)
(59, 77, -56, 31765, 388, 21631)
(-110, -39, -65, 31765, -17246, 19279)
(-79, 72, 96, 31765, -6389, 15091)
(99, 65, -87, 31765, -12439, 22817)
(14, 55, 6, 5783, -14226, 23373)
(-115, 85, -85, 9012, -9766, 18380)
(58, -42, -82, -4413, -4148, 15515)
(92, -5, -66, -419, -2754, 16290)
(-31, 43, 37, 6758, -8552, 16916)
(20, 100, -73, -6195, -8890, 18566)
(-110, 29, -82, 154, -9978, 17048)
(-63, -81, -121, 10247, -10256, 14633)
(14, 110, -35, 12299, -4083, 9663)
(-115, 87, 100, 8382, 746, 2241)
(-112, -19, 105, 13780, 2657, -235)
(-118, 72, -57, 8841, 763, -4396)
(-86, -12, 26, 4740, 2404, -2462)
(-59, -84, 74, -898, 2548, -1177)
(-55, -85, 6, -2285, 1115, -1570)
(-26, -92, -52, -2682, -14, -1556)
(13, -55, -75, -3348, 1999, -5272)
(-92, -28, 117, -2833, 4067, -10420)
(79, -6, 88, -2739, 4026, -9695)
(17, -125, 40, -6610, 3852, -8047)
(74, -5, 33, -5249, 3820, -6969)
(106, -78, 69, -6254, 2657, -4629)
(89, 85, -117, -24104, -5320, -7827)
(-62, 0, -87, 4617, -2370, -12701)
(121, 19, 7, -27164, 3008, -23383)
(17, -65, 59, -30187, -16354, -28712)
(-50, 104, 92, 31767, -29743, -22173)
(3, -58, -122, 31767, 31844, -21770)
(6, 31, 1, 31767, -30277, -15218)
(-7, 77, 25, 31767, 30973, -7802)
(-4, 87, 34, 31767, 32406, -1907)
(-125, -28, 127, 742, -9571, 4173)
(103, -25, -44, -9276, 2894, -606)
(0, 10, -14, -6802, 2540, -6037)
(76, 120, 93, 9423, 13461, -18254)
(-40, -98, 106, -5835, -28392, -16298)
(34, 74, 68, -3912, 11125, -3094)
(-23, -79, -49, -29935, -2096, 1999)
(11, 112, 22, -18535, 2770, 16099)
(-41, -75, 104, -6301, -13441, -1057)
(37, -5, 0, -23729, -1215, 874)
(-52, 116, 0, 24570, 9499, 6552)
(-53, 10, 118, 31767, 6863, 6804)
(-21, -62, 46, 31767, 18056, 14772)
(3, -110, -116, 31767, -3393, 16499)
(-119, 86, -39, -27499, -4829, 27823)
(121, 72, 45, -79, -1753, 21664)
(-98, -68, -101, -20160, -625, 28587)
(25, 125, 70, -21040, -5822, 25106)
(-6, 100, -112, -14427, -7467, 22656)
(-16, 57, -64, -12179, -12031, 22762)
(-67, -115, 50, -2242, -8750, 21643)
(37, -92, -47, 3670, -10237, 20499)
(37, 120, 99, 15661, -7902, 15861)
(-20, 115, -39, 18626, -6236, 4564)
(113, -122, 57, 16977, -2805, -505)
(114, 1, 75, 10653, 3485, -2215)
(13, 118, -87, 5002, 5334, -3574)
(-48, -24, 5, -2653, 848, -648)
