(-78, 44, -18, 3109, 83, -924)
(-77, -13, -23, 3412, 56, -798)
(-78, -19, -3, -3459, -1421, -589)
(-78, -33, 16, -6016, -1542, -1901)
(-73, -57, 2, -599, -2137, -3086)
(-43, 121, 31, -2408, -1183, -3926)
(-18, 68, 24, -1913, -1991, -4028)
(4, -17, 43, 835, -1982, -3135)
(-16, -92, -102, -12021, 1540, 5228)
(1, -18, -51, -103, 2166, 765)
(59, -20, -92, -2547, 2874, 1935)
(77, 21, -95, -5353, 988, 3079)
(121, 117, -77, -5950, 1092, 1507)
(-100, -101, 8, -11474, -1578, 1639)
(-80, -78, -86, -4992, -2056, 276)
(-92, -92, -47, -4864, -2642, -3346)
(105, 68, 77, -4241, -1969, -6231)
(61, -35, 81, 367, -1462, -6608)
(-4, 69, 94, 70, -645, -6019)
(-22, -2, 78, 783, 129, -4457)
(-56, -96, 56, 1156, 1100, -2950)
(-66, -104, 56, -4252, 2865, -1063)
(-88, 99, -56, 914, 3482, 1803)
(-70, -96, -118, -409, 5471, 2678)
(-55, 25, -14, -2300, 3525, 2509)
(-18, 84, -58, -2551, 4258, 2601)
(71, -63, 126, -8680, 8536, 333)
(-97, -18, 59, -3902, 7656, 487)
(1, 88, 71, -14291, 7280, -3017)
(-4, -6, -57, -11072, 4816, -4013)
(-91, -50, -42, -4379, 7523, -3728)
(-75, -64, 12, -6474, 5971, 611)
(-55, -65, 80, -1854, 1527, 702)
(-46, -42, 98, -6205, 1398, 3237)
(-10, 29, 21, -11006, 2939, -785)
(-21, -20, 72, -1575, -574, 889)
(31, 43, 126, -11214, -143, 3285)
(-23, 71, 84, -17607, -5573, -2757)
(-84, 68, 45, -10877, -2840, -7570)
(-56, -106, -89, -1907, -2346, -6184)
(-11, 101, -86, 929, -189, -4895)
(-11, 117, -104, 1002, -1104, -4660)
(27, 119, -118, -5511, -4747, -6025)
(94, 8, -84, -12686, -4083, -5499)
(-32, -6, 72, -11838, 134, -6798)
(26, -62, 86, -6928, 2627, -7133)
(116, 113, -22, -17976, -2577, -13049)
(-53, -87, 16, -23320, -5406, -24843)
(-55, -128, -96, -16727, 11558, -27499)
(-47, -96, 14, -15609, 12537, -25699)
(61, 23, 83, -16274, 12606, -23002)
(18, 20, -62, -20508, 20807, -18475)
(76, -14, 64, -8553, -25857, -7938)
(-62, -119, -76, 4316, 32495, 198)
(-85, 112, -119, -8094, 32463, 8311)
(18, -48, 103, -12660, 32463, 8300)
(115, -6, -52, -24427, -9737, 21108)
(-23, 88, 81, -8045, 12102, 1030)
(-1, -11, -87, -6920, -13757, 22252)
(-4, 94, 21, 25058, 744, -10014)
(-16, -40, -89, -21479, 31118, 21069)
(0, -109, 111, -2988, -20039, -12116)
(63, 91, 12, 518, -15083, -14723)
(-77, -41, -37, 3916, -17827, -20979)
(-11, 76, 25, 2340, -418, 32762)
(-97, -87, -126, 2437, 5487, -21567)
(1, 32, 118, 4992, 18414, -7651)
(50, 115, 14, 2905, 23066, -5396)
(-63, 98, -72, -4527, 28662, -1953)
(-26, 95, -95, -1760, 26066, 2514)
(-57, -121, 56, -10702, 22219, 11008)
(-39, 8, -43, -17759, 19146, 17078)
(109, -93, 46, -16047, 5269, 21917)
(10, 79, -59, -23902, -1934, 21502)
(-86, 36, 72, -11123, -17381, 17230)
(-28, -23, -23, -10216, -13296, 10575)
(-124, 44, -62, -5709, -30960, -1725)
(12, -110, -90, -3571, -26751, -11544)
(107, 18, 36, 2418, -23652, -19530)
(76, -36, -48, 3166, -14783, -19667)
(-119, 39, -104, -71, -7514, -24787)
(78, -23, -8, 1888, 3350, -18411)
(-17, -23, -52, 4367, 13762, -11496)
(55, 54, 87, 5862, 20831, -6048)
(43, -82, -69, 725, 19059, -805)
(59, 107, -98, -964, 16793, -1490)
(2, 126, -119, -4315, 16586, 1485)
(-20, 122, -106, 3781, 7641, 4740)
(20, 127, 120, -13026, 4983, 7347)
(-127, 25, -24, -28636, -13199, 17093)
(122, -5, 111, -1319, -14612, 8194)
(-58, -17, -86, 24259, -29116, 21901)
(31, 75, -94, -12215, -19251, 22407)
(122, 0, -40, 3812, -22798, 26503)
(52, -8, -31, -5008, -14798, 25394)
(70, -127, -76, -5496, -19136, 27026)
(-36, -52, 27, -2724, -15875, 25455)
(-84, 72, 92, -3356, -10946, 23260)
(-49, -63, -83, 2007, -7942, 22310)
(80, 74, -72, -4407, -12739, 19467)
(125, 69, 31, -1837, -7146, 18529)
(-113, -26, 19, 3331, -384, 14254)
(-120, 66, 120, 5113, -4903, 10407)
(-3, 122, 9, 2092, -4489, 4890)
(-80, 52, 6, 510, 199, 2249)
(-102, -41, -29, 1756, 1230, 334)
(-81, -90, -43, 1260, 2019, -1425)
(-49, 97, -74, 58, 1857, -2829)
(-9, 122, -81, -3767, 1389, -3373)
(18, -14, -122, -4715, 51, -4731)
(12, 119, 121, -9272, -1822, -8952)
(117, 62, -94, -16909, 4217, -18038)
(67, -117, -44, -13297, -5780, -23595)
(115, 41, -35, -24555, 4804, 27053)
(32, 108, 46, -22418, 8621, -32507)
(-41, 61, -128, -20670, 19602, -32507)
(79, 16, 45, -13963, 22567, -32507)
(-92, 30, -93, -12565, 30223, -24938)
(33, 107, -41, -9359, 23517, -25355)
(103, 24, -42, -7606, -30085, -7646)
(-27, 80, -91, -1120, -32759, 34)
(30, -60, 7, -3181, 25410, 6286)
(-10, 124, 79, -8490, 18676, 10013)
(-76, 103, -125, -5008, 10528, 22659)
(66, 8, 86, -12048, 747, 17571)
(-111, -95, 7, -17767, -7971, 24300)
(-38, -92, -111, -16529, -21983, 30611)
(74, -58, -63, 14623, 23852, 11914)
(110, -13, -69, -19775, 32465, -2872)
(-44, -24, -52, 3158, -28734, -19937)
(127, 66, -95, 6551, -4277, -19732)
(-87, -37, -47, -2471, -2928, -26898)
(-108, -102, 115, -10316, 5880, -25219)
(-74, -50, 12, -750, 20921, -11081)
(-106, 8, -120, 2114, 24896, -7095)
(64, -21, 15, -8700, 25099, -6366)
(-110, 123, 89, -13765, 25827, -693)
(27, -94, 124, -6386, 13231, 7289)
(-87, 16, 46, -12676, 10214, 15664)
(-33, 76, 87, -6099, 4030, 20447)
(-116, 83, -83, -7429, 3267, 23572)
(110, -61, -85, -9220, -7089, 16294)
(-51, 114, -33, -6820, -16151, 19767)
(127, 40, 66, -7969, -20238, 4796)
(14, -91, -109, -3647, -22732, -882)
(-86, -29, -122, 2849, -26394, -9159)
(-115, 67, 15, -990, -21278, -23515)
(-121, 60, 58, -2132, -10526, -28953)
(-114, 45, -21, 764, 2365, -32116)
(111, 73, 45, 6560, 20717, -15334)
(13, -86, 76, 750, 19539, -13573)
(-27, -25, 38, -4062, 23500, -6852)
(-55, -73, -78, -6843, 21129, 1069)
(83, 1, -87, -10087, 10097, 8176)
(64, -92, -118, -8831, 13906, 10893)
(-116, -52, 51, -12074, 3572, 13943)
(-122, 48, 11, -7026, -3330, 4218)
(127, -49, 41, -7058, -9668, 5411)
(-32, 57, 30, -10451, -17008, 4283)
(-72, 16, 55, -31112, -19799, 7732)
(-73, -69, 16, -3515, -27635, 22318)
(85, -12, 47, 19929, -31309, 24875)
(-34, 53, -58, -11525, -15331, 24626)
(22, -125, 78, -8402, -23675, 23200)
(55, -87, 29, -1162, -17869, 26616)
(-128, -23, -50, 13242, -5843, 27578)
(-62, 76, -5, 9558, -11014, 27877)
(0, 44, 28, -764, -1698, 21553)
(70, -122, -100, -2049, -10047, 21812)
(103, -41, 123, 1124, -5696, 20481)
(-25, -92, -1, 5412, -4032, 19783)
(-106, 39, 9, 7167, -2740, 14529)
(-34, -20, 95, 3784, -2959, 6746)
(92, -48, 107, 3849, 186, 205)
(92, -47, -72, 2268, 5232, -3744)
(56, -55, -22, 1569, 2136, -4394)
(65, -45, 102, -1696, -698, -1490)
(77, -118, -97, -5551, 1405, -2158)
(80, 94, -91, -3210, 2978, -3281)
(102, 77, -123, -1643, 2097, -2727)
(122, 125, 108, -6184, 2380, -5148)
(-112, -84, 56, -6369, 650, -8537)
(20, 114, -21, -8556, 1859, -16639)
(95, -111, -8, -8067, 1794, -20204)
(-28, -114, 50, -9772, 31, -27093)
(74, 88, -85, -10984, 721, 32142)
(26, 11, 33, -20639, -336, 31918)
(-105, -111, 59, -21504, 7850, -32505)
(-51, -103, 53, -17694, 6738, -32505)
(15, 96, -37, -27379, 15266, -32505)
(124, -94, 125, -17793, 25161, -21813)
(12, 125, 27, -14258, 32533, -12552)
(-89, -115, -31, 916, 30982, 938)
(-27, 27, 85, -6676, 29682, 1872)
(86, -100, 54, -7841, 23759, 19327)
(-9, 42, 122, -3864, 9711, 12558)
(4, -65, -59, -6679, 3309, 21227)
(12, 87, -127, -10666, 764, 22671)
(59, -48, 123, -10306, -4208, 22260)
(-94, 113, 28, -13269, -20808, 23136)
(106, 13, -25, -8904, -23636, 6542)
(118, 37, -75, -6445, -28099, -5365)
(-76, 6, 85, -2149, -20894, -12456)
(10, -101, 29, -1157, -21217, -23220)
(2, 49, 44, -4277, -8899, -25897)
(1, -26, -56, -368, 1967, -19182)
(81, 12, -74, -398, 17016, -19349)
(-70, -49, 6, -1496, 22962, -14923)
(62, -76, 123, 896, 29984, -5105)
(73, 59, 123, -2668, 23388, -2997)
(-36, -78, -53, -10351, 25402, 5145)
(107, 85, -119, -8684, 21692, 9746)
(-15, 57, -117, -8047, 18267, 14668)
(114, -21, -99, -8962, 6008, 21728)
(-48, 97, -60, -15508, 1647, 21098)
(-124, 63, -31, -10953, -5970, 22045)
(108, 102, 91, -5906, -17209, 7536)
(111, 125, 12, -6970, -25217, -3082)
(39, 29, 53, 3460, -23088, -9525)
(43, 72, -87, 2332, -18195, -6209)
(-120, 117, -21, 4586, -19042, -14033)
(124, 103, 42, -423, -9301, -22701)
(58, 104, -37, 2113, 745, -19825)
(38, 82, 16, 923, 8432, -15890)
(89, -102, 9, -1197, 16022, -11398)
(-106, -13, -53, -2239, 16602, -7437)
(81, -123, -124, -6286, 20984, -4556)
(-46, -121, 111, -8251, 19309, 374)
(98, -75, -38, -9261, 14322, 6849)
(-117, -31, 19, -7515, 19251, 14142)
(-20, 27, -78, 3886, -9077, 1877)
(15, 47, -33, -16073, 933, 1195)
(123, 116, -48, -15790, -15031, 4479)
(44, 121, -21, -15414, -16931, 5394)
(-78, 109, 37, -6242, -28707, 21694)
(-89, -85, 21, 774, 29819, 24508)
(82, -41, 81, -4395, -22233, 30917)
(87, 86, 112, -391, -11947, 20694)
(-29, -63, -59, -4630, -15293, 24294)
(-32, -38, -80, -7306, -14649, 25471)
(-14, 94, -61, 1363, -8641, 28032)
(93, -56, 114, -4090, -11132, 24988)
(122, -64, 19, -2120, -4381, 25596)
(-79, 76, 48, 361, -7113, 23124)
(-41, -74, 12, -5168, -7818, 18360)
(-80, 10, -123, 245, -5152, 17181)
(84, 30, 4, -858, -5805, 12299)
(76, 92, 95, -906, -5447, 7676)
(-33, 84, 69, -1045, -1044, 2)
(-80, 59, 40, -372, 1411, -1097)
(-53, 37, 20, 956, 2256, -1844)
(-11, 39, -2, -2363, 560, -4220)
(13, 110, -24, -6643, 665, -6160)
(59, 18, -60, -7297, -1181, -8052)
(38, -114, -53, -8511, 1946, -11502)
(69, 40, 93, -18884, -5914, -16839)
(-110, 101, -122, -15923, 7167, -18889)
(115, -114, 20, -8516, 10475, -24284)
(-31, 67, 49, -8839, 17192, -29853)
(-126, 25, 69, -11716, 21856, 32412)
(71, 89, 104, -11353, 22434, -26662)
(95, -126, 67, -13544, 22036, -31612)
(-88, -98, -111, -18779, 27180, -30788)
(83, 96, 73, -13780, 22733, -27889)
(31, -38, 25, -8146, 28543, -19945)
(22, 95, 106, -8560, 30375, -6218)
(-76, 90, -40, -1896, 28352, 4878)
(21, -44, -40, -838, 21448, 8470)
(-66, -22, 90, 3203, 18841, 10684)
(79, -41, -10, -4841, 17687, 15812)
(-103, -122, -120, -8924, 5726, 13730)
(-123, -111, -77, -10912, 738, 9687)
(-3, 82, 99, -10878, -3560, 12764)
(1, 3, -2, -9237, -12247, 15759)
(-25, -30, -113, -12010, -18954, 10556)
(-2, 108, 7, -7850, -23361, 7694)
(-30, -4, -77, 1068, -14887, 7289)
(61, -112, -102, 4680, -17182, -5422)
(48, 92, -79, 1651, -17301, -13604)
(-123, 87, -36, 7945, -3865, -12854)
(71, -24, 79, 6075, -1545, -13417)
(115, 38, -53, 4456, 9362, -13308)
(-78, -115, -120, 1173, 13235, -8820)
(104, -91, 63, -1891, 19359, -4731)
(-1, 70, -88, -2070, 18499, -2452)
(92, 43, -80, -7078, 18817, 1013)
(42, 84, -34, -9025, 14869, 4899)
(0, 111, -86, -16206, 11900, 8510)
(29, -8, 81, -15474, 8885, 12970)
(-5, 39, 83, -14910, -1471, 15956)
(-87, 74, 124, -15464, -3951, 16406)
(-74, 121, 93, -12721, -14541, 13601)
(103, -72, -86, -7753, -20094, 8187)
(-38, 127, -60, -3066, -19322, 10540)
(-104, -121, -127, 2643, -24800, 2868)
(-25, -52, -26, 11863, -24338, -847)
(-98, -119, -64, 2323, -17899, -7452)
(107, 11, 76, 9198, -5071, -13706)
(127, -60, 122, 4368, -4489, -27230)
(55, -85, 101, 211, 3947, -32569)
(-76, -118, 12, 6269, 19769, -21033)
(-71, 62, -59, 6764, 23521, -9945)
(-30, 57, 30, 2769, 22747, -12878)
(119, 5, -12, -5881, 20697, -7149)
(13, -46, -43, -10777, 13674, 589)
(111, 53, 24, -11780, 6169, 4585)
(19, -24, -41, -12090, -5314, 5988)
(93, -78, -50, -13764, -15977, 6412)
(-28, -57, 27, -19450, -17651, 9879)
(88, 100, 58, -9823, -27461, 16240)
(27, 15, -49, -11342, -20597, 19121)
(-25, 44, 5, -776, -21782, 24667)
(-48, 13, 115, -1001, -22290, 27753)
(63, -85, -81, -6671, -21371, 26544)
(59, 109, -113, 263, -15147, 27316)
(56, -123, -10, 6739, -12503, 24690)
(55, -3, -74, 3287, -9866, 25270)
(-100, 109, -44, 4527, -12529, 25386)
(84, -113, -102, 1819, -1744, 21034)
(-40, 49, 3, 2122, -6694, 20741)
(-40, 58, -47, 984, -3979, 17058)
(-65, -112, -27, 2823, -4920, 17973)
(3, 94, 18, 4405, -2559, 11681)
(109, 1, 78, 3387, -3499, 8232)
(16, 127, 119, 5774, 1177, 2091)
(4, -79, 101, 2687, 1494, 1156)
(-23, -78, 9, -2627, 2355, -2711)
(-27, 89, -48, 2325, -1288, -4308)
(30, -48, -57, -6884, 1659, -8122)
(92, 109, 88, -6383, 863, -5110)
(-74, 59, -75, -9672, -463, -9764)
(74, -119, 37, -13184, 2091, -14960)
(126, -19, 51, -14739, 379, -24099)
(-85, -47, 76, -13305, -2210, 31233)
(-69, -108, -93, -22654, 6954, 31595)
(106, -48, 59, -11774, 6931, -32508)
(83, -44, -61, -19425, 16493, -32508)
(58, -110, 106, -20795, 18045, -32508)
(14, -65, 78, -11910, 21785, -28077)
(-16, 82, -128, -8408, 15557, -22667)
(-120, 47, 47, -9999, 14242, -18427)
(-100, -6, -53, -17901, 17496, -14947)
(127, -121, 62, -8957, -32616, 8213)
(-21, 4, -128, 1891, 22998, 4629)
(-20, -85, 46, -10750, 25957, 10505)
(-90, 20, 122, -1134, 14223, 12694)
(-74, -104, -63, -10431, 13297, 9274)
(-101, -45, 86, -15119, -206, 9389)
(30, 1, 82, -10574, -11024, 17976)
(-32, 107, -35, -10713, -18093, 19981)
(-119, -120, -15, -14704, -23064, 11215)
(28, 46, 28, -3822, -18966, 6186)
(-59, -73, 102, 2826, -19408, -2891)
(42, 77, -12, 2768, -17074, -16005)
(67, -8, 100, 6796, -5067, -19846)
(-50, 36, -89, 6291, 591, -14230)
(-114, 100, -60, 2787, 8428, -20122)
(90, 42, 85, 1239, 13239, -17435)
(10, 87, -55, -506, 17553, -13067)
(-42, 83, -61, -11896, 16620, -16133)
(-1, -114, -108, -15748, 17768, -11449)
(-46, -29, 123, -9892, 17511, 1893)
(-84, 39, 89, -5680, 14189, 8293)
(15, 50, -94, -13333, 9161, 10007)
(-25, -109, 105, -12581, 4736, 18402)
(-7, 85, 5, -14168, -5045, 15943)
(-21, 8, -73, -16671, -15862, 13842)
(15, 16, 20, -10559, -17996, 5665)
(110, 55, -117, -10393, -17410, -4656)
(-59, 15, -60, 4775, -19591, -19222)
(92, 62, 54, 10741, -19569, -19146)
(46, -108, 9, 15103, -1426, -9331)
(99, 112, 2, 6066, 8239, -18845)
(-128, -71, 106, -771, 14411, -20065)
(-101, -77, -30, 827, 17221, -6049)
(-120, 69, 68, -7809, 15250, 3862)
(-34, 36, -103, -12830, 4688, -1412)
(-2, 92, -21, -19269, 18854, -7247)
(79, 83, 90, -15796, 9747, 5187)
(101, -94, 16, -12452, -3055, 15019)
(-121, 26, -115, -12791, -5046, 15713)
(81, -32, 72, -3806, -11108, 10511)
(-91, -10, 98, 7349, -21813, 14999)
(121, 0, 43, -10496, 30305, 14737)
(100, -115, -4, -9613, -26323, 15052)
(39, -104, -60, 10426, -26742, 21021)
(73, -45, 11, 4534, -20640, 18694)
(45, 79, -45, 8152, -28437, 28860)
(48, 71, -103, -428, -14430, 24807)
(0, 48, 65, 7848, -14112, 24999)
(-6, 25, 113, 3787, -15726, 25324)
(20, -32, 110, -1260, -12814, 22365)
(-31, 105, -43, -1539, -9154, 23513)
(-124, -54, -48, 8790, -10085, 20263)
(-81, -122, -99, 2563, -5220, 17330)
(-66, 96, 79, -824, -7384, 12358)
(-93, 63, 76, -1241, -3900, 8589)
(-103, 73, 62, -1377, -924, 4089)
(-102, 44, 36, 1330, 1270, -695)
(-117, -4, -6, -2738, 2437, -3122)
(-123, 4, -11, -4169, 4340, -6511)
(113, 70, -10, -4158, 2915, -8113)
(72, 117, -2, -4205, 4325, -12858)
(-56, -15, 44, -9235, 4981, -23086)
(64, 105, 68, 872, 4743, -26795)
(-37, -36, 29, -3036, 9803, -27973)
(50, -23, 38, -20717, 5824, 30136)
(4, 35, -30, -18764, 20653, -32506)
(-119, 40, -96, -10004, 8891, -32506)
(-65, 102, -12, -22418, 8478, -32506)
(-110, 34, -53, -7767, 4534, -27044)
(-98, -28, -67, -29055, 18970, -23521)
(-30, 96, 121, -19407, 12403, -24367)
(59, 37, -58, -10555, 29397, -14855)
(75, 31, 4, -3312, -28816, 3504)
(96, -113, 111, 12835, 26604, 17791)
(102, -85, -100, 14916, 9567, 18868)
(52, 35, 58, -4881, 2845, 9251)
(-101, 13, -65, -5441, 8070, 9418)
(8, 74, 99, -5339, 12295, 15031)
(40, 22, -103, -13211, 1723, 22171)
(112, -35, -58, -14749, -8199, 16395)
(92, 108, -90, -1994, -21189, 10937)
(68, 62, -82, -28565, -14131, -5275)
(-47, 48, -112, 4381, -30524, -5533)
(-20, -77, 61, 14053, 28546, -19927)
(23, 112, 46, -18650, -16445, -30975)
(-40, -48, 118, -712, 2138, -17842)
(-17, -64, 113, -3102, 14486, -14412)
(-82, 75, 104, 450, 25510, -3071)
(48, -90, 124, -2620, 28273, -5311)
(-50, -41, -127, -7418, 21367, -753)
(114, -69, -1, -11365, 24614, -2287)
(41, -9, -87, -9496, 28840, 10243)
(-51, 42, 120, -6351, 19860, 6404)
(-32, 4, 16, -11096, 20208, 6148)
(0, -3, 56, -13411, 8350, 11716)
(48, -48, -21, -22854, -13667, 23060)
(-118, -23, -33, -12973, -13372, 22336)
(20, -67, 25, -8202, -21992, 20067)
(47, 5, 122, 7154, -15243, 5873)
(-103, 39, 77, 593, -24794, -10916)
(-65, 36, -51, 7193, 31938, -6811)
(-43, -14, 62, 2423, -14916, -17096)
(91, -115, 7, 6128, -1327, -17089)
(-100, -39, -10, 1264, 7681, -22030)
(-32, -64, 0, 1278, 14186, -17977)
(13, 12, 8, -439, 15337, -6498)
(-122, 93, 89, -3110, 17182, -5502)
(92, 90, -105, -9399, 14759, -2173)
(8, 103, 72, -11187, 2266, 4200)
(-94, 74, 108, -5671, -6887, 5386)
(-85, -38, -76, -13509, -8129, 9146)
(23, -66, -40, -11596, -17160, 18272)
(107, -101, -28, -7215, -15729, 18782)
(42, -2, 95, -12078, -27255, 20824)
(-55, -61, 31, -14211, -21643, 30937)
(33, -13, -29, 1145, -29027, -32487)
(-65, -4, 83, 1818, -17591, 24370)
(114, 48, -56, 2733, -19202, 26116)
(-97, -68, 32, 1612, -14198, 13783)
(44, 23, -3, 6527, -9466, 25888)
(-84, 101, 78, 9129, -8061, 18422)
(-34, 12, 93, -149, -6253, 18536)
(-7, 13, -125, 5964, -218, 16449)
(85, -36, 66, 1554, 2019, 13544)
(19, 0, 8, 1300, -432, 16173)
(34, -25, 127, -3394, -4647, 14860)
(117, -9, -79, -9895, -5720, 11933)
(-17, 58, 127, 5887, -331, 3874)
(-33, 1, 41, 2067, 1578, 551)
(-74, -72, -34, 4501, -185, -3323)
(-98, 109, -83, 8407, 872, -4722)
(-117, 86, -105, -4512, 2269, -6966)
(123, -109, -85, -2765, 1327, -5308)
(74, -115, -91, -1182, -376, -4060)
(13, -114, -71, -1213, 2072, -3375)
(-3, 126, -75, -1596, -166, -1055)
(-47, -111, -46, -3222, 1760, -1036)
(-25, -84, -26, -3153, 2583, 2866)
(11, -28, 6, -3289, -1774, 4166)
(39, 28, 41, -5574, 896, 1885)
(70, 95, 117, -4498, -76, 2837)
(77, -96, -93, -10463, -826, -162)
(24, -88, 27, -11727, -2142, -10643)
(24, 108, -10, -9194, 2871, -27281)
(8, 113, -87, -16798, 6463, 28954)
(68, -119, -28, -28385, 17185, 32383)
(15, 4, -9, -24629, 13489, -32506)
(-12, -78, 42, -20472, 21209, -32506)
(122, 124, -127, -24461, 29882, -32506)
(-63, 15, -54, -8588, 26074, -27856)
(68, 23, 21, -11550, -29862, -21600)
(-19, -18, 69, 1805, 32479, 3704)
(-59, -124, -27, -649, 28036, 6342)
(-122, -56, -113, -1466, 23418, 8790)
(124, 67, 40, -8686, 17117, 16888)
(104, 59, -89, -7657, 4127, 15573)
(41, -64, 46, -19539, -1174, 18427)
(-115, -76, -49, -21644, -30951, 27833)
(-23, -123, 45, -26283, -12060, -8879)
(-28, -76, 100, -16725, 23280, 8990)
(-105, -88, 6, 10128, -19381, -17641)
(48, 47, -92, 796, -12410, -24546)
(-121, -7, 34, -3412, -776, 30224)
(47, 103, 15, 1674, 18418, -21357)
(-12, 56, 17, 7044, 31122, 2851)
(20, 46, -42, -2098, 27623, 3573)
(-71, 48, 92, -9726, 19298, -2304)
(87, -62, 88, -12841, 22631, 6775)
(-24, 117, -103, -9856, 5625, 22629)
(-48, 9, 116, -20659, -957, 18718)
(38, 64, 65, -26096, -32322, 18773)
(62, 60, -115, 11794, -21241, 18594)
(-80, -57, 41, -31168, -29895, -7125)
(101, -87, 24, 8971, -20710, -6924)
(-14, 102, -83, 6187, -19525, -7733)
(76, 37, -16, 4336, -2138, -12256)
(-113, -15, 27, 2616, 5029, -17222)
(-118, 32, 89, 1495, 11254, -13344)
(2, -49, -51, -1407, 17020, -9776)
(106, 8, 87, -1916, 17071, -10195)
(101, -25, 100, -4178, 13521, -5725)
(20, 49, -109, -8424, 19377, -4489)
(-92, -117, -47, -6107, 13522, 2137)
(-40, -37, 99, -12580, 4879, 13092)
(-87, -74, 124, -5355, -5928, 13631)
(9, -123, -19, -10619, -10142, 18478)
(41, -43, 61, -8917, -14734, 8022)
(8, 98, -101, -1895, -4630, 15563)
(-90, 86, -14, 31366, -21583, 14643)
(52, -99, -100, 5123, -26546, 25376)
(-80, 1, 23, -9605, -21194, 23659)
(69, -51, 117, 376, -18495, 25428)
(-84, -65, 72, 11602, -9399, 18275)
(54, -52, -38, 3729, -18100, 28334)
(-102, -75, -100, 3315, 3841, 19775)
(-116, 124, 101, 7873, -6909, 26595)
(-11, 8, -20, -854, -13024, 23528)
(-102, -16, -68, 159, -2104, 20866)
(-86, 110, 122, 3993, -5217, 22823)
(-118, 101, -20, 3621, -5817, 19836)
(-24, -115, 109, 531, -8011, 16494)
(-62, -126, -43, -1167, -3311, 7445)
(87, -39, -31, -22108, -711, -4997)
(41, -31, 119, -9727, 1247, -4062)
(3, 97, -67, -307, 2910, -2051)
(-52, 66, -60, 1570, 3464, -2009)
(-63, 25, 106, 2014, 2242, -385)
(-55, 25, 65, -3174, 2981, -1583)
(-58, 43, 83, -3941, 3886, -2291)
(-105, 93, 126, -3517, 2097, -3223)
(92, -108, -94, -4664, 3174, -6463)
(-93, -35, 6, -8934, 3789, -9911)
(21, -119, 64, -5122, 5616, -17028)
(114, 90, -10, -13624, 12498, -19164)
(-54, -1, 85, -8334, 1557, -15651)
(-80, -101, 47, -5046, 2087, -21709)
(103, 45, 60, -9204, 3326, -26068)
(87, -120, 108, -6352, 8162, -27558)
(-44, 112, 2, -181, 8427, -29500)
(-87, -31, 75, -8311, 20939, 31089)
(1, -9, -12, -6402, 15494, -28899)
(101, 124, -78, -10465, 19923, -25658)
(-78, 10, -28, -15534, 19537, -23321)
(-98, -119, -87, -16047, 12044, -24191)
(-115, 93, -17, -14792, 16074, -20070)
(13, 36, -42, 2515, 32602, 3054)
(-9, 108, -15, 11923, 22280, 17039)
(50, 105, 49, -4908, 16466, 15013)
(-108, 43, -37, -5373, 14478, 11660)
(81, 45, -33, -9399, 7744, 14585)
(94, -91, -56, -12751, 2992, 14912)
(55, -122, 116, -8219, -1209, 27727)
(94, -2, 106, 482, -9642, 32686)
(1, -124, 64, -23060, -17628, 9652)
(-66, -81, -119, -9874, -19820, 11094)
(108, -122, 14, -327, -19435, -4792)
(29, 1, 117, 4506, -17829, -6852)
(-11, 100, 118, 3661, -8453, -22448)
(-48, 59, -15, 6567, -12008, -24878)
(65, 96, -109, 1179, 7451, 31923)
(3, 23, -126, 1729, 12476, -26459)
(-10, 86, 107, -2842, 18696, -10402)
(90, -22, -35, -6866, 19302, -7654)
(40, -102, 94, -9702, 17483, 2102)
(104, -9, -26, -8681, 17731, 8525)
(117, -49, -25, -9087, 13861, 12845)
(-110, -103, 48, -16301, 5516, 17931)
(118, -46, 94, -24597, -1740, 18744)
(93, -104, 27, -11550, -3957, 24873)
(66, -88, -16, -3844, -11116, 28647)
(28, -35, 81, -14944, -27506, 11932)
(118, -54, 98, -8881, 29284, 4227)
(-77, -97, -1, -369, -22144, -7803)
(-97, -54, 9, 3399, -14035, -19595)
(-80, 101, 40, 750, -9843, -27257)
(105, 38, -96, -3294, 3570, 32419)
(48, -97, -58, -179, 14681, -24963)
(-121, -115, 52, 4912, 23830, -10173)
(-112, -8, -44, 872, 19484, -7021)
(-13, -46, 92, -9256, 20691, -8218)
(-5, -39, 67, -7587, 17523, -2860)
(-46, -10, -56, -6936, 1668, 1982)
(-54, 28, -6, -12391, -4195, 2213)
(88, -77, 123, -9927, -15478, 16294)
(113, -29, 65, -3299, -26243, 20582)
(-88, -52, -114, -24083, -16591, 22072)
(-5, -57, -48, -5310, -15641, 21166)
(-73, -67, 127, 2566, -15126, 27485)
(-13, 112, -111, -3744, -13822, 29947)
(112, -54, 72, -7582, -13455, 26860)
(-75, -24, 1, -3244, -17176, 31378)
(-80, -83, -18, 5895, -15995, 30105)
(-50, 37, 66, -2602, -10997, 27731)
(55, -108, 116, -3313, -15798, 25511)
(-83, 1, -16, 4212, -7635, 23472)
(-116, -45, -102, 17738, -4746, 22279)
(-1, 35, -42, 14688, -5583, 18819)
(64, -41, 43, 7620, -6071, 14924)
(101, 83, -75, 5624, -4433, 6691)
(16, -71, -29, -3908, 3259, -13)
(37, -125, -122, 2193, 3217, -539)
(71, -1, 65, 789, 3010, -3639)
(115, -88, 26, 755, 1962, -1601)
(-89, 117, 3, -51, 1613, -2388)
(-7, 86, -52, -4269, 1974, -4338)
(39, 116, -111, -5984, -94, -4123)
(80, -27, 62, -10398, 711, -8273)
(127, -42, -13, -13419, 48, -14030)
(-95, -4, -51, -1889, 6373, 30566)
(121, -103, 1, -24581, 3773, 30479)
(100, -35, -84, -9122, -16338, -27994)
(-46, 11, -85, -11830, -7336, 31516)
(-43, 122, -62, -22637, 5395, -32505)
(-43, -66, 87, -10246, 7514, -32505)
(23, 7, -91, -11565, 8666, -32505)
(-91, 57, -59, -9294, 14628, -26944)
(-43, -47, -89, -7753, 15598, -25244)
(-6, -61, 97, -10448, 17647, -20227)
(22, -91, -127, -6468, 29737, -5201)
(126, 118, -124, -6508, 22541, -1517)
(89, 47, -50, -8236, 20763, 6665)
(-78, -62, 73, -5927, 18877, 10024)
(50, -100, -59, -7045, 8763, 13444)
(-36, -5, -108, -12580, 404, 21205)
(50, 7, 33, -15273, -5315, 23352)
(-99, -118, -64, -10732, -20512, 31220)
(-14, 36, 33, -7738, -29499, 7214)
(13, 76, -83, -2832, 31703, -6432)
(-73, 109, 110, 5625, -30617, -10100)
(37, 107, -17, 8623, -22244, -17986)
(86, 7, 83, 8280, -18763, -27546)
(118, -87, 95, 8705, -6604, -27720)
(-39, -94, -13, 7884, 4545, -26724)
(-3, -31, -1, 5179, 9270, -25984)
(89, -48, 18, -288, 13849, -20627)
(-88, 117, 76, -4094, 17970, -14538)
(-8, 45, -75, -6504, 17091, -1607)
(-1, 57, -54, -9561, 16563, 3490)
(33, -29, 105, -8257, 11818, 11392)
(16, 116, -124, -13762, 9908, 14491)
(-61, 98, 92, -12589, 159, 22641)
(41, 101, -114, -15390, -6016, 25033)
(-49, -22, -69, -13683, -19091, 18993)
(-77, -31, 59, -15746, -16361, 3540)
(-118, -83, 80, 6788, -16145, 8745)
(-101, -94, 81, 5941, -25719, -4958)
(65, 74, 115, -4724, -21724, -19969)
(-109, -88, 125, 1015, -16922, -19691)
(46, 93, -17, -731, -395, -21226)
(-63, 91, 56, 6267, 6683, -14923)
(-34, 7, -1, 8461, 10530, -7734)
(1, -105, -75, 4349, 10784, -1113)
(-95, 96, 119, 2045, 3801, -2125)
(65, 66, 37, -3564, 2873, -2170)
(70, 104, 2, -8292, 1309, 7101)
(-102, 42, -12, -5159, -664, 14402)
(70, -63, -65, -7339, -4105, 16249)
(-110, -83, 119, -12826, -6565, 19460)
(25, -12, 33, -5211, -10143, 22269)
(-38, 110, -109, -12173, -4188, 22199)
(-121, 52, -42, -3301, -7550, 25087)
(-79, -92, 1, -9759, -9390, 24553)
(-12, 109, -16, -9485, -16166, 28328)
(-13, 27, -91, -9377, -23363, 30011)
(-127, -100, 8, -6117, -16769, 28429)
(88, -12, -78, -7, -19365, 30915)
(-60, -120, -80, 667, -10484, 29362)
(44, -60, 54, -105, -8619, 26286)
(124, -52, 56, -3869, -11339, 20935)
(-100, 116, 84, -7042, -12267, 12937)
(104, -30, -75, -6944, -6305, 1892)
(60, -34, 27, -7649, 424, -680)
(34, -73, 53, -8204, 4585, -1917)
(-23, 106, 54, -4345, 5153, -2488)
(-55, 54, -13, -1292, 5470, -4449)
(115, -3, -125, -5954, 6134, -8433)
(65, -66, 96, -6047, 3692, -6393)
(-3, 100, 59, -13034, 2475, -8402)
(-15, 64, 102, -12721, 1895, -10834)
(63, -127, 41, -12093, 6180, -15701)
(-113, -127, -67, -20653, 6120, -13831)
(52, 14, 84, -28142, 6905, 32235)
(-97, -7, 62, -12231, 9603, 30182)
(-116, -66, -56, -20310, 3705, -32503)
(13, -61, 120, -18234, 16322, -32503)
(124, -84, -50, -8921, 17340, -32503)
(77, 53, -38, -7088, 23720, -32503)
(122, 72, -114, -5547, 30856, -26264)
(-83, 24, 3, -1350, 29458, -18235)
(78, 119, -92, 281, 23846, -9064)
(57, 44, 85, -3252, 23237, -8435)
(-11, 103, 43, -10084, 22277, 8991)
(-10, -2, -126, -11788, 9924, 2977)
(-10, -123, -79, -10398, 9666, 16288)
(-19, 76, -22, -15931, 7147, 15437)
(95, 91, -83, -17275, -3890, 19630)
(-42, 118, -34, -15285, -3092, 21244)
(-51, -101, 49, -5823, -14563, 15345)
(105, -20, -14, -13824, -8627, 4038)
(50, -7, 82, 2435, -15316, -1633)
(-39, 48, 9, 4369, -12146, -11597)
(87, 24, 11, 7915, -14509, -13465)
(-10, 79, -24, 6488, -9505, -23284)
(-52, 25, 53, 3713, -5303, -26462)
(-90, -15, 34, 7805, 5963, -25178)
(-107, -101, -59, 6654, 13930, -21514)
(15, -62, 11, 5647, 19825, -16584)
(32, -35, -92, -1266, 19851, -12886)
(93, 102, 34, -3955, 18795, -5304)
(-93, 109, 24, -11265, 17603, 4387)
(67, 126, -8, -8821, 12065, 12937)
(99, 91, 49, -13510, 8462, 14838)
(68, 18, -1, -15769, 2662, 18354)
(83, -108, -86, -18607, -3512, 22218)
(65, 38, 66, -16621, -15951, 21065)
(-108, 35, 109, -18681, -21700, 7264)
(-50, -116, 18, -18677, -19459, 548)
(14, -43, 64, -8336, -28794, 11040)
(-1, -74, -87, -8027, -24095, -12639)
(-27, -41, 59, 12220, -10714, -9494)
(-70, -94, -113, 7355, -4799, -26228)
(-45, -65, -46, 10711, 5241, -26215)
(-19, -102, 38, 11381, 12111, -21946)
(31, -15, 88, 8036, 17485, -21689)
(-60, -18, -87, 3401, 17114, -17753)
(69, 93, -15, 131, 22500, -15336)
(43, -78, 24, -8511, 15767, -4052)
(96, -58, 37, -10019, 12221, -2580)
(2, -53, -35, -10251, 20516, -6107)
(13, -72, 114, -11615, 15127, 1840)
(-24, 10, -79, -7375, -2026, 11969)
(65, -60, 87, -5022, -2337, 7567)
(103, 60, -3, -9704, -13843, 12938)
(97, 101, 19, -20411, -27540, 17205)
(28, 65, -85, -17490, 26681, 22340)
(124, -63, 40, -19168, 32479, 25762)
(103, -1, -88, 5898, -31710, 24941)
(76, -65, -80, 3486, -25488, 27078)
(33, -128, -80, 12275, 32432, -30541)
(-61, 49, 87, 6145, -26586, -32018)
(122, -95, 66, 11617, -9829, 27735)
(-112, 59, -111, -622, -12405, 29120)
(10, 44, 63, -470, -12080, 30338)
(-13, -39, 70, 2126, -7224, 24748)
(-50, -49, -118, 5765, -4944, 17620)
(76, 51, -5, 6142, -7554, 13346)
(-76, 88, -19, 7822, -3162, 6687)
(-25, 41, 122, 5952, 1319, 1599)
(-15, -120, -16, 10449, 6611, -1299)
(87, 33, 81, -10074, 12572, -4162)
(-5, 64, 73, 1617, 10468, -384)
(95, -62, 32, 8624, 4719, 1125)
(102, 111, 38, 2030, -950, 4072)
(69, -125, 68, -9709, -2023, 2902)
(43, 111, -98, -18563, 5120, -1890)
(-67, 111, 73, -862, 15414, -4660)
(-69, -128, -44, 4686, 9306, -10681)
(17, -32, -73, 5489, 16589, -24072)
(70, 22, -2, -8922, 14095, -22266)
(3, 99, -41, -1560, 5886, -25337)
(54, -74, -5, -6469, 16556, -30907)
(88, 100, -69, -5041, 25007, -28930)
(-44, -42, -104, -4762, 20496, -25975)
(-1, 95, -80, -7629, 20682, -31856)
(117, -20, 53, -9984, 22538, -24482)
(-31, -96, -65, -2381, 25390, -15653)
(-39, -53, -49, 187, 29226, -13160)
(125, -53, -50, -8618, 25025, -8954)
(31, -93, 51, -12303, 25086, 244)
(38, 96, -113, -8471, 17240, 8893)
(-26, 112, 36, -11964, 16368, 14038)
(37, 53, 51, -8989, 9156, 13748)
(-81, -97, 105, -12499, 6771, 13453)
(116, -99, 2, -11440, 48, 17415)
(-20, 49, 76, -16906, -10584, 22597)
(-104, 15, -101, -8151, -22024, 21255)
(-97, -107, -30, -14766, -13336, 9299)
(-123, 112, 53, 3741, -13482, 9641)
(79, 52, 122, 5432, -10783, -4682)
(44, 112, -2, -648, -8253, -25426)
(-74, -20, -1, 5653, -6011, -26164)
(55, -27, -62, 5736, 9221, -24889)
(-125, 122, -123, 4108, 13091, -21494)
(-6, -2, 23, 3143, 16248, -17224)
(-85, -57, -62, -1524, 19711, -15854)
(-108, 64, -86, -4287, 18689, -8158)
(-92, 72, 93, -5105, 17466, -3248)
(75, 125, -29, -4439, 19846, 10442)
(-45, 91, -89, -4096, 17489, 9587)
(-101, -75, -82, -13484, 12239, 11543)
(-37, -63, 108, -16173, 4742, 16570)
(-107, 54, -49, -20421, -6201, 20536)
(116, -60, 81, -23311, -20529, 19071)
(-127, 88, 119, -31217, -18729, 10087)
(15, 66, 27, -10312, -20511, 20852)
(-116, 127, 25, 2791, -26571, 4329)
(124, -1, -84, -7606, -23210, -13150)
(-103, -53, 96, 7926, -14026, -27764)
(-46, 32, 33, 8903, -8695, -25161)
(-52, -25, -17, 6498, 490, -27152)
(-79, -107, 28, 8184, 8045, -20959)
(-31, 21, 113, 3710, 14032, -15755)
(-1, -46, 30, 1863, 17435, -11822)
(91, -95, 27, -1876, 17716, -5123)
(-77, -43, 97, -6633, 21130, -4863)
(35, 80, 86, -11221, 18037, 893)
(86, -80, 76, -12478, 14156, 5995)
(-10, -48, -70, -11131, 8191, 11937)
(64, 0, 69, -9293, 472, 14954)
(-39, 6, 84, -5946, -15844, 6523)
(125, 79, 49, -4892, -20867, 1470)
(-97, 125, -126, 4053, -22951, 5128)
(-124, 15, 50, 6945, -31330, 18800)
(15, 65, -122, -2922, -31763, -28844)
(34, -21, 70, 13805, -30259, -30745)
(-8, 64, -56, -10352, -14884, -32439)
(90, 42, -31, 4890, -8734, -32499)
(71, 72, 27, 7738, -12260, -32499)
(113, 88, 46, -408, -11167, 32471)
(118, 51, -123, -1154, 1135, 26931)
(-58, 125, 24, 9232, -3892, 29059)
(4, -75, 113, 2263, -2621, 24892)
(-68, 94, 11, 4768, -3677, 29267)
(-70, -67, -126, 11019, -8421, 21314)
(26, -68, -9, 7740, -7052, 13759)
(14, 38, -51, 13108, -15, 3206)
(85, 41, 0, 13793, 7395, -1717)
(47, -29, -54, 12535, 9104, -6523)
(56, 99, -65, 14673, 6974, -6836)
(-100, 37, 53, 2025, 10562, -6818)
(-31, 41, 27, 1126, 7453, -6369)
(-124, 34, 45, 8479, 7745, -9688)
(-64, 111, -16, 6295, 756, -10003)
(-96, 118, -63, -7749, 9747, -22494)
(10, 76, -35, -10909, 3409, -26931)
(-10, 62, 119, -21200, 21561, 31180)
(-55, 114, 39, -5936, 16763, -29359)
(125, 109, 33, -6596, 20270, -31557)
(49, -53, -9, -15584, 19966, -28253)
(48, -89, 46, -13777, 20340, -26445)
(-100, -105, -50, -12713, 18597, -17035)
(3, 59, 94, -16867, 14532, -15774)
(-29, 101, 72, -13670, 16934, -8850)
(95, -19, 109, -7649, 25971, 2273)
(56, 120, -100, -10944, 22534, 4549)
(-70, 42, 19, -9202, 20306, 14555)
(-13, -61, -76, -5020, 18557, 9459)
(-106, 20, -2, -1877, 5070, 18881)
(86, 88, -113, -11529, 9012, 13416)
(103, -88, 106, -10215, 4920, 17918)
(-105, -123, -92, -7365, -17234, 21424)
(51, -42, -117, -20001, -24061, 4626)
(35, -2, -44, 1523, -17097, 3907)
(-114, -103, -1, 8786, -13611, -8672)
(30, -84, -121, 4229, -17963, -8537)
(-42, -105, 115, 4559, -9983, -13126)
(57, 116, 6, 3139, 157, -18837)
(66, -55, 37, 2084, 11275, -20298)
(-74, -59, -91, 3146, 16030, -12287)
(-34, 15, -96, 993, 20070, -2005)
(77, 102, -54, -6644, 19013, -2607)
(-57, -7, 109, -13239, 17975, 1539)
(-49, -62, 46, -7742, 16214, 9174)
(52, -78, -46, -9199, 12638, 16010)
(22, 53, 58, -13052, 6938, 16080)
(-99, 120, -117, -18318, -86, 19710)
(73, 64, -72, -17630, -6458, 19911)
(114, 60, -70, -22905, -19641, 13418)
(-35, -108, -55, 729, -27520, 7363)
(99, 49, 46, -6512, 29722, -10263)
(84, 12, -80, 7340, -27285, -5210)
(81, -127, 61, 12223, -12402, -17286)
(-22, -84, -81, 4101, -9734, -23104)
(82, -62, 74, -567, -786, -30150)
(93, -111, 73, 4650, 11542, -21741)
(-85, 51, 44, 7441, 22331, -11556)
(86, -49, 72, 748, 17441, -9691)
(19, 82, -30, -11197, 18429, -1780)
(34, -77, -112, -5009, 16501, 2886)
(99, -102, -22, -10095, 22235, 5305)
(-82, -83, 28, -11520, 16750, 9520)
(72, -120, 14, -11675, 2200, 8953)
(8, -98, 50, -14556, -9598, 9038)
(-95, -109, 22, -11062, -24724, 6935)
(109, -72, -125, -14602, -31399, 8749)
(-16, -79, -2, -15545, -29469, 10456)
(15, 94, 64, 6, 32350, 18146)
(4, -39, -53, 3039, -21772, 17681)
(-24, -112, 61, 3920, -14499, 20492)
(-104, 49, 8, 7753, -18603, 23072)
(-2, -59, -45, 6165, -10652, 23222)
(-31, 74, -2, 12139, -9076, 22663)
(-122, -2, -1, 5777, -7196, 20996)
(-124, 19, -78, 4601, -7433, 15720)
(50, 30, 82, 7691, 2641, 15651)
(-50, -98, -67, 8006, -823, 25037)
(-15, 102, 47, 2183, -4397, 25728)
(-32, -27, -11, 3698, -6826, 25992)
(23, -126, 92, 897, -8244, 20953)
(22, 65, 67, -1657, -5299, 9358)
(113, 116, 86, -7403, 1366, 2465)
(-113, -67, 94, -3390, 1592, 858)
(-128, 119, 62, 2494, -614, 110)
(115, 44, 63, 1819, -214, -1210)
(-126, -40, 45, -1039, 3316, -5014)
(-99, -67, 24, -1878, 2088, -4653)
(-61, -50, 15, -4756, 2375, -5499)
(-47, 25, 23, -6838, 1891, -4460)
(-88, -54, 71, -10966, 377, -5641)
(104, -126, -53, -16218, 1245, -11456)
(110, -22, 38, -19675, 5474, -20122)
(-94, 12, -72, 28562, 10338, -26314)
(48, 82, -30, -8959, 6779, -23650)
(83, -41, -21, -21348, 10512, -30741)
(-2, -45, -54, -10422, 21838, -29779)
(72, 83, 60, -9814, 20039, -24856)
(22, -125, 100, -11949, 23631, -26545)
(-106, 32, 39, -12000, 19123, -28465)
(99, 98, -88, -17762, 14992, -28637)
(18, 53, -119, -14971, 18701, -21083)
(23, -49, 94, -9866, 25796, -10638)
(-11, 22, 32, -6983, 28700, -3228)
(-38, -110, -102, -3677, -30909, 5952)
(61, 103, -20, -7701, 24938, 7597)
(2, -97, 127, -6234, 20352, 16873)
(-35, 70, 103, -1309, 11984, 25149)
(-47, 87, 57, -8306, 4590, 15280)
(-12, 55, 13, -15261, -2956, 19539)
(3, -54, -99, -1439, -23564, 28813)
(8, 12, 61, -13679, -25322, 9919)
(5, -44, 118, -6378, -26011, -9996)
(-88, 121, -83, 5445, -17574, -10491)
(-25, 30, -117, 4579, -13816, -14487)
(-10, -1, -103, -3600, -7605, -25695)
(-18, 72, 44, -2973, 5676, -24912)
(-40, -28, -116, 1229, 18038, -12434)
(93, 120, 47, -1385, 24456, -5448)
(117, 90, -64, -8290, 17315, -4025)
(-36, 4, -100, -11638, 17641, 2481)
(114, 69, 88, -6067, 15715, 14528)
(-102, -107, 62, -6421, 15197, 16110)
(5, 25, -89, -10532, 1060, 21589)
(-91, 21, -16, -17806, -691, 21023)
(-127, 116, -7, -12443, -14669, 24034)
(89, -105, 53, -10438, -17419, 17449)
(-63, 119, 119, -1781, -29329, 1579)
(108, -26, 10, -470, -22104, -7786)
(-79, 1, -45, 1104, -24474, -11446)
(-123, 21, -67, -1692, -15357, -20613)
(6, 65, 62, 869, 2959, -20774)
(-74, 111, 112, -388, 20219, -23628)
(-32, -87, -69, 5482, 28721, -18213)
(-25, 41, -102, 1347, 25977, -11060)
(17, 93, -29, -7230, 17783, -861)
(79, 91, 116, -7231, 16986, 3014)
(39, -92, -10, -6882, 9754, 14831)
(-38, -54, -46, -707, -7331, 15739)
(-38, -116, 50, -19108, -26523, 17425)
(-52, -107, 40, -20307, -31693, 13456)
(-102, -97, -55, 9358, -23025, 21288)
(95, -5, -94, -20993, -18672, 15552)
(-127, -117, -60, 12124, -26572, -32018)
(-45, 75, 83, -2373, -18308, 27211)
(44, -77, -40, -1193, -19789, -32085)
(-125, -52, 20, -2126, -19948, 30371)
(39, -43, -87, 2028, -17331, -31348)
(19, -61, -44, 4470, -17905, -32500)
(-52, 67, -19, 18801, -882, 29803)
(-11, 87, -69, 17376, -5832, 32373)
(-64, -122, -105, 6253, -8261, 23795)
(-65, -52, -24, -188, -9015, 9958)
(-17, -28, 24, 4515, -1683, 3705)
(-12, -115, -84, 7012, 317, 2329)
(-47, 42, 26, 2918, 401, -1936)
(-79, -66, -40, 4969, 162, -2760)
(-99, 17, -87, 1824, 2318, -5036)
(-70, -124, -124, 4344, 3837, -6058)
(3, -67, 102, 436, 3446, -4050)
(48, -122, 94, 1274, 1323, -2916)
(91, -107, 76, -4281, 313, -3249)
(125, -35, 71, -6637, 2906, -5282)
(-49, -61, 49, -14242, 4954, -3763)
(-39, -85, 88, -12970, 6819, -9223)
(-126, -43, 41, -12605, 4830, -14038)
(-62, -26, -99, -8700, 8626, -18366)
(-85, 127, -23, -19452, 10106, -31175)
(-20, 53, 71, -10323, 5305, 29872)
(-63, 32, -4, -20982, 16143, -32504)
(82, -16, 100, -26443, 28922, -32504)
(88, -52, 27, 6624, 4888, -32504)
(-99, 56, -93, -12511, 16241, -32504)
(69, -8, -44, -9855, 11545, -32504)
(8, 115, 14, -13431, 20327, -30009)
(-72, 64, 72, -13794, 13984, -12710)
(97, 110, -55, -8131, 16648, -320)
(78, -45, -90, -11068, 25043, -3161)
(58, 48, -71, -11096, 19925, 6010)
(11, 32, 82, -7763, 19672, 13010)
(-88, 18, 103, -5122, 14781, 19955)
(-10, -97, -69, -8893, 4042, 14339)
(6, -97, 13, -12984, -4771, 19419)
(-91, -19, 36, -16452, -19269, 20643)
(-23, -83, 88, -9440, -26405, 16891)
(4, -55, 58, -3101, -19732, 1195)
(40, -70, 20, 4467, -25441, -5218)
(-28, 103, 124, 5071, -26977, -16022)
(120, 53, -60, 2335, -10411, -29222)
(3, 41, 16, 3953, 5469, -30755)
(108, 20, 43, 1855, 18222, -16226)
(-49, 75, -55, -2065, 20993, -1571)
(-30, -117, 82, -652, 25114, -90)
(-39, -36, -72, -12842, 21520, 680)
(104, -18, -98, -10697, 17149, 8829)
(51, 76, -64, -4849, 10019, 15140)
(-59, -28, 110, -15595, 122, 12804)
(-84, 30, 63, -14179, -2083, 16022)
(9, -36, 53, -14240, -13033, 22574)
(36, 27, -54, -15845, -24480, 11712)
(-105, 101, 54, -3586, -27811, 5388)
(-102, -63, 80, 5712, -19751, -5040)
(-3, 51, -20, 4333, -16385, -12652)
(122, -126, 104, 4603, -17223, -17929)
(-113, -96, -80, 456, 5319, -25902)
(-28, 118, 39, 4159, 15462, -17905)
(110, -94, 45, 2014, 24297, -13086)
(-13, 2, -28, 447, 23787, -9475)
(-11, 85, -105, -7110, 22965, 136)
(-102, 113, -105, -8940, 18327, 4925)
(20, 100, -77, -8397, 3608, 10944)
(55, 48, -108, -2710, -1621, 10279)
(-117, -27, 69, 2257, -8299, 14611)
(-104, -109, -55, 1064, -15766, 12522)
(28, -35, 0, -10014, 31428, 7583)
(112, -7, 63, -17244, -31403, 17743)
(-76, -70, -2, 753, -30668, 28592)
(-124, -90, 64, 5619, -19034, 24117)
(21, -17, -50, 3475, -17796, 30364)
(104, 95, -19, 4670, -17593, 29081)
(124, 41, -3, 12005, -7083, 25993)
(33, 38, 50, 2815, -11998, -31532)
(48, 38, 82, 11540, -2780, 28698)
(-31, -24, 58, 11080, -928, 30557)
(10, 50, -26, 9128, -545, 32563)
(7, -80, 92, 12065, -1685, 28062)
(-8, -58, 30, 3580, -8082, 21948)
(110, 25, 48, 1025, -6291, 9455)
(-52, 48, 49, 3680, -1572, -355)
(-78, -76, -11, 1279, 1560, -841)
(114, 54, -118, 1127, 1927, -3098)
(96, -49, 73, 2525, 1302, -3813)
(87, 15, -10, 744, 3822, -4469)
(109, -65, -62, 396, 1808, -3587)
(117, -103, -83, -4967, 373, -1696)
(120, -90, -85, -4785, -612, -897)
(109, -41, -55, -7061, -1398, -672)
(89, 57, 27, -8289, -130, -1805)
(96, 83, 72, -8926, 1070, -1278)
(89, 119, -114, -6649, 607, -1956)
(59, 117, -109, -10597, 8144, -7147)
(36, -73, -125, -19975, 10165, -8626)
(15, -42, 103, -11584, 10276, -15751)
(14, -38, 18, -13163, 7225, -16077)
(99, -77, -10, -6271, 7509, -27150)
(-61, -50, -37, -6861, 12327, 28343)
(44, -56, 127, 3974, 23396, -32502)
(47, 7, 36, -11144, 21178, -32502)
(72, 96, 19, -1962, 9645, -32502)
(-94, 124, -13, -7860, 9401, -32502)
(-98, -4, -120, -9389, 7447, -32502)
(-20, 110, 83, -13940, 597, -26710)
(-89, 42, 111, -17044, 11177, -14653)
(24, 46, 125, -7538, 10432, 533)
(123, 38, 58, -11048, 18800, -1119)
(-21, -34, 96, -20621, 9867, 14277)
(-102, -104, -58, -7763, 14073, 15720)
(12, 62, -35, -10328, 12744, 23387)
(-46, -28, -109, -5281, 4047, 19089)
(121, -30, 76, -10514, 306, 22589)
(24, 12, -8, -12565, -17135, 28205)
(7, -20, 71, -5376, -11763, 17057)
(-106, 77, 31, 2089, -15947, 10084)
(-125, 40, 92, -761, -23901, 3670)
(-1, -127, 115, 5937, -25765, -14737)
(63, -78, -70, 1023, -14480, -19402)
(48, -57, 14, 2623, -11880, -22516)
(-55, -108, -40, -4610, 5065, -28603)
(60, 40, 20, -2219, 13457, -25029)
(-47, 34, -15, 2935, 25679, -4037)
(127, 14, -121, -801, 31843, -1550)
(-27, 108, 16, -12030, 20975, -1157)
(-55, -20, 35, -11469, 18192, 9805)
(84, -25, 101, -7076, 13551, 13093)
(-33, -122, -71, -14110, 8404, 12447)
(-61, 127, -37, -17799, -3847, 17517)
(104, 64, 102, -23124, -9552, 20204)
(-122, -72, 72, -12659, -18571, 23887)
(-14, -23, 22, -7353, -26316, 11360)
(-37, -69, 15, 3657, -21995, -5502)
(-12, 29, -76, 2908, -29592, -15384)
(123, 60, -59, 12166, -20531, -19479)
(1, 64, 34, 10646, -10061, -23580)
(-111, -43, -123, -252, 8133, -29561)
(-4, -12, -58, 6414, 21191, -19755)
(100, -38, 3, 9411, 30919, -8799)
(112, -57, -47, 3439, 21949, -2923)
(-111, -34, 86, -9970, 15548, -2909)
(78, -69, -36, -9803, 9735, 283)
(5, -115, 91, -11110, -237, 1893)
(5, 105, -65, -19879, -1664, 1200)
(104, 51, 40, -6275, -19808, 22482)
(-43, -46, 38, -4851, -24003, 26796)
(118, -94, -34, -9319, -24375, 23081)
(-79, -91, 59, -14247, -18814, 22454)
(-63, -17, 52, -2670, -17282, 26984)
(82, -48, -86, -2862, -7816, 23199)
(67, -126, -55, 4336, -10774, 29015)
(-20, 23, -55, 7113, -8949, 24469)
(-67, 57, 17, 10310, -29, 21030)
(59, -84, -30, 2779, 3358, 25234)
(-12, -89, -1, 5942, 1985, 28440)
(-56, -41, -33, -2006, -6101, 29637)
(34, -99, 52, -4787, -9965, 28241)
(-20, 68, -14, 1110, -8330, 25101)
(-73, -58, -77, 6129, -10914, 20968)
(-103, -12, 90, 6661, -7358, 9282)
(-116, -61, -48, 2734, -1211, -1115)
(-122, -77, -12, 547, -740, -2642)
(-57, 114, -31, -1912, 1114, -8753)
(104, 110, -81, -4094, 160, -10754)
(89, -45, 68, -5410, -302, -13524)
(-89, 104, 41, -6151, -767, -13856)
(-111, -107, 67, -7492, 2349, -11421)
(14, -97, -122, 2228, 4872, -10191)
(45, -122, -128, 1434, 4941, -3491)
(23, -123, -107, -5659, 6954, -754)
(83, -45, 57, -10228, 8887, 7246)
(-105, -25, -88, -5894, 7569, 6922)
(-100, 53, 52, -9415, 9638, 2438)
(34, -126, -22, -9704, 12759, 3803)
(-23, 79, -68, -582, 5159, -9990)
(108, 80, -106, -7611, -1816, -13808)
(58, -99, 92, -7894, -4288, -26334)
(27, 45, 124, -6365, -518, -31486)
(126, -115, -44, -5063, 2591, 30823)
(-100, -6, 124, -8885, 16274, -32498)
(27, -31, -1, -1252, 20278, -32498)
(124, -1, -11, -174, 10018, -32498)
(59, -35, -111, -8747, 4340, -32498)
(21, -84, -17, -10456, 14261, -32498)
(-114, 74, -19, -7807, 10243, -21282)
(24, 126, -103, -5281, 17484, -17817)
(14, 51, -99, -14867, 19399, 1504)
(-25, 18, -103, -9849, -9016, -24656)
(-61, 117, 40, 24369, 22020, 12386)
(124, -78, -107, 7660, 16903, 31445)
(-101, -3, 52, -7368, 15257, 25534)
(-13, 126, 61, -10351, 7230, 16987)
(2, -104, -124, -5867, 4031, 21648)
(-3, -58, -5, -604, -968, 30729)
(-110, 100, -21, 14016, -10860, 32399)
(-57, 27, -116, -10002, -27276, -5824)
(17, -117, 77, -5354, 26187, -3530)
(22, 77, -112, 1656, -24350, -18306)
(9, -41, 125, -265, -16172, -23803)
(-36, 50, -105, -11447, -4258, 28767)
(-2, -79, 30, -5258, 20404, -29778)
(-127, 18, -43, 4976, 30304, 116)
(-89, -9, -52, 1455, 22173, 2734)
(-60, -68, 68, -13514, 15029, -2884)
(82, -119, -45, -16576, 15397, 4537)
(1, 87, -128, -8143, 13859, 12766)
(-99, 111, 104, -6155, 7163, 14908)
(-4, -104, -32, -5159, 12598, 17294)
(87, -30, 95, -15881, 4829, 26856)
(-123, -96, -30, -8631, -15362, 26448)
(99, 96, 65, -12839, -24374, 21220)
(50, 115, 3, -3945, -27909, -7156)
(-83, -31, 123, 2311, -25971, -11042)
(-119, 3, 89, 7538, -16664, 31788)
(-74, 126, -60, 6078, -1944, -26948)
(-56, -82, -81, 3005, 9132, -24867)
(-44, 43, 61, 4032, 16349, -21102)
(-22, 79, -52, 826, 17789, -5107)
(-110, 67, -12, -603, 14703, 1269)
(-30, 14, 9, -10375, 9471, 6348)
(-117, 105, 95, -12355, -3557, 2010)
(-120, -82, -21, -12895, -14443, 7261)
(26, -94, -82, -14816, -9471, 9178)
(-31, -104, -21, -10101, -18715, 14290)
(-65, -61, 87, -5602, -25735, 24444)
(-90, 33, -105, -4658, -24698, 26475)
(-70, -75, -115, 4101, -20169, 29017)
(-83, -67, -16, -1835, -21025, 32147)
(91, -35, 115, -2542, -14619, 21805)
(78, -61, 30, 1169, -15019, 29602)
(-57, -74, -45, 8941, -7447, 27230)
(-67, 6, 117, 9049, -11139, 26860)
(-20, 9, -35, -2948, -8919, 24408)
(-31, 87, 91, 5165, -12364, 24044)
(95, 26, 57, 11338, -4306, 24310)
(66, 58, 105, 15081, 2945, 19884)
(18, 74, -100, 5407, -552, 17786)
(-38, 63, -83, 7734, -4111, 8485)
(-54, 116, 122, 9003, -2818, 2646)
(-123, 72, 48, 9010, 882, -815)
(117, -61, 71, 6463, 2696, -738)
(-113, -20, 87, 8208, 3320, 566)
(-43, -56, -105, 2419, 2939, -2282)
(50, -10, -81, -3325, 2303, -7452)
(-125, 33, -99, -2976, 1491, -9366)
(-21, -70, -102, -7383, 1538, -12380)
(-12, -128, -88, -13584, 4357, -15085)
(77, -47, 89, -12435, 1713, -15160)
(9, -1, 34, -18808, -1655, -19065)
(-123, 49, -128, -26191, 9964, -27551)
(-63, 98, -56, -19919, 8961, -32669)
(60, 107, -122, -8627, 18193, 32209)
(-79, -15, 4, -5349, 19209, -28359)
(-127, 107, 73, -5389, 22378, -27145)
(106, -99, 33, -10730, 21602, -24916)
(75, 95, 123, -6226, 23765, -17592)
(-42, -42, -72, -5435, 14517, -16447)
(17, 12, -93, -2782, 27735, -7915)
(36, -109, 7, -2248, 28407, -11379)
(60, 71, 31, -11622, 20721, -8994)
(41, 114, -45, -10392, 17726, -1953)
(69, 12, -25, -14606, 15943, 10487)
(28, -2, -18, -11799, 10980, 12755)
(51, -21, 126, -12573, 8623, 17732)
(-91, 2, 120, -12393, 1962, 20853)
(-1, 32, -47, -10654, -3918, 26255)
(34, -22, -53, -6137, -13133, 26442)
(78, -53, -1, -6242, -15325, 12719)
(92, 101, 61, -954, -19239, 4382)
(38, -64, -92, 2731, -18715, -7520)
(11, -54, -103, 5734, -9566, -20880)
(88, 2, 64, 8824, -3681, -20609)
(-79, 78, -47, 5392, 4748, -24119)
(-108, -126, -93, 3304, 14806, -27920)
(11, -2, 68, 981, 19177, -19487)
(-35, -10, 67, -6551, 17144, -7845)
(-105, 107, -44, -12339, 14318, -2488)
(-105, 102, 6, -12266, 14872, 5769)
(-38, -19, -50, -11717, 12472, 10692)
(25, 123, -110, -15491, 8735, 18304)
(-37, -78, -22, -13698, 4601, 25050)
(-113, 59, -6, -13118, -1513, 26492)
(90, 99, -109, -1654, 834, 24914)
(96, -5, -92, 1380, -4995, 24951)
(88, -43, 106, -5195, -8960, 18904)
(-120, -90, 71, -5105, -24490, 15920)
(35, -111, -121, -6978, 29495, -8595)
(-20, 31, 98, 1626, -27061, -19246)
(-125, -35, -76, 5457, -17379, 29989)
(-90, -45, -124, 3930, -11012, -32038)
(96, 1, 117, 4508, 5412, -20743)
(-2, -25, 72, 7689, 10783, -16820)
(44, -54, -56, -1535, 17172, -11538)
(-32, 79, 31, -5661, 13469, -5260)
(-3, 108, -60, -11669, 7404, 5920)
(32, 98, -84, -9677, -230, 10078)
(-128, -48, -85, -11698, -153, 10808)
(-75, 1, -22, -14955, -4505, 14360)
(-104, -47, 57, -12409, -12204, 21881)
(84, 53, 68, -10483, -23591, 24384)
(-67, -25, 111, -23684, -22954, 19723)
(42, 18, -37, -9683, -32354, 22668)
(100, -120, 9, -14130, -13563, 17599)
(-101, 7, 28, 11, -9546, 14889)
(102, -125, 38, 1835, -10757, 17604)
(113, 103, -78, 3905, -8603, 16569)
(-70, -86, 78, 4869, -8984, 17031)
(-80, -31, 27, 1703, -5878, 16877)
(-91, -74, -56, -2651, -7490, 17447)
(-101, -106, -81, -1548, -7327, 16646)
(-16, 73, -6, -382, -3667, 17820)
(-55, 55, -8, 4237, -3054, 18098)
(35, -40, 40, 5978, -2583, 18057)
(41, 61, -121, 7483, -2192, 16084)
(68, 122, -24, -4450, -6970, 6128)
(52, 106, 64, -10671, -1840, -1956)
(-12, -15, 118, 6407, 1026, -1216)
(-23, -86, -35, 12704, 8664, -1084)
(-4, 112, -16, 2905, 13212, -7631)
(-3, -106, -15, 1538, 5244, -10883)
(97, 89, 21, -10965, -2384, -22259)
(47, -18, 13, -22346, 2318, -24614)
(-35, -63, -25, -15909, 10676, 31024)
(95, -109, -26, -12728, 12606, 32022)
(99, -85, -31, -18024, 23712, -32497)
(-99, 46, 122, -10565, 21306, -32497)
(-108, 126, -55, -15633, 24229, -32497)
(-116, -12, -1, -11117, 27047, -23828)
(107, 4, 118, -13154, 21567, -12677)
(106, -42, -71, -16887, 23044, -6770)
(122, 48, -22, -6715, 21689, 10742)
(100, 84, -73, -2488, 20760, 15841)
(61, -53, 45, -5779, 25228, 26357)
(107, 80, 82, -1218, 3771, 11455)
(-9, 78, 119, -4769, 9952, 18959)
(84, 34, 49, -17641, -6324, 18386)
(-113, -51, -55, -9869, -24592, 26777)
(-57, -106, -101, -9713, -23946, 4004)
(-114, -73, -39, -3108, -25502, -18817)
(34, 95, 7, -5226, 28048, -27152)
(-20, 82, -13, -22961, -17528, -32578)
(76, 25, 69, -889, 8863, -29101)
(47, -76, 21, 9126, 23980, -11471)
(42, 64, -94, 7747, 25211, -3192)
(-86, -27, -121, -245, 25660, -4821)
(-46, 32, 37, -3753, 27924, 4772)
(-112, -27, 89, 3191, 25673, 14700)
(57, 43, -119, 253, 11958, 20158)
(-70, -106, -115, -10626, -2072, 15391)
(114, -107, 94, -14223, -3173, 20072)
(-112, 16, 67, -17778, -16206, 19371)
(24, 87, 76, -12160, 24568, 9085)
(52, 81, 36, -13549, -20262, -8629)
(-99, -43, 113, -16756, 27880, -27256)
(40, 100, -23, -23216, -27513, 31349)
(100, -106, -101, -1099, 4819, -24805)
(-71, -100, -65, 2536, 13611, -15717)
(86, -111, -61, 3867, 23829, -6200)
(74, 104, -78, 9998, 25715, 1244)
(97, -123, 74, 10837, 26372, 8066)
(-58, -103, 55, 9921, 27992, 8806)
(89, 90, -38, 6618, 22550, 16038)
(46, -12, -5, 340, 9756, 14845)
(72, 17, -44, -14063, -7619, 21022)
(90, -96, 103, -15906, -13285, 22735)
(-82, -109, -93, -19277, -16675, 28807)
(68, -76, -37, -20406, -18156, 23021)
(-112, -73, -108, -14319, -18525, 26636)
(65, -7, -30, -6576, -10790, 21213)
(51, 85, 60, -13415, -19027, 28373)
(-2, -65, 100, -1159, -10529, 27735)
(107, -59, -24, -2271, -18294, 28875)
(-102, 10, -51, -5270, -5483, 24900)
(-33, 125, -47, 4327, -10891, 31028)
(50, -33, 55, 2060, -16161, 30973)
(30, -47, 26, 13789, -10515, 23045)
(74, 74, -105, 11078, -10393, 16922)
(-75, 26, -78, 3793, -3329, 5081)
(-88, 120, -53, 100, -1646, 1610)
(116, 82, -99, -15604, -3025, -8080)
(-32, -114, -73, -22011, -497, -11338)
(27, -97, 49, 1137, 9045, -12806)
(-50, -43, 109, 4288, 8844, -9528)
(-64, -104, 43, 2634, 15203, -13249)
(-73, -1, -12, -5532, 11479, -18680)
(-50, -91, -80, -377, 2675, -20566)
(-97, 63, -41, -15682, 7033, -28635)
(-8, -78, 70, -18029, 23993, 29540)
(-52, -75, -115, -6834, 14062, -32497)
(-57, 19, -127, -2082, 4220, -32497)
(-127, 40, 46, -6485, 13187, -32497)
(88, 27, 82, -6733, 13590, -26200)
(42, -54, 43, -12971, 13081, -20064)
(25, -110, 3, -9940, 14145, -18259)
(-29, -61, 19, -16902, 17960, -18976)
(-84, 30, 85, -3491, 18979, -6818)
(-61, -45, -29, -2419, 29983, 276)
(-9, 22, -26, 10423, 20078, 7837)
(58, 95, 45, -3011, 23564, 3781)
(-124, 86, -39, -6055, 18703, 20611)
(-21, 107, -51, -4362, 4897, 27129)
(-121, -121, 36, -11270, -6898, 20403)
(-110, -99, -77, -14767, -13934, 12493)
(-61, 113, -114, -11708, -25796, 6009)
(108, -63, 79, -19084, 30426, -5493)
(-99, 111, -75, 9393, -21408, -14026)
(-17, 99, 94, 6057, -19188, -17397)
(-6, -14, -108, -1102, -592, -25012)
(48, 68, 27, 3171, 9369, -21393)
(0, 121, -80, 7485, 24489, -14413)
(113, -35, 107, 3866, 22120, -7085)
(-30, 1, -14, 2753, 22880, 492)
(-7, 77, -61, -3518, 18391, 5198)
(-91, -120, -82, -5657, 14994, 14480)
(72, 77, 29, -8933, 6957, 18553)
(-109, -109, -101, -14950, 2288, 22200)
(20, -39, 2, -13386, -8884, 12216)
(76, 23, -45, -24544, -12624, 17467)
(-118, -32, 46, 22, -30467, 68)
(-74, -40, -32, -7005, -24123, -14960)
(-89, -29, -57, -6664, 30840, -21236)
(-15, -72, 40, -7847, -8790, -25798)
(-35, -11, 58, 5616, 10325, -19263)
(-126, 43, -120, 10502, 18189, -7871)
(8, 8, 41, 6812, 24953, -2868)
(104, 23, 24, 3037, 21995, -3692)
(-85, -2, -39, -6727, 20888, -2165)
(-25, -101, 95, -5849, 15898, 3401)
(-118, -73, 95, -5495, 4932, 6917)
(-11, 17, 113, -10129, -5029, 11325)
(27, -34, -94, -3478, -19554, 15431)
(-49, 90, 57, -19115, -24469, 17730)
(-64, 103, 7, -20780, -24239, 19757)
(-85, -73, -70, -2408, -23129, 20587)
(-21, -63, -82, 6167, -12525, 22744)
(93, 57, 54, -5515, -20985, 31754)
(-41, 17, -73, 7969, -18736, 17135)
(-65, -78, 16, -2092, -20246, -27493)
(-79, 72, 15, -3644, -16693, 28653)
(-96, 60, 27, 5731, -17273, -32281)
(-79, 5, 77, 12969, -7293, 30216)
(-40, -112, -47, 15268, -6859, 30791)
(-39, -90, 8, 9904, -7577, 24258)
(53, 73, 50, 4673, -9854, 14189)
(-95, -118, 92, 7902, -3767, 1152)
(-126, -38, 38, 12225, -885, 61)
(88, -15, -32, 7167, 3302, -5110)
(-128, 115, -50, 3124, 1735, -8349)
(10, 110, -40, 3936, 38, -13979)
(-35, 39, 7, -5271, 4878, -16492)
(111, 71, -86, -2889, 11047, -14946)
(-38, -66, 12, -559, 7853, -7451)
(-68, -106, 121, -3519, 2783, -4734)
(93, 79, -101, -14567, -52, -5266)
(56, 55, -70, -15518, 6561, -7293)
(-90, 74, 54, -4700, 2540, -9424)
(-66, 3, -8, -5388, 3500, -13417)
(-15, 20, -63, -3955, 3533, -22243)
(7, -89, -38, -14379, 6605, 32053)
(-26, 54, 53, -19534, 11439, 31079)
(61, 12, -38, -15459, 20376, -32497)
(70, 32, -102, -17521, 27748, -30757)
(-41, 10, 70, -10743, 22488, -24599)
(-110, -83, 11, -7273, 20955, -20762)
(-8, 75, 68, -11675, 24421, -16302)
(37, 72, -17, -8454, 26458, -9898)
(68, 99, -5, -9145, 24530, 145)
(-23, 49, 48, -12085, 16875, -443)
(-6, 112, 24, -8845, 14926, 16229)
(-68, 36, -118, -4701, 7288, 16282)
(70, -76, 55, -10626, 5295, 14152)
(122, 81, 76, -15473, -4026, 15756)
(-126, -126, 85, -13244, -15523, 15610)
(30, 122, 124, -5819, -24958, 3792)
(62, -31, -15, -6905, -15198, 9845)
(-4, -12, 94, 9316, -18803, 7972)
(36, 67, -45, 5129, -17158, -7206)
(64, -41, 56, 5524, -12511, -19930)
(-63, -22, -108, 4731, -4298, -22934)
(-68, 104, -20, 4528, 11747, -26978)
(-72, 51, 115, 1991, 19281, -22950)
(77, 53, 13, 6460, 23941, -8266)
(117, -64, 116, 100, 19782, -7062)
(31, 58, -59, -10537, 18478, 496)
(-98, -6, 100, -7739, 16668, 7684)
(-92, 23, 3, -8479, 10144, 15685)
(68, -8, 107, -12034, 3914, 17768)
(51, -43, -31, -17749, -4035, 27983)
(-58, -34, -24, -15002, -19023, 22806)
(106, -104, -76, -11715, -27228, 19131)
(67, -2, 57, -5541, -11936, -2110)
(-112, 61, 4, 802, -26604, -9765)
(-105, -101, 22, 2506, -20590, -13834)
(0, 45, -94, 1786, -11293, -25444)
(82, 94, 48, 247, -545, -32216)
(-103, 47, 66, 1001, 10835, -23898)
(66, 36, 8, -676, 23327, -12228)
(-48, 109, -35, 1988, 28166, 658)
(27, -103, 102, -4051, 12415, 4468)
(-39, -45, -113, -9820, -2008, 9518)
(-47, 126, 93, -8837, -3592, 11253)
(-12, -59, -90, -8520, -15047, 16336)
(98, 94, -29, -3811, -13396, 20366)
(72, 78, -100, -10873, -20528, 21570)
(106, 79, -84, -15452, -19202, 22960)
(11, 58, -27, -8563, -14152, 21525)
(45, -94, -1, 2934, -14617, 27737)
(112, -35, 124, 722, -12823, 23979)
(9, -12, -22, 5898, -10327, 18139)
(98, 33, 93, 4368, -8681, 28546)
(14, -34, 27, 4071, -11002, 29004)
(-14, 1, -111, 5802, -10316, 30726)
(-19, 104, -14, 2516, -8470, 29810)
(3, -59, -126, 3900, -4517, 27046)
(10, 109, 28, 13148, -3431, 25873)
(62, -47, -24, 11769, -4666, 21602)
(-30, -74, -85, 7253, -5342, 14283)
(66, -115, -100, 4417, -2036, 5246)
(113, -72, 64, 4066, 755, 432)
(61, 104, -30, 1547, 2133, -4076)
(-1, -58, 110, -1368, 1731, -7688)
(-2, 77, 104, -8345, 1798, -10616)
(37, 65, 55, -4701, 2416, -10493)
(84, -76, 11, -4270, 1699, -6690)
(-14, 91, -33, -12631, 10944, -5507)
(98, -105, 75, -8705, 7110, -4162)
(-74, -122, 57, -11869, 1923, -1785)
(-88, 119, -91, -20196, 443, 261)
(-112, -111, -46, -15056, -2235, 85)
(94, -127, -126, -16718, 99, -4231)
(-24, 12, -31, -23708, 1182, -9557)
(-53, -95, 5, -15057, -1091, -11258)
(94, 92, 113, -9935, 6923, -15896)
(9, 121, 13, -2890, 2735, -21402)
(-46, -52, 96, -7263, 7986, -30332)
(-90, -49, -50, -13731, 15211, 31866)
(-114, -97, 48, -29822, 23607, 32442)
(82, 116, 7, -2249, -32697, -32492)
(-15, 110, 108, -6984, 20045, -27909)
(31, 115, -1, -15433, 16789, -26519)
(-72, -83, -122, -21092, 25369, -26813)
(113, -28, -22, -9419, -32578, -11562)
(-25, 34, -38, 6067, 29864, 8409)
(-106, -54, -73, -2278, 28077, 4758)
(104, -53, -75, -5792, 15588, 17376)
(-43, 18, 1, -2416, 9598, 15063)
(-37, -128, -111, -14179, 1733, 11940)
(42, -114, -60, -13236, -4305, 16223)
(-29, 65, 73, -9209, -21730, 14032)
(82, 100, -80, -19009, -17006, 5758)
(60, -98, -96, 117, -18400, 2467)
(-41, -90, 42, 13844, -7947, 7138)
(-105, -119, -90, -7854, -27564, -10088)
(20, 40, 13, 4959, -14515, -17758)
(-89, 25, -97, 2355, 438, -29147)
(93, 12, -112, -174, 8026, -24681)
(-53, 52, 29, 134, 20348, -15909)
(-59, 31, 124, 2861, 24109, -8125)
(53, -69, -17, -2346, 25227, 3623)
(77, 28, -110, -7977, 20230, 2792)
(51, -125, 89, -12722, 17985, 5922)
(-78, 57, -111, -10096, 18201, 16144)
(-62, 71, 113, -7722, 6445, 14492)
(21, 111, -39, -16390, 4612, 13638)
(80, -42, 125, -22879, -4799, 12372)
(-73, -122, -112, -17953, -15655, 15243)
(79, 54, 60, -8014, -9195, 6081)
(-28, 87, 68, 3687, 1251, 10674)
(-81, -108, -75, 6713, -4373, 8114)
(50, -89, -81, 5717, -19804, -9650)
(-80, 47, -9, 2419, -22581, -23150)
(118, 6, 43, 3176, -12031, -31985)
(6, -11, -27, 12106, 8589, -27248)
(24, 107, -120, 9921, 15323, -18724)
(101, 60, -7, 8515, 21731, -10147)
(-35, 68, 100, 3869, 23124, -7047)
(78, 88, -82, -4028, 15912, -1857)
(110, -64, -89, -7460, 14707, 1886)
(-51, 16, -44, -10441, 3035, 3786)
(73, -14, 66, -16428, 3214, -6221)
(8, -74, 46, -12478, -8784, 137)
(-69, -11, -50, -2383, -16029, 11405)
(53, 99, 8, -7543, -13877, 8146)
(-81, 39, 10, -13756, -23969, 19537)
(41, -65, 53, -14177, 30696, 27869)
(-72, 84, 123, -12504, 30965, 27734)
(123, -56, 77, -7231, -26328, 26778)
(8, 77, -2, -1572, -26052, 25547)
(39, 86, 93, -9348, -16414, 23228)
(104, -87, -24, -1949, -15657, 23382)
(79, 78, -101, -491, -13203, 14842)
(-52, 48, 2, 2100, -223, 22635)
(99, -70, 89, -2295, -7730, 23463)
(39, -30, -1, -11763, -15084, 15832)
(106, 117, -1, 705, -8075, 11307)
(-126, 16, -17, 6646, -6969, 7512)
(-103, -49, -122, 2991, -12492, 1912)
(69, -100, -68, -3632, -5792, 204)
(8, 103, -121, 19, -2324, -1616)
(-66, 70, 65, 334, 7310, -8695)
(-40, 98, 126, -1683, 11223, -6974)
(-63, 18, 75, 4455, 8576, -5734)
(-70, 36, 64, -3751, 6980, -6809)
(106, -96, 125, -2050, 5602, -10782)
(2, -15, -57, -4754, 5679, -18084)
(-47, -68, -42, 3581, 7766, 31000)
(-60, -99, -85, -8905, 6181, -28509)
(43, 125, -82, -3697, 15373, -27406)
(-39, -63, 45, -6603, 17115, -28235)
(-17, -46, -116, -13014, 20101, -29225)
(-60, 20, -23, -14861, 21029, -28903)
(23, 95, 108, -12882, 26454, -17774)
(2, 48, -117, -9676, 26380, -9026)
(110, -30, 123, -7071, 19414, -7107)
(-33, 49, -90, -10722, 21723, -5827)
(96, 103, 28, -14732, 15365, 4948)
(25, 116, 113, 1982, 12437, 18652)
(54, 15, 121, -9266, 10894, 15538)
(-119, 0, -84, -5244, 9737, 18190)
(-60, 76, -103, -8862, 7735, 8769)
(-126, -16, -89, -13833, 2807, 9815)
(-77, 46, 121, -12030, -3115, 15694)
(-25, 72, 95, -19378, -9411, 8136)
(29, 35, 109, -16150, -20604, 2968)
(-26, -96, -33, -7970, -16856, 4148)
(-5, -106, 2, 3738, -17363, -9034)
(-47, 70, 124, 11113, -16111, -8307)
(124, 53, -72, 11545, -11300, -10026)
(-8, -92, -66, 2001, -4147, -19996)
(-85, 125, -116, 2799, 11303, -22104)
(94, 107, 117, 7561, 19001, -13925)
(-77, -34, 116, -630, 21248, -6438)
(-109, 125, 58, -7002, 21626, -5480)
(124, -24, -11, -19789, 20548, 1302)
(-14, -66, -40, -8471, 10057, 12943)
(70, 54, -34, -6348, 14548, 14549)
(-103, 67, 51, -11106, 10049, 17530)
(67, -114, -92, -11662, 1497, 22777)
(116, -5, -109, -16711, -6692, 21089)
(-90, 95, 63, -15371, -13680, 20006)
(56, -120, 112, -16891, -25167, 16092)
(46, -80, -125, -10316, -23053, -489)
(80, -66, 111, 1765, -24521, -7022)
(80, -55, 9, 6147, -13006, -14287)
(10, 4, 124, 9344, -10046, -20449)
(-10, 19, 44, 2163, 1267, -23301)
(14, 10, 51, 6571, 8753, -23225)
(-16, -90, -98, 4750, 17284, -20170)
(82, 60, 35, 3258, 20023, -13967)
(-39, 25, -76, -6482, 17431, -3330)
(126, -77, 24, -10887, 15406, 3118)
(55, -15, 63, -10513, 16740, 6519)
(2, -88, -46, -11732, 12248, 7538)
(122, -34, -81, -4493, 1258, 8765)
(63, -54, 93, -10763, 180, 7914)
(-45, -14, 79, -19828, -17742, 8620)
(-30, -52, -19, -16607, 32617, 6723)
(-61, -75, 3, -21869, -28634, 14526)
(65, -46, -59, -3830, 29777, 18288)
(-19, 28, -25, -9778, 32480, 24887)
(47, -66, 63, 3246, -20013, 16801)
(-111, 80, -90, 3873, -27008, 24260)
(99, 86, 73, 4592, -20757, 23669)
(-63, -106, 86, 1198, -18886, 27403)
(-35, -48, -84, 3731, -13620, 27766)
(0, 84, 97, 8983, -8352, 30333)
(-102, 100, -9, 1919, -13663, 30406)
(72, -80, 105, -4736, -8641, 21999)
(-81, 78, 123, -18957, -7267, 15661)
(-43, -67, 123, -5449, -6594, 3258)
(16, 62, -74, 12062, -3861, 3600)
(9, 87, 92, 13370, 2852, -216)
(3, 8, -119, 9066, 8649, -5940)
(-84, 19, 123, -2354, 11282, -6390)
(110, -51, 44, 1719, 10405, -8126)
(28, 121, 13, 3500, 4697, -10670)
(-41, 43, 73, 5384, 2788, -9404)
(33, 32, -90, 5007, 3550, -6364)
(127, 92, 26, -580, 2083, -902)
(82, 125, 2, -3907, -4423, 3267)
(-21, -105, -88, -6429, -5505, 3438)
(-68, -29, 125, -5624, 1271, 788)
(-55, 104, -89, -6622, 1815, 3376)
(-36, -114, -88, -2862, 1682, 3718)
(-32, 20, -55, -6685, 799, -1864)
(-69, -68, 5, -10155, -650, -3245)
(109, 102, 126, -7483, 3707, -3792)
(73, -78, 19, -7886, 9142, -7224)
(-40, 19, -60, 2015, 13832, -10419)
(2, -81, -72, -9750, 4909, -19386)
(52, 102, -26, 3875, 6925, -32334)
(88, 40, 118, 7299, -236, 30221)
(-50, -13, 8, -9387, 16839, -32495)
(0, 35, -112, -10094, 15661, -32495)
(108, -124, -8, -27153, 22896, -32495)
(39, 16, -128, -10182, 28201, -23739)
(-27, 8, -85, -8550, 32632, -16546)
(45, -18, 84, -10812, 20829, -12997)
(37, -18, 43, -16501, 28743, -3771)
(47, -69, -73, -3183, 24476, -2503)
(-72, -5, 18, -1384, 17413, 18835)
(66, -56, -19, -5199, 15045, 9814)
(47, 70, 119, -12495, 7241, 14095)
(42, 0, 11, -15027, 3788, 20397)
(27, 77, 26, -16683, -10129, 23548)
(-60, -117, 55, -20669, -15557, 16715)
(-68, -98, -12, -9720, -26610, 7274)
(-118, -117, 81, 2169, -27517, 1934)
(-27, -48, -53, -3280, -25899, -14590)
(-93, -116, 2, 2663, -11608, -22439)
(-67, -55, -42, -2934, -5238, -24758)
(74, 97, 107, -4808, 3936, -26638)
(-14, 53, -72, 1095, 24890, -14378)
(-40, -35, 96, 5713, 29650, -6631)
(88, 119, 88, -6812, 25544, -4457)
(123, 0, 35, -16778, 27797, 1799)
(-1, -27, -19, -5184, 20533, 14637)
(32, -111, 50, -9855, 14896, 12493)
(95, 79, 79, -17404, 7460, 6494)
(-1, 109, -65, -16417, 5597, 10743)
(88, 0, 26, -17613, -5189, 16666)
(-54, 20, -60, -15393, -13896, 20727)
(105, -105, 31, -17680, -15478, 5892)
(-32, -6, 95, -4504, -22529, 10356)
(108, 113, -128, 5764, -17714, 11001)
(42, -123, 3, 51, -19440, -2566)
(-83, -37, 41, -1358, -21742, -24372)
(3, -116, 94, -1952, -18690, -27473)
(-128, 1, -33, 10470, 4490, -24816)
(45, 59, -66, 5661, 13160, -20585)
(-61, -91, -48, 3288, 20480, -16696)
(-54, 3, -60, 4025, 22081, -11306)
(-57, 38, 19, -2817, 21255, -8409)
(82, -64, -50, -8984, 17540, -4638)
(-115, -96, -62, -9651, 14593, 3603)
(-105, 23, -43, -8091, 12197, 8093)
(3, -24, 57, -13195, 5424, 10101)
(-117, 106, -81, -10928, -3733, 12500)
(-43, -95, -99, -2221, -14550, 18802)
(-48, 88, 33, -12913, -24987, 19019)
(-15, -79, -14, -29607, -22738, 14263)
(98, 67, -120, -7679, -20670, 19685)
(-104, 66, -23, 10263, -27794, 31185)
(-37, -115, -110, -9257, -23364, 27151)
(-76, -38, 37, -1310, -21272, -31588)
(-113, -90, 15, 6728, -19384, 29582)
(-73, -80, 103, 5345, -12351, 29036)
(119, -15, 10, 2783, -12371, 28791)
(10, 26, 12, 8266, -11923, 27864)
(-53, -8, 21, 11861, -7894, 27580)
(123, 42, -115, 17197, -3648, 25405)
(-35, -127, -12, 9601, -829, 16523)
(26, -18, -98, 2116, -1390, 15485)
(-42, 64, -48, 12997, -1901, 12390)
(-51, 79, 119, 18664, -2645, 8680)
(66, -6, -25, 17762, -623, 2864)
(103, 23, -27, 4701, 5406, -3065)
(18, -100, 26, 1815, 4075, -5980)
(-39, 7, -49, 4986, 2967, -7873)
(-91, 63, -128, -943, 5184, -11907)
(-80, 99, 90, 11667, 10362, -15377)
(-35, -103, 110, 6091, 14920, -8548)
(-65, 23, -46, -541, 9257, 579)
(-31, 17, 42, 3074, -558, 5117)
(-122, 15, 74, -1652, -4229, 4057)
(14, 78, -14, -6583, -4487, 328)
(9, -91, -71, -8048, 665, 340)
(-1, 119, 99, -8298, 1846, 2080)
(-1, -56, 77, -2324, -845, -1439)
(-23, 64, -111, -20442, -1287, -12452)
(81, 37, -7, -19266, -91, -15672)
(-30, 120, -92, -22037, 10945, -22595)
(50, -55, -106, -6859, 7957, -19636)
(-97, -47, -30, -24576, 13811, -15663)
(-72, -75, 85, -6022, 13850, -24067)
(28, 30, 10, -12683, 21237, -28857)
(-34, -66, -5, -3741, 24840, -24596)
(-43, 70, 63, -1750, 31241, -18272)
(-50, 103, -118, -1748, 29446, -13594)
(65, -46, 104, 1506, -31361, -9904)
(93, -27, 84, -3076, 32484, -3145)
(-62, -68, -23, -2937, 28531, -545)
(26, -70, -40, -13868, 22131, -1328)
(74, 76, 74, -17101, 16563, 4147)
(-19, -4, 48, -10306, 12420, 6715)
(-6, 111, -7, -16916, 2087, 10384)
(-118, -39, 89, -10910, 24, 11009)
(-38, 51, -77, -10660, -10028, 13733)
(-64, 125, 73, -10135, -15154, 8296)
(19, 118, 63, 2435, -15682, 10392)
(107, 2, -11, 8430, -18735, -3031)
(-95, -100, -122, 7428, -19208, -18943)
(-69, -30, 92, 7747, -15713, -25749)
(59, -56, -76, 8253, 3837, -32072)
(-99, -63, 21, 4783, 11356, -27112)
(51, 123, 125, 3896, 21480, -14543)
(43, 98, -51, -379, 21732, 86)
(-32, -110, 2, -6481, 16839, -3013)
(-41, -100, 66, -18209, 13856, -1041)
(115, -109, -44, -15091, 12713, 11879)
(-23, 87, 69, -13057, 9327, 16711)
(-64, 54, -128, -15118, -1217, 15988)
(-3, 95, 80, -21457, -8715, 16873)
(123, -124, -37, -16338, -24723, 8500)
(105, -42, 93, -25157, -22558, -7094)
(114, -43, 84, -5922, -23968, -11347)
(121, 14, 121, -1794, -16783, -11353)
(1, -97, 46, 11692, -14977, -2848)
(-33, -21, -47, 12429, -5662, -12584)
(-11, -88, 93, 4149, 3516, -29529)
(26, -44, -46, 6259, 11871, -26316)
(106, -62, -6, 5660, 19125, -20233)
(8, 114, 71, -2408, 14402, -3720)
(127, -9, 14, -11702, 19254, -10845)
(-89, -120, 46, -12315, 22220, 2046)
(59, -18, 79, -14135, 12363, 15416)
(49, 99, 35, -7426, 14562, 15007)
(4, -89, 93, -11786, 13589, 15322)
(-123, 76, -124, -9818, -7721, 15202)
(-103, -63, 13, -8419, -16634, 8783)
(127, -123, 9, -9551, 22977, 22281)
(43, 61, -67, -10522, 32016, 17087)
(-104, 12, 59, -8749, -15029, 9767)
(-39, 73, -31, 11656, -23779, 14795)
(25, -17, -21, 4154, -27173, 21361)
(-122, -40, -83, 2582, -16771, 18083)
(78, -84, 96, 14055, -20145, 27301)
(108, -51, 91, 7697, -15155, 19532)
(-118, 0, 58, -553, -9290, 27662)
(20, 66, -24, 14581, -12944, 26786)
(-20, -70, 46, -6165, -11974, 29196)
(64, -79, -114, -903, -6933, 24316)
(39, -100, -126, -651, -13247, 23481)
(83, -41, 121, 4466, -8064, 16225)
(0, -45, 17, 3920, -665, 7449)
(32, 3, -5, 4823, 1634, 2915)
(0, -54, -107, 4420, 2004, 310)
(17, -111, 98, 1875, 1461, -1853)
(78, 53, 26, -715, 2467, -3358)
(-111, -42, -23, 1657, 4681, -4002)
(17, 92, -110, -3189, 7460, -4819)
(103, 93, 55, -1466, 3718, -2675)
(-117, 78, 27, -1241, -590, -2032)
(-116, 112, 39, -3868, 1112, -1534)
(-83, 2, 27, -6781, 869, -2110)
(-69, 80, 17, -3271, 69, -1377)
(-81, -39, 37, -8233, 328, -5255)
(-85, -91, 85, -5314, 848, -8163)
(57, -122, -37, -6440, 3002, -19585)
(-2, 49, 77, -11245, 9825, 30894)
(29, -97, -18, -22629, 21946, 30898)
(-94, 47, 48, -7799, 29375, -32493)
(-126, 97, -69, -1023, 15693, -32493)
(114, 119, -29, -13497, 10175, -32493)
(44, 39, 127, -16032, 28283, -29392)
(29, 105, 112, -11978, 31728, -20539)
(94, 6, -114, -7846, -31257, -13112)
(30, 9, 37, -16745, 30682, -588)
(-126, -98, -86, -8659, 29466, 6310)
(-121, 63, -113, -5074, 23360, 173)
(82, -54, -29, -20250, 18683, 3492)
(-128, -83, -96, -7286, 10925, -310)
(117, -10, -20, -12449, -2650, 16947)
(-123, -123, -111, -14119, -4794, 16470)
(29, 98, 113, -9126, -17574, 9829)
(-124, -74, -100, -873, -20173, -3433)
(-92, 59, -69, 11197, -16327, -3104)
(-111, -94, 71, 14412, -16191, -6042)
(-94, -42, 75, 12761, -11970, -12401)
(-2, -99, -79, 7048, -6945, -21402)
(63, 62, -37, 6485, 7833, -17484)
(-59, 15, -123, 3742, 15975, -6625)
(102, 9, -32, 1292, 20512, -1525)
(21, 40, -110, -7331, 14070, -608)
(127, -49, 73, -16305, 12949, 676)
(-87, -98, -79, -16923, 17716, 6456)
(5, -120, 116, -15101, 11786, 14186)
(24, -92, 110, -13072, 2123, 22393)
(47, -115, 54, -19105, 205, 17055)
(-36, -60, -125, -17370, -10160, 14410)
(121, 18, -82, -16614, -21061, 4727)
(-70, 84, -101, -8196, -13863, 8707)
(-94, 119, -6, 179, -11881, 2167)
(-73, -21, 9, 7694, -22324, -8021)
(-61, 32, -55, 6996, -14144, -21432)
(14, -84, 104, 14966, -4370, -25031)
(-3, 71, -55, 9696, 1064, -19074)
(7, -24, 63, 12096, 12898, -11110)
(54, -7, -53, 7882, 14706, -8524)
(13, 93, -35, -907, 12656, -5758)
(-56, 81, 111, -285, 13285, -1565)
(-122, -118, 107, -8047, 4916, 3425)
(-51, 122, -102, -19257, -8971, 3375)
(-43, -21, 77, -13196, -6615, 2820)
(42, 15, -33, -11026, -19044, 10848)
(123, -24, 32, -11377, -31566, 12496)
(2, 54, -52, -19490, -28157, 15326)
(116, 58, 32, -7149, -26536, 18240)
(-28, 43, -110, -2033, -16722, 21615)
(-18, -38, 13, 3525, -16714, 26517)
(74, -110, -29, 565, -13694, 28905)
(91, 95, -107, -2138, -12203, 31507)
(-9, 48, 31, 383, -13705, -31943)
(-45, 101, 4, 3225, -6932, -32641)
(-76, 82, 20, 309, -6429, 31812)
(53, -57, 124, -465, -8565, 29038)
(-117, -110, -60, -2179, -6294, 22141)
(-64, 86, -87, 3192, -5496, 17740)
(41, -47, -47, 4184, -1452, 7466)
(35, -48, -7, 10096, 2945, 6316)
(-15, 123, -19, 8698, 2544, 1303)
(13, 63, -28, 3908, 4493, -3445)
(82, -95, -48, 3239, 2248, -3821)
(-87, 113, -39, -568, 4269, -7352)
(98, 29, -62, 1741, 4291, -7818)
(-65, 25, -40, -68, 1026, -8037)
(123, 115, -35, -4078, 1300, -9263)
(-59, -49, -54, -3136, 3890, -8974)
(36, -60, -24, -1911, 3187, -11293)
(8, -64, 27, -2639, 2914, -15896)
(69, -90, -99, -194, 5190, -23158)
(-38, -24, -58, 1887, 7135, -31497)
(42, 104, 85, -8507, 22484, -30877)
(-68, -69, -83, -4160, 20848, -24577)
(13, -68, 85, -10557, 27731, -22374)
(2, 94, -113, -2608, 24410, -20037)
(-60, -15, -67, -7135, 27271, -15465)
(-72, -13, -47, 1470, 26907, -8938)
(111, 88, -57, -2869, 30503, 3993)
(-54, -111, -107, -1329, 26901, 5960)
(-97, 102, -67, -5920, 14844, 4201)
(-65, 61, -81, -6599, 7285, 1965)
(47, -73, -96, -12477, -2383, 925)
(86, 75, 58, -11427, -8905, 2448)
(-69, -31, -59, -7488, -9869, 2882)
(-126, -2, 62, -1214, -16506, 8332)
(-63, -112, 24, 11868, -19015, -1353)
(106, 28, -128, 3128, -10721, 499)
(-71, 98, 30, 9133, -4782, -11513)
(9, -31, -122, 5599, 1958, -15804)
(85, -89, -37, 3301, 7727, -16181)
(44, -43, -124, 3832, 13452, -11485)
(-51, -109, 108, 3239, 18917, -4164)
(-89, 77, 80, -1812, 17125, -4137)
(120, -75, 113, -4237, 11433, -3958)
(-93, -127, 84, -11143, 10473, 3872)
(104, -120, -113, -10044, 6497, 11882)
(-26, -65, -31, -14437, 5147, 11533)
(110, 68, -115, -16206, -820, 12266)
(107, -102, 62, -13274, -5667, 19401)
(43, 88, 49, 1684, -20597, 5876)
(81, -12, 2, -4350, -9243, 3463)
(-105, -21, 99, 3049, -16859, -805)
(88, -11, -115, 3568, -13397, -3649)
(-22, 7, -63, 3635, -13929, -8292)
(-57, 14, 123, 4286, -2977, -12952)
(39, 14, -29, 7522, 3741, -8816)
(-53, 56, 98, 10019, 6658, -16382)
(56, -8, -60, 624, 17506, -9721)
(-38, -29, -90, 3107, 14442, -436)
(-86, -69, 86, -2554, 13176, 2966)
(-115, 115, 48, -11292, 7549, 5918)
(-70, -13, 45, -13838, -1166, 10897)
(116, -56, 74, -10345, -16847, 13460)
(60, 96, -54, -21298, -10468, 17061)
(43, 113, 35, -15120, -19691, 13876)
(-32, 95, -82, -16387, -19229, 22877)
(-66, 9, 78, -510, -22718, 28948)
(26, 86, -10, -2470, -15572, 28500)
(126, 123, -124, -2698, -16050, 32083)
(-13, 75, 65, -1811, -10931, 30394)
(-37, -22, 1, 1985, -12774, 32194)
(31, 112, 34, -380, -12775, 29857)
(-56, -82, 20, -1334, -9633, 27444)
(-31, -121, -118, -1852, -7165, 24398)
(-2, -2, -124, -3327, -8089, 22466)
(-36, -40, -34, -3047, -8051, 17637)
(-53, -117, -101, -3795, -7782, 5995)
(-63, 2, -82, 2920, 4661, -525)
(-80, -106, -92, 6309, 4891, -2130)
(-24, 127, -89, -1184, 2720, -4541)
(82, 104, 107, -93, 2616, -6154)
(-52, 93, 127, 2915, 6300, -10745)
(12, 1, -53, -2209, 4846, -17196)
(-105, 100, -37, -5353, 248, -28850)
(111, 43, -5, -13372, 15495, 28821)
(-88, -110, -63, -10242, 19652, -32491)
(88, -29, 122, -2853, 21752, -32491)
(126, -34, -66, -18190, 26754, -32491)
(40, 2, -99, -16521, 28989, -29200)
(-23, -86, -50, -17547, -31682, -22084)
(-63, 63, 66, -9571, 29063, -12134)
(17, -16, -90, -6774, 26383, 502)
(-21, -43, 123, -9579, 18725, 2417)
(8, 29, 9, -11019, 21230, 2788)
(71, 4, 92, -8649, 10306, 14900)
(-124, 62, -101, -7558, 11268, 12536)
(-21, 10, 92, -8117, 4862, 8277)
(-125, 53, -55, -10812, 1111, 12530)
(4, -6, 32, -15328, -3626, 6965)
(-7, -59, 8, -19699, -10060, 3236)
(-16, 35, 125, -9170, -8608, 310)
(-102, -67, -7, 1586, -13223, 13472)
(115, 4, -37, 5301, -9169, -4595)
(107, 89, -26, 4623, -7942, -5258)
(-122, 84, -40, 7796, -16512, -12935)
(21, -64, 84, 5324, -3578, -15270)
(-123, -68, 62, 3070, 1194, -10810)
(23, 33, -30, 3014, 13507, -14820)
(-83, 4, 59, -47, 15102, -9134)
(114, 75, 77, -192, 18390, -4025)
(-98, 9, -101, -6306, 17112, 1647)
(-116, -118, 33, -13429, 14723, 5854)
(76, -41, -46, -16606, 6945, 10718)
(-29, -104, -64, -22218, 1096, 9344)
(23, -54, 14, -15701, -350, 15117)
(-75, 18, -6, -18325, -8467, 11758)
(-41, -54, -94, -12843, -12524, 12850)
(-96, -125, 27, -9563, -17312, 6573)
(-63, -81, -32, -4696, -20494, 4577)
(76, -95, 31, 7237, -13667, -8887)
(98, -87, 97, 10820, -3855, -16430)
(109, 116, -32, 7759, -6027, -19689)
(-98, 45, -32, 7425, 4193, -23415)
(75, 37, 35, 6233, 15422, -15837)
(-106, 4, 13, 7868, 19102, -7071)
(-81, 101, -69, 3418, 20501, -9875)
(-7, 98, 97, -8470, 16853, -7481)
(56, 26, -127, -16228, 8134, -188)
(47, 19, 111, -7445, 8332, 6274)
(87, 34, -115, -8375, 4664, 8930)
(-61, -124, -81, -9942, -1128, 8581)
(33, -25, -27, -11344, -8813, 11407)
(47, -81, -46, -13668, -13290, 16070)
(-56, 7, 58, -6296, 32634, 16165)
(-103, 58, -23, -3127, -29154, 20589)
(60, -117, -71, -5198, -17090, 22847)
(97, -33, 1, -814, -27822, 25347)
(-50, -14, 127, -7585, -11262, 22724)
(67, -68, -72, 9372, -16619, 32225)
(-59, -91, 90, -44, -10231, 28310)
(68, -42, -37, 2124, -2900, 26386)
(-127, -22, -21, -777, -9856, 28205)
(-125, -89, 71, -10190, -5945, 22579)
(2, -5, -121, -1862, -5275, 25084)
(98, -84, 28, -36, -4274, 24539)
(-81, -123, -82, -1068, -849, 14980)
(-36, 114, -100, 3541, -893, 10862)
