(123, -98, 115, -482, -655, -16180)
(-106, -42, 91, 2298, -3096, -9405)
(-69, -82, 45, 6737, -6753, -8893)
(43, -69, -3, 7837, -6458, 346)
(73, -64, 23, 23063, -30807, -7558)
(-124, 109, 26, 4061, -8200, -12276)
(42, 29, -61, 23273, -5179, 3607)
(-121, 25, 0, 17120, -8145, -3911)
(-68, -52, -8, -3724, 826, 10141)
(-3, -17, 88, 8981, -19384, 30055)
(-68, -18, 108, -15899, -20049, -29843)
(112, 14, -9, 12561, -467, -11794)
(46, -68, 43, 246, -6599, 2728)
(121, -95, -50, 4639, -8994, 6321)
(67, 25, -75, -670, -10544, 15659)
(108, 32, 73, 8409, -3308, 13429)
(-88, -113, -60, 730, -149, 18786)
(83, -44, -22, 4224, -4586, 23993)
(-88, -11, 25, -5414, -14020, 29044)
(-30, -42, -25, 6076, -4654, 22452)
(-106, 109, 36, 5741, -3314, 20342)
(-46, -33, 85, 13274, -4384, 25610)
(-109, 112, 71, 16292, 565, 21409)
(-23, -1, 106, 16235, 991, 21892)
(86, 79, -37, 16977, 4884, 23196)
(114, -35, 108, 6813, 3206, 21477)
(-7, -10, -101, 12699, 4978, 24361)
(110, 12, -56, 9007, 2667, 20135)
(-46, -67, 36, 2948, 492, 17761)
(44, 35, 97, 10250, 4281, 8865)
(-97, 79, -13, 11425, 4130, 3678)
(-13, -30, -89, 14900, 669, -4158)
(13, -67, -31, 10210, 1925, -6977)
(-87, -91, -47, 4156, 3375, -14139)
(37, -48, 100, 17995, 2523, -17927)
(-35, 123, 29, 20479, 8185, -23820)
(35, -16, -61, 15804, 7069, -28941)
(34, -40, -15, 5325, 3714, 29842)
(67, 38, -54, 5886, 15472, -32571)
(35, 3, -90, 22391, 20689, -32571)
(108, -78, -19, 3396, 18706, -32571)
(6, -11, 12, 1905, 17010, -32571)
(97, -7, -92, -5293, 11311, -32571)
(33, -53, 56, -14911, 2561, -30310)
(117, -15, -34, -5332, -2196, -26953)
(-8, 39, -51, 1215, 2675, -27067)
(109, 92, -103, 2021, 234, -14756)
(-39, -121, -45, 15737, -10841, 944)
(-9, 97, -60, 3282, -7970, -15395)
(-80, -43, -53, 12198, -7545, -15799)
(-81, 66, 91, 12362, -8363, -15513)
(2, -8, 89, 27773, -7626, -5960)
(-68, -1, -67, 30078, -5373, 1918)
(-58, -3, 66, 22618, -835, -8228)
(44, 87, -101, -20062, -14404, 21001)
(88, -5, 59, 21656, -21428, 28490)
(54, 56, -111, -31532, 24843, 32081)
(94, -92, 36, -19586, 32481, 24749)
(21, -21, 109, 16714, -2810, -11447)
(97, 10, -72, -2544, -647, -12821)
(-97, -84, 49, -473, -3612, -3606)
(-109, 32, 10, 11575, 1328, 6441)
(23, 97, 7, 3490, -10064, 7265)
(18, 100, -51, -658, 4515, 5322)
(-55, -86, -24, 3547, 11115, 10416)
(41, -81, 14, -3807, -6983, 8923)
(127, 68, -64, 7785, 3014, 17845)
(-120, -35, 55, -2285, -8102, 17004)
(9, 105, -123, -1605, -4921, 19623)
(47, 115, 108, 1540, -4265, 22756)
(29, 113, -85, 4872, -8075, 25892)
(-35, 54, -3, 9009, 969, 24389)
(111, -52, 76, 7530, -4689, 24580)
(-61, 64, 54, 13704, 140, 23975)
(-21, -6, 52, 11660, -2754, 26722)
(90, -103, -105, 13714, 457, 26473)
(122, 119, 16, 11680, -1492, 29754)
(-92, 55, 60, 15949, -670, 28439)
(57, 96, -117, 9877, 2174, 14171)
(12, -107, 82, 7258, 1878, 12249)
(94, -85, 78, 21204, 8250, -71)
(9, 125, 26, 16414, 7725, -3712)
(20, -102, 122, 4434, 2667, -4735)
(-26, 111, 100, 6059, 3493, -2840)
(-120, 123, -46, 6679, 5903, -5160)
(82, 79, 48, 9289, 5887, -5130)
(1, -35, -25, 16778, 2819, -1782)
(0, -56, -76, 6957, 8315, -9072)
(-89, -50, 15, 21011, 6474, -16901)
(-119, 55, 26, 13398, 6879, -26505)
(57, 52, -39, 19453, 25995, 27942)
(-25, 28, 22, 18540, 20810, -32620)
(-109, -38, -95, 7735, 25570, -32568)
(-60, -84, 37, 6186, 20053, -32568)
(-27, 40, 83, 102, 13428, -32568)
(-75, 1, -38, 5975, 12011, -32568)
(-20, -69, -29, -7325, 2926, -32568)
(52, -26, -20, -8145, -981, -15882)
(6, -12, -20, -6579, -20463, 21363)
(-58, -90, -107, 6438, -16015, -21956)
(78, 40, 12, 1688, -13725, -12591)
(-43, 11, -31, 10283, -11197, -15167)
(62, 34, 54, 23209, -16112, -11816)
(-82, -66, -72, 14103, -11849, -12614)
(-43, 105, -42, -31671, -13726, -2133)
(12, 98, -34, 22865, -18595, -7724)
(-70, -55, -26, 27984, -9716, 12427)
(-97, -112, 20, -2363, -7402, 6272)
(-84, 53, -100, 19385, -18587, 17842)
(-107, 72, -8, 59, -22428, 21236)
(-19, -11, -29, 10061, -7501, 13079)
(-89, 106, -76, 6449, -7897, 14813)
(85, -18, 8, 8751, -12402, 10539)
(51, -81, 54, -13730, -10478, 11212)
(-104, 18, 122, -640, -5715, 14799)
(-37, -64, -56, 4092, -6895, 9225)
(83, -23, 44, -1477, -9641, 14400)
(-68, -33, 88, 1394, -5312, 12057)
(-44, -102, -69, -6966, -3729, 19674)
(53, -102, 66, 15516, 4588, 12201)
(116, -10, 127, 2850, -13054, -27488)
(-72, -124, -97, 12941, 3318, 17750)
(7, 43, 25, 5411, -7964, 25902)
(-7, -75, -68, 21401, 5614, -28476)
(56, 113, -57, 20951, 11043, 29877)
(74, -34, 81, -3069, 3049, -31520)
(118, -91, -80, 8256, 9003, 25058)
(105, 10, -83, 11959, 12588, 17629)
(-75, -111, 37, 4799, 5056, 5669)
(-59, -73, 48, 11714, 14, -6200)
(24, -98, -101, 1856, 923, -2828)
(-18, 20, -81, 994, 1956, -4342)
(-60, 23, 124, 3352, 4459, -8564)
(-94, -16, 78, -2949, 97, -5778)
(-70, -118, 75, -3491, -3982, -3078)
(10, 40, 106, 927, -382, -3278)
(14, 51, 122, 697, -493, -2554)
(23, 68, -94, -1670, -1585, -280)
(32, 78, -85, -2824, 181, -2137)
(32, 106, -95, 4732, -1409, -3969)
(77, -35, -30, 8553, 1895, -11275)
(-17, -49, -57, 4009, 14325, -24897)
(-83, 1, 46, 12110, -27140, -30703)
(-90, -66, 80, -22461, 27711, 30165)
(107, 77, 47, 17969, 18420, -32567)
(-55, -50, -78, 15035, 17616, -32567)
(90, -7, 109, 12437, 12914, -32567)
(112, 10, -3, -5928, 8312, -32567)
(-117, 66, -3, 6412, 7997, -28670)
(15, 98, 7, -12033, 1320, -23084)
(19, -110, -39, -4072, -4632, -21476)
(68, 42, -116, 4703, -7963, -21070)
(35, 53, -5, 15609, -19113, -18634)
(95, 50, 22, 22199, -14605, -14189)
(-32, -57, 53, 21209, -20664, -11711)
(88, -99, 82, 22793, -10664, -10145)
(30, -12, -42, -28595, -21042, 4768)
(-19, 41, -125, -19385, -12810, -1410)
(75, -108, 48, 2947, -19243, -30830)
(-29, 61, -57, -4476, -26206, 21089)
(-23, -55, -38, -10085, -21565, 9392)
(93, 16, 127, 13157, -18330, 8468)
(11, 89, -4, 25249, -13448, 5330)
(-5, -39, 55, 4505, -1945, 7834)
(-85, -100, -65, -1395, -2832, 273)
(-59, 91, 87, 9305, 96, 9213)
(14, -69, -48, 3745, 1933, 12629)
(-85, -87, -112, -6504, -2302, 13570)
(-24, -32, -82, -429, -1933, 14545)
(-41, -112, -125, -3737, 1258, 22679)
(117, 67, 127, 228, 5063, 22058)
(69, 56, 109, -6194, -3888, 28092)
(49, -28, -32, -2258, -1416, 29947)
(14, 62, -60, 3030, -2733, 31269)
(122, -42, 27, 19016, -2687, -32087)
(-19, 20, -49, 12889, 3401, 16269)
(-72, 56, 16, 11137, -383, -31547)
(56, -42, 90, 18547, 11036, 23285)
(28, 69, -64, 3144, 5303, 23522)
(33, -103, 92, 10814, 5494, 25827)
(123, 118, -79, 7470, 5779, 16545)
(74, -27, 46, 633, -856, 17700)
(-80, -43, 36, 4384, -3216, 6796)
(-106, 14, 17, 6140, -105, 3004)
(88, 4, -12, 7243, 3320, -5671)
(-97, 119, -36, 2604, 4156, -9355)
(10, 84, -31, -695, 2265, -12254)
(-102, -85, -39, 10847, 6352, -10618)
(-31, -1, 67, 8650, 5435, -10083)
(120, -55, -49, 9150, 6329, -4877)
(-84, -77, 35, 11231, 6605, 1038)
(-71, -102, -41, 11948, 6638, 2198)
(-105, -114, 102, 8547, 5766, 8154)
(17, -43, 8, 145, 6940, 7775)
(-115, 11, 17, 1607, 3893, 6287)
(-32, 85, 32, -4495, -8381, 3750)
(5, -102, 35, 98, 18620, -6993)
(-91, 15, -117, 30433, 18168, -10834)
(75, -127, 17, -27643, 25436, -21123)
(-27, 68, 22, 31948, 27841, -25303)
(111, -100, -94, 31948, 29016, 27925)
(-52, 0, -114, 31948, 17328, -32568)
(-2, -96, 108, 10994, 7379, -32568)
(-46, -101, -64, -3919, -6247, -32568)
(-96, 64, -5, 492, -4751, -32568)
(23, -52, -42, 2257, -552, -32568)
(-48, -63, 95, -4770, -3353, -23466)
(55, -27, -16, 5205, -3931, -17692)
(-113, -30, -62, 1587, -10757, -21645)
(-20, 126, -70, 19206, -18904, 2217)
(123, 109, 69, 22602, -10992, -22497)
(-91, -119, 28, 23474, -2936, -10498)
(71, 105, 71, 22902, -7836, -9321)
(50, 61, 99, -10207, -10814, 16430)
(-15, -71, 1, -6697, -16285, 24757)
(110, -61, 119, -15565, -23731, -25583)
(25, 21, 98, 22557, -30732, 21099)
(27, 71, 24, 31883, -4772, -25639)
(99, 43, -47, 1820, -15979, 1537)
(-22, 4, 66, -4406, -12850, 16830)
(33, -41, -111, 1848, -13244, 21832)
(60, 21, 70, 11420, -8543, 12930)
(-91, -4, -108, 2692, -4606, 9460)
(-51, 22, -85, 22596, -17040, 25233)
(38, 99, -117, 9981, -9652, 13087)
(122, 126, -107, -2954, 3948, 21377)
(16, 18, 48, 3277, 4020, 15561)
(-108, 63, -90, -1689, 9451, 22930)
(-87, -7, -82, 2072, 14283, 22146)
(-93, 96, 6, 237, 1819, 28453)
(14, -26, 87, -10062, 4584, 25234)
(114, -49, 99, 7141, 9459, 26620)
(39, 49, 65, 22132, 4780, 14100)
(-76, 125, 113, 14950, 8954, 31182)
(-118, 79, 58, 14528, 14315, 23921)
(103, -56, 33, 16510, 18233, 27867)
(95, -118, -74, 22935, 11930, 26599)
(-115, -92, 118, 1472, 15379, 29867)
(88, 7, -55, 9695, 5938, -31050)
(105, -50, 114, 3031, -9074, 14377)
(-48, -45, 108, 25555, -4173, -4283)
(-62, -15, 99, 20989, 4748, -3377)
(-22, 114, 125, 12201, 4780, -5745)
(92, 63, 56, 5825, 8050, -9167)
(-58, 105, 95, 3634, 1424, -9442)
(-106, -86, -75, 5008, -3735, -10906)
(56, 21, -49, -3723, -5230, -11441)
(-9, -90, 119, -3441, -4224, -12656)
(-32, 25, 74, 2211, -1544, -9350)
(67, -69, 26, 4651, -379, -2922)
(-20, -41, -27, 2181, 547, -634)
(-79, -12, -78, -323, 2418, 1831)
(-37, -19, -58, -3350, 1731, 5517)
(67, -25, -12, -242, 1624, 4801)
(86, 106, 30, 9389, 2901, -6429)
(-25, 72, -102, -20606, 16882, 20097)
(38, 82, -122, 5270, -24613, 32302)
(103, 93, -21, 26248, -32467, -32564)
(-94, -37, -108, 10347, 19768, -30798)
(48, -77, 102, 9458, 19674, 32384)
(-37, 28, 8, 8333, 14549, -32564)
(9, 10, -14, -7357, 21349, -32564)
(-114, 71, -123, 6141, 18369, -25638)
(-120, 69, 31, -9117, 12982, -26854)
(48, -49, 48, -13331, 12494, -18281)
(-66, -32, -111, 4504, 3702, -15482)
(-120, 59, -19, 1501, -3632, -8661)
(8, 34, -9, 2934, -8331, -8321)
(75, 90, 97, 10230, -12890, -9959)
(-103, -2, 77, 12992, -14702, -7346)
(-33, -113, -70, 24860, -23141, -5473)
(78, -39, -20, 15851, -14520, -16909)
(54, 32, 57, -30879, -17982, -2008)
(-48, -59, -66, 7766, -13048, -6042)
(-67, 82, -75, 31177, -23708, 20903)
(87, -12, 73, -25525, -21086, 6757)
(-111, 56, -103, 15759, 26421, -27836)
(-43, -12, 23, -14471, -25091, 7047)
(17, -58, 70, 19012, -5556, -12044)
(-113, -91, -63, 9720, -9472, -3312)
(51, 19, 1, 535, -3721, 1035)
(70, -118, 6, 8777, 286, 10095)
(46, 5, 103, 10294, -7939, 9760)
(-105, 87, 72, 17695, -12265, 15698)
(64, 82, -123, 9703, -16100, 12638)
(101, 127, 94, -1014, -386, 20692)
(-105, 0, -101, -9399, 2213, 23000)
(-27, -55, -85, -13924, -7098, 27161)
(98, 45, -52, -660, -4402, -32716)
(-3, -21, 105, 12809, -4317, 31122)
(-107, -71, -41, 8086, 5683, 26745)
(-1, 0, -118, 5515, 7264, 29377)
(-41, -10, -109, 16433, 14429, 18581)
(-108, -109, -116, 10224, 3454, -28510)
(-69, 56, 107, 5886, 7359, 32527)
(38, -46, 57, 20795, 6144, 32134)
(111, 89, -70, 6515, -1014, 28493)
(-59, -63, 89, 4981, -2977, 18296)
(-51, -88, -80, 8779, -448, 6839)
(-21, -114, 79, 5366, -4701, -6979)
(27, -111, 114, 9781, -34, -9071)
(-91, -15, 31, 4263, 1486, -6425)
(27, -112, -58, 7505, 8094, -13423)
(-55, 47, 46, 24853, 6429, -12511)
(-50, 76, 48, 32433, -384, -20407)
(73, 72, -125, 13641, 14950, -24657)
(-99, -128, 13, 3293, 7160, -26953)
(10, 31, 126, -432, 10113, -23453)
(92, 101, 111, 18349, 16308, 28746)
(27, 84, -45, 18936, 9766, -24480)
(85, 117, -89, -6481, 12715, 31401)
(23, -96, -5, 11142, 9570, -25894)
(-6, -18, -94, -2874, 15029, -30782)
(-90, -123, -22, -3136, 15060, -27253)
(109, 87, 87, -2864, 14471, -24535)
(91, -15, -50, -9683, 20210, -24148)
(-82, 106, -42, 229, 5099, -17713)
(122, 14, -118, 384, 10825, -6417)
(28, 87, -97, -3462, 6425, -10375)
(125, 79, -91, 3740, 777, -2729)
(-60, -103, 55, 3902, 2999, -3837)
(113, -27, -3, 3896, -1336, 1408)
(91, 86, 111, -1675, -10482, -276)
(-98, 107, 70, 1649, -12396, -218)
(-74, -83, -22, 728, -15280, -2260)
(67, -38, 113, 5060, -15157, -8045)
(87, -115, 16, 12417, -8491, -5910)
(-7, -59, -107, 13162, -13938, -4630)
(77, -44, -33, 12757, -15361, -2523)
(76, -68, -11, 10007, -16237, -3619)
(-14, -7, 63, -2442, -16520, -6285)
(-97, -22, 26, 9408, -6415, -8132)
(-111, 74, 120, 6096, -11159, -2558)
(50, -105, -18, 11093, -5900, -704)
(-29, -106, -7, 4518, -12839, -151)
(51, 63, -108, 4540, -9916, 4892)
(-107, -11, 65, 5658, -11909, 2725)
(-31, 116, -19, 3251, -16982, 7016)
(-27, 34, 65, 768, -12517, 8340)
(-87, -45, -112, 7461, -16208, 14140)
(66, 99, -93, -2559, -12140, 15329)
(-45, 109, 80, -8680, -16306, 13678)
(-49, -35, -67, 7722, -10451, -6576)
(88, 66, -112, -278, -6165, -5263)
(24, 29, -83, -794, -1062, 1311)
(54, 55, -94, -3689, 999, 1607)
(-122, 43, 78, 4880, -290, 3145)
(-49, 3, 107, 2881, -1916, 3375)
(-38, -23, -59, 1846, -12697, 4404)
(75, -34, -17, 7686, -4572, 14219)
(-125, -11, 93, -4327, 4399, 17323)
(33, -18, -118, -1182, -2959, 14100)
(-116, 30, 100, 4925, 3926, 16154)
(54, -22, 80, 5977, 3936, 22542)
(82, -118, -120, 24661, 5208, 29869)
(64, 9, -37, 3990, -2480, 30278)
(38, -2, 101, 7293, 4559, 30795)
(2, 45, 96, 10164, 2979, 19745)
(-57, -75, 90, 24573, 12281, 31266)
(54, 84, 9, 13529, 10705, 21252)
(32, 59, 88, 14949, 9784, 23677)
(-2, 88, -81, 17796, 7094, 24271)
(-17, -3, -3, -26064, 12303, 22554)
(58, -36, 7, 1545, 9713, 18487)
(-121, 47, -62, 2670, 11145, 18546)
(-119, 38, 114, 8436, 6093, 11381)
(-119, 73, -31, 3553, 96, 2482)
(17, 55, 50, -6678, -1839, -2154)
(32, 32, -28, -9597, -3454, -5053)
(-113, 49, 86, -12009, 113, -8510)
(6, -95, -13, -5842, -1514, -12336)
(106, -20, -57, 2439, -677, -14838)
(116, -46, -21, 2077, -3430, -14261)
(60, -25, 38, 2678, -1975, -16725)
(91, -16, 103, 9047, 1896, -19243)
(-18, 114, -37, 24892, 8677, -23454)
(-47, 115, -23, 926, 5027, -30744)
(74, 112, 59, 5390, 17020, -29407)
(88, 46, -80, 14961, 16856, -30747)
(26, 85, 67, -1673, 13852, -32183)
(72, 88, 91, -10497, 14317, -31361)
(-34, 32, -102, -7778, 20173, -26078)
(-22, -40, 33, -4510, 19660, -26392)
(79, -1, -86, -9341, 22910, -21147)
(25, 88, -51, -6258, 11297, -17869)
(-82, 20, 69, -28705, 4375, -8603)
(-106, -54, 16, 4535, 2838, 5717)
(-16, -48, -11, -3345, 4865, -3887)
(84, 64, -61, 816, -4922, 1843)
(59, -115, -34, 3128, -2237, -5491)
(-8, 119, 93, 17524, -8693, -11669)
(63, 1, 116, 16106, -18953, -16155)
(-119, -110, 0, 8573, -14513, -19618)
(111, 61, 71, 31764, -20743, -25307)
(-4, -118, -44, 8809, -24187, -17735)
(-62, 85, -12, 11408, 32687, -18231)
(-49, 92, 116, 8628, -28820, -2344)
(54, -85, -65, -5829, 30451, -2411)
(58, 26, 26, -15216, -29665, 10251)
(44, -112, -53, 6795, 10396, 1207)
(-96, -74, -35, -25493, 11945, -11623)
(89, -94, 14, -4142, -2622, -6961)
(15, 72, 74, 292, -11338, -531)
(1, -27, 19, 3993, -7488, 4177)
(-14, -85, 48, 14056, -12258, 9676)
(-120, 126, 20, 11952, -10902, 16932)
(-94, 10, 68, -1913, -18902, 24053)
(22, 73, -63, -1055, 358, -874)
(101, 91, 102, 2123, 1924, 6066)
(-76, 117, -18, 48, 1299, 10067)
(11, 33, -25, 7293, -9597, 26855)
(95, 83, -50, 15821, -6235, 27619)
(2, 70, -98, 11926, -6151, 21538)
(-4, -107, 101, 11741, 3902, 19859)
(-48, 0, 109, 18138, 276, 26225)
(-44, -3, -14, 20304, 1774, 20171)
(1, -95, 36, 6856, 2380, -30595)
(-93, 15, 66, 18067, 2923, 26968)
(26, 78, -109, 21231, 4466, -30723)
(-85, 22, 117, 19319, 5281, -32361)
(49, 75, 88, 16101, 9828, -32556)
(-17, 41, -55, 2198, -4828, 19373)
(13, -92, -87, -7592, -6488, -2715)
(21, 57, 70, 9703, -10463, -15871)
(-38, -76, -127, 12239, 1301, -7029)
(6, 97, 72, 1910, 10645, -9917)
(-91, -28, -76, 2480, 11116, -9231)
(-46, 88, 107, 1733, 4039, -7742)
(79, 43, -75, 13681, 978, -11099)
(-117, 88, 100, 20176, 6273, -14478)
(-30, -128, -68, 24794, 8848, -17644)
(-61, 76, -11, 29904, 19553, -18744)
(76, 48, 9, 12908, 18484, -17573)
(119, 19, 72, 20447, 17106, -11697)
(-18, -18, 2, 4712, 15643, -11087)
(85, -8, 126, 12541, 31803, -13134)
(-56, -69, -103, 23199, 24539, -16822)
(122, 59, -62, 5884, 22296, -19608)
(75, 70, -79, 1166, 22325, -18619)
(125, -22, -62, 4149, 12347, -15326)
(41, -105, 78, 4282, 14305, -11988)
(-126, 16, -3, 10304, 10026, -8979)
(43, -15, 26, -703, 9388, -7692)
(-118, 47, 123, 1787, 8189, -3771)
(-111, 13, 68, 3969, 3184, -5551)
(-30, -37, 21, -4675, -2336, -9704)
(-46, 56, 88, 6750, -2955, -12494)
(1, 77, -24, 5703, -9185, -15298)
(-6, -91, 121, 10127, -16939, -16514)
(11, -25, -17, 13052, -20910, -16392)
(31, 123, -49, 15803, -29111, -4133)
(-19, 18, -81, -24796, -29203, -1296)
(5, -47, -71, 88, -29715, -23591)
(24, 30, -85, 6897, 30518, -2532)
(-43, -120, -87, 13496, -22053, -6327)
(119, -122, -101, 9644, -27871, -4550)
(-58, 94, -68, -1118, -29870, 5403)
(69, -35, -19, -26340, 30430, 7758)
(126, -81, -30, -7569, -3774, 4904)
(-72, 10, 100, 19785, -15998, -11901)
(-50, 55, -122, 2832, -10158, -8219)
(100, 1, -52, -3271, 1845, -1662)
(-15, -62, -88, 4309, -6265, 2465)
(12, -36, 97, 5277, -9998, 8768)
(71, -106, 75, 944, -8185, 11484)
(-57, 8, 33, 1500, -5018, 9871)
(-50, 49, -95, 7073, -456, 15928)
(-118, -90, 103, 5346, 278, 16510)
(40, -74, -19, 6453, 1170, 16943)
(25, 20, 41, -1555, 3272, 20382)
(91, -64, -1, 2769, 787, 23496)
(-88, 3, 16, 8047, 4498, 23030)
(-13, 6, 11, 7157, 3360, 19838)
(21, 36, -42, 8398, 2975, 26536)
(-115, -87, -24, 23988, 4618, 18523)
(-126, 4, 108, 15176, 13407, 20879)
(-56, -74, -36, -2947, 1031, -30890)
(55, 48, 4, 4766, 8649, 25473)
(55, -108, -50, 16227, 16835, 27916)
(-11, 23, 32, 12091, 9512, 24200)
(-51, 61, -67, 9682, 5419, 22044)
(93, -19, -80, 7247, 7704, 14814)
(-108, 1, 56, 9247, 5855, 7866)
(-91, 76, 40, 15116, 4208, 5848)
(-86, 83, 115, 15916, 7279, -4947)
(-7, 12, 44, 4124, 2596, -9208)
(-38, 99, -70, 6508, 480, -11686)
(-122, -44, 65, 2755, -3040, -14800)
(-82, -5, -76, 18678, 7219, -18469)
(92, -65, 98, 13275, 9596, -20694)
(-7, 76, 49, 11694, 11572, -24097)
(-119, 108, 119, 12955, 12991, -21396)
(-9, -118, -100, 11969, 12796, -23745)
(35, 20, 12, 6857, 14265, -21844)
(64, -19, 23, 8381, 15871, -18706)
(-125, -5, 123, -1005, 16097, -16603)
(-34, 124, 112, 5219, 21260, -15819)
(81, 29, -79, 3620, 19924, -14842)
(81, -19, -31, 2230, 13577, -13777)
(89, -54, 127, 227, 7409, -10882)
(-32, -117, 112, 1918, 3421, -9693)
(109, -86, -109, -1438, 5031, -8731)
(112, -13, -108, 2208, 1118, -8176)
(126, 70, -102, 5294, 571, -9332)
(66, -83, -107, 2446, -10646, -2801)
(91, 96, -47, 1365, -10090, -9849)
(-31, -68, -53, 851, -18284, -4286)
(74, 95, 40, 1071, -16854, -6722)
(-53, 78, 86, 3673, -13114, -10093)
(-54, 76, -47, 9830, -16130, -9858)
(-64, 49, -50, 4830, -13615, -9759)
(114, -119, 66, 9596, -16917, -9560)
(82, 114, -108, 2755, -20135, -10344)
(-104, 117, 29, 7310, -11014, -11815)
(-9, 83, 98, 15933, -11973, -6355)
(-62, 123, -124, 6619, -15957, -6659)
(47, -110, 47, 12906, -11253, 244)
(-79, -111, -103, 8899, -15473, 1485)
(-119, -42, 11, 5868, -18626, 4993)
(79, -102, -3, 2572, -11583, 4505)
(25, -10, 15, 10695, -18028, 10265)
(-1, 3, 38, -4012, -9552, 8050)
(92, -75, 125, -4383, -22146, 3828)
(-57, 118, -68, -5174, -12862, -2607)
(39, 25, 113, 2887, -6955, 1008)
(126, -85, 20, 3489, -10476, 3011)
(-9, 107, -38, -3042, -7084, 7246)
(-59, 48, -72, -1178, -341, 6702)
(-40, 71, 83, -1390, -577, 8805)
(35, 53, -43, 3063, 4563, 13772)
(23, -13, 124, 9259, -2822, 11781)
(-63, -17, -92, -2342, 535, 20951)
(95, -122, -100, -1968, -2854, 20211)
(84, 92, -66, 6674, -2134, 22974)
(-24, -101, -76, 7059, 1134, 22512)
(-106, 43, -80, 3175, -2470, 26673)
(4, -1, -123, 8866, 8073, 19955)
(111, -21, 104, 16307, 2981, 23646)
(-63, -124, -34, 14932, 8005, 20629)
(-59, -128, 86, 7440, 2189, 22374)
(-21, 100, -33, 13743, 9948, 17024)
(-24, 122, -74, 10679, 6773, 15960)
(38, 110, -49, 7434, 586, 23816)
(98, 79, -6, 6854, -8076, 18075)
(26, -88, -49, -16534, -18716, 3637)
(-64, -91, -10, -2603, 26333, -2531)
(112, -110, 60, -25750, 14915, -15214)
(-83, 39, 24, 26225, 25918, 30358)
(-51, 105, 10, 27015, 31843, 30049)
(-125, -19, -72, 5419, -32306, -32556)
(29, 65, 1, 2547, 28628, -32556)
(81, 82, -55, -14964, 31108, -32556)
(124, -37, -24, -9975, 29720, -32556)
(30, -92, 102, -17797, 21468, -32556)
(-30, 26, -21, -19008, -2350, -9115)
(123, 106, -91, -18395, -32254, -21851)
(-39, 95, -66, -17605, 10476, -16058)
(75, 103, -53, 269, -14017, -16866)
(-117, -25, 123, -4521, -7895, -22683)
(-79, 41, 87, 14321, -6818, -26455)
(67, -11, 122, 19586, -14697, -19469)
(-46, -124, 71, 19823, -10193, -23069)
(-100, -40, -65, 8924, -15762, -10904)
(-7, 16, 47, -13957, -25022, -3241)
(-44, 2, 9, 32474, 28728, 6913)
(-19, 14, 72, -11705, -26826, 26032)
(10, 125, 106, -198, -13227, 20486)
(2, 86, -105, 2354, -3881, -22825)
(26, 38, -41, 17433, 3749, -19981)
(-45, 2, 30, 4421, -4726, 706)
(82, -89, -12, 7860, -5513, 4480)
(40, 103, 62, 13000, -7963, 10799)
(-9, -118, -17, 23417, 3620, 7115)
(59, 24, -114, 9942, -2671, 21171)
(-113, -81, -128, 9170, -7747, 14927)
(-91, 27, -84, -1760, 984, 13756)
(9, 85, -95, 4390, -19595, 24931)
(55, 35, 9, 19403, -4476, 20390)
(-3, 44, -89, 11931, -8224, 15069)
(127, -103, 53, 13397, 4154, 26457)
(-123, 97, 33, 8076, -6133, 22276)
(0, 87, -75, 17864, 6758, 28260)
(-52, -43, -25, 27724, 16045, 22496)
(82, -87, 41, 15708, 13966, 18477)
(-45, 77, -90, 12879, 16022, -29055)
(-125, 10, -85, -9838, -4605, 23233)
(125, -104, 20, -10126, -6313, 9449)
(117, -86, 71, 25516, 10419, -16934)
(41, -71, -1, 20666, 18070, -15360)
(-114, -115, 75, -2939, 10226, -11637)
(33, -24, 73, -375, 2191, -11536)
(3, 41, -80, 10550, -2005, -11708)
(118, -44, 76, 9439, 2451, -14492)
(-114, -117, -58, 9877, 3142, -16978)
(-94, -108, -128, 12516, 8532, -26844)
(-21, -6, -110, 13568, 12183, -29483)
(40, 26, -66, 11959, 21264, -30682)
(93, -98, -108, 12259, 16927, -29573)
(88, -104, -55, 11132, 17386, -28994)
(82, -123, -78, -4797, 15898, -27919)
(-78, -84, -122, 344, 12702, -27230)
(79, -34, -56, -6043, 14042, -32407)
(-89, -3, -112, -10201, 18071, -29290)
(46, 36, 74, -9412, 17602, -31912)
(-21, 75, 45, 5310, 24885, -22553)
(-42, 91, 30, 14754, 11766, 2481)
(-1, 8, -35, -220, -6132, -28621)
(24, 8, -63, 5324, -7266, 24032)
(-91, 124, -51, 10944, -10501, -21010)
(43, -47, -21, 8494, -9648, 830)
(12, -126, -98, 14413, -12150, 631)
(-57, -98, 3, 22204, -12877, -2730)
(93, 5, -116, -27090, -14394, 6301)
(-48, 58, 108, 12990, -14307, 10647)
(-108, -48, 3, 13315, -9893, 13475)
(-60, -27, 70, -8279, -15035, 20320)
(-79, 69, -93, -12915, -14749, 16807)
(-61, -90, 33, -27553, 24900, 27018)
(-127, 0, 46, 507, -27363, 18460)
(-123, -52, 94, 30335, -6267, -21736)
(120, -99, 58, -14516, -12451, -2723)
(-71, -81, 57, -1862, -18339, 6714)
(62, 23, -105, 7046, -17442, 5493)
(93, 31, -62, 8419, -1778, 7953)
(-51, -85, -15, 1903, -6537, 8197)
(54, 36, -117, 3163, -6273, 8891)
(86, 4, -106, 2581, -21215, 17580)
(76, 29, 8, 8058, -17822, 20142)
(96, 57, 32, 1796, -6592, 13799)
(50, 46, -18, -2706, -6121, 18591)
(75, -76, -111, 10869, -4375, 22584)
(-91, -113, 48, 11278, -9689, 30050)
(-127, -82, -65, 17326, -7777, 24035)
(-62, -66, 127, 13461, -378, 20714)
(-77, 99, 37, 21894, -1459, -27136)
(-26, -27, -20, 21980, 4953, -32552)
(-91, -66, 105, -199, 3462, -32552)
(-76, -29, 111, 4396, 5718, 26850)
(12, -104, -15, 12546, 5160, 19612)
(102, -86, 68, 2913, -4583, 7937)
(92, 37, -116, 8054, -2902, -619)
(68, -73, 10, 5161, -829, -1985)
(82, -17, 93, 5850, 4757, -8540)
(-15, 77, 93, 6025, 6487, -9406)
(-36, -74, -78, 10056, 5015, -7241)
(68, -1, 69, 1387, 3536, -10988)
(53, -42, 90, -4044, -2888, -16677)
(-57, 122, -1, 579, -5573, -13703)
(-22, -108, -103, -349, -10006, -23697)
(-63, 22, 62, 2848, -7705, 32520)
(-46, -3, 17, -1859, 7084, -30823)
(107, 0, 111, 26674, 17222, 31785)
(-14, -62, -42, 9644, 17231, -32553)
(23, -84, -73, 14482, 5190, -32553)
(-71, 18, -51, 8150, 8507, -32553)
(-47, 116, -63, -59, 9163, -31408)
(52, 36, -94, -928, 13428, -26524)
(6, -42, -115, -8800, 9060, -18371)
(-10, -31, 70, -8450, -146, -19900)
(-30, 69, -111, 151, 6203, -1775)
(92, 37, 75, 889, -1605, -9135)
(-101, 115, -50, 6344, -9808, -8662)
(-84, 94, 74, 4275, -3121, -4858)
(76, 75, -67, 13072, -13549, -4320)
(68, 39, -76, 9496, -10653, -10465)
(96, 68, 32, 17448, -12636, -9777)
(-49, 88, -118, 12732, -14686, -10218)
(85, 124, 122, 19044, -13033, -7052)
(12, 1, 7, 13003, -19339, -2828)
(-27, 8, 18, 16175, -12736, -3556)
(-14, 115, -91, 7093, -11876, -867)
(-119, -119, 50, 5878, -16113, -170)
(83, 19, 30, -1251, -24772, 5523)
(92, -101, 85, -8, -25723, 19377)
(-102, -36, -90, -1839, -31458, 25114)
(-121, -33, -46, 4116, 9794, 3655)
(118, 118, -32, 15992, -27929, -18742)
(-36, 57, -76, -4602, -17319, -7664)
(-25, 81, 39, -9083, -7484, -1655)
(-33, -40, 43, 16791, -8288, -3375)
(-69, -108, -90, 5443, 3619, 757)
(-37, -56, -29, 5156, -4866, 7047)
(-33, 100, -12, 2252, -11393, 11757)
(105, -15, 71, -3180, -2133, 13012)
(-16, 46, 12, 7836, -6789, 9314)
(28, -111, -122, 2628, -4951, 17300)
(-61, 119, 94, -5611, -5977, 18990)
(-94, -64, 17, 14690, -5992, 21735)
(77, 26, -64, 11806, -5742, 20336)
(-70, 72, 119, 4143, -6054, 21506)
(20, 87, -30, 338, -8770, 25557)
(-84, -70, 117, 8273, -8011, 21824)
(43, -19, -46, 14662, -5385, 23709)
(94, -116, -41, 366, -9573, 26784)
(121, 53, -111, 7119, -2656, 22156)
(-26, 29, 100, 11511, -964, 24275)
(110, 35, 7, 6605, -2974, 27207)
(30, -71, 99, 9153, -560, 21756)
(-76, -45, 50, 4175, -1404, 16910)
(104, -118, -28, 1690, 496, 8864)
(-99, 64, -74, -1836, 1212, 729)
(-109, -69, -113, 3802, 2510, -1941)
(-119, 65, 77, 1614, 3002, -4074)
(112, -5, 18, -1579, 2639, -6207)
(110, -10, 6, -3326, 1883, -6665)
(78, -2, 17, -5757, -23, -11060)
(-4, -20, 48, -6102, -580, -11346)
(-115, -120, 111, -4966, -212, -11935)
(107, 16, 125, -4802, -235, -13801)
(89, 71, -123, -6656, -1120, -11997)
(123, 10, -127, -9428, -2610, -8430)
(119, -9, 108, -7240, -2158, -5772)
(113, -11, 99, -3193, -634, -3563)
(87, -5, 104, -2492, -2685, -1607)
(63, 13, -124, -2709, -1680, 481)
(52, 87, -103, -3745, -432, 3423)
(46, -91, -101, -3143, -1230, 4553)
(57, 47, -56, -1935, -1418, 8534)
(102, -38, -7, -574, 748, 2605)
(-49, -16, -60, 13782, 10085, -6719)
(98, -122, -120, 11950, 16730, -24426)
(28, 102, -86, 13322, 28827, 30094)
(-74, -126, -109, 15425, 23550, -32107)
(-40, 94, 112, 4508, -28619, 32314)
(-81, 101, -80, 14503, 32477, -27750)
(-106, -119, 5, 9047, 25377, 31599)
(-54, 61, -39, 1215, 22237, -32621)
(121, -93, -22, -5426, 22887, -32550)
(115, 27, -117, 8437, 11594, -18660)
(35, -122, 105, -9516, 6355, -9440)
(-25, 8, 4, 4339, -4988, 7457)
(-58, 48, 11, 30505, -2679, -11109)
(-20, -122, -45, 20315, -10777, -12550)
(-100, 71, -67, 9285, -17463, -8146)
(-49, 16, -114, 23970, -14117, -4803)
(10, -21, -121, 20600, -22699, -3958)
(51, 81, 85, 23781, -28566, -521)
(-57, -97, -12, 16715, -21735, 9683)
(114, -48, 83, 3309, -17708, 6756)
(-69, 70, 76, 4172, -3582, 7748)
(116, -48, 58, -23526, -23562, 16855)
(-33, -118, -26, 20645, 25280, 3065)
(11, 45, -28, -24020, -1151, 10444)
(-84, -38, 5, 25921, -20598, -14150)
(-20, -123, -49, -1220, -10944, -6202)
(-122, -10, -100, 1720, -15173, -1084)
(104, 1, 80, -4570, -7299, 1254)
(-21, 110, -29, 2795, -14153, 3744)
(110, 65, 90, 2583, -10504, 4365)
(-121, 16, 12, 8518, -13222, 8260)
(-31, -12, -101, 4439, -8698, 9988)
(9, -109, 118, 343, -15735, 10045)
(69, 67, 28, 2283, -6616, 8072)
(-92, 46, -63, 9008, -6807, 12840)
(-100, 66, -86, 19172, -10719, 15673)
(122, -57, -51, 23470, -4722, 17888)
(106, -58, -119, 7594, -10425, 26932)
(3, 98, -5, -4371, -4269, 12811)
(-96, -122, -27, 3891, -9939, 24390)
(122, -75, 44, 15943, -7636, 20785)
(115, -116, 28, 6173, -7516, 19217)
(40, 93, -48, -1809, -12404, 27156)
(-128, -59, -104, -8722, -7243, 20997)
(41, -69, 35, -10199, -4032, 17433)
(-35, -110, -83, -2535, -3892, 10409)
(87, 122, -23, 6693, 3315, -1341)
(110, -107, 6, -2059, 4091, -4116)
(-117, -62, -41, -7531, -1513, -6665)
(-124, -25, -105, -1146, -290, -8044)
(67, 113, -107, -694, 2220, -10588)
(-55, -73, -96, 328, 3110, -11162)
(-44, -34, 123, 3185, 2743, -7896)
(87, -104, 28, 4645, 1900, -6658)
(-63, 76, -75, 853, 126, -5284)
(-121, 53, -64, 5978, 710, -8536)
(106, 105, 70, 11125, 11228, -17174)
(74, -28, 59, 7731, 11231, -22804)
(55, 61, -71, 8600, 18050, -26478)
(-11, -55, 8, 1401, 23003, -27046)
(101, 4, -21, 16168, 20953, -26732)
(27, -33, -21, 13584, 19457, -27938)
(57, -37, 89, 3575, 22363, 30450)
(-67, -92, 51, 9875, 11237, -29166)
(41, 101, -93, 5972, 7962, -25452)
(-7, 114, 6, 254, 825, -20485)
(-75, 19, -24, -331, -3681, -14005)
(33, 1, -87, 6871, -5032, -10729)
(-122, 49, -64, 6803, -19651, -13455)
(24, 106, -114, 5779, -10860, -15225)
(38, -62, 12, 30675, -16807, -9309)
(95, -29, -39, 31497, 31080, -10080)
(-1, 104, 108, 30353, 29970, 22724)
(56, -50, -85, -7314, -28101, -12795)
(18, -58, -14, 4264, -15037, 3183)
(-7, 35, -82, -1942, -17215, 10900)
(16, 26, -69, 28941, -27522, 18586)
(125, -48, 63, 28457, -25192, 28211)
(-52, -69, 21, 4965, 1126, -18445)
(-67, 26, -40, 13189, 5212, -26020)
(-44, -30, 11, 6604, -5887, -7779)
(-26, -19, 28, 6541, -2894, 5449)
(-82, -97, -44, 14909, -11643, 6017)
(-3, 101, 58, 18847, -9526, 9092)
(46, -46, 35, 9011, -1280, 5938)
(48, 8, 65, 11112, -4157, 8008)
(51, -17, 95, 6258, -3603, 11822)
(37, 102, 120, 10104, -1364, 12962)
(-74, 113, -79, 7760, 4196, 14326)
(-14, -56, 120, 4577, 2237, 21030)
(-126, -89, 50, 11060, 6538, 27352)
(-63, -14, 43, 4351, 1703, 26141)
(-48, 122, 11, -4059, 5231, 31316)
(17, 58, 65, -69, -470, 26512)
(-73, 114, 73, -2104, -4216, -29786)
(-7, 78, -123, -5427, -2740, -32678)
(119, 83, 73, 9371, 4659, 28054)
(-8, 93, 96, 13122, 25, 24160)
(-5, 85, -107, 2734, -6265, -30917)
(83, -7, 69, -4528, -8425, 18812)
(19, -15, -15, -2163, -10075, 11856)
(-87, -114, -31, 7089, 368, -3292)
(-26, 15, 97, 13926, 2448, -4089)
(55, 125, -106, 8025, 6194, -12660)
(-52, 7, -52, -12008, 4760, -11608)
(127, 111, -95, -26319, -2037, -10426)
(-78, -26, -48, -12708, -5034, -8151)
(106, -66, -111, 6018, 82, -8731)
(8, 13, -23, -246, 1081, -9080)
(86, 29, -44, 5094, 4210, -9643)
(11, -1, -53, 740, 4079, -5895)
(-2, -83, -74, 3522, 6992, 573)
(101, 86, 117, 10033, 6092, 4961)
(9, -111, 23, 10562, 5478, 3279)
(33, -53, -126, 6477, 8797, -4274)
(73, -121, -25, 6625, 9579, -9670)
(-45, 93, -42, 21008, 26096, -19420)
(55, -77, -34, 6527, 24457, -22415)
(48, -18, -20, 15478, 10986, -24687)
(-123, 124, -124, 7673, 19542, -30456)
(-50, -67, 76, 16097, 17816, -28326)
(-113, -29, -31, 5548, 17607, 32057)
(-20, -38, -6, 1817, 14494, -32560)
(10, -117, -41, -1252, 17759, -27362)
(-97, -13, 58, -4137, 6671, -21035)
(-102, 73, 110, -6889, -2204, -10184)
(-117, 62, 53, -5696, 4518, -6542)
(41, 66, 94, 9874, -7132, -6964)
(67, 84, -92, 1714, -6172, -10508)
(53, 70, -72, 4397, -7590, -12927)
(50, 97, -80, 10664, -11267, -16203)
(115, 90, -88, 13884, -12731, -15949)
(-93, -25, 64, 12669, -19790, -23441)
(-47, -57, -52, 22043, -18019, -15782)
(10, 67, 52, 25522, -19635, -1499)
(-117, 31, 10, 1902, -22918, -2129)
(98, 92, -15, 2147, 32194, -2267)
(-62, 58, -77, 19924, -27204, 22356)
(-74, 120, -116, -20817, -11361, -31275)
(27, -98, 5, 4798, -22336, -1904)
(109, -73, 53, 5939, 11922, -18073)
(97, -96, -50, 8856, -308, 433)
(-73, 55, 121, 160, -5604, 10364)
(96, -18, -55, 8824, -11071, 10476)
(-67, -127, -32, 9374, -8878, 9841)
(51, 52, 84, -1650, -7973, 10672)
(-95, 15, -109, 4041, -3882, 13972)
(123, 95, 99, -4515, -4145, 18511)
(-102, 95, -1, 1201, -2929, 12134)
(40, -76, -15, -6333, -4096, 17774)
(37, -119, -26, 1944, -2263, 20984)
(97, 30, -37, 15204, -4756, 21145)
(-74, 54, -1, 14176, -2267, 23070)
(53, -98, -111, 10911, -4693, 23651)
(48, -114, -53, -5043, -3046, 25781)
(52, 99, -79, 1561, 3256, 21785)
(2, -16, 11, 9630, -6029, 26949)
(91, 10, 79, 1357, -6240, 30077)
(29, -95, -112, 2583, -5130, 23571)
(41, 94, -4, 8222, -3143, 20876)
(104, 54, -100, 21026, -2597, 17529)
(83, -107, 116, 19665, 1244, 15549)
(20, -12, 111, 16561, 6440, 10804)
(-51, 116, -113, 8228, 5724, 6879)
(-81, -97, -113, 581, 2255, 52)
(-54, 56, 103, 4769, 2560, -6945)
(64, -97, -93, 6402, 1459, -8103)
(-24, 9, 44, 5373, 898, -8582)
(86, 35, 113, -845, -1910, -8012)
(0, 99, 88, -3332, -5099, -8357)
(78, -45, 23, -5496, -5682, -10268)
(-95, 63, -72, 4481, -4002, -20864)
(-90, -20, -36, 20935, -829, -28611)
(-12, 38, 8, 7042, 3036, 29439)
(101, -11, -65, 2196, 11021, -32657)
(-113, 117, 93, 9770, 14295, -32546)
(-20, -79, -120, 721, 13614, -32546)
(-106, -31, 2, 2834, 21661, -32546)
(-118, 65, 101, 10843, 24105, -32546)
(35, -73, 112, -725, 17890, -32546)
(18, -64, 63, 9954, 2452, -13172)
(-18, 18, -90, -14467, -849, -8894)
(-25, 119, -89, -6374, -3894, -4411)
(-99, -100, -103, 7943, -6689, -4236)
(-14, -114, 80, 5972, -11543, -7350)
(-55, 29, -52, 2471, -12363, -12519)
(70, 89, -79, 9650, -13818, -11831)
(-24, -54, 59, 21206, -18627, -13988)
(49, 67, -124, 16490, -20248, -17155)
(81, -15, -112, 22706, -18756, -9116)
(-34, 26, 40, 25005, 32085, 9256)
(-103, 51, -56, -6380, -24256, -13641)
(121, 57, 82, -11485, -23062, 10623)
(-104, -124, -27, -2382, -20748, 18703)
(-100, -1, -89, -11812, -28117, 20370)
(64, 75, 96, 12756, 4510, -12113)
(-37, 82, 11, 27890, -10931, -23436)
(-77, 29, -76, -918, -882, -5384)
(-33, 78, -85, 2119, -3649, 687)
(-100, -26, -11, 1579, -8012, 10947)
(-69, -69, 22, 11434, -11899, 10848)
(38, -47, -120, -1144, -10869, 7187)
(-75, -15, -59, 449, -8015, 7972)
(-91, 0, 0, 6302, -6243, 9780)
(-79, 25, -5, 9541, -5110, 14599)
(13, 23, -41, 11407, -1552, 11710)
(-20, 1, -111, 12813, -1068, 12413)
(-95, -116, 123, -2069, 3934, 25770)
(112, 100, -51, 20479, 908, 25468)
(-23, -32, -29, 8556, -892, 31829)
(102, 54, 30, 6007, -3919, 28024)
(-7, -68, -121, 7432, -3199, -30264)
(-116, 1, 78, 10569, 2617, -32544)
(95, 86, 62, 4364, 943, -32544)
(-128, -91, -126, 4197, 3494, -32544)
(-50, -19, -79, 7578, 1549, 30710)
(36, -26, -89, 4005, -1316, 19799)
(-63, 108, -123, 5420, -1589, 2226)
(-75, 98, 101, 12816, 3257, 371)
(-71, -29, 91, 5783, 4054, -6777)
(15, -88, 81, -2586, 1616, -7919)
(-127, 49, 46, 2675, 691, -11283)
(9, -8, 93, 1189, 1849, -12794)
(-13, 101, 104, -3873, 39, -13834)
(21, -12, 57, -2886, -2033, -14720)
(-83, -81, 34, -2213, -4933, -13371)
(-2, 118, 55, 1528, -1905, -10712)
(126, -39, 96, -709, 708, -714)
(-117, 14, 119, -6694, 731, 2927)
(-104, -126, -122, -7102, 38, 5242)
(-33, 16, -52, -4073, 4080, 3268)
(21, 92, -3, 2263, 9646, -874)
(84, -58, -46, 13942, 15778, -14653)
(56, -52, -88, 21635, 13368, -15268)
(-86, -93, 54, 14645, 24129, -30828)
(123, -93, 113, 8535, 12875, 29517)
(-34, 111, 105, 1260, 21168, -32644)
(117, -17, -93, 7329, 14865, -32546)
(-118, 107, 32, 5214, 13388, -32546)
(-7, -50, 83, 2609, 13769, -32546)
(106, -27, -117, 4869, 17710, -25551)
(58, 121, 26, 2435, 13364, -24257)
(39, -43, -119, -4312, 5527, -10017)
(-15, 91, -70, 4898, -7505, -5785)
(114, 12, 42, -1728, -1595, -14126)
(79, -35, 43, 17434, -7571, -1429)
(114, 124, -89, 18140, -16388, 4040)
(-43, -85, 47, 22235, -17347, -2476)
(123, 62, -19, 14681, -10285, -5639)
(33, 105, 79, 25264, -20064, -3452)
(-14, -13, 34, 24540, -17276, -1818)
(79, 87, -23, 22353, -27643, 13386)
(70, -97, -22, -6483, 29125, -15123)
(-34, 109, -45, -6860, -19371, 15188)
(81, -89, 65, -4768, -29993, 10624)
(105, -111, 11, 11260, -28081, 27899)
(95, 33, -17, -4622, 4082, -5469)
(15, -22, -126, 3394, -8536, -11202)
(121, 32, -24, 2596, -12745, -5501)
(13, -62, -85, -3482, -1464, 1470)
(112, 25, 24, 7510, -4186, -2648)
(30, -59, -105, 9247, -793, -2905)
(50, -78, -126, 1539, -1418, 968)
(-5, 87, 12, 9636, -7449, 1872)
(-98, -70, 3, 1409, -4853, 8895)
(41, 120, -7, 6319, -7594, 10479)
(100, 108, 102, 1200, -1412, 11567)
(-115, 108, 34, 460, 1517, 4411)
(80, -63, -44, 16479, -13595, 2098)
(14, -83, -4, 9833, -11736, 4064)
(-29, 60, -108, -1033, -5887, 3031)
(5, -116, 3, 12692, -15405, 10635)
(-50, 49, 111, 19226, -11896, 5232)
(-43, 14, -80, 20386, -7162, 8386)
(-109, 4, 92, 14709, -7245, 10417)
(-89, -36, -1, 6199, -5601, 15387)
(-95, 83, -10, 443, -6588, 17634)
(38, -13, -126, -9756, -2186, 20775)
(-51, -104, 59, 14189, 8744, 20360)
(-115, 27, 47, 3958, 10500, 19025)
(-71, -52, 49, -2616, 1415, 31707)
(107, -5, 45, -504, 6038, 27178)
(13, -111, -6, 3805, 6687, 29187)
(-87, 49, -9, 4467, 9379, 24786)
(6, -10, -3, -2129, 8741, 20147)
(-30, 21, -29, -3966, 7877, 14406)
(-73, -101, -53, 2309, 4354, 4007)
(-123, -1, -15, 6012, 2388, 6504)
(36, 100, 96, 5651, 3430, 4040)
(2, 84, -106, 1307, 2915, 913)
(-8, 50, -66, 2825, 2766, -819)
(13, 34, -36, 2423, 1878, -2737)
(67, 94, -11, -4037, -2881, -6150)
(-125, 99, -59, -1284, -2038, -6633)
(-20, -65, -84, -4102, -2997, -8484)
(22, 33, 122, -3410, -3616, -9644)
(5, -65, 67, -1583, -3029, -10031)
(-72, -23, 69, 370, -2337, -9517)
(72, -11, 97, -513, -2396, -4225)
(15, -34, 122, -3330, -398, 662)
(-16, 58, -95, -6382, 2424, 3928)
(43, -103, -100, -4857, 2691, 3356)
(32, 107, -93, -9401, -5999, -2093)
(-55, -60, 17, -5663, -1185, -5940)
(96, -1, 73, 9873, 4346, -12573)
(-33, -47, -53, 14074, -142, -19715)
(62, -11, -64, 10793, 6885, 30216)
(-90, -1, -34, 4548, 22837, 31225)
(60, 2, -94, 19776, 25580, -32545)
(-53, 49, 8, 10448, 16915, -32545)
(90, 44, 105, -9428, 28265, -32545)
(103, 26, -108, 7539, 19536, -32545)
(-88, 1, 48, -17019, 24121, -32545)
(-128, 56, -20, -794, 8309, -32545)
(36, -78, 43, -11144, 11609, -21524)
(-64, 104, 18, -7736, -5309, -8579)
(-34, -10, 10, 4546, -1469, -13088)
(3, 67, 77, 6220, -6832, -3759)
(-88, 108, -21, 6956, -3947, -4859)
(-74, -77, 73, 15211, -10889, -3761)
(69, 103, -51, 19045, -15573, -7209)
(-40, 119, 65, 18366, -12016, -6855)
(-20, 16, 99, 21668, -18866, -810)
(-34, 10, 124, 20513, -18877, 7807)
(0, 23, -24, -7193, -16251, 1047)
(84, -97, -56, 5346, -30891, 23736)
(16, 0, 88, -16966, -16926, 28326)
(-99, 29, -94, 30299, -20622, 24187)
(-29, 81, -78, 31221, -1392, -32070)
(-38, 107, -105, -1509, 1400, -13368)
(12, -85, 42, -4095, -7150, 5458)
(57, 98, -65, 6865, -6860, 8887)
(-88, -88, -32, 6266, -16323, 15902)
(99, -49, 82, 9790, -8856, 10843)
(95, 124, 84, -1954, -1970, 17651)
(28, -56, 108, -2678, -12065, 17428)
(-24, 1, -53, -2494, -7259, 16260)
(46, 73, 6, 34, -1163, 18090)
(-78, 24, 24, 7064, -10600, 26631)
(123, 121, -94, 14425, -6769, 19373)
(33, 3, 31, 15070, -7386, 27470)
(97, -99, 66, 8122, -3353, 13055)
(39, -83, -24, 11720, -2929, -30369)
(57, -39, 110, 19320, -2904, 29784)
(-121, -32, -78, 24687, -380, 29567)
(22, -32, -89, 19664, 5629, 24353)
(76, -126, -96, 426, 3934, 27549)
(25, -69, -17, 696, -1244, 16860)
(21, 108, 27, 17021, 1851, 5060)
(-15, -71, -103, 16459, 5398, 353)
(-23, -77, -110, 19513, 6879, -5064)
(14, -90, 98, 17948, 6762, -6013)
(20, 80, 82, 8248, 3735, -9019)
(66, -64, 89, 1838, 2993, -16358)
(-7, 81, -81, 28400, 6077, -32549)
(-106, 68, 124, 25663, 4853, 29813)
(-96, -43, 50, -2603, 10146, -32542)
(20, -123, 21, 20168, 25424, -32542)
(20, -76, 92, 6826, -28611, -32542)
(25, -122, 55, 14234, 23955, -32542)
(25, -102, -83, -3882, 11639, -32542)
(-113, -27, -74, -13275, 15990, -32542)
(-27, -87, 57, -4560, 11072, -12322)
(-117, -112, -117, -2429, 2764, -2158)
(64, -25, -82, -15907, 2812, -7173)
(6, -95, -40, -1239, 3947, -746)
(100, 62, 32, 776, -1531, -2076)
(79, 84, 63, 780, 1460, 1298)
(-24, -126, 25, 6872, 436, 764)
(106, 102, 56, 6819, -5428, -1395)
(102, 9, 15, 25422, -16734, 2037)
(-105, 48, 10, 1741, -14121, -20724)
(50, 44, -52, 30152, -3531, -28165)
(100, -98, -33, -28902, -30048, 29321)
(14, -79, 48, 9296, -11250, -7239)
(22, -12, -87, 11414, -15805, 22983)
(-69, -48, -87, -15506, -4710, 35)
(78, 12, -77, -8619, 20108, -18558)
(75, -59, -46, 19025, -15721, 21640)
(60, -128, 101, -815, 16995, 29082)
(-98, 87, 88, -25147, 5050, -9258)
(4, -78, 6, -34, -13801, 12404)
(-37, 96, 3, -367, -8365, 2138)
(121, -57, 60, 7910, -7969, 9840)
(-83, -125, 75, 12550, -7724, 5063)
(-50, -100, -82, 5964, -344, 3311)
(30, -39, 81, 9211, 4335, 6009)
(69, 29, 21, 20274, -5364, 13526)
(98, -1, -3, 24197, 17724, 16686)
(1, -32, -5, 13874, 4056, 19941)
(122, -117, -103, -29854, 9259, 22386)
(-87, -98, -2, 12088, 10734, 14941)
(51, -49, 6, 30697, 7386, 11940)
(63, -99, 49, 3049, 11094, 2182)
(-42, 85, 15, 24129, 8048, 5092)
(-57, 99, -121, 12287, 16310, -452)
(121, 117, 20, 9015, 11794, 12031)
(103, 71, -64, -12087, 6904, 9667)
(-118, -85, 30, 2747, 13065, 1867)
(95, 15, -74, -2904, 20761, -207)
(-51, 58, 62, -25422, 11960, -682)
(70, -96, -66, -5542, 15904, -3869)
(-92, -61, -17, -2577, 19147, -162)
(93, -68, 13, 2242, 11194, -382)
(-26, 6, 90, -17536, 11879, -1234)
(85, 78, -35, -27103, 11661, 2637)
(23, 14, -119, 20703, 19068, 3133)
(-22, 8, -116, -20817, 1408, -971)
(79, 78, 126, 9487, 4266, 8014)
(93, 96, 118, -2649, -1667, 6580)
(87, -100, 96, -2595, 11752, 11555)
(20, 10, 76, -19839, 6196, 11447)
(62, 101, -65, 921, 8475, 21899)
(-69, -37, 24, -5031, 13912, 12497)
(92, 91, -107, -6050, 15805, 16567)
(17, 119, -75, 4609, 15381, 16023)
(36, 116, 15, -2390, 10845, 7497)
(-110, -123, -29, -1266, 15636, 16019)
(-60, -12, 99, 4632, 8483, 8997)
(52, 71, 18, -24967, 14252, -11253)
(-83, 98, 126, -2166, -2633, -7837)
(-22, -11, 13, 26732, -3876, 25332)
(0, -92, -34, -31271, 10866, 31219)
(-6, -12, -80, 28449, 1154, -32539)
(-102, 82, 75, 18934, -3974, -32539)
(87, -105, -49, 6098, -5723, -32539)
(-15, 32, 102, 15270, -14854, -32539)
(118, -106, -24, -18123, 1313, -32539)
(13, -96, 76, 4523, -5934, -27503)
(60, 109, -24, -1626, 3870, -21069)
(24, 110, -105, 3290, 400, -4732)
(-112, -48, -109, -4046, 5305, -10110)
(-60, -52, 28, 5546, -4741, 7071)
(-68, 107, 15, 14377, -3529, -793)
(111, 81, 30, 4001, -2547, 2939)
(80, 74, -92, 11077, -11928, 1519)
(-94, -14, -128, 2865, -9308, 4061)
(-63, -5, 64, 14924, -19530, 8455)
(-77, -35, -40, 3787, -24157, 27401)
(13, 105, -31, -27050, -16917, -9460)
(126, 27, -96, -20766, -31199, 26064)
(50, 127, 77, -12553, 29415, 18253)
(-23, 31, 10, -31485, -7455, 13923)
(100, -9, -49, 14826, 8869, -1555)
(50, 15, 58, -25405, 5162, -7698)
(-76, -3, 64, -2177, -13552, -2752)
(92, -58, -52, -6606, -553, -526)
(-117, 27, 51, 3528, 2428, 5860)
(-60, 50, -87, 2939, -5831, 11636)
(-107, -15, 99, 1700, -8659, 11092)
(-72, -3, 106, 6669, 4103, 8399)
(-5, 115, 97, 7181, 4190, 9937)
(12, 25, 84, 279, 3250, 14540)
(-107, -103, 24, -5967, -5529, 29303)
(-56, -111, 20, -7061, 2521, -32408)
(115, -113, -13, 5338, -5868, -31051)
(-7, 91, 61, -6059, -1752, -32535)
(0, 57, 54, 3491, 4691, -32535)
(-80, 72, 83, 14622, 4169, -32535)
(-115, -82, -40, 4398, 7021, 25622)
(-89, -17, 85, 16406, 8291, -30076)
(106, -42, -74, 20153, 9426, 32404)
(16, -30, -23, 13437, 3206, 21239)
(39, -120, 70, 10075, 4190, 4678)
(-84, -62, -58, 10799, 3738, -3824)
(-13, 0, 83, 13228, 3069, -6139)
(105, 113, -97, 12732, 973, -11247)
(23, 111, -105, 20952, 9335, -18968)
(59, -111, 95, 6093, 14312, -9548)
(1, 92, 118, 17249, 15842, -1487)
(38, -51, -2, 15149, 13865, 9673)
(54, 42, -69, 10479, 8666, 16421)
(-88, -121, 26, 11027, 6994, 10800)
(20, -116, 53, 20247, 27527, -2654)
(11, -105, -44, 31900, -32614, 5887)
(-49, 98, 78, -32574, 24812, -4303)
(-118, 36, -87, 31292, 15574, 1045)
(124, 54, 69, 22377, 4682, -11839)
(-60, -88, -76, 24458, 13133, -6884)
(102, -106, -56, 9688, 9434, -8874)
(46, 108, -78, 12240, -6373, -9971)
(105, -102, -118, 6964, -3963, -14529)
(-28, 53, 115, 19645, -5143, -15173)
(-101, -80, 88, 9857, -5080, -18237)
(98, -12, -6, 12016, -13589, -20579)
(-56, 91, -68, 6232, -15184, -22632)
(91, -79, -33, 9007, -22982, -22231)
(-110, -72, 126, 7595, -28948, -22909)
(-9, 113, 12, 11695, -19310, -19332)
(-115, -16, -70, 21747, -23930, -21601)
(-43, 101, -53, 29716, -31357, -12469)
(-26, -79, -47, 21035, -27064, -9346)
(118, -80, -15, 19757, -26991, -8572)
(113, -124, -95, 18689, -26251, -2732)
(60, -102, -12, 4551, -28950, 3604)
(117, -36, -52, -4186, 30121, 2347)
(106, -65, 73, -15770, -24637, 17814)
(59, -114, 120, -556, -30184, 23441)
(-40, -71, -26, 27963, 5582, -413)
(8, 76, -95, 9506, -6040, -1688)
(-5, 104, -81, -10475, -8420, 1490)
(13, -70, 117, -771, -8315, 4279)
(62, 119, -30, 8650, -14251, 2546)
(28, 63, -121, 385, -3293, 4283)
(-8, -84, 59, 5929, -3914, 10024)
(-93, 106, -30, 5732, -2512, 15030)
(93, 44, -91, -2169, -4371, 3614)
(79, -28, 78, -7777, -18649, 10659)
(87, 68, -118, 12146, -11903, 8103)
(-40, 126, 87, 4010, -12922, 9984)
(-10, 15, -26, 21231, -8094, 9342)
(-20, -94, -34, 19375, -1911, 12112)
(103, -85, 102, 17950, -484, 20581)
(85, -42, 31, 4301, -1577, 25933)
(7, -104, 91, 10006, 9222, 26810)
(-22, -100, 43, 3105, 10937, 23250)
(53, 21, 27, -9683, 8542, 26819)
(68, -82, -11, 24288, 14857, 32458)
(-31, -24, 23, 11456, 9587, 23932)
(-47, -27, -24, 12369, 7564, 27980)
(-85, -50, -18, 93, 2177, 19887)
(13, 111, -30, -1499, 2178, 7147)
(56, 18, -52, 6973, 4013, 1725)
(-93, -81, -36, 16532, 11691, -4071)
(85, -111, 93, 21923, 14461, -6789)
(14, 62, -99, 24347, 9990, -9514)
(-37, 57, -14, 18887, 12145, -22399)
(67, -25, -4, 18660, 18604, -28668)
(-60, -96, 18, 15825, 24662, 29223)
(63, 16, 110, 5439, -29912, -32534)
(74, -89, -43, -976, 28614, -32534)
(83, 54, -22, -5015, -31536, -32534)
(7, -117, 40, 2076, 32475, -32534)
(9, -111, -29, -11296, 32475, -32534)
(22, -62, 15, 2203, 30013, -20189)
(62, 71, -62, 11400, 18292, -12023)
(49, 54, -128, -737, 29660, -17951)
(-50, -46, -107, 4939, -5448, -4378)
(-2, -122, 58, -15574, 6939, -9039)
(101, 60, 106, -1412, -172, 6708)
(-59, -55, -127, 8899, -7180, -3174)
(35, -19, -91, 249, -7252, 1834)
(95, -53, -75, 9899, -14546, 2811)
(45, 77, -53, 14094, -8829, -6762)
(-90, 53, 124, 7825, -15753, -6602)
(125, -115, 1, 21633, -19463, 1318)
(6, 65, 19, 11763, -24540, -4131)
(-6, 5, 38, -10327, -19693, 7472)
(31, 28, 99, -942, -29245, 5930)
(41, 59, 93, -14690, 29108, 12472)
(96, 101, 95, -20745, 32470, 21763)
(-27, 33, -94, 1788, -3307, -5192)
(-55, -34, 81, -22703, -5701, -15896)
(21, -123, 58, -3606, -5235, -2530)
(-118, 16, -30, -5334, -5517, 2015)
(125, 64, -27, -833, -3544, 7918)
(-18, -47, -125, 4310, -5863, 6307)
(66, 13, -101, 8798, -8829, 5991)
(112, -40, 84, 4370, -4049, 8077)
(-16, -60, -22, 3281, -3838, 11173)
(15, -101, -9, -2209, -3119, 17785)
(-82, 57, 16, 2854, 29, 12819)
(-52, -73, -20, 10363, 7089, 16341)
(0, 40, 70, 14888, 10161, 28320)
(-5, 29, -77, 18365, 16988, 26727)
(127, -82, -71, 14072, 13784, 25667)
(46, 83, 30, 4533, 11649, -31116)
(-113, 96, -40, -10236, -1857, 32438)
(-3, 60, -92, -5435, 867, -32094)
(96, 88, -40, -950, 685, -32530)
(119, -109, -19, 13790, 8490, -32530)
(5, -32, -42, 14981, 5952, 30649)
(-118, -60, 62, 5375, 244, 32081)
(100, -76, -8, 585, -4519, 24296)
(-127, -100, -43, 9825, -3852, 10475)
(-27, 71, -55, 22776, 546, -3418)
(-70, 63, 15, 23183, 5444, -3069)
(-23, 87, 127, 16099, 5562, -5852)
(-2, 80, -59, 10348, 4769, -8279)
(-25, 23, -56, 4197, 805, -8977)
(-10, -44, -52, 4886, -520, -14487)
(-57, 85, -67, 5527, -3501, -21025)
(86, -26, 116, 20593, -7844, -26021)
(-110, 29, 20, 10613, 4823, 29519)
(118, -57, -32, 6558, 12591, 32643)
(119, 52, 29, 11682, 6640, -32533)
(123, -46, -78, 3566, 21953, -32533)
(45, 111, -63, -4392, 17751, -32533)
(40, 25, -32, -6740, 20874, -32533)
(-78, -111, -8, -6509, 15504, -32533)
(-31, 41, 47, -15079, 18758, -32533)
(-105, 51, 14, -6615, 19442, -26533)
(110, -12, -47, -2649, 18455, -18594)
(-14, 56, 69, 5900, 988, 16436)
(-96, -66, -122, 25758, 27124, -11162)
(3, 123, 117, -21105, 19155, -2821)
(-91, -91, 26, 4350, -2262, -736)
(-101, 58, -47, 11342, -5010, -2590)
(50, 10, 24, 9725, -13632, -5307)
(45, -37, 37, 13524, -10253, -4264)
(118, -46, 18, 20958, -19104, -5283)
(-126, -99, -74, 20015, -18900, 3639)
(-109, -126, 117, 16725, -23796, -3095)
(-123, -13, -127, 2918, -12574, 4289)
(-92, 118, 4, 2554, -19766, 4580)
(117, -117, -112, 10612, -21709, 180)
(-79, -97, 100, -11703, -32392, 23158)
(51, -61, -78, -26309, 30171, 26286)
(-127, 117, -60, -22508, -16975, -3390)
(72, 105, -31, 8153, 5031, -13734)
(-62, 67, -9, 7877, -7690, -6540)
(42, 38, -18, 22318, -10494, 1765)
(117, 101, 108, 5041, -4350, 9622)
(72, 91, 75, 5562, -7645, 5496)
(-35, 106, -41, 15297, -6618, 15492)
(-15, -69, -45, 6708, 6032, 12052)
(127, -42, 115, -538, 3903, 15154)
(-71, 57, 20, -189, -1625, 20849)
(74, 76, -28, -2027, -2450, 22247)
(14, -105, -50, 339, -3835, 24534)
(35, -43, -122, 16883, -4298, 25488)
(-124, 102, 123, 17135, -6017, 25835)
(108, -126, 9, 20181, 3612, 23862)
(-6, -59, -33, 24527, 7460, 21498)
(12, -33, 86, 14281, 6691, 16905)
(23, -89, 17, 13819, 10663, 31594)
(-18, 80, -9, 16286, 6733, -29690)
(-31, -8, 20, 6064, 3154, -32533)
(-28, 50, -85, -2561, -1492, 30139)
(103, -79, -125, 4033, -4905, 22893)
(22, 0, 82, 1212, -4173, 6585)
(-74, -22, 51, 13236, 4998, -1540)
(-10, 68, 60, 10454, 12605, -8505)
(54, -35, -43, -12230, 3389, -7292)
(34, 116, -67, -2827, -316, -3284)
(-24, 89, -52, 1340, 2902, -12376)
(93, -43, -22, 1912, 4243, -13856)
(-74, -91, -90, 4986, 3396, -13086)
(-5, 17, 90, -75, 1460, -10360)
(-70, -80, 99, 1076, -651, -9365)
(120, 31, 83, 13269, -646, -10324)
(-53, -50, 13, 13104, -259, -16210)
(-21, 100, -8, -277, 23484, 28373)
(49, 36, -67, -15398, 15576, 31491)
(12, -41, 93, 17049, 27291, -32071)
(91, 97, 48, -1021, -28521, -32689)
(-19, 5, 113, 7866, 32472, -30697)
(-123, -98, 125, 12186, 18949, -28002)
(94, 29, 6, -17616, 29972, -22474)
(22, -34, 82, 8171, 8153, -11302)
(109, -56, -81, -8792, 10740, -5009)
(-89, -86, -12, -3197, 7992, -6471)
(-74, 114, 87, 3203, -141, -3982)
(-61, 125, -110, 626, 574, -1630)
(-83, 106, 68, 3519, 2005, -1201)
(72, -2, 36, 13361, -8310, -3774)
(-95, -35, -40, 11028, -16952, -10379)
(88, 20, -22, 13808, -9930, -17314)
(41, 55, -80, 26804, -16254, -16956)
(-32, -76, 51, 23882, -23434, -7767)
(84, -8, -36, 10332, -24445, -5867)
(113, -34, -57, 18386, -22275, -9148)
(31, -96, -121, 8632, 27213, 2293)
(50, -46, -60, 14428, 32469, 7577)
(9, -14, 59, -20147, -27881, 11891)
(9, -44, -127, -16267, -20540, 10031)
(100, -66, 91, 20342, 9662, -2752)
(22, -64, -18, 21465, -466, -1418)
(4, -1, 10, -1977, -16989, 4610)
(106, 60, 106, -2836, -10507, 5433)
(-22, -80, -102, 9247, -8188, 9139)
(114, -111, 124, 9339, -7806, 11343)
(97, -77, -61, 5575, 307, 13249)
(-52, -85, 103, -4442, -4408, 14292)
(104, -128, 63, -6154, -3616, 15259)
(121, 124, 18, 4546, -3084, 16728)
(0, 65, 44, 5429, -362, 15608)
(-89, -119, 90, 7719, -4500, 24001)
(26, -84, -88, 10387, -3403, 21660)
(-102, 47, -97, 10584, -3177, 28462)
(68, 97, 6, 12850, 6399, 12840)
(-54, 75, -86, 13372, 6007, 25810)
(54, -7, 105, 6057, 1319, 26116)
(-82, -7, -33, 2177, 2830, 21074)
(-30, -96, 108, 15448, 4114, 30800)
(-44, -96, -63, 6174, 6500, 22570)
(98, 94, -15, 7573, 6718, 21295)
(106, 122, 80, 11994, 4945, 16428)
(80, 127, 44, 18511, 3804, 5782)
(100, -116, 32, 16119, 13517, 4861)
(-113, 108, -16, 16091, 11389, 1839)
(70, -117, -87, 16153, 4729, -398)
(5, 38, 19, 10811, 344, -3707)
(-29, -86, -42, 6546, 1923, -10090)
(52, -89, -74, 3291, 3369, -16701)
(48, -55, 58, 19561, 13703, -22464)
(-96, -97, 71, -29726, 31246, -27440)
(98, 113, -110, 21296, 25358, -26255)
(103, 1, 16, 20687, 11571, -28833)
(107, 118, -74, 6951, 6942, -32326)
(71, 52, 48, 767, 13754, 32146)
(64, -106, -69, 928, 14215, -32534)
(-119, 23, -7, -5824, 13870, -32534)
(42, -43, 61, -1316, 5178, -32534)
(-122, -91, 32, -8535, 8857, -24335)
(-41, 9, -127, -5999, 5556, -13631)
(-80, -95, -85, -9782, 5264, -6902)
(-36, -31, 93, -7543, 2627, -1798)
(-86, -63, -22, -5906, 4868, 2633)
(-100, 29, -127, 4264, 2954, 1559)
(75, -10, 49, 10471, -5731, 2539)
(-41, -53, -103, 2749, -2456, -3645)
(-86, -107, -63, 6122, -10396, -7054)
(-117, 68, -20, -1852, -23052, -2019)
(-89, -18, 14, 1869, -11728, -12802)
(-128, -42, 43, 18459, -16893, -5987)
(39, -96, 13, 22148, -15436, -4631)
(-64, -115, 125, 2123, -23500, -6639)
(31, -125, 54, 3054, -18178, -3691)
(6, -98, -97, 15715, -7708, 5642)
(14, 93, 71, -10175, -10714, 10195)
(-6, 32, 48, -18811, -28843, 6536)
(105, 69, 51, -16269, -20076, 604)
(33, -85, -19, 24714, 1766, -4567)
(94, 66, -18, 13655, -4376, -9944)
(-30, -109, -45, 2318, -4712, -1453)
(-16, -109, -87, 3123, -17744, 3533)
(-27, 19, -92, 12910, -10370, 7604)
(-112, 1, 0, -444, -10220, 10118)
(-39, 41, -32, -3200, -9353, 14976)
(96, 66, -117, 6644, -7641, 9196)
(-58, -43, 101, 1153, -7802, 5833)
(111, -18, 30, -8539, -10861, 9657)
(-12, -127, -100, 1113, -6919, 9902)
(-120, 88, -102, -2205, -15973, 17040)
(-106, 1, 63, 6129, -8722, 20448)
(-106, 27, 57, 25805, -10131, 25512)
(3, 26, 92, 13088, -1263, 23319)
(80, -16, 10, -955, -10765, 18526)
(-79, 24, 40, 6777, -6339, 30280)
(-91, 44, -86, 22871, -2483, 25640)
(-107, -1, -111, 15478, -1775, 24259)
(6, 72, -117, 14465, -790, 20025)
(-49, -61, -86, -3168, -487, 11176)
(-42, 26, 44, 3590, 5968, 1839)
(-12, 99, 56, 9116, 2852, -1634)
(-8, -56, 31, 2464, 585, -4891)
(65, -40, -17, 150, 1788, -9363)
(-70, 114, -34, 1217, 1809, -12708)
(-63, -101, 11, 7586, 2108, -13267)
(119, 101, 115, 7814, 5308, -12881)
(100, 10, 49, 4163, 6786, -15446)
(-110, 29, -36, -1606, 4557, -17337)
(-3, -65, 81, 8660, 29304, -12013)
(71, 35, -59, 16045, 28607, -6792)
(27, -122, 23, 24953, 25986, -9760)
(95, -118, 12, 8943, 24065, -15224)
(-74, 122, 32, 13858, 17674, -13994)
(36, 58, -70, 5576, 17131, -12739)
(-24, -47, -119, 2230, 7814, -11293)
(24, -97, 12, -720, 6289, -10989)
(9, 4, -91, 457, 6022, -6853)
(-53, -43, 80, 893, 5821, -5457)
(117, 116, -54, 3386, 4908, -2815)
(113, 126, -88, -2296, 2560, -5020)
(48, -70, -80, -436, 3986, -7411)
(-3, -111, 103, 3096, 4089, -10514)
(-22, 44, 51, 12316, 6685, -13281)
(-122, -18, 0, -3516, 1969, -27618)
(95, 56, 77, 6949, -11573, -28539)
(41, -52, -101, 7609, -11958, -28817)
(94, -46, 47, 18210, -15239, -25040)
(73, -50, -72, 21039, -21386, -14592)
(41, 25, 56, 13399, -17565, -14226)
(-61, 3, 33, 23750, -14725, 1948)
(64, 23, -109, 14963, -17927, -1206)
(61, 39, -116, 204, -21320, 8904)
(-50, -96, 45, 14258, -26431, 28552)
(86, 55, 101, -5585, -32354, -30068)
(68, 8, -82, -4777, -11724, 21509)
(-71, 108, 14, 13870, -20833, -11772)
(-128, -2, 113, -3857, -11710, -12603)
(-100, 110, -39, 6168, -5212, -1012)
(-128, -86, -13, 7445, -9129, 15128)
(5, 109, -117, 6940, -9500, 13670)
(-64, 41, 4, -4232, -2759, 19170)
(42, -28, -39, -4471, -6395, 10336)
(20, 42, -34, -2860, -2763, 8041)
(15, 76, -75, -61, -1607, 8897)
(63, 126, -19, -5100, 3066, 12120)
(-53, 115, -4, 209, 2537, 22529)
(80, -41, -18, 11313, 12032, 22473)
(-10, -66, 83, 6253, 8166, 32211)
(25, -28, -128, 13760, 6429, -31584)
(77, -126, 90, 7304, 9997, 22561)
(-83, 113, 52, 13120, 8429, -30287)
(38, -112, 87, 16579, 8481, 24465)
(14, -54, -49, 12724, 11131, 19979)
(97, -118, -33, 14793, 7145, 28636)
(-49, 56, 74, 3923, 3447, 16736)
(-62, 97, -58, 15130, 1982, 12118)
(1, 48, -120, 13787, 2111, 6879)
(35, 120, 67, 7095, 4314, -4791)
(103, -121, 71, 11339, 6812, -10703)
(-117, 46, -12, 15620, 7157, -18063)
(-35, 80, 40, 14542, 13879, -25878)
(-2, 30, 54, 11407, 18075, 30103)
(-79, -63, -32, 6694, 9464, -30619)
(-24, 126, -96, 2981, -31602, 32105)
(-101, 78, -122, 7987, 27470, -32534)
(40, 98, 6, 1157, 26710, -32534)
(-30, 44, 1, 740, 22080, -29259)
(96, -96, -29, -14215, 25009, -28298)
(-111, 121, -83, -3412, 18659, -21869)
(85, 13, -86, -9704, 21041, -10150)
(22, -118, -81, -1919, 13508, -5134)
(-25, 5, 79, -7512, 5441, -1)
(39, 71, -119, -7821, 4864, -1025)
(93, 83, -29, 1472, -20, -106)
(46, -86, 28, -398, 4856, -3901)
(112, -51, -34, 7510, 1841, -1526)
(78, 71, 100, 3043, -4917, -3350)
(62, -107, -67, 5034, -9300, -1474)
(23, 15, -65, 12529, -12215, -11844)
(-92, 59, 83, 16358, -10778, -5324)
(97, 94, 42, 21088, -19934, -564)
(-7, -82, -82, 15656, -21472, -8380)
(115, 3, -74, 14358, -18562, -238)
(28, 34, -53, 142, -18339, -1410)
(20, -65, -45, -70, -26453, 14138)
(-25, -103, -18, 5063, 27846, 24923)
(-90, 42, 64, -2894, -29095, 32186)
(40, 93, 12, -6261, -15217, -8137)
(86, -34, -65, 15601, -14859, -20571)
(-80, -26, -31, -29, -2893, -11595)
(-4, 117, -127, 17679, -5603, 2427)
(-53, 7, -123, 2288, -7250, 19025)
(-28, 54, 40, -4819, -4010, 16856)
(47, -36, -67, -7471, -2293, 10320)
(19, -107, 92, -4473, -7578, 11288)
(-13, 21, 100, 1622, -5863, 14000)
(-117, 111, -72, 867, -7978, 17400)
(66, 57, 127, 3440, -5726, 17526)
(99, 31, 123, 1394, -9037, 21513)
(-46, 84, -104, 10477, -4255, 19640)
(-23, -71, 104, 10875, -4395, 20377)
(-7, 53, -60, 1481, -5523, 26085)
(-45, -128, -118, 12741, -448, 18150)
(-36, -32, 64, 17453, -799, 24819)
(37, -4, -4, 11736, 4122, 18879)
(-92, 14, -98, 7301, 7616, 29456)
(-80, -26, 25, -60, -732, 32003)
(18, -16, -76, 10167, -696, 23896)
(-109, 6, -100, 4070, -1164, 15941)
(11, 14, -56, 6646, 1323, 3224)
(-41, -3, 39, 12254, 2749, 1361)
(105, -99, -78, 13910, 5376, -3777)
(8, 106, 124, 11904, 5316, -4161)
(-105, 17, -9, 5180, 1466, -5988)
(-6, 36, 75, 2249, 426, -8290)
(-96, -65, 39, 2145, -1719, -7753)
(38, 30, -20, 3023, 345, -7918)
(-7, -49, -34, 1480, 156, -9464)
(-40, 30, -61, 8215, 1694, -12635)
(46, -83, -47, 10758, 6307, -23485)
(47, -26, 111, 13367, 11021, 30609)
(-2, 75, -59, 14502, 14887, 31619)
(106, -32, -2, 17234, 23137, -32535)
(40, -24, 40, 14593, 27443, -32535)
(30, 0, 9, 7879, 24057, -32535)
(-58, 63, -36, 756, 20837, -32535)
(-102, -5, 13, 5118, 19803, -32535)
(102, 56, -105, 9507, 20919, -22065)
(-5, -48, 33, 7536, -1678, -16732)
(102, 81, 104, -6218, -4467, -10398)
(-61, 49, -26, -6215, 736, -6229)
(-107, -64, -37, -1167, -768, -2487)
(16, 91, -62, 3121, -6364, 2446)
(-71, 85, -43, 3027, -165, 2513)
(26, 6, -35, 7669, -4817, 3788)
(-51, 34, -1, 30811, -8240, 10273)
(65, 96, 90, 13581, -5959, -2660)
(124, -93, 66, -29800, -27690, 30710)
(-88, -37, -126, 9191, -17935, -6834)
(-59, -39, 104, 13846, -24507, 14936)
(-99, -60, 110, -15921, -28614, 7925)
(13, 61, -71, -6988, -29286, 18183)
(102, 96, 79, -18807, -31018, 28276)
(-68, 59, 57, 32536, 31003, 29245)
(-79, 59, -30, -21111, -2204, 8182)
(-38, 85, -123, 13517, -13757, 814)
(46, 108, 83, -234, -10941, 2348)
(-62, 124, -123, -8152, -7104, 8046)
(4, 106, 31, 3032, -8314, 6994)
(22, -122, 62, -2232, 1980, 7166)
(29, 65, 112, -1651, -3908, 11191)
(92, -50, 126, -618, -7299, 17405)
(35, -97, -21, -11928, -8897, 17408)
(-34, -3, -7, -10500, -9101, 15886)
(-60, 67, 50, -6427, -3417, 13709)
(-82, -30, -58, 960, -7713, 19054)
(-111, -2, 73, 6656, -7243, 20156)
(81, -33, 39, 18155, -8677, 22368)
(80, -53, 115, 13003, -4142, 17633)
(108, 20, -21, 13434, -394, 19656)
(108, -41, 83, 12311, -1450, 26795)
(-69, 45, -46, 13509, 6641, 19701)
(-39, -94, 66, 10062, 554, 20613)
(-79, 125, 127, 1419, -1812, 28595)
(92, -100, -43, 5669, 2776, 21049)
(88, 127, 52, 8784, 698, 14457)
(-5, -91, 59, 8036, -831, 6025)
(-46, 66, 50, 7822, -965, 582)
(-36, -3, 9, 11993, 2779, -3053)
(-55, -111, -123, 12131, 3749, -8095)
(-49, -36, 109, 13642, 8450, -16849)
(68, -95, -116, 10896, 11013, -25426)
(1, -86, -127, 26446, 12009, -31216)
(-93, 87, -107, 26623, 12443, 30700)
(-105, -82, 51, 830, 12548, -32531)
(-124, 13, 41, -15716, -6847, -25938)
(51, 63, -55, 7076, -32001, -31354)
(115, 108, 124, 3492, -32202, -30209)
(13, 89, 40, -3899, 30973, -31930)
(-76, 57, 99, -3621, -32096, -23545)
(-57, 1, 84, 4707, 27305, -21785)
(28, -29, -11, -1785, 19673, -15197)
(-86, -53, -76, -15726, -743, 8642)
(63, 95, 32, -10038, 3651, -4092)
(-20, -104, 92, -11193, 2863, -757)
(47, -56, -104, 5868, 3906, -194)
(-1, -124, -120, 4192, 217, -4651)
(-10, 71, 67, 2561, -8588, -7741)
(106, -67, -52, 10842, -10406, -8452)
(-87, -51, 119, 16961, -10948, -6624)
(57, -44, -2, 16963, -20088, -2031)
(-107, 3, 24, 18871, -20110, -10082)
(78, -8, -43, 14670, 32044, -9567)
(-121, 86, -91, 23924, -21805, -20401)
(6, -38, -31, 23820, -3613, -4793)
(76, 53, 125, 15026, -9915, 2584)
(-98, -59, -116, -7846, -19147, -5785)
(-51, 102, -124, -1931, 24856, -22181)
(-87, -13, -31, 8708, 32179, -31423)
(-108, -27, -115, -10842, -10604, -9396)
(29, -13, 44, 15652, -6119, -10216)
(-90, -62, -76, 4707, -4131, 6469)
(-68, -108, -72, -4409, -4265, 6700)
(-76, 61, 89, 499, -7234, 6225)
(-15, 96, -30, 4809, -11878, 10488)
(73, -80, -42, 3551, -14835, 10362)
(1, -73, -111, 5314, -5340, 12787)
(123, 120, 22, -3840, -4498, 19153)
(111, 2, 6, -3862, -14320, 20406)
(94, -86, -69, 1932, -8616, 23709)
(1, -26, 120, 13215, -7443, 16875)
(-124, -100, -64, 11993, -9353, 21064)
(-96, -84, -95, 8148, -3981, 18947)
(-27, -61, -75, -3061, -8508, 18499)
(72, 58, 50, 2356, -4423, 21709)
(-127, -79, 84, 17688, -2066, 18089)
(-98, 44, 64, 4309, -4921, 22628)
(23, 43, -126, 9732, -2133, 20310)
(8, 59, 38, 13490, 5082, 12137)
(89, 120, -38, 10772, 5506, 5986)
(-69, -97, 79, 14405, 11156, -12630)
(85, 111, -31, 12074, 12203, -12180)
(-91, -45, -88, 10308, 8536, -19916)
(-22, -108, -108, 7458, 3953, -21663)
(-109, 25, -118, 13823, 8045, -29466)
(109, -97, 79, 2598, 11544, 30667)
(3, 65, 48, 7259, 12655, 32747)
(-96, -117, -124, 6446, 19046, -31989)
(-53, -24, 7, 15275, 18235, -32570)
(-49, 107, 3, 6555, 16263, -32054)
(-57, 4, 46, -154, 15593, -32705)
(66, -35, 73, -3989, 19876, -32531)
(-32, -2, 7, -4791, 20310, -31148)
(-73, -96, 24, -3475, 27565, -30538)
(27, -75, -24, 17499, -666, -10631)
(-71, -8, 59, -15772, 6794, -13289)
(66, -125, 121, 2953, -8733, 20932)
(-92, 73, -20, 3910, -14482, -11460)
(71, -105, 84, 4839, -8809, 1116)
(-68, -114, 45, 10672, -15053, -5143)
(116, -33, -86, 25373, -18136, -1591)
(-51, 55, 89, 16340, -27175, -10736)
(85, -110, 77, 23959, -8175, 444)
(82, 53, 44, 7235, -13300, 1100)
(-9, 52, -90, -30575, -13967, 21989)
(-110, -68, -99, 11004, -27984, 16420)
(94, 83, 24, 27257, -5892, 30752)
(31, -90, 50, 8961, -31137, 32742)
(-104, -35, 122, -7687, -163, -3688)
(0, -121, -102, 8210, -15232, -4320)
(80, -36, 127, 897, -14577, -584)
(120, -121, 121, 2325, 1737, 6295)
(6, -39, 120, 3149, -6488, 9990)
(71, 43, 63, 11437, -6962, 11453)
(-3, -83, -69, 6873, 687, 15444)
(-11, 49, 84, 394, -1241, 15462)
(-112, 78, 44, 4168, -6985, 24983)
(-67, 87, 58, 1027, -1541, 14696)
(-38, -116, -14, 1042, 2526, 20493)
(82, 65, 3, -8398, 4026, 24982)
(-25, -49, -31, 6388, -8639, -28786)
(92, -18, 71, 23052, -5936, 18366)
(-93, -110, 70, 14661, 4003, 8665)
(35, -84, 84, 17510, 6300, -32692)
(6, -27, -47, 11411, 10007, 28917)
(126, 96, -87, 2185, 8463, 27080)
(110, 115, -101, -1568, 4988, 27275)
(-11, -79, -56, 13873, 2228, 24453)
(20, -119, 40, 27914, 3451, 21019)
(121, 59, 27, 22668, -1000, 8485)
(-58, -123, -9, 10814, -107, -4245)
(121, -9, -42, 6295, 188, -8942)
(-113, -7, 33, 7181, -1232, -9563)
(-29, -10, -96, 3317, -3402, -12074)
(123, -59, -27, 4554, -1142, -20440)
(101, 30, 91, 6857, -592, -26510)
(99, -76, -92, 11240, 3373, -32132)
(56, -64, -128, 15424, 6687, 31352)
(12, 115, 34, 29497, 6479, -29176)
(-80, -59, -12, 25031, 2901, 31886)
(-99, 73, -70, 10929, -1314, -32532)
(-36, -57, -122, -6385, 3889, -32532)
(54, 67, 11, 2267, -3202, -23263)
(-66, 47, -49, -4404, -1873, 29915)
(72, 59, -47, -16, -4100, -29200)
(-8, -13, -115, -4566, 7528, -24477)
(38, -71, -86, -1700, 8778, -21828)
(99, 29, -106, -4859, 13481, -5116)
(-120, 85, 66, 7806, 4291, 577)
(-30, 85, -24, 7305, -3988, -2353)
(-89, -90, -38, -587, 823, -3076)
(33, -16, -49, 6615, -5249, 3272)
(-36, 12, 65, 4912, -7699, 342)
(99, -70, 70, 5165, -15207, -856)
(-11, 120, 17, 6653, -18082, 1614)
(35, 26, 11, 12445, -26472, 10553)
(-50, 20, 74, 19855, 30888, -5909)
(-94, 8, -10, 1784, -12160, 3112)
(-75, 119, 74, 24496, -24357, 5593)
(-7, -23, -118, -15943, -1676, 10540)
(-31, 27, 92, -9579, -11687, 14252)
(125, 113, 44, -4151, -20388, 26720)
(101, 68, -2, 24801, -27565, -26986)
(-7, -115, 116, -8769, 298, -16263)
(-84, 82, 41, 27325, -16219, -22615)
(-77, -24, -70, -3614, -4471, 1262)
(-49, -44, -115, 1306, -14493, 8014)
(82, 74, 55, 11791, -7305, 7926)
(-89, 104, -19, 2311, -51, 5848)
(-12, 56, -117, 6554, -1340, 8591)
(108, 3, -11, 12867, -2683, 5209)
(-26, 12, 40, 6917, -6538, 15247)
(125, 63, 9, -5187, -3037, 16625)
(70, 113, 29, -10363, -10599, 21693)
(-49, 115, -100, -16401, -9943, 25364)
(92, -104, 107, -3368, -15413, 22756)
(-70, 87, 102, 8214, -10805, 25921)
(121, 53, -108, 14412, -3697, 10960)
(-56, -90, 103, 17277, -4450, 26559)
(-52, 50, -38, 2351, -6327, 16806)
(-121, 33, -7, 5592, -5508, -32260)
(-127, -55, 42, 15030, -2421, 23999)
(48, -80, 43, 10760, -2121, 26021)
(91, 59, -110, 13782, -1146, 26010)
(-58, 62, -46, 11955, -786, 15318)
(62, -68, 54, 3829, -1497, 4736)
(-18, 6, 71, 14012, 3044, -5044)
(-12, 88, 15, 21194, 9826, -11538)
(71, 104, -29, 20097, 17918, -21319)
(-101, 20, 110, 7720, 22184, 25997)
(-79, -63, 37, 19557, 19745, -31738)
(103, -40, -21, 23841, 6007, -29917)
(-63, 65, -25, 17945, 16081, 32017)
(-100, 101, -10, 15370, 13076, -32529)
(-107, 91, -81, 11367, 9557, -32529)
(115, 17, 5, 7025, 10660, -32529)
(-11, -14, -98, 6212, 9721, -32529)
(-89, -30, -88, 5097, 7527, -31705)
(67, 120, -85, -1827, 14534, -28498)
(88, -30, -7, 2796, 11352, -22311)
(60, 115, -51, -5959, 9956, -16250)
(-47, -16, -102, -3418, 5659, -4050)
(-51, 52, 20, -2276, 1660, 6081)
(-105, 43, -38, 5190, 6561, 12363)
(25, -8, 64, 1626, -4565, 4204)
(113, 97, -126, -5877, -407, 4163)
(-124, -117, 30, 5751, -9374, 4620)
(-53, -20, -82, 3194, -12347, 610)
(34, 83, 20, -438, -11634, -4245)
(-66, -43, 1, -5933, -17578, -14868)
(127, 89, 106, 11203, -9675, -14357)
(35, -69, 102, 22689, -12848, -5341)
(-9, -37, -58, 32370, -29596, -6386)
(84, 44, 75, 8989, -22167, -276)
(-44, 6, -89, 4345, -30222, 2847)
(92, 106, 120, 6991, 29787, 8506)
(-68, -84, 127, 11507, -28271, 2287)
(-34, 23, 125, -15563, -31560, 31292)
(44, 22, -58, -2930, 1314, 5027)
(-106, -7, 50, 19916, 5277, -8007)
(17, -18, 64, 17392, 392, -12559)
(-45, -83, -71, 10982, -10607, -1806)
(46, -81, 16, 16991, -11958, 7003)
(-52, 35, -27, 10350, -5740, 11739)
(-4, 47, 123, 4218, -7525, 21298)
(-17, 74, -22, 7286, -8418, 11897)
(-2, 6, -49, 10150, -8241, 9266)
(-22, -112, 110, 3066, -2930, 9905)
(56, -51, -76, 1468, -1859, 20432)
(36, 64, -66, 1413, 177, 22076)
(-53, -127, 41, 24687, 1177, 17142)
(53, 67, -46, 11457, 4121, 26772)
(-122, 106, -93, 1838, 7105, 15457)
(41, -36, 25, 7318, 8161, 31464)
(-112, -97, 73, 4584, -591, 27597)
(-62, 68, -1, 15883, 3158, -30678)
(-99, -38, -43, 941, 2156, -32206)
(101, -113, 113, 7732, 8359, 30212)
(24, 5, -37, 16856, 6223, 28834)
(12, -70, 77, 14457, 3059, 23625)
(-117, -32, -90, 10327, -290, 9730)
(-67, -40, 60, 4673, -7550, -4384)
(-25, 50, 118, 20539, 3845, -14686)
(59, -25, -48, 7660, 5133, -12633)
(78, 117, 85, 11205, 7313, -12488)
(-4, -127, -9, 7761, 6368, -7961)
(-115, 24, -77, 3118, 755, -6508)
(-106, 19, -41, 8500, 1129, -15370)
(-109, -13, 56, 8672, 6397, -19531)
(127, 35, 52, 986, 6921, -24243)
(10, 29, -78, 9370, 13011, -28004)
(-70, 57, -69, 11610, 15812, -30978)
(114, -94, -40, 6821, 17868, 31403)
(-41, -46, 65, 8988, 23631, -32526)
(-77, -2, 35, 919, 26316, -32526)
(59, -60, 18, 598, 22541, -32526)
(23, 36, 49, 8655, 13700, -32521)
(-61, 75, -75, 8772, 20797, -25856)
(65, -15, 84, -3862, 8555, -25330)
(60, -121, -4, 2010, 3830, -5439)
(25, 108, -9, 729, -1257, -3923)
(-49, 92, -50, -4654, 1170, -693)
(-105, 120, -104, 6435, -477, 6055)
(110, -61, 29, -1828, 3280, -3601)
(119, 30, 89, 9697, -11122, 17699)
(106, 58, 80, 14930, -14461, -2376)
(6, 11, -118, 5846, -17421, 9334)
(-54, -124, 112, 20485, -21969, 4695)
(-65, -121, 36, 7545, -29516, -942)
(-47, 5, 18, 10474, -23425, 14438)
(-9, 113, 74, 13925, -21077, -9141)
(-82, 72, -89, -10874, -29932, 9731)
(73, -97, -121, 26433, -22717, 3641)
(69, -15, 27, 3378, 28054, 25571)
(97, 57, 74, -10940, -6772, 4962)
(92, -26, -6, 23288, 281, -11061)
(-90, -42, -112, 22512, -8024, -12827)
(100, -20, -113, -4310, -11118, -4819)
(-18, 70, -83, 6161, -13601, 2677)
(-118, 74, -14, 2730, -7220, 8992)
(-31, 38, 6, 7541, -11571, 3673)
(15, 116, -50, 7287, -5516, 7260)
(13, 110, -127, -3416, -6779, 12263)
(86, 4, 87, 2701, -11601, 9641)
(-126, -75, -62, -5752, -9451, 12825)
(-118, 105, -51, 2884, -11371, 16285)
(-24, 49, 56, 3957, -5607, 13551)
(33, -69, 75, 5349, -3915, 17093)
(18, -44, -6, 9556, -7196, 18795)
(-124, -48, 48, 11696, -5149, 20632)
(27, -124, -7, 12416, -1401, 16511)
(0, -86, 110, 12279, 3836, 17369)
(-123, 111, 72, 1728, -2463, 22994)
(-46, 124, 38, 10994, -2287, 31632)
(20, 121, 54, 23959, 2976, 27792)
(-104, -104, 117, 5269, -2311, 16874)
(19, 77, -56, 9924, -2035, 22101)
(-22, 116, -128, 14804, 3466, 9059)
(-13, -79, -35, 11934, 8128, 554)
(-104, 34, 64, 8033, 5767, -2567)
(-3, 38, 58, 5360, 4209, -4656)
(-34, -62, -48, 4466, 3783, -6259)
(-102, 11, 30, 3488, 1532, -9686)
(-105, -66, 33, 2292, -361, -15126)
(-115, -92, 72, 4038, 1390, -32675)
(-39, -128, -68, 2728, 6455, 32162)
(95, 38, 116, 7493, 3989, 32224)
(-77, 27, -128, -126, 4781, -32520)
(46, -84, 125, 7225, 7685, -32520)
(-40, 3, -19, -1234, 11462, -32520)
(16, -31, -108, 3441, 16592, -32520)
(-63, 35, -36, 7875, 23431, -32520)
(-71, -7, -18, -1385, 21022, -32520)
(-124, 47, 7, 88, 15213, -26160)
(-42, 51, 30, -9349, 10581, -12624)
(-97, 101, -49, -3838, -528, -9433)
(-76, -33, 48, 5112, 321, 8671)
(39, -71, 113, 5159, 2329, 1966)
(-92, -71, 62, 2264, -12552, 12114)
(100, -72, -62, 2179, -14502, -2872)
(-76, 37, 48, 2644, -23361, -5304)
(126, 104, 39, 6591, 25748, -1072)
(80, -84, 95, 4672, -12576, -17422)
(90, -50, 7, 21423, -19635, -12859)
(-55, -64, -30, 17518, -13853, -9609)
(0, -109, 79, 29937, -10431, -5629)
(-54, -89, -54, -5278, 2135, -1918)
(50, -60, 80, -4802, 8200, 26736)
(-71, -98, 71, 15989, -18277, 19888)
(-50, 64, 42, 3924, -28408, -28038)
(40, 9, -71, -12758, -15227, 4239)
(-22, 15, 64, 18806, -26760, -6233)
(-75, -16, -63, -5025, -17206, 395)
(-21, 32, 75, -5987, -9970, 499)
(-61, -127, 69, 9358, 318, 3663)
(5, -107, 103, 458, -310, 11070)
(64, 92, -14, 550, -6949, 14339)
(92, 104, 50, -5371, -7151, 16712)
(-8, -59, -18, 1152, -6622, 17532)
(9, -119, -82, 2333, -3556, 15837)
(64, -44, -69, 8951, -5598, 20912)
(109, 97, 93, 4155, -11408, 22839)
(-64, 8, 22, 12115, -4048, 22332)
(-26, 60, -120, 3128, 39, 19155)
(105, -77, 11, 11564, -4374, 27130)
(-123, 100, 8, 14026, 923, 22892)
(123, 47, -74, 23, -2993, -31842)
(-123, -6, 28, 4885, 308, 29473)
(61, 127, 4, 12308, 1195, -31317)
(73, 30, -99, -593, -2159, 26903)
(91, 22, -120, -9138, -7246, 11775)
(94, -87, 102, 4197, -4280, -4938)
(55, 98, 80, 19025, 6270, -3511)
(-117, 71, 107, 19050, 8594, -5935)
(-40, 58, 36, 7676, 4729, -5721)
(68, -123, -103, 19, 874, -7758)
(-120, -17, 119, 270, -1151, -10248)
(-68, -37, 87, -2321, 347, -13627)
(85, 100, 70, 1164, -857, -12427)
(65, 13, 24, -765, -3207, -13177)
(73, 107, 46, -6504, -2839, -18596)
(-95, 57, -11, -11194, -3047, -23495)
(-90, -81, 25, -3050, 5695, -31504)
(-15, -35, -51, 5349, 6367, 31790)
(-35, 109, -109, 2167, 15136, 32686)
(-45, 114, -76, 10169, 14626, -32519)
(-78, 33, -78, 9729, 10965, -31674)
(92, 117, -6, -2580, 13673, -30530)
(-20, 126, -128, -1502, 13444, -25851)
(-54, -30, 45, -2931, 18838, -21866)
(-97, -17, 92, -3729, 14476, -10654)
(-102, -17, 101, 1699, 8451, -3989)
(-56, -43, 54, 660, 13198, -218)
(-18, 5, -5, 4487, 6866, 869)
(-62, 102, -94, -2300, 7820, -1425)
(72, -120, 7, -2279, 4441, -3384)
(-32, -119, -80, -946, -2772, -6072)
(49, 38, -85, 4371, -6741, -6536)
(116, -4, -92, 8358, -10686, -7135)
(114, -85, -15, 16767, -22176, 1300)
(-20, 105, -21, 22020, -27134, -1778)
(112, -28, 109, 146, -25304, -12308)
(-114, 102, 38, 24348, -21960, -8330)
(9, 117, 54, 10448, -29811, 4694)
(9, -110, 111, -12804, -26234, -4983)
(39, 94, -89, -9676, -25976, 11011)
(94, -78, -13, 6516, 29025, 12304)
(-53, -20, 82, 1599, 1815, -21153)
(50, 41, 109, -8803, -2300, 9093)
(70, 125, 11, 14484, -13360, -17583)
(-111, 7, 64, -705, -4618, -7771)
(-90, 59, 85, 1673, -5782, 372)
(82, 72, 125, 354, -2309, 9253)
(-113, -23, 65, -15213, -765, 13493)
(-42, 44, -91, 5365, -10299, 11026)
(-111, 93, 28, -701, 2726, 12130)
(-58, 56, 12, -5331, -11241, 11238)
(108, 78, 7, -6387, -11793, 11103)
(97, 109, -88, -3228, -8751, 13814)
(-1, 109, -34, -540, -5431, 15343)
(-40, -6, 116, 6255, -6369, 17346)
(-56, -4, -127, 19358, -3655, 20099)
(93, 48, 120, 27443, -2649, 18098)
(-77, 80, -99, 16172, 1360, 20795)
(-98, -122, -29, 12162, 3496, 18472)
(-107, -62, 39, 6130, -2543, 11682)
(23, -9, 45, 5243, -7254, 31260)
(103, 9, 80, 8267, -630, 27420)
(-47, 18, 58, 15150, 4780, 25253)
(-39, -31, -80, 17987, 1594, 24814)
(28, 106, -45, 16514, 3419, 23330)
(-81, 87, 65, 11773, 480, 21878)
(-72, 98, -95, 68, 106, 8490)
(121, -13, -107, -6330, -2431, 1543)
(45, 69, 117, 2394, -2305, -7753)
(27, 118, 127, 4376, 1561, -7982)
(-84, -38, 100, -6233, 214, -8128)
(57, 47, 117, -12731, -4439, -11352)
(-106, 85, -4, -6069, -6891, -27519)
(55, -72, 83, 2393, 3163, -32354)
(27, -23, 75, 13947, 5245, 31168)
(-21, -53, 115, 1007, 8899, -32514)
(-28, 1, -91, 6725, 6805, -32514)
(-128, 77, -40, 8227, 7447, -32514)
(30, -127, -77, 8708, 15690, -32514)
(69, -55, -97, 8750, 16501, -32218)
(-105, 33, 50, 6945, 20320, -27297)
(93, 14, -17, -3900, 19520, -26652)
(-113, -93, 42, 1094, 12625, -16467)
(110, 42, -27, 1660, 8505, -2004)
(65, -41, 43, -5682, 7397, -6445)
(6, -87, -99, -2379, 2081, 2851)
(-128, -57, 31, 5882, 4102, 3015)
(71, 122, 28, -1673, 3995, -1446)
(-39, -83, 120, 2983, 327, -2140)
(-85, -96, 92, 1929, -6053, -2646)
(-4, -33, -67, 10777, -14240, -4415)
(-53, 91, 5, 5027, -17833, -5582)
(-117, 12, -2, 24824, -20869, -2263)
(61, 11, -7, 20583, -18657, -12372)
(-64, -72, -121, 18746, -23898, -1533)
(-81, -3, -123, 18226, -22754, -8334)
