(-32, 71, -125, -2754, 1316, 608)
(-5, 91, -117, -2682, 2036, 1907)
(31, 109, -111, -2526, 545, 1923)
(59, 120, -95, -2009, -107, 1534)
(79, 120, -79, -1529, 1116, 844)
(110, 110, -73, -1359, -123, 1349)
(114, 114, -57, -2738, -845, 1585)
(122, 119, -19, -1380, -475, 1819)
(-104, 43, -34, -6502, 2517, -10811)
(121, -93, 100, -2144, 6278, -10323)
(-108, 82, -12, -10563, 9098, -21293)
(109, -113, 89, -11212, 4953, -24330)
(-32, -11, 57, -4339, 6779, 31687)
(-76, -9, 6, -9037, 1007, 31758)
(-65, -89, -16, -8060, -2080, -32481)
(110, -67, 43, -8825, -6946, -32481)
(-13, 5, -44, -7130, -11183, -32481)
(-15, 69, -21, -2681, -14255, -32481)
(-69, 13, 63, -2053, -18142, -32481)
(-123, 113, 116, 7675, -22456, -32481)
(103, 57, 45, 508, -20493, -31485)
(-98, -47, -1, 4204, -15691, -18464)
(-112, -88, -28, 1052, -14897, -6836)
(-79, -36, -82, 611, -7255, -845)
(6, -99, -92, -1699, 2544, 12026)
(92, -10, 96, -7045, 11422, 15920)
(-94, 44, 97, -1699, 24013, 28024)
(115, 72, -82, -2041, 20748, 30440)
(90, 75, -93, -15760, 23412, 26716)
(60, 124, 25, -12124, 19918, 31141)
(-71, 120, -79, -2239, 12046, 20331)
(-83, -40, 11, -2469, 5453, 27940)
(-59, 120, 107, 2328, 1364, 24749)
(-74, -111, 109, 356, 3147, 25693)
(-90, 66, -118, -11184, -2185, 25609)
(-83, -101, 2, -6020, -5241, 28827)
(85, 77, -93, 7910, -116, 32258)
(-70, 121, -53, 8187, -3438, 29389)
(2, 122, 102, 3500, -4520, 30143)
(-117, 82, 126, 10537, -1792, -32038)
(-32, 119, -66, 18681, 982, 32440)
(73, -109, -20, 22779, 6649, -32155)
(-79, 60, 101, 17199, 7852, -32479)
(17, 53, 36, 6887, 5772, 30592)
(15, 13, 32, 3377, -1094, 12591)
(112, 64, 110, 20315, -1633, -2414)
(6, -113, -11, 19139, -1200, -913)
(-37, 9, -121, 6015, 3208, 720)
(5, 17, -71, -2947, 4541, -1513)
(84, -10, -127, 1148, 1755, -5861)
(-94, -83, -114, 3366, -2063, -9008)
(62, -119, -57, -4854, -2903, -12813)
(-88, 17, -120, -12668, -4726, -11574)
(104, -80, 21, -113, -5829, -6773)
(-66, 125, 48, 1180, -6514, -4912)
(51, -11, 122, -11559, -2629, -4457)
(-6, -30, -93, -17522, -1547, -11003)
(24, -57, 76, -13567, -5273, -8309)
(-68, -15, -5, -11152, -5212, -17200)
(-117, -1, 107, -9520, 4036, -27399)
(-7, 0, -116, -11389, 6960, 31285)
(34, 85, 126, -15618, 5087, 32074)
(-98, 49, -85, -8664, 2094, -32479)
(123, -91, 5, -3083, -3531, -32479)
(2, -2, 30, -10495, -5424, -32479)
(-106, -120, -100, -6864, -8838, -32479)
(33, -107, -25, -908, -13763, -32479)
(-16, 4, -36, 5602, -22341, -32479)
(-107, 50, 40, 23108, -24900, -32479)
(123, -81, -87, -624, -27614, -31084)
(63, -84, 105, 16866, -11838, -11525)
(-113, -27, 110, -3580, 3311, 7401)
(-96, -49, 29, -12843, 3426, 20393)
(65, 59, -70, -3025, 11897, -31988)
(65, 53, -98, -3424, 16491, 31578)
(-96, 118, -115, 797, 23695, -30937)
(123, -78, 95, 20256, 23313, -32478)
(111, -67, -127, -31819, 13280, 22987)
(-101, 49, 81, -4000, 288, 17696)
(62, 50, 36, 7017, 4060, 8698)
(14, 106, 116, -708, 4121, 14935)
(-107, 7, 46, 1006, -2152, 16389)
(11, -117, 95, -3308, -7182, 14747)
(-74, 59, -28, 7670, -9053, 25313)
(-119, 70, 54, 4726, -2984, 29342)
(-26, 34, -84, 11342, 2230, 27135)
(-79, 104, -2, 18628, -2816, 30564)
(113, 82, -81, -4149, 4425, 24514)
(-107, 93, 92, 4997, -1691, 27888)
(102, -47, -67, 15876, -2926, 29659)
(-117, -91, 35, 26955, 4856, 28048)
(88, 78, -12, 19132, 10321, 24942)
(-61, 91, 98, 22506, 12841, 22187)
(110, -98, 63, 11372, 8013, 19099)
(18, 121, -11, 8790, 1781, 10838)
(1, -52, -32, 3212, -394, 365)
(3, 121, -28, 3240, 48, -1838)
(-6, -63, -10, 3158, -280, -5790)
(26, 83, 3, 964, -471, -6972)
(119, -58, -6, -3492, -340, -7834)
(-63, -32, -68, -9709, -3154, -13076)
(65, 63, 81, -13949, -7402, -16750)
(-67, -30, -29, -8210, -4388, -13910)
(-31, 110, -35, -4841, 372, -20460)
(10, -43, -54, -2425, -3648, -21516)
(-83, -39, -40, -3586, -5244, -21513)
(42, -30, 0, -10055, -5809, -24528)
(-10, 61, 43, -17166, -4010, -26154)
(-99, 78, 71, -13816, -1624, -27150)
(-45, 68, 19, -18795, 454, -31085)
(24, 26, -75, -22325, -633, 31595)
(52, 85, -74, -17586, 12586, -32481)
(-54, 28, 88, -7222, -11360, -32481)
(18, 38, 83, -28596, -15808, -32481)
(-8, -55, -72, -3657, -24172, -30961)
(115, 83, 114, -7313, -7693, -12983)
(-62, 30, -124, 8942, -15278, -4519)
(18, -32, -59, 2071, 2014, -43)
(-33, -15, -6, -11557, 10472, 9374)
(-60, -114, 67, -5975, 13812, 19514)
(-72, -37, 84, -6645, 20896, 27226)
(-104, -9, -30, -12500, 26555, 32128)
(-109, 72, 126, 1177, 27321, -30505)
(-82, 72, 120, 32762, 13574, -32479)
(-17, -128, 119, 12562, 6577, 10617)
(-105, -61, -44, -1251, 17636, 16616)
(-77, -8, 51, 98, -4544, 10287)
(20, 35, 18, -9376, -1829, 24119)
(-59, -50, 95, -3165, -6185, 26217)
(72, -105, 100, 1145, -4540, 27241)
(-47, 118, -2, 1356, -4307, 32530)
(2, 11, -68, 6903, 2656, 30826)
(44, 40, -2, 5269, -73, 29961)
(33, -73, -2, 5064, 1126, 30705)
(-104, 69, 95, 4050, -964, 30852)
(21, 50, -80, 4406, -1979, 30144)
(75, 74, -77, 1424, -743, 29668)
(42, 26, 83, 6959, -2942, 22368)
(41, 36, 122, 13191, -2456, 10050)
(-73, -4, 117, 12402, 2876, 5651)
(65, -64, 35, 12954, 6203, 3244)
(-27, -82, -21, 10105, 2170, 281)
(-88, -46, -61, 5567, 2088, -4084)
(-41, 9, 6, 5870, 2987, -5996)
(-10, -104, 122, -497, 2369, -7354)
(-34, -70, 119, 1116, 2333, -7007)
(-104, 49, 127, 1972, -2387, -4355)
(-117, -89, 110, -5722, -1596, -7279)
(63, 12, -123, -7816, -1376, -8904)
(41, 25, -79, -13656, -337, -10607)
(26, -45, -77, -14104, -2195, -19887)
(-101, -114, 109, -9755, -3707, -26270)
(125, 24, 30, -4861, -8150, -28871)
(29, 60, 52, -13821, -5730, -27584)
(-25, 113, -17, -17330, 2154, -31955)
(-126, 73, 107, -13702, 4496, 32023)
(-84, 81, -21, -7245, 1901, -32484)
(-48, 125, -48, -6943, -1442, -32484)
(56, 67, -117, -3469, -8327, -32484)
(117, -12, -98, -10447, -19598, -32484)
(-1, 57, -11, 12238, -14439, -32484)
(69, 43, -16, 1808, -17619, -32484)
(93, 58, -21, 5514, -31377, -24969)
(-38, -71, -21, 6100, 65, -5167)
(63, -47, -75, -5582, 4594, 4616)
(123, -40, -22, -14593, 13017, 21465)
(-43, 127, -68, -11329, 18605, -29229)
(-30, 73, 42, -9588, 18730, -30383)
(44, -34, -27, -603, 21080, -32484)
(-84, -50, 16, -17312, 9970, 29771)
(-69, 36, 117, -10158, -11780, 8024)
(-62, -112, -74, 2252, 505, 8545)
(-94, -117, -125, 5738, 1643, 5152)
(-97, 82, 114, 3050, -3000, 12923)
(72, -80, 101, 2220, -6924, 20084)
(-114, 59, 61, 549, -4237, 20197)
(56, 121, 21, 6378, -3329, 25017)
(-128, -5, 65, 9376, -1507, 26151)
(90, -34, 109, 2850, 3111, 28769)
(60, -32, 84, 9892, 5293, 26211)
(97, 113, 56, 14124, 3366, 28276)
(-12, 25, -8, 8872, 177, 29765)
(40, 122, 116, 11556, 4307, 28446)
(-77, -45, 63, 17562, 6183, 28459)
(-30, 22, 0, 18228, 5810, 26840)
(-80, 41, -110, 12550, 3674, 25561)
(127, -97, -92, 7969, -1354, 14438)
(102, 60, -72, 10566, -2019, 5622)
(65, 18, -1, 10698, 127, 773)
(79, -31, 127, 12086, 3869, -1160)
(64, 37, 93, 2915, 2084, -3623)
(83, 109, 88, 3244, -588, -5941)
(-117, -1, 84, -927, -4406, -7008)
(-97, -124, 30, -4198, -3889, -9286)
(118, -70, 6, -12394, -2276, -11639)
(-19, 75, 40, -2052, -4003, -14072)
(-101, 103, 110, -13553, -4172, -26842)
(-81, 124, 69, -18940, -1101, -30306)
(-120, 13, -52, -12344, -1031, 30609)
(37, 125, -50, -9971, 768, -32485)
(-119, 9, 127, -16128, 1681, -32485)
(88, -7, 102, -14039, 2567, -32485)
(-100, 74, -40, -5604, 1341, -32485)
(-37, 53, 47, -8859, -4717, -32485)
(-25, -127, 13, -6647, -11336, -32485)
(-118, 2, 71, 4390, -11891, -32485)
(-64, -116, -41, 9261, -26999, -26825)
(43, 119, -116, 14703, -23400, -26400)
(81, -100, 37, 24323, -31337, -24436)
(111, 86, -121, -2753, -24315, -14094)
(-115, 27, -20, -6117, -4538, 1268)
(-34, 71, 76, -3296, 5653, 8817)
(-99, 90, -107, -12931, 21053, 23230)
(-91, 106, -100, -14124, 20334, 29365)
(-62, -41, 97, -12386, 23902, -28561)
(10, -47, 48, 315, 26721, -32485)
(-115, 80, -61, -23652, 5458, 31536)
(42, -28, 2, -13122, 917, 20669)
(-93, -66, -18, 9412, 3135, 7949)
(-41, 107, 57, -7278, 1292, 9963)
(-47, -89, -81, -5052, -7037, 10335)
(125, -114, -75, -2150, -128, 11363)
(-59, -76, -93, 4240, 1763, 17165)
(121, -127, -66, 9303, -4131, 21389)
(-24, -92, 1, 7431, -4175, 29132)
(-1, -111, -125, 3857, -2668, 30754)
(123, 99, -85, 12497, 1614, 24774)
(42, 25, -63, 19158, 3237, 27512)
(-39, 62, 78, 6603, 2896, 30455)
(-28, -110, 75, 9184, 4122, 32429)
(20, -7, -57, 20871, 7445, -31657)
(86, 105, -27, 17027, 7263, -32484)
(114, 127, -39, 2400, 728, 30154)
(-37, 89, 37, 2382, -6512, 13018)
(-36, -10, -80, 2479, -7912, -3387)
(34, 105, 54, 9409, -4334, -3637)
(55, -37, -35, 4427, 1101, -6258)
(78, -90, -47, -4337, 4939, -5340)
(93, 34, 16, -6584, 5780, -1780)
(117, 7, -115, -2418, 2154, -1172)
(-115, 14, 62, -2051, -226, -1974)
(-83, 39, 44, -3465, 1150, -3396)
(11, 71, -39, -3891, 3235, -7077)
(92, 94, -92, -2608, 1975, -4598)
(-87, 27, 111, -6649, -4258, -7102)
(-120, -126, 91, -23442, -14726, -15201)
(-32, -37, -7, 25922, 6187, -32335)
(70, 60, -94, -21032, 23727, 29631)
(0, -118, -85, 3589, 11510, -32485)
(37, 78, 4, -5090, -5436, -32485)
(-46, 31, -33, 17772, -4224, -32485)
(-51, -55, -124, 7052, -11551, -32485)
(-40, 50, -82, 31661, -15288, -32485)
(-63, 36, 106, -2562, -28290, -32485)
(76, 101, -8, -20018, -15680, -9218)
(-30, 71, -18, -13325, -11580, -24502)
(75, -52, -68, -4321, -3136, 20899)
(62, 92, -93, -6687, 9173, 17639)
(58, 34, -41, 147, 13013, -24918)
(102, 7, 93, 424, 19244, -31825)
(-93, -56, -23, -6030, 12415, -32484)
(122, 39, 22, -10560, -2593, 18073)
(53, 83, 107, -2252, 4073, 11384)
(16, 1, 75, 7267, 5327, 11930)
(38, -32, -78, 4600, 2501, 10884)
(-51, 90, 127, 4955, 1651, 12798)
(117, 59, 73, 3642, -3431, 19003)
(95, -65, 83, 5678, -5169, 20372)
(-22, 75, -128, 6957, -499, 20760)
(-107, 107, -85, 10339, -1110, 19223)
(30, 25, -19, 10838, -70, 20295)
(78, 44, -22, 77, -489, 21603)
(112, 88, 115, 9355, 1266, 24903)
(-109, -4, 0, 6945, -4290, 27036)
(94, 99, 35, -3839, -3894, 27500)
(85, -22, 18, 1399, -715, 26805)
(17, -11, 9, 14611, 1021, 24783)
(57, -95, 103, 15390, 672, 22715)
(32, 117, 15, 6729, -372, 20006)
(54, 121, 5, -2029, -1996, 14219)
(-101, 64, 13, -4585, -3256, 6627)
(-94, 50, 54, -1810, -6921, 638)
(68, -2, 74, 1926, -3729, -3313)
(17, -17, 126, -10066, -880, -4680)
(-82, 121, -53, -11521, -465, -7479)
(-112, -13, -33, -9045, -967, -9105)
(-82, -29, -60, -13236, -1893, -13054)
(38, 67, 115, -13345, -3360, -12435)
(34, -14, -110, -19547, -7035, -16957)
(-25, -74, -81, -22871, -4635, -21625)
(43, 19, -36, -19402, -3788, -26775)
(-4, -66, -65, -19381, -4741, -26973)
(-90, 111, -73, -14082, -1904, -30425)
(-125, 57, 78, -16194, -2340, -31114)
(70, -69, 54, -13161, -3538, 32010)
(19, 95, 46, -13909, -5322, -32486)
(14, -45, -77, -8302, -2661, -32486)
(115, 54, 5, -7690, -7985, -32486)
(115, 66, 37, -3929, -9774, -32486)
(-64, -95, -15, -1100, -12775, -32486)
(-118, 90, -88, 16192, -10934, -32486)
(-47, -118, 25, 20676, -14301, -30356)
(115, 90, 46, 11667, -18432, -17891)
(-79, 94, -52, 7993, -13870, -16686)
(-79, 30, 68, 9762, -12302, -10765)
(112, -55, -127, 7351, -7718, -6312)
(106, -29, -63, -4474, 3875, 6201)
(63, 44, 105, -17541, 5143, 14540)
(39, -39, -20, -9425, 12851, 25250)
(-113, 23, 10, -6412, 18157, 26011)
(-87, -40, -17, 1312, 16991, -29039)
(60, -82, -110, -5784, 12084, 29546)
(-53, 115, 69, -14804, 6950, 23833)
(18, 39, 19, -1741, 3063, 18735)
(-82, -44, 43, -1355, -306, 6797)
(-51, 41, 83, -5168, 787, 9864)
(0, -10, 47, 5501, -2373, 13519)
(-77, 116, 81, -1153, -5685, 17252)
(-15, 60, 111, 2849, -4863, 23431)
(-122, -98, -91, 8231, -3209, 23181)
(-112, -61, -44, 6718, 227, 25750)
(80, -116, -109, 4656, -4214, 28638)
(-47, 35, 94, 6476, -3064, 28630)
(100, 62, 58, 5580, -1555, 27465)
(77, 51, 82, 2951, 556, 27691)
(-33, -5, 95, 9230, 1487, 28197)
(86, 21, -116, 13112, 2652, 26524)
(12, -20, -84, 4754, -256, 23049)
(-29, -20, -98, -1929, -3809, 11881)
(-11, -30, -74, -153, -3255, 5641)
(2, 83, -110, 5754, 2117, 1349)
(13, -10, 93, 2661, 3055, 260)
(25, -49, 55, -1820, 2020, -1608)
(40, -20, 20, -6361, 1275, -6237)
(26, 54, 38, -9648, 1085, -9172)
(-48, -68, 103, -12335, -2038, -11260)
(71, -76, -6, -12662, -3141, -11313)
(-19, -56, -36, -26371, -343, -18487)
(0, -37, -84, -12447, 2771, -28789)
(38, 96, 100, -13207, 2518, 29060)
(-33, 36, -55, -18826, 5, -32488)
(-24, 36, -4, -8791, -455, -32488)
(-65, 90, -75, -17130, -2958, -32488)
(-65, -50, -44, -12250, -5246, -32488)
(-34, -110, 23, -19265, -8344, -32488)
(60, -46, -70, 909, -11195, -32488)
(-74, 102, -62, 6235, -19926, -32488)
(42, -25, -38, 31344, 27993, -32488)
(81, 112, 107, -1888, -28463, -32488)
(117, -17, -38, 5100, -14369, -13529)
(28, -55, -91, 1536, -1869, 5461)
(-63, 116, 8, -10608, 19542, 24722)
(-2, 91, -76, -18819, 18948, -28769)
(81, -8, -118, -3618, 22929, -30802)
(-27, -122, -46, 11845, 27278, -32488)
(37, -76, -71, -12776, 8407, 29427)
(30, -34, -48, -1003, 5545, 5872)
(15, 38, 7, -612, 4155, 7284)
(-120, -23, 92, 2407, 2192, 14237)
(1, 125, -86, 526, -2413, 21005)
(-96, -5, -88, -1040, -3667, 22109)
(-116, 7, -66, -3841, -4175, 27784)
(33, -15, -68, 11411, -3556, 28207)
(121, 0, -3, 10646, 1424, 28458)
(124, -49, -72, 5779, 793, 29138)
(-59, 62, 47, 9648, 2347, 25462)
(-65, 118, 95, 2613, 1787, 27552)
(123, -33, 107, 6663, 3060, 28834)
(66, 61, -121, 3226, 3528, 29433)
(-87, 0, 55, 8240, 1938, 26947)
(-36, -4, -1, 10109, -1570, 23382)
(66, -23, 24, 4063, -6685, 14189)
(-52, -33, 78, 4855, -7598, 7712)
(58, -122, -60, 6271, -4499, 6289)
(41, -105, -6, 303, -1757, 6766)
(39, 21, -3, -6550, 1111, 218)
(59, 15, -45, -3268, 3029, -5827)
(92, 97, 88, 70, 5388, -10091)
(-120, -17, 33, -2382, 3346, -9779)
(-46, -94, -30, -8584, 435, -8790)
(-49, 43, -35, -15874, -4298, -6046)
(90, 58, 48, -17924, -8102, -8477)
(-20, 85, 33, -18455, -7705, -12248)
(-21, 82, 9, -15986, 1451, -17412)
(-115, 106, 63, -15961, 3770, -23020)
(62, -77, -66, -16708, 1094, -29175)
(8, 36, 101, -10948, 556, 30903)
(-11, 83, -65, -7990, -2847, 32723)
(102, 112, 34, -10339, -5931, -32489)
(117, 119, 99, -9566, -10887, -32489)
(-34, -33, 36, -6444, -11675, -32489)
(-71, -83, -86, -11601, -7633, -32489)
(118, -46, -86, -11761, -8083, -32006)
(-36, -104, 100, -8830, -15677, -32650)
(-127, -109, 44, 3131, -17048, -32489)
(-103, 105, 53, 17713, -14524, -32489)
(-111, 110, -13, 11486, -19793, -32489)
(111, -111, 59, 8974, -14557, -20507)
(36, -125, -7, 13506, -2999, -9682)
(-4, -78, 121, -8306, 5023, 10592)
(3, 123, 22, -5767, 11118, 20809)
(106, -75, -39, -9894, 20669, 29166)
(-23, -111, -89, -7757, 17846, -31753)
(79, 44, 79, -1735, 26350, 32624)
(-69, -92, 57, -11941, 10407, 31994)
(32, -14, 110, -22410, 6027, 20706)
(-127, -3, -67, -4606, 8172, 20045)
(94, 85, 84, 25578, 4461, 19734)
(-10, 87, 106, 11348, -7602, 23633)
(29, 63, 59, -7334, -9281, 22752)
(-61, 66, 88, -7583, -10554, 28812)
(-31, 72, 92, 5028, -9253, 27306)
(13, 7, 29, 11729, -916, 29375)
(-21, 103, 76, -4018, -7117, 27915)
(-82, 98, 18, 4709, -498, 26073)
(29, 47, 66, 19858, 4428, 25873)
(127, 41, 73, 17847, 1413, 30119)
(114, -57, 55, 9634, 2369, 31322)
(-97, 78, 4, 5398, 2665, 26705)
(71, -4, 114, -4279, -2985, 15689)
(-105, 78, -108, -6158, -5071, 717)
(-29, -73, 87, 9629, -2992, -7210)
(-47, 24, 94, 14350, 1115, -4833)
(-19, -91, -58, 105, 4052, -5023)
(32, 34, -42, -6261, 3017, -8999)
(52, 49, -51, -7836, 1018, -12195)
(-62, -3, 8, -9385, 975, -14100)
(-128, 15, -80, -7901, -833, -18642)
(87, -65, 12, -9403, 726, -24082)
(-116, -37, 87, -16452, 274, -29534)
(79, 121, 101, -14146, 3246, 31052)
(82, 6, 12, -10238, -829, -32758)
(-112, -119, 88, -10727, 398, -32491)
(63, 90, 38, -9047, -576, -32491)
(-49, -88, 35, -10538, 2996, -32491)
(54, 98, 125, -4978, -4799, -32491)
(-117, -21, -52, -2674, -12967, -32491)
(-21, -49, 60, -5071, -16881, -32491)
(-22, 96, 31, 16295, -26938, -32491)
(-12, 22, 100, 2301, -27686, -32491)
(-122, 97, 127, 11463, -28370, -20363)
(57, 87, -107, 2367, 1935, -9191)
(-63, -116, 106, -5116, 6025, 6870)
(-77, 83, -51, -13419, 11326, 24855)
(-53, -78, -112, -8092, 18285, 32712)
(103, -53, -102, -7264, 22971, -29974)
(-123, -62, -120, 2253, 20610, -32374)
(-1, -104, 93, -10336, 9124, 29856)
(126, -17, -29, -3790, 3689, 13589)
(28, -104, 57, 1777, 1190, 9078)
(-74, -112, -125, 3360, -660, 12082)
(68, -91, -50, 6121, -2841, 21929)
(-51, 26, -124, 7794, -1030, 28257)
(-1, 125, -72, 8357, 572, 23889)
(-22, -14, 125, 3097, 2937, 27934)
(-55, -116, -6, 2813, 1918, 27470)
(39, 109, -50, 1685, 5250, 27374)
(9, -94, -30, 11169, 2898, 27677)
(-5, 91, -79, 4337, 1862, 28377)
(-68, 52, -81, -2644, 1756, 27457)
(-118, -125, 42, 7101, 2203, 28276)
(-115, 110, -117, 12596, 2519, 29113)
(88, -109, -8, 8887, 160, 25485)
(32, 123, 96, 2331, -1659, 18641)
(83, 95, -115, 2138, -4110, 3647)
(11, 20, -35, 11379, -1642, -6)
(-47, 62, -9, 14041, 150, -921)
(-53, 96, -104, 6949, 2971, -46)
(-100, 125, -63, 2673, 4805, -2762)
(-100, 127, -109, -542, 2813, -1789)
(-89, 97, 60, -6140, 433, -3222)
(-46, 79, -33, -9785, -1873, -4441)
(79, 49, 19, -7969, -2118, -8295)
(-77, -106, -82, -14915, -4085, -8412)
(38, -25, -100, -13493, -4059, -15148)
(34, 25, -108, -13219, -4518, -19403)
(124, -107, -25, -12592, -1490, -27292)
(-58, -119, 90, -14538, 45, 30464)
(-11, -50, 53, -11820, -1336, 32477)
(34, -72, -60, -13134, -3241, -32491)
(-59, -12, 88, -11577, -5069, -32491)
(-82, -123, -70, -13562, -4339, -32491)
(52, -116, 86, -10907, -3759, -32491)
(-114, 58, 84, -14787, -478, -32491)
(123, 69, -52, -4886, 1220, -25256)
(31, 22, -96, -4197, -5318, -19864)
(-63, -17, 73, -31268, -16272, -21526)
(15, -109, -11, 9395, -16719, -29558)
(9, -96, -57, 24433, 29978, -30998)
(85, 19, 117, 10367, -25762, 31630)
(64, -12, -79, 8845, -10663, -26984)
(-31, 8, -108, 9025, 716, -11166)
(124, -42, -126, -2325, 8324, 5570)
(61, -75, 56, -10879, 15167, 22324)
(-54, -63, 103, -10037, 25590, -32170)
(-31, -29, 18, -11469, 26470, -29461)
(-81, 37, -18, -355, 23068, -32490)
(-61, -84, -48, -25372, 6401, 23542)
(16, -67, 16, -9759, -4945, 26012)
(69, 12, -27, 21855, 663, -1353)
(43, 120, -128, -980, -8458, 13729)
(-49, -26, -63, 2831, -10251, 20261)
(-2, 35, -110, 8549, -4304, 20261)
(-118, -35, -75, 12111, -671, 23015)
(-31, 60, 77, 9196, 11336, 3982)
(79, 72, -77, -5725, 18926, 5723)
(75, 68, -39, -608, 5841, -29857)
(100, 12, 96, 2956, 993, -29047)
(100, 67, 92, 1346, -4807, -32490)
(-123, -95, 126, -3119, -5791, -32490)
(84, -114, 104, 3263, -2464, -32490)
(-46, 9, 79, 4867, -2702, -32490)
(85, 117, -125, 7250, -2978, -32490)
(-82, 7, -88, -6019, -3635, 12817)
(-23, 69, -34, 277, -1827, -1358)
(-34, -10, -117, 15627, 1076, 501)
(-55, 42, 68, 11964, 2968, -2094)
(-21, 78, 73, 2130, 2548, -3258)
(27, 84, 78, -2030, 1217, -7307)
(-102, -112, 25, -12615, 602, -11425)
(-83, 114, -60, -15200, -3563, -15973)
(17, 74, -19, -8097, -4124, -16294)
(-82, 11, 58, -3997, -2524, -18322)
(42, -98, -104, -10948, -6043, -21796)
(124, 116, -85, -18899, -10757, -30317)
(0, 118, 60, -17713, -8050, 30290)
(-79, 116, -64, -14753, -5515, -32493)
(100, 12, -16, -9318, 1681, -32493)
(-2, -84, 16, -11170, 3039, -32493)
(93, 59, -26, -12209, -3070, -32493)
(37, 44, -49, -9152, -3694, -32493)
(-5, 45, -111, -9760, -7226, -21996)
(-128, -55, 101, -10506, -8784, -22495)
(64, -15, -105, -27328, -21435, -28387)
(-60, 62, 99, 5693, -22481, -31456)
(118, 31, 90, -31865, -17077, 31740)
(-47, -50, -54, 8457, -26918, -30355)
(9, 76, 18, -5287, -16354, -14859)
(-12, 119, -74, 10593, 9197, -10119)
(-121, 111, 1, -17517, 23656, 17604)
(70, -62, -113, -18366, 21520, 28928)
(91, 94, -66, -13793, 30695, -26822)
(84, 15, -30, -399, 23983, -32494)
(-99, 107, 25, -12678, 2466, 17689)
(-116, -65, -8, 4723, 872, 8966)
(31, 94, -46, 7985, -2773, 15295)
(6, -90, -81, 7555, -3342, 21244)
(81, -112, -122, -6767, -5301, 26539)
(65, -91, 94, -1867, -11151, 32519)
(-14, -55, 47, 9871, -7407, -30821)
(77, 24, -63, 9252, -360, 30851)
(119, -37, -105, 10027, 1509, -31763)
(-24, -70, 57, 8440, 2879, -32493)
(-1, 42, 14, 8023, 7580, -32493)
(95, -109, 101, 7308, 830, -32493)
(35, 115, -73, 10231, 2598, -32493)
(-97, -72, 119, 6363, -613, -32592)
(-60, 97, 65, -2620, -4542, 22109)
(-47, -4, 69, -3314, -4270, 11666)
(117, 44, 37, 11894, -351, -2552)
(30, 1, -7, 19498, 635, -4256)
(15, 83, -91, 12376, 1648, -4792)
(105, 74, 69, -239, 3205, -4369)
(-44, 81, 76, -1469, 2082, -4810)
(4, 122, 44, -3916, -895, -3753)
(69, -40, -51, -7625, -519, -5179)
(58, -101, -121, -18556, -4331, -6387)
(-85, -102, 85, -19391, -3536, -13608)
(-5, 118, 22, -11482, -4655, -12328)
(-103, -69, -1, -4813, -3768, -20055)
(1, -14, 66, -14537, 908, -27772)
(-106, 79, 68, -14384, -4157, -32260)
(49, 68, 46, -14391, -5401, 31850)
(51, -21, 39, -15118, -2972, -32582)
(33, -92, 44, -24526, -2029, -32497)
(-126, -31, -89, -16995, 2676, -32497)
(25, 44, 70, -16716, 3931, -32497)
(-38, 8, 99, 2551, -9134, -32497)
(25, 125, 83, -11577, -15940, -32497)
(-64, 30, 85, 3874, -20137, -32497)
(61, -91, -13, 15183, -26519, -32497)
(57, 51, 65, -2851, -25619, -32497)
(15, 42, 36, 8828, -14098, -21373)
(-12, 79, 76, -4332, 5539, -8596)
(12, -29, -48, -6038, 6230, 10541)
(77, -75, 126, -8947, 21978, 27369)
(103, -71, 47, -21348, 13435, -29149)
(89, 96, -64, -3820, 22717, -31277)
(44, 56, 87, 24287, 25330, -32497)
(2, 27, 20, -14813, 11789, 6514)
(-6, 96, -110, -25090, -5706, 18282)
(32, 21, -52, 20080, 5966, 13901)
(45, -19, 46, 6629, -132, 11859)
(122, 98, 2, -1546, -5522, 19242)
(-89, -86, -14, 3296, -8063, 15786)
(-109, 34, 88, 9547, 3036, 18667)
(-74, -90, -54, 7828, -2946, 24305)
(65, 97, 15, 661, -5046, 31735)
(12, 8, -58, 5618, 487, 24344)
(23, -79, 60, 432, 4114, 25658)
(3, -70, 41, 1092, 1149, 27464)
(85, -7, 83, 3890, -454, 30035)
(-34, -77, -77, 4743, 578, 22677)
(78, 49, -32, 4073, 6373, 29138)
(7, 99, -29, 17008, 4987, 27406)
(-82, -22, -26, 18467, 3538, 25760)
(59, -56, -90, 9692, -156, 21757)
(-20, 77, 72, 5102, -49, 16179)
(-113, 50, -77, 11764, -3666, 7753)
(65, 49, 71, 11639, 858, 75)
(40, -32, -52, 9374, 3900, -4393)
(82, -92, -21, 5077, 3619, -6559)
(-79, 43, 27, 4629, 867, -6768)
(-5, 48, 79, -6530, -1794, -6386)
(-107, 30, -59, -12545, -4176, -7998)
(12, 69, 1, -13758, -6030, -11391)
(-48, -78, -37, -16166, -4622, -17523)
(-73, 17, -76, -10407, -3106, -22279)
(-117, -87, 49, -14789, -4908, -24836)
(113, 69, 0, -15598, -5943, -27771)
(17, -108, -20, -25304, -627, -29785)
(-83, -8, -80, -29897, 4084, 31465)
(63, -40, -92, -19126, 10920, -32627)
(-17, 64, -113, -5137, 13428, -32501)
(111, 53, 35, 4952, 9073, -32501)
(78, 86, -65, 11120, 4767, -31269)
(48, 121, 39, -7611, 3787, -30538)
(-86, -124, -60, -4074, -13718, -24582)
(42, -96, 98, 12109, -24453, -28438)
(108, 74, 28, -8627, -25787, -26319)
(89, 121, 7, 3980, -19268, -20029)
(29, 111, -107, -2634, -12314, -15945)
(-97, -5, 103, 7458, -28185, -9294)
(49, -30, -104, -2363, -9156, -3456)
(100, -95, -40, -6571, 9000, 3584)
(54, -100, 27, -7868, 17147, 14648)
(-27, -104, 81, -12952, 22041, 23163)
(-65, -122, -26, -13023, 20406, 29662)
(-33, -26, 118, 840, 24299, -28987)
(-39, 106, 85, -1383, 17289, 21731)
(-45, -83, -40, -19512, 4699, 18744)
(65, 32, 18, -13720, 280, 25815)
(-28, 104, 96, 7710, -6768, -32083)
(-122, -20, 57, 4428, -4151, -31551)
(98, 55, -56, 11633, -3246, -32370)
(-31, -6, -112, 1178, -2673, -32762)
(108, 27, 6, 7211, -1774, 27739)
(36, 104, 3, 13162, 1256, 26556)
(-85, 61, 21, 10843, 678, 23954)
(-104, 53, -7, 408, 3173, 22627)
(121, 85, -36, 4710, 3548, 22978)
(92, 19, 89, 15510, 6068, 22980)
(-127, -57, -125, 14098, 5701, 24175)
(49, 51, -96, 8775, 2120, 23819)
(-30, 76, -38, 4957, -206, 14259)
(17, -117, 31, 3616, 29, 8642)
(-79, 46, 89, 8526, 1681, 6894)
(28, -94, -30, 6819, 1999, 4943)
(-26, -95, 18, 3289, 1109, 1907)
(-81, -123, 56, 496, 521, -1875)
(-44, 94, 46, -2070, 432, -3485)
(22, 77, -24, -4591, -1011, -6723)
(108, 113, -99, -9835, -2970, -8069)
(-57, 35, -12, -9134, -9011, -14730)
(-78, -126, -47, -699, -4082, -14256)
(-21, -128, -55, -14239, -2791, -19890)
(-82, -97, -84, -22264, -4722, -27913)
(113, -120, 86, -14385, -9408, -31311)
(60, -89, -43, -4210, -14273, 31312)
(-70, -74, 114, -19980, -10909, -32501)
(-103, -90, 68, -15063, -5063, -32501)
(-25, -125, 90, -10748, -4765, -32501)
(102, 62, -14, -15494, -6472, -32501)
(-100, -96, -43, -19045, -14764, -32501)
(-7, -115, 19, 4126, -14102, -32501)
(98, -74, -73, 13998, 28899, -32501)
(-56, -41, 14, -21883, -27220, -32501)
(-102, -82, -60, 17367, -29116, -15588)
(-78, 5, -83, 300, -7650, -15966)
(52, 66, 103, -13979, 18292, 11603)
(122, -73, -33, -25760, 20003, 28475)
(-100, 114, -64, -7985, 24919, -30367)
(-14, 112, 61, -5446, 19356, -30972)
(-68, 65, -116, -5656, 22282, 29701)
(-85, 38, -74, -12415, 12299, 18023)
(-51, -32, -116, -5144, 6901, 10569)
(-103, -30, 61, -418, 8086, 10267)
(83, -119, -11, -3701, 6527, 9181)
(99, -40, 72, -5816, 3415, 14473)
(6, 127, 95, -3788, -1294, 19511)
(49, 84, 53, -4234, 524, 22195)
(-20, -7, 2, 2221, 5383, 25563)
(-44, 91, -35, 1908, 5264, 25660)
(12, -36, 33, 7230, 6409, 24336)
(32, 94, -23, 7206, 5598, 26337)
(-32, -86, -17, 3550, 5728, 27191)
(-91, -109, 50, 6122, 6812, 27198)
(-4, -121, 89, 9940, 6769, 29357)
(113, 113, 90, 12194, 7290, 28152)
(22, 25, 13, 12171, 6821, 30179)
(105, 3, -104, 12785, 8699, 27818)
(-119, -2, -98, 16574, 5709, 26324)
(56, 40, 113, 15117, 2137, 19774)
(92, -104, -13, 16017, 1874, 9823)
(-18, -14, 99, 12979, 6712, 5901)
(-17, -6, 22, 8896, 3852, 5012)
(-30, -41, -45, 8558, 3602, 2992)
(-18, -20, -61, -1853, 182, -32)
(-51, 35, -78, -3451, -543, -5884)
(-12, 8, -74, -8051, -2919, -10029)
(56, -20, -83, -7597, -3381, -13792)
(-74, -57, -120, 514, -4043, -18163)
(45, -33, -109, -4794, -6596, -30372)
(104, 7, 26, -13641, -7933, 29586)
(-37, 112, -78, -13897, -7748, -32499)
(-26, -59, -104, -17655, -7179, -32499)
(-93, 36, 66, -15345, -3909, -32499)
(-126, 9, 99, -17696, 4006, -32499)
(-33, 127, -91, -11808, 10511, -32499)
(-97, -44, 29, -3445, -11149, -32499)
(10, -52, 75, 2713, -19224, -32499)
(64, -73, 83, 9237, -23011, -32499)
(-112, 23, -67, 14154, -28759, -26448)
(81, 69, -77, 3872, -23450, -19045)
(23, 97, 102, 3613, -9730, -1260)
(-91, -62, 7, -7709, 7000, 11052)
(-38, -78, 122, -20570, 20282, 27606)
(-94, -90, -51, -13367, 19521, -27847)
(99, -103, -123, -1225, 29830, -31868)
(22, 26, -50, -7573, 15304, -32499)
(-11, -73, 123, -17637, 537, 12572)
(-25, -31, 126, -4820, 1419, 6813)
(-51, -124, -19, 2432, 5397, 12146)
(119, 28, -21, 1696, 4433, 10938)
(60, 59, 58, -6256, -1284, 10914)
(-116, 92, 95, -3674, -1815, 16215)
(-67, -98, 77, 2787, 2275, 20275)
(-18, 21, 119, 4239, 2739, 22870)
(0, 103, -44, 8135, 1231, 24848)
(114, 65, -26, 4258, 1697, 25774)
(-97, -44, 24, 7434, 1998, 25561)
(-68, 14, 116, 3902, -3141, 29509)
(9, 29, -9, 2290, -6600, 30499)
(52, 20, -19, 603, -2059, 31582)
(-57, -77, 18, 8582, 3875, 28301)
(85, 69, 50, 16010, 2610, 28083)
(62, 53, -92, 13880, 437, 25500)
(82, -37, -7, 11297, 1426, 21248)
(-89, -117, -111, 9429, 1417, 14125)
(57, -60, -24, 8877, 4890, 6162)
(21, -125, -98, 16439, 7150, -517)
(10, 15, -109, 17954, 4621, 555)
(-74, 99, 49, 11851, -11, -911)
(-82, 5, -124, 4847, -731, -1339)
(-63, 90, -92, -7305, -1521, -2518)
(-27, -1, 84, -9107, -2018, -6796)
(115, -57, -66, -10247, -2949, -9046)
(-14, 7, 47, -16287, -4697, -10946)
(-75, 64, -20, -12700, -4146, -18128)
(-93, -15, -51, -9200, -4666, -23944)
(-36, 53, 109, -17995, -6035, -30358)
(26, -20, -113, -13512, -3564, 31318)
(-52, 43, -125, -15912, -3054, -32365)
(91, 126, 47, -17871, -4816, -32646)
(59, 13, 56, -16728, -1014, -32501)
(127, 33, 125, -16549, 1668, -32411)
(-34, -59, 50, -6560, 7378, -29592)
(57, -98, -10, -6914, 231, -31267)
(2, -64, -18, 3846, -12782, 32298)
(37, -87, -90, 2537, -19774, -32501)
(-17, -37, 57, 14130, 32596, -32501)
(-43, -116, -67, 5710, -25175, -32501)
(9, 17, -32, -776, -763, -11618)
(-48, 109, 89, 1753, -2019, -4167)
(20, -21, -9, -14988, 4251, 14474)
(-71, -88, -64, -6869, 16667, 20962)
(31, 22, -71, -12069, 21244, -30810)
(-71, -74, -36, -4687, 23910, -30258)
(-40, -68, -102, -12299, 15843, -32501)
(17, -16, 0, -3742, 9161, 28274)
(-95, 84, -83, 4481, -1398, 22353)
(90, 37, -23, -1178, -8016, 17192)
(63, -27, -84, -4756, -8007, 22625)
(6, -115, 18, 8989, -4831, 26650)
(2, -21, -74, 7596, 1442, 26898)
(-7, -11, 70, 10938, 98, 27351)
(-29, 55, 89, 5667, 3415, 30150)
(-80, 92, -107, 8580, 2417, 28364)
(14, -83, -67, 8237, 4996, 27325)
(7, -122, 55, 12335, 4986, 29374)
(-43, 71, -89, 11141, 6669, 28757)
(28, -3, -78, 12248, 4444, 27611)
(-60, -1, 93, 9328, 1599, 23557)
(-72, -54, -76, 4526, -2754, 19410)
(38, -72, -24, 8509, -982, 8327)
(82, -63, -53, 6546, -441, 6360)
(71, -122, -86, 9087, 2293, 1804)
(69, 11, 113, 8472, 1462, 809)
(72, -60, -122, 2227, 385, -3)
(94, -112, -122, -2758, 1541, -2142)
(125, -81, 111, -9270, 1176, -5788)
(-91, 29, 38, -12932, 2223, -9294)
(-70, -86, 7, -17741, 392, -11937)
(116, 83, 46, -10606, -3476, -15898)
(6, 52, -118, -12265, -5326, -25519)
(-88, 20, -83, -11132, -4261, 32355)
(105, -35, 48, -15481, -4284, 31457)
(126, 74, -122, -17616, -5848, -32506)
(-44, 64, 15, -13022, -2336, -32506)
(80, -107, -31, -17005, -1659, -32506)
(54, 15, -128, -13333, 326, -32506)
(-20, -34, -76, -11207, 3047, -32506)
(-107, 109, -105, -9227, -1204, -29042)
(22, 105, -83, -5832, -11032, 31876)
(27, -49, -6, -663, -22617, -32506)
(49, -80, 124, 13767, 29863, -32506)
(104, 27, -2, -14315, -32397, -32506)
(-32, 17, 86, 19271, -17720, -11786)
(94, -122, -10, -5518, 3740, -1930)
(28, 78, 56, -1031, 12121, 13891)
(87, -51, -26, -9107, 24626, 25147)
(-66, -46, 24, -14136, 17292, -25498)
(37, -10, -125, 12379, 21851, -32505)
(-112, 15, -66, -18140, 1812, 21065)
(-29, -1, -79, -32441, 6017, 4748)
(-56, 102, -106, 3440, -13121, 10031)
(98, -47, -94, 2726, -9038, 10583)
(-110, -20, 86, 9597, -14119, 18103)
(-44, 107, -116, 14548, -10742, 21608)
(-108, -1, -114, 10243, -5489, 19617)
(-13, -46, -101, 19999, -5509, 25830)
(80, -60, 5, 15286, -2047, 29590)
(35, 0, 77, 14242, 1318, 29500)
(59, -76, -22, 15922, 5324, 29422)
(-49, -104, 65, 4411, 6557, 30996)
(69, 82, 87, 9777, 2828, 32597)
(-86, 115, -31, -22964, -903, 28868)
(37, 94, 100, -5873, -11232, 30648)
(-85, -35, -93, 20475, -10981, 29315)
(-97, 27, -51, 19072, -7578, 17917)
(38, -82, 92, 6596, -4330, 7981)
(114, 90, -53, 6053, 4661, -5755)
(-14, -73, -48, 8181, 6556, -8934)
(-56, -66, 79, 11161, 6621, -10913)
(70, -69, 14, 7743, 3502, -6765)
(-94, 45, -97, -5029, -3039, -2362)
(-37, 34, 77, -2219, -2229, -6499)
(-126, -107, 15, -9338, -936, -9882)
(-82, 12, -97, -7697, -1716, -9229)
(-92, 57, 59, -14971, -1452, -6900)
(114, 18, 59, -13079, -3472, -10764)
(127, -110, 123, -8760, -5221, -17881)
(113, 17, -2, -10811, -7012, -20569)
(-1, 17, 9, -14938, -3003, -29289)
(-78, 52, -21, -20678, -5075, -31483)
(14, 92, 72, -14113, -1756, 31567)
(16, 60, -8, -13197, 2682, -32507)
(102, 111, 24, -12942, 1294, -32507)
(117, 18, 107, -8252, -731, -32507)
(-114, -90, -28, -10328, -8680, -32507)
(41, 93, 32, -3887, -10783, -32507)
(102, -128, 71, -6726, -14915, -32507)
(72, -36, 48, 9198, -13368, -32507)
(25, -11, 6, 23483, -6513, -28307)
(-8, 59, -114, 12366, -21083, -26761)
(59, -43, -118, -2715, -7920, -6870)
(-76, -7, 90, 366, 651, 1897)
(-3, -102, 116, -10563, 7036, 7885)
(-57, 88, -104, -14651, 8062, 16052)
(-43, -25, 59, -14791, 12637, 21085)
(-58, 107, -104, -14251, 13779, 27590)
(124, 79, -69, 4294, 20346, -28202)
(91, -120, 99, -3372, 17433, 30377)
(-8, 102, 47, 14550, 12751, 20679)
(95, -110, -34, 8451, 18433, 9308)
(-119, 56, -38, -29636, -19035, 18762)
(-15, 114, 24, -2341, -6800, 18096)
(96, 39, 54, 1690, 731, 25465)
(-33, 106, -46, 9276, -2142, 25465)
(105, -87, -76, -11601, 58, 27716)
(105, -44, -121, 3603, 885, 25805)
(-71, 122, -78, 5147, 2260, 28847)
(-57, 125, 40, 9516, 2921, 30824)
(-119, 27, 0, 9683, 12857, 28609)
(61, -126, -67, 11231, 6972, 30218)
(69, -98, -16, 8003, 5922, 31604)
(-22, 80, 121, 10794, 8217, -31495)
(-109, 7, -106, 14649, 8140, 30787)
(12, 99, -96, 15142, 434, 24348)
(91, 52, -52, 17045, 1170, 4678)
(-84, 99, 43, 11044, 2642, 1489)
(-33, 60, -97, 9639, 7728, -2440)
(19, -53, -124, -108, 4194, -3259)
(17, 21, 122, -4473, -5778, -9997)
(-14, 20, -114, 828, -7949, -13788)
(-28, -29, 18, 3253, -14591, -22887)
(125, -98, -69, -824, -12294, -29778)
(-46, 19, 126, -24350, -1842, 29892)
(-1, 6, 20, -20955, -14085, -32507)
(106, 26, -66, -13547, 488, -32507)
(23, 101, -77, -14705, 3575, -32507)
(-109, 6, 64, -15855, 5881, -32507)
(118, 2, 23, -12437, 3812, -32507)
(115, -17, -116, -12097, -3246, -27503)
(-62, 15, -20, -18869, -11800, 31361)
(97, 33, -53, -7615, -21483, -32507)
(-40, -28, 120, -29408, -12626, -32507)
(-84, -46, 74, -10866, -5692, -17828)
(-127, -39, -14, 10293, -13937, -6603)
(-39, 66, 61, -10745, 6923, 18886)
(89, 87, -64, -15391, 21143, 30735)
(-74, 117, 12, -24777, 15720, -27670)
(-92, -125, 120, -5711, 20643, -32506)
(-98, -63, 101, -3186, -2588, 31003)
(27, -59, -126, 31472, -233, 26557)
(6, 0, 0, 8886, 4058, 10744)
(-91, 122, 121, 6651, 7969, 15490)
(-47, -105, -106, -5242, -2421, 4649)
(-60, -52, 110, -840, -4996, 6158)
(12, 79, -5, 10882, -6520, 14514)
(-97, -117, -64, 11226, -12674, 15933)
(52, -116, 54, 13017, -13827, 27531)
(64, -92, 119, 13376, -6369, 26215)
(-54, -88, 14, 13185, 4591, 23344)
(-127, -79, 76, 20660, 9020, 25413)
(80, 107, 56, 24453, 13621, 31286)
(-86, -26, -71, 13635, 17501, 25858)
(-54, -125, 55, 19780, 17494, 31963)
(54, 98, -80, 24608, 17561, 27106)
(-58, 115, -96, 21854, 7539, -31531)
(-28, -89, 17, 9410, 12874, 25595)
(-111, 87, -121, 4337, 9992, 18423)
(61, 51, 111, 6694, 1772, 11690)
(-100, -108, -80, 12937, -9779, -2091)
(-42, -50, 122, 9955, -9738, -4095)
(102, -13, 98, -3574, -4189, -5576)
(-106, -121, 100, -3187, -711, -9144)
(-46, -7, 76, -902, 66, -10222)
(27, -8, 66, -1415, -2417, -10638)
(-1, 33, 56, -7526, -4493, -14608)
(-31, 95, -46, -10862, -4003, -15861)
(39, -88, 12, -2223, -819, -23903)
(-43, 103, 30, -2206, -2230, -26167)
(124, 48, 70, -8139, -5462, -31452)
(-47, -80, 27, -16134, -3192, 31348)
(-9, 28, -44, -17293, 3735, -32516)
(-121, -103, 117, -6878, 5335, -32509)
(6, 23, -92, -13408, 3187, -32509)
(56, -93, 70, -8358, 163, -31691)
(99, -6, 100, -9030, -4899, -22881)
(76, 9, 75, -5548, -14629, -24128)
(-15, 102, 18, -11838, -17290, -20743)
(-106, -67, -66, -6014, -17232, -21589)
(-26, -67, -67, 2093, -19124, -26260)
(-57, -9, 73, 6611, -19729, -19146)
(-95, 113, -93, 3913, -20510, -22730)
(32, 43, 39, -1393, -26379, -14970)
(-57, -26, 76, 4105, -21232, -4292)
(56, 63, 21, -4327, 6510, 653)
(-51, 103, 110, -4281, 17378, 11445)
(-27, 78, -72, -8831, 16983, 17844)
(-125, 63, 83, -4482, 22980, 21887)
(98, 122, -42, 369, 29566, 27491)
(21, -127, -57, 4045, 27517, 31610)
(13, -117, 25, -5403, 24234, 30566)
(-87, 7, 85, -850, 13853, 20193)
(12, 42, -114, 3493, 5394, 19407)
(98, -67, 115, -3177, -5063, 23055)
(27, -45, 2, -6584, -12198, 23566)
(-108, -125, -56, -497, -8839, 24382)
(69, 95, 16, -2867, -6874, 25829)
(35, -82, 108, 7522, -4304, 23924)
(125, 97, -7, 9498, -3164, 26204)
(-36, 55, -79, 14506, -857, 25229)
(-124, -103, -71, 8203, 822, 25566)
(-96, -124, 12, 14467, 554, 25540)
(52, -20, -126, 17115, 2515, 24795)
(77, -74, -25, 17590, 8732, 23913)
(-125, -50, 7, 16746, 6456, 24963)
(126, 82, 64, 11336, 5402, 24981)
(-22, 3, 78, 3723, 508, 20521)
(-78, 55, -38, -1127, -2263, 12745)
(120, -127, -96, 3674, -2499, 3784)
(124, 56, -124, 2622, -2057, -527)
(58, -21, 41, 3679, 1291, -4894)
(-43, -64, -8, -501, 1080, -8421)
(64, 124, -35, -224, -724, -12715)
(-9, 8, -23, -4477, 1091, -17657)
(105, -45, -89, -4128, 3040, -22444)
(114, -73, 97, -13488, -429, 29541)
(-42, -28, -99, -1960, -2859, 32115)
(-100, 35, -39, -8802, -4515, -32510)
(126, 116, 127, -20859, -3740, -32510)
(117, -76, 28, -13297, 932, -32510)
(-80, 110, 104, -12335, 5099, -32510)
(-16, 73, -63, -11874, 3177, -32510)
(82, -56, -70, -14828, 3914, -32510)
(78, 86, 77, -29678, -3942, -32510)
(116, 64, -42, 31279, -14008, -32510)
(70, -77, 39, 31948, -31622, -32510)
(-63, 60, -79, 14035, 28098, -28844)
(42, 56, -23, -482, -25532, -23047)
(33, -37, 42, 1335, 661, -8166)
(76, 12, -6, 5123, 12353, 2689)
(72, -82, -97, -17990, 24174, 22395)
(14, -69, 116, -19548, 18212, 30139)
(-3, 35, 82, -3834, 24184, -28373)
(53, -69, 33, -36, 25094, -32509)
(9, 27, -10, -688, -205, 19626)
(-80, -25, 50, -30963, 6329, 10113)
(-75, -85, 105, -3143, -3845, 15527)
(-128, 88, -39, 5670, -902, 16399)
(-108, -45, -35, 7221, -3405, 19835)
(-62, 117, -128, 1088, 2957, 24228)
(99, 2, 53, 5281, 1154, 26817)
(-57, 49, 62, -7580, -2587, 30895)
(-44, 82, -47, 3843, -4497, -30943)
(-29, 72, 37, 13850, 744, 31528)
(76, 7, 83, 18788, 1731, 31560)
(-106, -120, -9, 12592, 8555, 27871)
(-97, -36, -68, 13671, 10676, 31011)
(34, 32, 79, 15005, 8335, 32674)
(122, 14, -6, 8419, 6871, 32545)
(-24, 106, -105, 3443, 2187, 30672)
(108, 20, -107, -1897, -2803, 21461)
(95, 34, 118, 1305, -5756, 1875)
(1, -127, 71, 19313, 1083, -1979)
(18, 44, 58, 23723, 6224, -3456)
(42, -97, 125, 13218, 8827, -4678)
(-36, -55, 111, 7644, 2386, -1986)
(-64, 61, 66, 4933, -1602, -1540)
(-80, 15, 23, -7784, -4031, -8014)
(-84, 27, 57, -13750, -4639, -9303)
(-69, -8, 81, -8292, -3822, -14633)
(-94, 78, 109, -7924, -2717, -19244)
(83, -75, -105, -9849, -4304, -22741)
(53, -76, -80, -8633, -4463, -31806)
(124, 59, -63, -9536, -5331, 30844)
(47, 23, -99, -10169, -3833, -32510)
(-128, -45, -109, -11608, -2044, -32510)
(-35, -23, 125, -22139, 1151, -32510)
(86, 107, 94, -19681, 7863, -32022)
(-61, 27, 27, -351, 5182, -31839)
(83, -103, 51, -3200, -3563, -32719)
(124, -31, -13, -8368, -10628, -32532)
(98, -39, -103, 3436, -20077, -32510)
(115, -111, 20, 21900, -26406, -32510)
(98, 102, 65, 11023, 27357, -32510)
(-67, 31, -105, -1493, 32457, -24515)
(86, 69, 96, -517, 3388, -2613)
(64, -99, -30, -11244, 12512, 10225)
(-93, 38, 12, -16213, 26146, 30333)
(107, 42, -56, -14815, 23950, -27865)
(-61, -25, -91, -6117, 31489, -32104)
(14, 81, 55, 5377, 27758, -32510)
(-8, 56, 95, -13932, 3185, 21293)
(-21, 123, -84, -6502, -2848, 15344)
(18, 87, -32, 1625, -5841, 14690)
(118, -46, -96, -1293, -1306, 13722)
(13, 89, -50, 3647, 1013, 15114)
(-94, -57, -109, 2894, 478, 17281)
(65, 8, 72, 985, -2068, 22016)
(68, 62, 0, 8300, 212, 21530)
(-4, -78, -64, 11045, 4008, 26448)
(19, 35, 78, 6485, 6438, 23602)
(78, -56, -92, 8070, 3566, 26395)
(43, -112, -124, 2884, -1288, 27937)
(-40, -59, 113, 2766, 2820, 24967)
(26, 36, 21, 10302, 9103, 25533)
(36, 6, 127, 23079, 11199, 25333)
(-117, 108, -64, 19289, 7297, 26309)
(21, 8, -128, 7064, 2898, 25414)
(108, 48, -87, 5095, 2899, 19871)
(-47, -78, -78, 9063, 4977, 6929)
(-101, 71, -128, 10387, 6352, 2606)
(70, -33, -123, 9197, 3264, 1388)
(60, -26, -18, 4286, -910, 2881)
(93, -34, -128, 661, -3697, 897)
(82, -21, -120, -4337, -1336, -4247)
(-65, -43, -31, -6870, -1730, -10359)
(62, 91, 18, -6006, -1941, -10477)
(-60, -79, 124, -12680, -4717, -15244)
(-9, -66, -85, -10064, -7404, -18891)
(-63, -69, 98, -12355, -7267, -23036)
(105, 109, 123, -10815, -4175, -28528)
(62, 89, -84, -5825, -3554, 30396)
(96, 47, 34, -15113, -7080, -32715)
(-115, 71, 119, -14597, -5783, -32512)
(-57, 107, 106, -13655, -4013, -32512)
(-17, 61, 36, -11047, 3084, -32512)
(14, 46, 68, -13933, 11878, -32512)
(-108, -37, 31, -2286, 5587, -32512)
(-102, -43, -125, -6754, -7982, -32512)
(119, 16, 97, -1440, -25267, -32512)
(-114, 16, 1, 25226, -26896, -32512)
(18, 104, 53, 1548, 28738, -32512)
(-63, -22, 52, -28444, 32163, -19571)
(-111, -102, 65, 18862, -15087, -12145)
(118, 106, -9, -9942, 17330, 10477)
(-126, -84, 29, -19984, 26001, 22659)
(-105, 120, 3, -22269, -30693, 26600)
(-18, 78, 108, -18504, -31609, -27475)
(-99, 60, 35, -1108, 32455, -32512)
(-106, -5, -109, 11448, 32455, 16341)
(101, 42, -16, 14674, 11338, 4304)
(39, -4, 124, 27697, -3253, 4368)
(-52, 126, -35, -11311, -9327, 18523)
(115, 28, 42, 1606, -10653, 10758)
(-119, 0, -81, -13944, -7811, 19810)
(-72, -40, -108, 4246, -6932, 27105)
(38, 90, 74, 6472, -3028, 26727)
(-39, -26, -90, 5002, -790, -30474)
(-107, -63, -98, 5728, 6549, 28682)
(71, 30, 57, 10450, 8387, 31411)
(-96, -110, -17, 2656, -2339, -31429)
(58, 91, 16, 3497, 581, 31515)
(73, 54, -115, 10053, 6636, -32370)
(47, -72, -49, 15450, 6134, -32388)
(9, 22, -44, 9384, -149, -32509)
(116, -106, 48, 1440, 1634, 26659)
(69, 31, 35, -3277, -2112, 15878)
(95, -6, 23, 15925, -2238, 745)
(-16, -1, -1, 31920, -2370, -2505)
(5, 7, 59, 22814, 2509, 1576)
(-72, -45, -121, 12189, 3882, -1792)
(118, 74, -25, 5922, 2069, -3994)
(1, -60, 62, 711, 42, -6021)
(-87, -53, 51, -4633, -2433, -10189)
(-46, -76, 125, -8631, -4580, -9921)
(-116, 76, -1, -13647, -4448, -15548)
(97, -42, 76, -13616, -3232, -21170)
(110, -62, -74, -6484, -2883, -28433)
(-12, 48, -65, -15118, -14654, -22506)
(38, 88, -115, -15524, -17938, -29031)
(-90, -116, -118, -18597, -13910, 31813)
(-53, -72, -116, -16704, -5437, 32533)
(-116, -5, 116, -16608, -1519, -32513)
(-6, 100, -93, 26801, 1946, -32513)
(30, 52, 120, -18600, -1843, -32513)
(-43, -89, -79, 12013, -2683, -32513)
(11, 44, -22, -11104, -9476, -32513)
(-121, 28, -99, -1722, -9294, -28716)
(41, -60, 0, 6073, -16291, -27185)
(-111, 104, -124, -179, -13705, -27436)
(-109, -31, 22, -5290, -10981, -25269)
(-27, -79, 74, 6486, -14598, -16516)
(99, 20, 26, 2371, -702, -5536)
(-61, -112, -18, 519, 5391, 134)
(80, -24, 102, -8390, 6717, 11033)
(0, -114, -62, -2829, 8084, 18298)
(107, 29, -41, -5167, 11279, 23101)
(-29, -5, -89, -7456, 11833, 25777)
(26, 100, 8, 3744, 10812, -29007)
(125, -93, -126, 5610, 14332, -32159)
(79, 21, 96, -2736, 3595, 27775)
(2, -91, 93, -6864, 3031, 23324)
(-127, 2, -42, 4028, -1603, 21633)
(29, 78, -91, 6364, -2214, 25407)
(-50, -93, 98, 5282, -4773, 30421)
(27, 27, 86, 5874, -3255, 27517)
(92, -35, -109, 7201, -1614, 28173)
(-69, 89, -29, 12283, -7452, 30757)
(16, -71, 83, 8351, -3373, 31181)
(59, -115, -109, 10815, 5919, 26070)
(41, 37, 107, 16332, 17133, 19645)
(-107, 125, -51, 18182, 17383, 26115)
(101, -53, 6, 21004, 14339, 27346)
(-43, 109, 2, 8312, 5437, 26916)
(-71, 13, -18, 10031, 1307, 18774)
(51, -86, -93, 3209, 1579, 6872)
(-31, 61, 37, -7500, -2070, 3144)
(-62, -54, 26, 2044, 466, -443)
(-82, -99, 10, 2663, -1273, -2167)
(100, 126, 3, -45, -4106, -6044)
(6, -124, 12, -3057, -5526, -5300)
(-117, -74, 74, -6996, -298, -7182)
(81, -33, 120, -6494, -768, -6685)
(-39, 81, -45, -12518, -934, -6061)
(-121, -113, 38, -15499, -1177, -12640)
(-72, 113, 3, -22290, -9378, -14667)
(-13, 125, 102, -7296, -11182, -24598)
(44, -76, 10, -25124, -14710, 30475)
(-53, -51, -117, -16451, 50, 31921)
(-103, 21, -60, 924, 12841, -32516)
(-31, -47, -67, 7747, 12297, -32516)
(118, 3, -116, -12442, -1223, -32516)
(-83, 42, 53, -23878, -14472, -32516)
(-127, -43, -56, 30945, -28914, -32516)
(-82, 5, 102, -20026, -18342, -32516)
(-97, -19, 100, -28052, 25731, -32516)
(9, 41, 55, 29638, -929, -2136)
(-21, 100, 8, -6653, -19621, -19585)
(-116, -72, -53, -11042, -855, 11305)
(39, -4, 76, -20591, 22800, 32403)
(120, 79, 36, -12326, 24347, -27656)
(97, -83, 113, -6253, 31929, -32333)
(-73, 120, 70, -5004, 16483, -32515)
(116, 54, 70, -6871, 1602, 14172)
(42, 47, 8, -2807, 5604, 9566)
(0, -71, -24, 8138, 553, 13680)
(10, 31, -64, 10046, 1432, 16202)
(58, 94, 69, 5362, -5223, 22826)
(-38, 2, 60, 1248, -4509, 25540)
(14, 14, 120, 36, 1910, 28953)
(-11, 58, -124, 12040, 5571, 26082)
(78, -94, -1, 10224, 12302, 31888)
(80, 92, 40, 4556, 6718, 29858)
(52, -23, -6, 3424, 4848, -32741)
(-100, 124, 85, 12135, 7120, 30415)
(-76, 36, 47, 10149, 7064, 29888)
(84, 6, -29, 5999, 8117, 29929)
(-7, 84, -23, 10205, 3039, 28426)
(-18, -119, -40, 4564, 1160, 24692)
(-52, -115, -22, -2376, -2377, 14467)
(2, -128, -19, -67, -3309, 5292)
(104, 13, 1, 4219, -1707, -304)
(69, -85, 53, 4398, -1005, -3204)
(81, 47, 107, 26, 1353, -5265)
(-118, 59, 95, -1946, -831, -5718)
(-110, -31, 87, -11350, -4328, -5752)
(-86, -55, 26, -29200, -1296, -20566)
(82, -71, -11, -22514, 6507, 27010)
(-115, 115, 69, -6127, 7453, 32199)
(-53, 34, 36, -11297, 9122, -32515)
(41, 16, -47, -6088, 10231, -32515)
(-77, -1, -77, -7007, -199, -32515)
(-85, -113, 88, -8918, -19065, -32515)
(55, 7, 114, -22438, 25988, -32515)
(124, -24, 7, 25418, -26037, -32515)
(19, 76, -36, -23264, -13667, -24404)
(103, -13, 116, 4769, -12872, -9068)
(-24, 90, -89, -12153, 5483, 3876)
(-71, 37, 93, -7515, 23818, 21770)
(15, 38, 27, -15614, 18528, -23301)
(61, -43, 46, -4963, 25605, -32366)
(-117, 58, 13, 9667, 14020, 28609)
(36, 98, -9, -14219, 6137, 22588)
(-9, 76, 96, 1384, 5111, 17850)
(12, -124, 64, -4410, 5711, 14395)
(19, -85, 123, 2614, -2530, 22763)
(90, -59, -21, -4645, -11131, 18625)
(8, 100, -113, -2731, -10690, 26704)
(47, 3, 12, 8340, -8368, 30612)
(-47, 109, 9, 13002, -6280, 27469)
(78, 121, -70, 16575, 178, 25627)
(69, 27, -16, 4177, 2563, 28571)
(-47, -100, 85, 9248, 9038, 30454)
(-8, 65, -86, 18429, 10181, 31890)
(98, 126, 72, 13553, 11567, -31564)
(89, 83, -65, 5550, 4127, -32514)
(84, 12, -8, -5079, -9705, 29837)
(-124, 122, -52, 11449, -8567, 6441)
(45, -125, -2, 13491, -4446, 2683)
(-26, -116, 13, 10950, 5615, 7410)
(-109, -81, -87, 5255, 5790, 2872)
(122, -68, -13, 3992, 2814, -2468)
(-93, 0, 57, -2318, -1828, -10754)
(25, 110, 26, -3730, 559, -14218)
(-100, -81, 6, -5955, 785, -16709)
(67, -67, 29, -8928, 72, -17303)
(-32, 42, -68, -15090, -1547, -22611)
(-110, -95, 30, -3683, -1705, -31411)
(8, 0, 79, -7152, -10435, 30664)
(-52, 44, 62, -19107, -10256, -32517)
(-83, 12, 85, -18026, -5204, -32517)
(2, 64, -21, -15018, -1701, -32517)
(-75, -92, 24, -14058, 1383, -32517)
(63, -62, -109, -10212, -1544, -32517)
(72, -52, 77, 6595, -6214, -32517)
(-61, 53, -32, 15345, -20113, -32517)
(-26, 42, 17, -17461, 28552, -32517)
(-103, 127, -60, 6699, -21987, -26340)
(21, 35, 70, -2114, -21038, -29743)
(-111, 1, -66, -19705, -15580, -19011)
(69, -54, 68, 2160, 4962, 892)
(114, -19, -84, 7121, 7231, 1049)
(-120, 42, 110, -13986, 12545, 16450)
(-123, 114, -7, -8557, 13063, 21328)
(27, -32, -97, -6573, 19113, 28349)
(61, 106, -20, 606, 21570, -30242)
(55, -77, -124, 3490, 16700, 30185)
(127, -95, -17, -6411, 9194, 17304)
(65, 68, -45, -22407, 2793, 16360)
(-81, -114, 11, 5605, 1316, 22721)
(12, 107, 94, 3803, 2114, 15093)
(36, 114, -120, -9355, 2445, 23224)
(-123, 18, 20, -306, -117, 23545)
(-83, 123, 30, 3456, 3026, 25751)
(34, -20, -64, 9153, 838, 21187)
(-75, 123, 30, 14270, 10962, 26827)
(-8, 98, 17, 11487, 10123, 27613)
(-110, 0, -21, -6862, 3224, -31230)
(100, 75, 118, -4180, 5283, -31916)
(19, 70, -11, 5978, 5002, -32515)
(-71, 119, -34, 7210, 1763, -32515)
(89, -31, 3, 4830, -159, 27987)
(123, 11, 41, 6776, -3382, 8731)
(81, 37, -123, 3548, -3611, -5551)
(123, -112, -53, 8158, 386, -3433)
(-115, -21, 81, 3869, 4228, -5830)
(-57, 47, 33, -7674, -1852, -11886)
(-60, 48, -116, -2610, -574, -15693)
(-73, -69, -128, -9054, -3169, -20146)
(62, 74, -16, -3323, -6729, -23353)
(101, 42, -25, -7059, -6945, -22636)
(-122, 112, 110, -13420, -6105, -27146)
(-43, 0, 3, -7513, -6551, -26017)
(-47, -45, 21, -2196, -5425, -26586)
(122, -8, -22, -3459, -6403, -27755)
(-123, 90, 44, -14874, -11435, -26509)
(-19, -57, -57, -5156, -8838, -23766)
(2, -95, 112, -5776, -9806, -25993)
(97, -27, 49, -8117, -11975, -22804)
(71, -105, -16, -3193, -11659, -21371)
(-53, -67, -71, -8000, -9662, -22297)
(-21, 22, -123, -8855, -11277, -19012)
(-10, 60, -10, -5735, -12626, -19341)
(-29, -36, 62, -4395, -10897, -16127)
(-30, -55, -42, -2154, -11301, -20605)
(104, 5, 0, -2578, -12784, -14707)
(0, 0, -84, -623, -12603, -15307)
(124, 80, 78, -4499, -12498, -9078)
(-9, 53, 39, 5119, -9498, -6198)
(-114, 108, -107, -1268, -3905, -2434)
(-126, 55, 107, -3362, 1212, 2965)
(91, 93, 76, -4636, 10470, 11193)
(-3, 119, 75, -4522, 11645, 15291)
(-1, -43, -115, -9032, 11897, 15939)
(-60, 94, -126, -12182, 7901, 16158)
(-29, -100, -58, -5683, 4341, 25257)
(-63, 48, 48, -6290, 8434, 28893)
(-103, -24, -115, 2205, 13454, -29315)
(-68, 88, -83, 11100, 8930, 24031)
(-13, -72, -14, -3090, 10394, 11713)
(-118, -23, 43, 513, 6737, 11652)
(102, -57, -72, 2376, 3000, 15105)
(125, 32, -92, 5577, 1593, 18293)
(-9, 60, -74, -6240, -1234, 20760)
(-24, -51, -83, 1656, -1347, 22844)
(-95, -102, -105, 3003, 1295, 23316)
(61, -97, 115, 5681, 2675, 23349)
(5, 11, -107, 5768, 1279, 25572)
(-65, 12, -40, 5617, 340, 23031)
(-22, -41, 12, 1898, 740, 23286)
(-11, -86, -45, 1353, -488, 20500)
(-38, 85, -60, 3112, -4726, 22651)
(-92, 57, -104, 7618, 802, 20977)
(114, 37, 48, 7096, 3052, 22744)
(87, -125, 65, 4135, -189, 19477)
(36, 42, 118, 2730, -4006, 10962)
(-60, 77, -58, -513, -2025, 4084)
(-80, 95, -46, -1121, 1148, 159)
(-112, 122, -86, -3023, 1522, -2249)
(-72, -65, 96, -8840, 433, -7265)
(46, -113, -62, -7307, -260, -16991)
(-76, -9, -106, -15362, -2935, -30692)
(-85, 21, -108, -19690, -8021, -32089)
(-102, -128, 57, -6042, 579, 31593)
(86, -15, 59, -17078, -526, -32515)
(-111, -115, 122, -9789, -2166, -32515)
(23, 24, 9, -19106, -1023, -32515)
(-61, 53, 69, -25991, -7402, -32515)
(-50, 114, -3, 31184, 32429, -32515)
(113, -116, -87, 18988, 27837, -32515)
(-128, -53, 0, 22065, 32451, -32515)
(96, -92, -66, 24847, 32451, -16357)
(35, 106, 83, 10206, -15890, -21348)
(25, 16, 70, -12278, 5319, -5368)
(14, 14, 5, -6938, -32393, 20595)
(22, 109, -76, -15243, 27999, -25444)
(40, -113, -11, 5261, -31480, -31061)
(-2, -66, -42, 9917, 27674, -32515)
(77, 64, 2, -17071, 4398, 16185)
(-43, 127, 29, -4863, 1608, 18035)
(-9, -27, -18, 15560, -390, 14589)
(-123, 105, -24, 4766, -6013, 15393)
(-92, 14, 11, -3369, -16748, 23375)
(-69, 68, 117, 1563, -13881, 23420)
(-91, 86, -57, 6666, -1312, 20114)
(126, -51, 119, 12629, -1502, 27320)
(116, 2, 78, 23511, 1103, 26660)
(71, 94, 75, 2946, 1418, 28991)
(-6, -96, 44, 4379, 27, -32135)
(-53, -111, -64, 5374, -807, -31812)
(69, 127, 97, 1183, -4882, -32514)
(-71, 61, 80, -5049, -7345, -32514)
(-86, -98, 27, -7272, -6822, 23833)
(85, -77, 72, -7685, -3913, 11293)
(43, -121, 99, 5986, 5457, -9198)
(79, -44, 74, 5081, 5540, -6778)
(101, 14, -31, 2821, 2935, -7871)
(-101, 90, -20, -9533, 3683, -11041)
(-59, -88, -53, -17612, 2216, -17581)
(59, 15, 22, -6905, -4159, -19764)
(-9, 51, 119, -2245, -6612, -26320)
(68, 21, -25, -8916, -9867, -27173)
(71, 0, -2, -9652, -2343, -31620)
(12, -123, 35, -16405, 560, 31634)
(50, -66, -15, -11831, -1508, -32515)
(-109, 72, -95, -15656, -3232, -32515)
(-127, 1, 39, -11270, -6009, -32515)
(-114, -79, -107, -7680, -4528, -32515)
(120, 109, -92, -10298, -8138, -32515)
(-107, 97, 126, -8235, -13682, -31831)
(0, 66, 112, 511, -16203, -29821)
(113, -58, 6, -2063, -22011, -25210)
(30, -59, 61, -654, -11046, -26325)
(44, 48, 95, 6579, -13024, -21705)
(20, -88, -106, 10613, -10391, -21299)
(-85, 28, -102, 1510, -11440, -13152)
(-120, -6, 14, 1036, -2116, -3903)
(-109, -78, 32, -1402, 680, 901)
(-39, 7, 28, -7872, 6952, 12473)
(-78, 127, 23, -3521, 10610, 16067)
(75, -25, -67, -23058, 11816, 25056)
(9, -93, 91, -5087, 14499, -29526)
(-47, -81, 116, 3946, 15464, 30193)
(-89, -53, -73, 12391, 17103, -31240)
(-10, -22, 113, -1296, 9397, -32701)
(-64, -117, -108, -19795, 18284, 29896)
(124, 74, 112, 32230, 21397, 14396)
(-120, -13, -100, 27884, 6728, 25297)
(71, 25, -34, -18134, -5115, 26248)
(97, 9, -63, 6699, 7568, 27887)
(-65, -120, -50, 3536, 6436, 29728)
(-105, -63, 68, -6588, 8188, -31230)
(-70, 115, -69, -4730, 8460, -32240)
(-68, 121, 106, -421, 13158, -32511)
(-24, 37, -88, -5488, 8261, -32511)
(-40, -4, 121, -2299, 4102, -32511)
(-122, 34, -52, 18, -2640, 29639)
(-28, -102, -95, 7231, -6238, 7996)
(71, 123, -23, 5447, -7023, 1635)
(-109, 82, 114, 786, -2479, 3321)
(91, -90, 106, -5092, 3011, -6371)
(-83, -50, -21, -5274, 3165, -8792)
(63, 54, -120, -14006, -260, -15506)
(-27, 64, -70, -15484, -4557, -22792)
(53, 49, -54, -1109, -6767, -27006)
(68, -114, 54, -12255, -10862, 29002)
(-105, 4, -64, -12223, -7635, -32513)
(115, -32, 76, -9067, -9241, -32513)
(110, 84, -119, -7816, -10126, -32513)
(65, -118, 15, -8432, -8717, -32513)
(79, 105, -121, -8156, -8821, -32513)
(-86, 46, -32, -17665, -10347, -32513)
(-45, 114, -61, 31905, -19152, -32513)
(-106, 45, -123, 18136, -28119, -32513)
(81, 17, 126, -19253, 29786, -32513)
(-53, -120, -14, -7451, -13819, -15341)
(-103, -121, 39, -9878, -12552, -21867)
(-104, 85, -21, 1874, 19551, 12892)
(68, -88, 26, -18405, 15276, 26979)
(-75, 73, -111, -13720, 21566, -25227)
(121, -114, -64, -1393, 25599, -32513)
(-73, -32, -55, 4450, 15476, -32513)
(46, -78, 85, 32283, -2340, 18068)
(-9, -32, -7, 1892, 1579, 20501)
(-44, 67, 51, 6377, 1811, 18921)
(98, 4, 102, 2139, -2062, 20790)
(-96, -6, -114, -4918, -4395, 24286)
(-73, 63, 75, 6530, -2427, 25543)
(-28, 119, -77, 8969, 69, 26483)
(98, 22, -79, 6636, 1418, 28351)
(125, -121, -11, 11493, 3121, 31537)
(125, 69, 62, 12729, 5856, 31420)
(107, 89, -67, 8495, 2545, -31507)
(37, -27, 119, 3534, 5138, -32512)
(-58, 18, 11, 892, 3615, -32512)
(-84, 21, -86, -557, -1881, 30811)
(29, 79, -104, -6630, -6592, 16272)
(70, 83, 111, 3749, -6135, -1850)
(-125, 99, 50, 6956, -4348, -937)
(55, -10, 75, 6060, 763, -3207)
(37, -41, 105, -2387, 4083, -6320)
(125, 120, 77, -9486, 3701, -13835)
(-106, -25, 46, -11591, 1431, -17679)
(-22, -98, 106, -4920, -6700, -21195)
(16, -123, 26, -13926, -9415, -23122)
(3, 52, -40, -23513, -9033, -26916)
(-16, -14, 69, -23182, -4222, 30590)
(0, 62, -97, -16272, -903, 32616)
(123, 71, -128, -8254, -2001, -32515)
(24, -13, 84, -11297, -3751, -32515)
(-31, 76, 0, -15319, -4616, -32515)
(112, 105, 87, -10841, -3955, -32515)
(11, -68, 55, -6831, -2787, -32515)
(-7, 58, -3, -9625, -17946, -32515)
(-11, 118, -108, -3252, -25408, -32515)
(-41, 84, 43, 10108, -30375, -32515)
(17, -55, -52, 6884, -31435, -32515)
(121, -94, 80, 6647, -26884, -16660)
(0, -59, -71, 4405, 6174, -316)
(122, 44, -12, -10408, 21846, 20928)
(122, 3, 76, -12201, 28182, -27229)
(41, 42, -30, -2430, 32172, -30681)
(10, 94, 88, -4260, 23374, 26647)
(-35, 13, 64, -5160, 10610, 18375)
(5, 25, 86, -10021, 3017, 13056)
(-18, 124, 11, -3380, -6537, 18013)
(-40, -96, -103, 360, -11159, 19740)
(-3, -23, -91, 711, -7675, 18594)
(-61, 70, 111, 16362, -6460, 23325)
(-66, -44, -13, 9861, -4868, 24461)
(-124, 56, -71, 6695, -2549, 21467)
(40, 116, -105, 6014, 56, 20605)
(-75, -104, 0, 5271, -4057, 24333)
(-12, 66, -42, 3576, -3138, 23729)
(22, -81, 107, 6748, 1852, 23408)
(-40, -82, -96, -672, 804, 24667)
(-63, 36, -79, -821, 5125, 24722)
(126, 113, 104, 7872, 6308, 23698)
(31, -2, 89, 6110, 1728, 20409)
(8, -109, 73, 984, -589, 16550)
(-18, 98, 78, -3141, -4127, 6187)
(-49, 100, 108, -607, -1836, -19)
(-98, 34, -126, -966, -385, -2639)
(-126, 1, 120, -4298, -177, -1995)
(77, 117, -118, -16131, -1784, -8779)
(-19, -99, -44, -13044, -4607, -13346)
(-92, -73, 59, -16097, -6990, -19226)
(26, -70, 75, -16186, -9266, -23862)
(109, -38, 105, -11346, -5539, -31824)
(-1, 100, -98, -9597, -4592, 30937)
(-66, 56, 93, -15515, -15471, -30711)
(11, -20, -94, -17784, -13778, -31722)
(-20, -87, 29, -21050, -7281, -31902)
(-122, 64, -79, -11902, 4305, 32659)
(96, 38, 37, -3181, 12756, -32517)
(40, 51, -105, -8530, -6460, -32517)
(-127, 58, 98, 2328, -17080, -32517)
(-51, 43, 97, -6041, -27489, -32517)
(15, -101, 78, 22716, 30213, -32517)
(84, 30, 71, 8031, 31397, -32517)
(114, -79, -44, 25143, 32450, -26245)
(-26, -47, 78, 26955, 32450, -7889)
(108, 78, 86, -9316, 14700, 5154)
(-45, 8, -46, -15376, 21024, 13340)
(15, 14, 67, -15983, -30122, 31204)
(-69, -104, -18, -3082, -30933, -27809)
(-23, 80, -56, 3972, 32451, -32516)
(-42, 119, 14, -20127, 18865, -32516)
(22, 73, 21, 15648, 6085, 27777)
(110, -31, -34, -4715, -824, 31285)
(51, -105, 72, 3861, -6368, 30773)
(53, 3, 28, 3284, -124, 27454)
(91, 32, 66, 7169, 2953, 26086)
(-94, 83, -46, 12371, 6136, 25702)
(123, 22, -124, 9918, 5562, 28197)
(61, 81, -101, 10731, 6991, 26672)
(-25, 60, 113, 4849, 2290, 27943)
(124, 124, 116, 8519, 4838, 28297)
(-59, -115, 29, 11390, 10504, 24380)
(1, 122, 12, 7456, 6265, 22149)
(-38, 27, 53, 5857, 2481, 14983)
(-32, 30, -7, 5407, -609, 7961)
(-13, 112, -83, 10611, 1672, 1005)
(9, 79, 89, 6118, 2360, 534)
(-15, -9, -38, 1465, 1842, -3374)
(-28, -86, -65, -2339, 29, -4006)
(-31, 106, -58, -8362, -1534, -6822)
(-35, 74, -47, -9703, -2732, -9098)
(-44, -20, -15, -12271, -4485, -16164)
(65, 124, -55, -12742, -5331, -16049)
(-37, -112, 126, -15850, -7297, -22512)
(49, -123, -73, -17571, -6876, -31922)
(127, -29, 124, -16495, -5382, 32554)
(-109, 104, -83, 257, -960, 32415)
(-93, 24, -80, -1240, -7872, -32518)
(126, -102, -25, -18216, -13191, -32518)
(7, 5, -102, -12201, -4510, -32518)
(33, 81, -58, -15298, 3955, -27649)
(-102, -51, -111, -13939, -8603, 31395)
(109, 57, 103, -10821, -19422, -32518)
(-104, -58, -93, 6296, -29589, -32518)
(90, 17, 110, 19826, 32045, -32518)
(64, -8, 82, 8831, 31180, -32518)
(43, -67, -98, 4167, -18376, -12547)
(18, 81, -5, -1607, 5816, 4403)
(-80, -64, -106, -12616, 20736, 20698)
(-123, 44, -89, -15186, 26005, -31472)
(119, -73, -47, -1497, 26396, -29471)
(85, 5, -92, 2611, 30076, -32518)
(127, 8, -43, -9708, 17631, -32518)
(68, 120, -8, 3606, 9147, 29497)
(-15, -72, 101, 10024, 8643, -31345)
(-120, 35, 45, -14089, -3653, 24560)
(-61, -88, -32, -8587, -4472, 30218)
(83, 83, -33, 3550, -5103, 30214)
(-65, 110, 76, 16440, 4755, 31250)
(-1, -77, -64, 19282, 8534, 28337)
(-24, -74, 34, 8166, 5841, 28897)
(52, -84, 63, 22650, 8528, 28834)
(20, -22, 119, -30618, 16739, 30065)
(-122, 99, 1, 28383, 19696, 29442)
(91, -32, 122, 19737, 22959, 27850)
(25, -114, -11, 7884, 14750, 25344)
(-11, -9, -26, 4772, 1448, 13013)
(125, 47, 0, 2384, -5672, 8319)
(-12, 124, -123, -1507, -6022, 4030)
(-49, -66, -34, -5685, -4392, 1059)
(-92, -77, 30, -4670, -1836, -5204)
(-85, 77, 32, -4008, -2148, -8362)
(-22, 118, 13, -9607, -1985, -16724)
(-115, 76, -85, -25112, -8068, -19595)
(127, -23, 87, -17791, -14962, -25902)
(-108, -30, 65, -23895, -17065, -32455)
(77, -119, -86, -10828, -12677, 31422)
(-14, -108, -13, -16728, -10748, -32522)
(74, 34, -98, -19651, -12676, -32522)
(-128, 19, -71, -8131, -7127, -32522)
(87, 120, -12, -15628, 724, -24095)
(62, -27, 104, -13044, 3041, -22294)
(-75, -103, 31, -13686, -8918, -31803)
(-87, 39, 83, -5693, -13417, 31326)
(90, -78, -92, -1589, -19157, -32522)
(6, -86, -80, -2752, -22099, -32522)
(-33, 108, 68, -12840, -31957, -32522)
(-102, -59, 125, 2797, -24589, -32522)
(70, 50, -125, 4984, -24461, -28092)
(53, -16, 55, -3035, -13521, -7385)
(-29, -111, -78, 8917, 11821, 8886)
(63, 25, 40, -16184, 22546, 25293)
(-126, -29, -123, -4290, 26638, -31739)
(103, -25, -63, 4960, 29380, -30146)
(-24, -88, 56, -11978, 18586, -32521)
(71, 93, 43, -25070, 9130, -32521)
(-35, -79, -15, 21674, 13908, 24807)
(26, 1, 23, 9573, 3886, -29785)
(-90, -2, 87, -4556, -1915, 24744)
(37, 106, 28, 2473, -1054, 29815)
(97, -53, -39, 8938, -3926, 29551)
(-81, 32, 112, 2001, -4488, -30704)
(35, 50, 48, 8407, -1470, 30485)
(-72, -48, -33, 6666, -1418, 30127)
(99, -86, 31, 9462, 2664, 30193)
(87, 80, 42, 12645, 6926, 29448)
(-51, 89, -96, 11422, 870, 30830)
(70, 68, -55, 10372, -2020, 27556)
(105, 110, 103, 3714, -5379, 18646)
(38, 47, -24, 8680, -2784, 6586)
(46, 95, 29, 5738, -254, 6168)
(-27, -83, 8, 2041, 2735, -2630)
(-31, 95, -48, 3127, 1610, -6959)
(48, -113, -57, 4418, 969, -15141)
(-31, 41, 2, -1788, -1458, -16889)
(-127, 65, -17, -6710, -989, -26923)
(-86, -92, -118, -10123, -3342, -28755)
(47, -89, 87, -13797, -3427, 30168)
(19, -76, 38, -14477, -2692, -32523)
(122, -96, 108, -6255, 3988, -32523)
(-88, -86, -85, -14703, 2404, -32523)
(-127, -122, -60, -13385, 3062, -32523)
(-38, -103, 61, -15823, 1095, -32523)
(-117, -47, -63, -5969, -6087, -32523)
(-51, 6, -76, -5453, -18460, -32523)
(32, -104, -43, 6980, -28323, -32523)
(-11, -33, 28, 7904, -30811, -32523)
(67, 56, -97, 43, -16135, -8299)
(-13, 110, 91, 4512, -7912, -6085)
(-117, -84, -25, -7491, 13542, 16649)
(99, -112, 30, -13350, 19993, 24655)
(106, -82, -112, 2990, 24027, -28636)
(-32, -34, -78, 1855, 26850, -31495)
(-36, -48, 56, -19788, 15498, -32522)
(106, 92, -64, -2793, 12856, 29606)
(-41, -61, 0, 11849, 19537, -31386)
(50, -33, 1, -3854, 15794, -32522)
(52, 34, 123, 2229, 12784, -32522)
(-92, -126, -41, 7621, 12761, 32364)
(-5, 49, -15, -827, 6862, 28073)
(69, 8, -71, 4620, 10650, 31009)
(38, -7, -25, 10191, 8381, 28506)
(-29, 84, -80, 13076, 10884, 27940)
(104, 30, -116, 14540, 8270, 31610)
(-99, -99, -50, 18146, 10137, 31906)
(-119, 0, 13, 20929, 12105, -32191)
(72, 71, 108, 23814, 13431, 32193)
(107, -120, -102, 14333, 11685, 29739)
(9, 31, 39, 5688, 2354, 18653)
(13, 64, -64, 3501, -8031, 455)
(37, -79, 26, 5269, -4937, -868)
(-34, -4, 94, 8194, -1990, -4777)
(-52, -105, 68, 4599, 184, -3847)
(-77, 6, 59, -1045, 341, -9699)
(-23, -90, 60, -5902, -1134, -10358)
(105, 64, -8, -16073, -3334, -18995)
(40, -116, 86, -17693, -6266, -19588)
(-30, 73, -75, -5552, -6833, -26771)
(32, 16, -67, -8670, -8607, -31948)
(12, -88, -61, -7814, -6479, 31390)
(-88, 114, -18, -7987, -7294, -32526)
(-60, 71, 12, -13944, -4773, -32526)
(-6, -98, -72, -9629, -4378, -32526)
(-4, -127, 113, -8404, -9756, -32526)
(-88, 111, 76, -7733, -9376, -32526)
(98, 49, 1, 11183, -31910, -32526)
(-58, 51, 42, 8946, 28040, -32526)
(-31, 19, -112, 18672, 32453, -32526)
(47, 4, -30, 2337, -24059, -16042)
(-109, -50, 73, -7234, -350, 6352)
(-103, 14, 56, -5490, 15930, 13520)
(44, -44, -36, -10529, 26608, 32496)
(-30, 98, -47, 3469, 27383, -28191)
(-53, -2, 2, 5158, 31064, -32525)
(-122, 27, -39, -10669, 23031, -32525)
(-121, -32, 121, 5422, 12942, 30608)
(-92, 19, -25, 6778, 17211, -31724)
(56, -5, -53, -3234, 847, 20040)
(-110, 17, -92, -9734, -694, 24186)
(103, 60, 89, 5498, -563, 28793)
(79, -67, -119, 9334, 5926, 26842)
(-127, 109, -112, 13087, 13089, 21917)
(74, -10, -36, 8632, 11178, 27414)
(-128, 65, -71, 8869, 10032, 28680)
(19, 32, -11, 8664, 8781, 30673)
(-22, -126, 70, 9476, 8562, 29862)
(65, -5, -87, 7595, 3827, 26379)
(36, -17, 92, 8026, 690, 15604)
(108, 8, -96, 6332, -1279, 8459)
(-93, 114, 19, 2048, 283, 3027)
(103, 122, 52, 461, 375, -298)
(93, 40, 26, -14001, -552, -12938)
(-123, 84, -104, -13948, -9020, -18130)
(-23, 21, -90, -8721, -6002, -27068)
(-85, 31, 10, -12345, -6850, -32496)
(80, -19, 41, -8918, -3296, 31405)
(-42, -5, -58, -9965, -3785, -32527)
(-85, 36, 85, -6726, -8145, -32527)
(-99, 72, 101, -9623, -9755, -32527)
(86, -82, -68, -12260, -9630, -32527)
(-81, 103, -81, -8768, -11132, -32527)
(26, -23, 57, -3689, -20568, -32527)
(15, 47, 13, -9992, -25246, -32527)
(-65, -61, 13, 21268, -32573, -32527)
(-28, 11, -63, -19528, 30526, -32527)
(-7, 31, -110, 8471, -12245, -9878)
(55, 70, -83, -3022, 2479, -2735)
(54, 19, 19, -8295, 23201, 20806)
(34, 112, -59, -5636, 22538, 29502)
(34, 23, -93, 4111, 26694, 32115)
(-73, 18, -60, 6293, 24921, -30635)
(75, 77, -42, -20261, 9109, 31854)
(118, 106, -51, -11967, 5923, 30779)
(73, -57, -103, 6447, 8833, 31415)
(-43, 15, 113, 10501, 8808, 30454)
(-114, 57, -62, 1980, 12430, -31403)
(80, -8, 127, 6005, 5956, 32467)
(80, 94, -90, 5467, 8785, 32226)
(-56, 78, -12, -2216, 2968, 28168)
(-120, 26, 93, 4331, 6259, 29455)
(-83, -102, -24, 8815, 5605, -32317)
(22, 88, -98, 8705, 8411, 30174)
(118, -128, 47, 10468, 4570, 28496)
(-58, 19, -66, 11558, 626, 20581)
(67, -93, -32, 8147, -4474, 11747)
(36, 15, 105, 5965, -1088, 4675)
(67, -72, 24, 827, -773, 4496)
(10, -73, 25, 3188, 1678, -544)
(12, -69, 71, -1734, 259, -4831)
(99, -73, 21, -4125, -997, -8280)
(26, -18, -93, -8262, -3174, -12986)
(-87, -75, 33, -14116, -5240, -15593)
(-68, -67, 125, -16053, -7291, -21625)
(-106, 6, -8, -13658, -8048, -27545)
(-18, 63, 23, -15303, -5628, 29104)
(-31, 37, 25, -16287, -4507, -32530)
(-42, -6, -85, -12871, -2235, -32530)
(-33, 25, 80, -12832, -6776, -32530)
(12, 103, -32, -13414, -7634, -32530)
(-33, 75, 112, -7166, -5818, -32530)
(43, -14, 99, -6026, -15303, -32530)
(-62, -3, -106, -4059, -22038, -32530)
(28, 75, 108, 5321, 32667, -32530)
(42, -5, -118, 30517, -30141, -32530)
(92, 54, 58, -13008, -26951, -16045)
(-22, -38, 110, 13140, -9300, -5118)
(121, 33, -15, -8699, 24425, 16443)
(58, -53, -68, -19444, 27167, 26804)
(-3, -12, -13, 1357, 29548, -26201)
(-21, 35, 107, 4786, 30244, -32530)
(-90, 93, 34, -17352, 20641, -32530)
(33, 83, -103, -8351, 4281, -32530)
(-23, -118, -70, 12613, 9540, -32530)
(12, -90, 51, 20002, 11731, -32530)
(54, -107, -45, -9358, 6086, 30861)
(-59, 112, 50, -818, 3472, -31815)
(40, 121, -93, 15795, 9120, -32530)
(12, 35, 96, 8916, 12212, -32530)
(103, 53, 75, 16134, 15123, -32530)
(-66, -47, 31, 15644, 21083, -32530)
(-61, 35, 85, 10295, 16399, -32530)
(112, -50, 57, 4073, 5298, 26847)
(-109, -90, -50, 10379, -5352, 7148)
(-8, 14, -50, 1277, -6829, 5656)
(127, 53, 22, 296, -1730, 3716)
(13, 88, 59, -909, 1283, -348)
(44, 84, 10, -739, 855, -4108)
(124, 11, -25, -584, -652, -9365)
(3, -41, -22, -5729, -2789, -14870)
(40, 41, 108, -15212, -6419, -18758)
(-128, 31, -74, -11437, -9126, -20287)
(-50, -96, -115, -12810, -10428, -22960)
(-99, -30, 82, -12641, -11592, -27394)
(63, 74, 64, -6345, -6096, -28577)
(-98, -120, 32, -12711, -8249, -31545)
(-64, -19, 8, -14163, -4777, 31842)
(25, -32, -60, -9052, -2742, -32534)
(-97, -32, 42, -6992, -4154, -32534)
(3, -102, 106, -7428, -7435, -32534)
(21, 40, 99, -4351, -10937, -27012)
(-82, -21, 46, -22592, -11316, -19237)
(113, 42, 75, -15419, -13411, -23253)
(-126, -84, -47, 10142, -15087, 31272)
(74, -58, 83, 16224, -28140, 31989)
(104, 108, -98, 7008, -30064, -32533)
(-111, 67, 25, 8637, -30142, -25700)
(87, -84, -95, 15900, -15707, -5906)
(-24, 37, 94, 1512, 10830, 5063)
(101, 92, -113, -13783, 25584, 19212)
(-80, -62, -64, -22478, 32012, -29652)
(-89, 91, -91, 3490, 32095, -30068)
(-56, -29, -71, -966, 28089, -32532)
(-17, 14, -87, 27812, 10606, 20908)
(118, -115, -52, -12655, -10849, 22931)
(22, -49, -37, 9048, -3322, 12404)
(111, 15, -8, 4398, -6952, 23568)
(119, 108, -30, 13295, 1868, 23887)
(18, -17, 19, 14091, 6374, 26831)
(-110, -125, -114, 12436, 1661, 28935)
(-26, -77, -33, 14094, 6910, 29557)
(57, 101, -52, 2349, 6875, 28137)
(-115, 33, -115, 11240, 5716, 29922)
(-33, 40, 19, 12562, 3760, 30625)
(81, 22, 55, 13631, 6851, 29253)
(-51, 123, -32, 15891, 10277, 27074)
(25, 27, 67, 19026, 9927, 26651)
(-118, 6, -25, 7943, 5899, 22570)
(-82, 7, -92, 6478, 2240, 11075)
(-25, -78, 104, 9033, -2692, 3042)
(-46, -83, -35, 7883, -488, 1562)
(-101, -88, -110, 1759, 438, -941)
(-102, -55, -102, -1981, 452, -3982)
(-54, -24, -115, -3727, -897, -6691)
(31, 33, 99, -7089, -2929, -9774)
(-83, -41, -37, -8677, -4060, -11876)
(-61, -94, -117, -11426, -5870, -14580)
(64, 65, 81, -8863, -5828, -17232)
(50, 5, -114, -6262, -5721, -25038)
(0, -35, 81, -12240, -5573, 32208)
(72, 116, -79, -9736, -6468, 31509)
(114, 42, 14, -11462, -4010, -32535)
(26, -113, 75, -16590, -884, -32535)
(83, -123, -71, -14791, -656, -32535)
(-7, -13, -95, -16452, -1501, -32535)
(57, 6, 62, -22444, -7911, -32535)
(-1, 58, -123, -7839, -8002, -32535)
(43, -68, -117, -6987, -18064, -32535)
(-14, 53, -55, -4526, -20933, -32535)
(3, 1, 56, 7062, -23931, -32535)
(43, -115, -74, 4082, -20737, -32535)
(51, 69, -58, 7666, -12773, -15970)
(51, 9, -69, 4889, -3965, -6934)
(-45, -60, -68, -8588, 8648, 9211)
(-71, -121, 109, -13037, 16825, 24289)
(-82, -101, 122, -18497, 12940, -24499)
(-105, 60, -104, -10932, 16451, -32534)
(78, -103, 126, -32695, 17687, -32534)
(102, 34, 102, -3267, 2613, 31791)
(92, -72, -3, -26170, 1710, 16825)
(77, 42, -63, 4802, 8346, 20224)
(59, -87, -116, 2407, 3422, 18248)
(88, -87, -36, 5106, 7660, 25505)
(33, -48, -86, 21654, 10151, 25089)
(-50, 102, 100, 1725, 6601, 26550)
(57, -70, 108, 8472, 4638, 32726)
(-84, 34, -103, 10504, 10053, 31673)
(3, -55, 44, 8500, 12388, -31665)
(101, -83, 90, 7201, 9022, -32534)
(36, 32, -48, 6695, 9908, -32534)
(-81, -97, 68, 10287, 6235, -32534)
(-117, 13, -53, 12860, 5131, -32534)
(-64, -65, 106, 8326, 1266, 26807)
(-106, -5, 26, 5969, -1838, 10333)
(92, -85, -42, 10495, -3448, 1667)
(-114, -28, 84, 12656, 3596, 1320)
(21, -95, 123, 5309, 3944, 440)
(-25, -72, -16, 5629, 4957, -1181)
(-101, -23, 96, 376, 96, -3847)
(-111, -94, 86, -3725, -2751, -6779)
(-89, -12, 113, -2788, -6159, -9186)
(3, -104, -52, -9167, -6432, -14223)
(57, -68, -90, -3317, -7971, -18013)
(-128, 7, -128, -5667, -6469, -22357)
(-120, -40, -38, -6435, 411, -30766)
(-105, 26, -62, -4883, -1024, 30359)
(-106, 120, 22, -12039, -3763, -32539)
(-16, -72, 87, -11948, -3090, -32539)
(57, -81, -96, -11636, -2005, -32539)
(20, 35, -77, -11696, -3221, -32539)
(-36, -15, 38, -12058, -9170, -32539)
(-14, -16, -84, -22578, -14933, -32539)
(3, -77, 59, 4313, 29782, -32539)
(-22, 120, -41, -26672, -20258, -32539)
(122, -118, -115, -5070, -25167, -32539)
(26, -26, -34, 6955, -18153, -28039)
(88, 89, -122, 6657, 5941, -1321)
(28, -6, -68, -4928, 13253, 7461)
(101, -51, -32, -16972, 17424, 28837)
(-27, -12, -63, -14735, 15514, -31571)
(48, -43, -15, -3307, 22486, -30644)
(-33, 20, 23, 1309, 23849, -32539)
(4, 8, -23, -8876, 8302, -32539)
(50, 51, -2, -5331, 4812, 20265)
(30, 78, -113, 6404, 7151, 23118)
(-69, -106, 124, 1082, 1298, 24627)
(-75, 126, -12, -1088, 33, 20491)
(11, 6, 12, 8689, 1054, 23808)
(21, -124, -75, 3571, 2420, 23131)
(25, -50, -71, 4482, 2044, 22498)
(51, 82, 86, 9001, 3990, 22763)
(-76, 61, -86, 4514, 4546, 20956)
(83, -12, 15, 7420, 3431, 22582)
(35, 18, -61, 9734, 4901, 24106)
(-92, 69, 72, 12815, 6508, 23605)
(-113, -121, -91, 8292, 9754, 21977)
(66, -31, -120, 12557, 11544, 20887)
(-1, 65, 70, 14134, 8915, 19833)
(89, 119, 34, 12580, 8421, 15358)
(-86, 100, 100, 10621, 6655, 11140)
(-98, 66, -98, 6088, 3438, 4222)
(97, -63, 64, -2443, 2289, -167)
(126, -109, 81, 6431, 3932, -2282)
(-91, 113, -39, 4673, 1579, -6407)
(-47, 37, 12, -2327, -1657, -13744)
(41, -118, 9, 775, -1092, -19065)
(-44, -92, 9, -964, -946, -25101)
(24, -64, 12, -1032, -866, -28832)
(-28, -81, 15, -6107, -2212, -32025)
(83, 34, 31, -3711, -4002, 31828)
(119, -72, 2, 2683, -2028, -32545)
(84, -87, -32, 725, -5105, -32545)
(-43, 12, 102, -15318, -9558, -32545)
(87, 67, -48, -7578, -15302, -32545)
(-126, 13, -124, -14622, -25055, -32545)
(72, -126, -109, -10038, -30994, -32545)
(58, 109, 77, 19069, 29734, -32545)
(-41, -20, 72, -12724, 32450, -28946)
(79, 118, 83, 6854, -19101, -12121)
(81, -96, 89, -1931, 9503, 6311)
(127, 10, -96, -13704, 20441, 17585)
(-69, -42, -63, -16938, 26899, -25680)
(-32, -115, -87, -5681, 28406, -31186)
(-117, -76, 43, -1006, 28144, -32544)
(-49, 105, 79, -3992, 11420, -32544)
(-113, 7, 37, -11637, 8543, 14044)
(-17, 101, -58, 6252, 6869, 20928)
(94, -73, -60, 4259, 3689, 16570)
(-19, -26, 70, 43, 3877, 26414)
(91, -2, -113, 8028, 4229, 25599)
(92, -85, 5, 7282, 8547, 26571)
(84, -102, 50, 58, 12717, 23273)
(-102, -76, 110, 10138, 9993, 24956)
(-28, 15, -14, 8932, 8566, 28406)
(119, -30, -1, 904, 7641, 26084)
(24, -102, -9, 5822, 2991, 27091)
(-54, -72, 31, 12403, 3544, 25331)
(81, -57, 95, 5646, 10647, 27128)
(94, 59, -1, 11145, 11436, 25047)
(-30, 43, -83, 9304, 8326, 22212)
(-35, -4, -46, 9896, 9476, 16640)
(118, -37, 42, 20980, 5658, 9002)
(-57, -79, 31, 13044, 2869, 8529)
(12, 26, -35, 2001, 676, -466)
(9, 71, -63, -7081, -2144, -3029)
(92, 16, 84, -9360, -4564, -12378)
(29, -31, -6, -9039, -7490, -15454)
(93, 33, 107, -5353, -9574, -21726)
(-19, 20, 46, -10486, -8110, -25100)
(119, 43, -57, -10788, -8017, -31471)
(2, 71, 70, -10044, -7029, 31876)
(71, 104, -33, -9018, -6813, 32713)
(-80, -83, -102, -10632, -6763, -32546)
(-27, 45, -77, -14490, -6355, -32546)
(-65, -120, -74, -9701, -3363, -32058)
(126, -8, 73, -8505, -4360, -29300)
(112, -101, 117, -22407, 200, -29121)
(-41, 102, -45, -10709, -8324, -28935)
(-18, 22, -59, -1082, -7318, -32082)
(-113, -67, -16, -1725, -11936, -29262)
(61, -44, 23, -3028, -14361, -28324)
(-123, 56, -104, -2675, -12965, -25654)
(86, 95, 67, -3898, -8386, -16933)
(73, 20, -5, -367, 11, -5326)
(78, 63, 14, 200, 2919, 3653)
(53, -74, -12, -8603, 5269, 17524)
(-121, -8, -55, -7311, 8376, 23394)
(-58, -128, -76, -5082, 11969, 32345)
(40, -30, -14, -3684, 12856, -31580)
(14, 40, -5, 6047, 14816, -32039)
(-22, -112, -112, 3500, 11077, -32545)
(-127, 126, 94, -16853, 11247, 32524)
(-45, 126, 127, -6095, 3783, -32390)
(-23, 111, -14, -5508, 552, 26075)
(-46, 25, -29, 2142, 3346, 31761)
(-72, -20, 88, 13847, 5433, 29035)
(-113, -69, 78, 11136, 9753, 32178)
(-98, -87, -26, 20242, 11668, 28198)
(-45, 20, -79, 16912, 13738, 29308)
(72, 74, -64, 8782, 12480, 26082)
(1, 72, -37, 1006, 8691, 27915)
(21, 37, 26, 9183, 3407, 29517)
(67, 101, -65, 15827, 4479, 27101)
(10, 16, 126, 15715, 5665, 19343)
(92, 39, 21, 11037, 7080, 17424)
(26, -18, -61, 8775, 5978, 12872)
(-104, 76, -41, 6974, 4698, 11747)
(-33, 20, -38, 4198, 2502, 5614)
(-43, 101, -71, -3678, 1189, 646)
(-77, -34, -120, -10236, -2837, -8312)
(-61, -78, 115, -12256, -3544, -13940)
(85, 101, 39, -14395, -6125, -22757)
(21, 2, -27, -8525, -5334, -27643)
(112, -72, 99, -15722, -12414, 29429)
(40, -50, 78, -11189, -14916, -32674)
(125, -107, 39, -12574, -12040, -32550)
(79, -58, 118, -7973, -9210, -32550)
(-62, -111, 79, -7577, -2715, -32550)
(-86, -66, -22, -8873, -2101, -32550)
(-52, 7, -67, -16062, -3980, -32550)
(76, -22, -11, 31165, -18754, -32550)
(109, 120, -125, 6823, -27203, -32550)
(89, 113, -91, 31974, -26381, -32550)
(57, -95, -53, -6678, 28474, -32550)
(-110, 88, -73, 25857, -10656, -16269)
(-61, 97, -91, -21075, 4254, 12111)
(-11, 6, 82, -15490, 17947, 28948)
(-55, 16, 10, -7845, 21958, -25847)
(64, -65, 22, 2148, 21880, -32550)
(-23, -127, 121, -8627, 7777, 19012)
(-61, -122, -22, -10570, 7646, 17997)
(6, -127, -108, 18666, 2755, 27937)
(62, 98, 103, 349, 392, 13648)
