(-97, 87, -121, -6673, -774, -5118)
(-36, 124, 8, -7690, -616, -5724)
(107, 123, 15, 17602, -8157, -8270)
(-110, 65, -80, 9612, -12043, -24850)
(-71, -44, -15, -13485, -858, 32475)
(-79, -20, -78, 1383, -10971, 31236)
(65, 43, 3, 7955, -17612, -32647)
(-20, -110, 46, 3386, -16524, -32543)
(105, -55, 101, -10252, -19727, -25686)
(25, -68, 72, -5657, -10198, -8117)
(113, 56, 2, 8191, -1279, 5845)
(87, 29, 4, 13771, 2861, 17957)
(34, -90, 95, -13212, 30228, 32408)
(23, -115, -73, -27842, 27733, -28788)
(11, 11, -77, -27419, 9079, -32543)
(19, 6, -47, -21102, 9100, 15402)
(31, -102, -47, 11337, 15136, -27397)
(71, -106, -49, 4034, 17089, -454)
(107, -47, -58, -5136, 7092, -8734)
(125, -43, -36, -8290, 20978, 31125)
(-56, -63, 42, -23422, 20112, 28577)
(63, -124, -103, -26793, 22136, -32543)
(119, -32, 33, -22978, 5961, -32543)
(17, 48, 38, -16625, 232, -32543)
(-46, -114, -86, 6565, 5686, -32543)
(-6, -71, -94, 5736, 5871, 3702)
(-51, -65, 96, 28393, -27144, -10812)
(56, -87, -111, -27819, 29257, 12532)
(-82, 119, 67, 1966, -1602, 137)
(104, 55, -32, 15320, -4739, 10579)
(-20, 13, -73, 22016, -2027, 19542)
(56, -86, -5, 11618, 8768, 19819)
(87, 112, 84, -2445, 11061, -31431)
(-64, -85, -8, -2553, 8010, 29641)
(55, 57, -119, 31817, -3060, 2285)
(5, -10, -66, 30309, -5608, 23565)
(-88, -83, 109, -16581, -19710, 7224)
(70, 76, -87, -3116, -12195, -1679)
(-80, 96, 83, -11324, -13816, 4021)
(65, 50, 2, -9409, 2368, -1769)
(-67, 81, -65, 189, 1303, 322)
(127, -89, 47, 9545, -9211, 735)
(-69, 119, 77, 7817, -967, 8709)
(0, -6, -72, 14293, 1329, 12339)
(23, 13, -84, -7234, -478, 18515)
(75, 26, -41, -6083, 4609, 27798)
(-109, 53, -126, 17339, 1462, 32693)
(-66, 33, 19, 13026, 1447, 24062)
(-52, -29, 106, -10173, 14938, 26079)
(-45, 59, 66, 9269, 9683, 32655)
(13, -127, -78, 12634, 4460, 26525)
(31, 44, 105, -12649, 8720, -29964)
(29, -24, -80, 1014, 9360, -32543)
(21, 98, 49, 19153, 207, -32543)
(-63, -70, -17, 28822, 1904, -32543)
(37, -75, -16, 15860, 4694, 30627)
(-100, 51, -58, 18193, 2836, 18575)
(-30, -109, -20, 16712, 1940, 1663)
(75, -56, 32, 20131, 2973, -693)
(38, -120, 51, 20820, 4068, -6694)
(44, -44, -22, 16013, 3557, -7496)
(-62, -106, -58, 12505, -1604, -9632)
(92, 82, -28, 19525, -2803, -18187)
(0, 103, -128, 12672, -5120, -23983)
(-51, -75, -32, 9698, -4717, -27732)
(-16, -32, 5, 4027, -8447, 29459)
(47, 127, -59, -5288, -8898, -32545)
(-2, 36, -51, 3478, 777, -32545)
(123, 67, -36, -15462, -5893, -32545)
(120, 87, -16, 18812, -9545, -32545)
(41, 40, -96, -5401, 3045, -32545)
(38, 15, -3, 165, -9333, -32545)
(39, -103, 84, 4250, -7129, -9599)
(-75, -103, 29, 1047, -5642, -8571)
(-72, 45, -25, -3656, -9022, 12125)
(14, 116, -26, -1738, 15372, 22732)
(-112, 1, 92, 2516, 26386, -32150)
(-4, -52, 38, -12268, 24278, -29940)
(-72, -114, -30, 12984, 18752, -32544)
(-112, -26, 35, 6443, -347, -8972)
(-114, 115, 63, -13350, -6147, 22357)
(121, 70, -2, -1969, -10331, -23211)
(-2, -122, 50, -15302, -15538, -28607)
(7, 30, -57, -12105, -14657, -17604)
(121, 36, -34, 1797, -4865, -4099)
(89, 51, -65, -13508, 17655, -1814)
(-18, -127, 90, -11047, 23773, 24118)
(-64, -47, 86, 15652, 28059, -26302)
(122, 19, -32, 12958, 30654, 1962)
(-64, 126, 77, -15096, 6543, 4318)
(66, 49, -36, -4148, 4305, -22262)
(41, 81, 105, -20999, 2171, 29808)
(38, -121, -87, -18557, 6042, 30729)
(-72, 3, -53, -27081, 6501, -32543)
(71, -73, 33, -30662, 411, -32543)
(19, -29, -79, -29186, 1297, -32543)
(-94, -115, -121, -14917, -1909, -32543)
(119, 59, -25, -4455, -19860, -18678)
(46, -86, -104, 6187, -26074, -8758)
(5, 91, -96, -4336, -22513, 3117)
(-32, -88, 16, 10242, -20682, 7233)
(1, 8, 44, 10246, -8335, 9820)
(0, -6, -8, 15100, -854, 16866)
(-5, 88, -42, 9538, 11166, 14273)
(8, -45, -23, 6527, 10335, 24915)
(-115, -8, -79, 8402, 6703, -27753)
(59, -99, -44, -7369, 9415, -32194)
(-78, 119, 85, 21365, -27389, -18776)
(-58, -44, -50, 30031, -28407, 27970)
(15, 46, -93, -31009, -22814, -9215)
(-15, -90, 108, -3614, -8699, 337)
(-110, -13, -47, -4306, -11155, 7678)
(14, -97, -119, 2883, 3781, -101)
(-18, 106, -99, 14197, -7850, 6445)
(84, -44, 13, 618, 4328, 10349)
(-43, -94, 37, 598, 11673, 5401)
(-24, -22, 77, 6709, 18054, 15708)
(12, -79, 42, 9245, 20210, 23087)
(48, 90, 98, 5470, 1729, 23675)
(-44, -105, 39, -1542, 11168, 26032)
(-62, -14, -53, -11874, 12637, 30039)
(-128, -10, 101, -724, 7077, 28297)
(-2, -92, 76, 11620, 6280, 24929)
(34, -11, -112, 906, 5733, -29067)
(65, 113, 77, 7526, 8952, -32539)
(113, -108, 101, 23367, 14832, -32539)
(107, -65, -91, 14745, 18826, -32539)
(-42, -54, -21, 15654, 23714, -32539)
(-110, -64, -98, -7109, 19829, -32539)
(46, -27, -108, -4942, -3368, 17535)
(59, -25, 35, 23308, -9288, -7782)
(-22, 68, 92, 27916, -8383, -4420)
(54, -103, 90, 4012, -6607, -7831)
(99, 122, 86, 1704, -1657, -7871)
(111, 14, 72, 1647, -4136, -12857)
(-60, -9, 88, 2202, -5609, -15256)
(121, -9, -125, 1141, -10214, -18612)
(-5, -44, -112, 7158, -13130, -25860)
(-121, 80, 110, 2288, -13009, 31815)
(6, -3, 96, 16887, -15952, 31784)
(99, -23, -119, -3171, -15960, -32541)
(107, 45, -115, -21639, -21473, -32541)
(72, 80, -40, 20967, 967, -32541)
(-98, -5, 29, 16801, -24515, -32541)
(115, -128, -7, -2058, -19453, -32541)
(-113, -74, -85, 7126, -20461, -24085)
(108, 111, 11, -28308, -21192, 10291)
(-25, 111, 81, 564, -15282, -15370)
(-95, 19, -66, -12767, -7559, 5361)
(6, 114, 108, -4857, 1223, 23712)
(-112, 12, 28, 6125, 10452, 31862)
(66, 0, -45, -26094, 19674, -29292)
(4, 48, -8, 28837, 5646, -32539)
(-32, 19, -95, -24672, 16796, -23924)
(44, 118, -117, 21186, -26597, -12331)
(57, 30, 71, 31444, -30038, 26673)
(-10, 66, -3, -16054, 1298, -26249)
(-44, 100, -26, 1229, 3573, -20773)
(-120, 103, -103, -8566, -7222, -9655)
(11, -104, 19, -10340, 7534, 12979)
(-7, 52, -118, 301, 464, 22584)
(-76, 67, -55, -2729, 11769, -27462)
(80, 8, 30, 11291, 25995, -31460)
(41, -83, -21, 30580, 5830, 11593)
(-108, 55, 76, -16699, 17488, -3624)
(33, -22, -62, -11427, 14911, -18000)
(121, 74, 75, -17839, 13022, -28762)
(30, -25, -34, -12218, 7328, 28104)
(-125, 89, -104, -12453, 7920, -32538)
(81, -38, 105, -2724, -30009, -32538)
(-24, -34, 77, -267, 13859, -32538)
(63, -100, -18, 16041, -32736, 13592)
(120, -108, 28, 31809, 21711, -14696)
(-103, -127, 34, -11264, 6670, -7332)
(39, 74, 66, -30293, -21381, 5669)
(107, 46, 44, 31809, 28733, -11390)
(-124, -113, -117, 31809, 29994, 2622)
(25, -59, 66, -1094, 8365, 8079)
(41, -95, 121, 12024, -7853, 11299)
(33, 94, 5, 19199, 3194, 28872)
(-26, 30, 58, -403, -777, -27203)
(16, 59, 73, -20451, -23321, 13024)
(-11, 116, -36, 8998, 15044, -4943)
(-122, 98, 24, 6645, 2150, -26626)
(55, 84, -12, -5847, 27403, 25874)
(9, 85, 84, 29845, 1940, -16215)
(-60, -70, 61, 7592, 248, -232)
(-83, -12, -72, 756, 3341, 429)
(-113, -16, 65, 9197, -3225, 1046)
(-88, 90, 86, -2963, -356, 6308)
(-93, -48, 105, -11474, 147, 11291)
(70, -47, 60, -11415, 8673, 18891)
(-42, 97, 39, 14590, 8087, 24420)
(-114, -32, 52, -6661, 11849, 26315)
(-12, 25, -52, 619, 7567, 27015)
(-42, 17, -5, 2791, 9272, 27382)
(-91, 74, 28, 14531, 20699, 12669)
(-110, 109, -56, 17406, 21257, 21900)
(-46, 53, 20, 5014, 15789, -30143)
(41, 113, -4, 49, 22972, -32291)
(40, 88, -15, 5329, 14288, -32180)
(-49, 118, -105, 20951, 16511, -32533)
(1, 7, -37, -6389, 15933, -32533)
(109, 34, 126, -32318, 2403, 23505)
(-51, -56, 127, 3381, -11078, -7946)
(-44, -118, 108, -27050, -5316, -10270)
(-46, -77, 11, 1587, -20318, -23714)
(-37, -94, -88, 575, -5215, -24830)
(116, 68, 38, -8153, -15122, -21095)
(93, -81, 75, 32416, -8756, -21059)
(-21, 57, -116, -16898, -29679, 27348)
(-27, -39, 1, 3217, -23785, -28270)
(-116, 48, -108, 5282, -25092, 32736)
(-115, 36, -59, -7157, -32004, 32619)
(-12, -73, -12, -739, -28727, -32533)
(-125, -31, -5, -20282, -17631, -32533)
(78, -16, -87, 3496, -25815, -26323)
(-124, -41, -44, -4802, -20295, -12455)
(5, 86, 51, 19110, -21043, 6527)
(-111, -88, 17, 179, -112, 1177)
(-23, -49, 114, 12044, 15100, 25307)
(107, -113, 71, -6290, 28866, 29584)
(39, 83, -78, -3991, 28021, -28718)
(119, 56, 85, 16191, -3078, 13856)
(32, -97, -46, 8652, -21120, 1226)
(-11, 97, 106, -32437, -6471, -15987)
(-90, -6, -32, -15955, -16742, -28444)
(-46, -106, -14, -13390, -9285, -25470)
(-24, -111, -62, -4897, 66, -13265)
(121, 91, 97, -6107, -3911, -10311)
(-92, -6, 25, 845, 3107, 692)
(-26, 90, -117, 16199, 2381, 11992)
(-66, 98, -16, -9230, 24392, -27237)
(-24, -53, -82, -29196, 27848, -29922)
(-14, -35, 13, -32103, 12826, -32531)
(38, -106, -49, 3010, 6003, -14683)
(-93, 109, -69, 23902, 7381, -24869)
(51, -124, 46, -30876, 21457, 24828)
(67, 69, -42, -6073, 4371, -32531)
(55, 22, -74, -26547, 8986, -32531)
(3, 6, -52, -12796, 11492, -32531)
(123, 39, -72, 8923, 16861, -32531)
(-18, -67, 115, 31774, -1926, -29928)
(-66, 74, 125, -12133, -4571, 14064)
(-106, -83, 44, 31498, -8581, -2285)
(-78, 42, 105, 20396, 18905, -11105)
(46, -120, -51, 5564, -8457, -17019)
(-73, -13, 4, 18927, -6564, -8600)
(76, 78, -89, 11360, -13880, 4983)
(-112, 29, 95, 23852, -6383, 14351)
(95, -94, -104, 8908, 2299, 28116)
(100, 17, -60, -486, 8447, -26987)
(-63, 11, -125, -9989, -19631, 14376)
(18, -37, 91, -23080, -30542, -4476)
(-123, 20, 86, -2030, -28352, -1928)
(24, 81, -19, 8292, -6047, -17615)
(-56, 28, 60, 1927, -17473, 18261)
(-93, 124, 76, 11719, -6666, 31317)
(34, 14, 87, -1377, -6081, -3930)
(-29, -83, 41, 7874, 5650, -17)
(91, 52, -3, 4544, 7327, 2034)
(-36, -126, -32, 9643, 3842, 5044)
(-9, 117, 56, -8442, 12960, 15612)
(121, 84, -73, 205, 11317, -29786)
(7, -39, 127, -29131, 13309, 15623)
(-41, 17, 117, 24796, -2202, -28756)
(18, 68, -104, 8134, -14811, 29410)
(123, 20, -21, 22789, -12791, 26374)
(55, -69, 26, -3371, -10016, 17521)
(60, 20, -89, 1717, -4836, -28229)
(100, 125, -119, 7060, 255, 28997)
(108, -103, -21, 23312, 1473, -32716)
(65, 109, -106, 19354, 78, 31985)
(99, 5, 42, 9188, 3785, -31998)
(88, -115, 28, 15322, 4492, -32529)
(51, 98, -96, 12259, 753, 25040)
(-38, 19, -64, 10689, -3647, 9122)
(-19, 28, -40, -6756, 1801, -9289)
(2, -25, -11, 2683, 6385, -11853)
(32, 100, -73, 11774, 2772, -21042)
(27, -77, -113, 5657, -2938, 32161)
(67, -38, -118, 20048, -5123, 30662)
(9, 30, 22, 285, -4676, -32531)
(-89, 20, -81, 16711, -11168, -32531)
(-16, -29, -104, -822, -19039, -32531)
(-26, 44, 90, 3803, -20682, -32531)
(6, 78, -87, 3432, -18861, -32531)
(81, 37, -19, -1999, -17195, -32531)
(-86, -126, -108, 12624, -17162, -15930)
(94, -43, -126, -7061, -1238, -2148)
(-61, 90, -126, 810, -7621, 19540)
(-33, 124, -75, -5560, 14635, 21512)
(24, 114, 64, -11797, 15402, 31939)
(111, 66, -41, -22117, 15720, -29630)
(-42, -22, 55, 12370, -1815, -32531)
(101, -19, 27, -1450, 9505, 24740)
(4, -100, -125, 17097, -11335, 5035)
(84, 70, -60, -21832, 3754, -19034)
(-13, 47, 50, 4395, -4086, -24324)
(82, 74, 61, -4171, -2868, -26507)
(58, 46, -70, -9122, -10023, -29702)
(64, -60, -116, -15902, -6300, -23803)
(44, -53, -104, -3146, -9483, -14245)
(-112, 102, -30, 1445, -12064, 2038)
(-116, -2, 90, 6554, -285, -3757)
(-106, -20, 103, -2313, 9373, 11787)
(37, -26, -52, -4980, 6806, 19370)
(-102, -62, 27, 7714, 15805, 29126)
(-126, -30, 14, 4537, 13693, 31908)
(29, -95, 2, 12533, 3464, -30739)
(-58, -6, 121, -22759, -26436, 8720)
(17, -60, -50, 14504, 1450, 1126)
(107, -5, 60, 1290, 2252, -16448)
(114, 64, -9, -13498, 7425, 29482)
(-25, -102, -103, -781, 5618, 30232)
(-19, -122, -123, -21736, 15734, -32531)
(89, 51, 119, -24886, -3253, -32531)
(-124, -58, -119, -23668, 8324, -32531)
(107, 73, 8, -21739, -4800, -32531)
(-96, -63, -72, -18251, -12233, -9233)
(101, -73, -28, -5126, -7686, 31164)
(-91, -3, 15, -32535, 6185, -12000)
(28, 18, -95, -27169, -9145, -148)
(33, -85, 115, -28245, -19529, 3457)
(-110, -17, -124, 24964, -14127, -380)
(-1, -63, 45, 8935, -1457, 4730)
(74, 123, 108, 11128, 4915, 11177)
(-60, 23, -13, 252, 4676, 13165)
(-68, 6, 116, 11184, 9584, 21102)
(8, -66, 64, 12095, 1525, 20506)
(-32, 56, 80, 13765, -2387, -31036)
(-9, -1, -71, 104, 10267, 29955)
(66, -77, -9, -20350, -1518, 25860)
(-50, -89, 76, -27985, -4022, 15649)
(38, 115, 126, 6410, 2177, -246)
(-72, -30, 77, 5425, -6367, -4606)
(-53, 84, -71, -4848, -6264, -3088)
(-2, 95, -21, -1221, -6345, -2697)
(34, 87, 30, -2303, -7685, 3069)
(-121, 8, -24, 3950, -13937, 6359)
(85, -31, -73, 485, -531, 15807)
(-5, 85, 98, -13716, 8876, 14535)
(116, -76, 68, -346, -114, 28914)
(58, 52, 118, -6186, -9, 28415)
(-55, -36, 36, 22851, 6183, 28782)
(-42, 108, 67, 10681, 4067, 24027)
(-60, -27, -74, 14481, -9990, 19730)
(98, -63, -57, -884, 13838, -29875)
(-55, -116, 68, 30014, 15804, 28463)
(7, 62, 84, 7297, 7727, 32012)
(-63, 18, 79, -1253, 11056, 32083)
(-93, 95, 23, 20295, 9269, 30227)
(108, -28, 39, 5810, -3293, -2323)
(-95, 116, -81, -22192, -19167, 18454)
(-33, -16, 115, -30941, 13078, -1459)
(-112, -8, 72, 6926, 802, -8872)
(-12, -9, -57, 7088, 1563, -25912)
(22, -49, -53, -3332, 1742, 32725)
(-46, 109, 124, -10324, -2724, 30810)
(-71, 16, 88, -6540, -17676, -32530)
(-17, -70, -16, -9171, -21947, -32530)
(108, 15, 97, 6870, -25081, -32530)
(43, -77, 122, -4931, -22032, -32530)
(76, 30, 31, -3688, -21677, -32530)
(-90, -27, -103, 5677, -9707, -6821)
(-114, -127, -7, -1404, -9440, -3747)
(52, 68, 78, -9691, 6397, -30019)
(4, -105, 114, 22126, 4563, 23977)
(-32, -101, -60, 387, 28800, -27540)
(94, -68, -115, -30684, 17446, 29666)
(93, 70, 81, 27940, 1112, 1355)
(121, 45, 42, -32380, 12307, -10160)
(-30, -50, -105, 16551, -3322, -25549)
(-2, -4, -13, -18319, -15494, 6379)
(89, -51, -11, -3621, 14964, 5602)
(118, -35, 67, -11271, -3075, -12631)
(44, 119, -28, 6020, 5949, -25165)
(46, 108, -62, 7128, 10548, -28221)
(28, -42, 111, 30078, 29954, -8501)
(48, -118, 112, 29253, 28514, 31916)
(-56, -78, -104, -24401, 356, 2897)
(-3, -56, 48, -16207, 23916, 30763)
(-98, -52, -119, -22660, 3760, 29161)
(-16, -69, -74, 23088, 11672, -32527)
(20, -31, 110, 31807, -12195, -32527)
(8, 101, -83, 31807, -19571, -32527)
(-81, -127, 119, 13934, 4119, -5168)
(10, -81, 52, 4795, 7423, 542)
(-121, -124, -58, -19099, 32244, -26849)
(93, 28, 50, 31807, -14111, -10067)
(-49, -14, -58, 31807, -26899, 6017)
(12, -35, -76, -11509, -9879, 18755)
(-11, 45, -99, 5562, -12322, 18994)
(-80, -86, 62, 12125, -258, -32529)
(81, 76, -24, -30911, 5929, -11387)
(33, 49, 115, -32676, -25612, 10756)
(-30, -44, 106, -8446, -26295, 32436)
(72, 124, 57, 12911, -6011, 6172)
(-29, -7, 108, 17281, 519, -4102)
(-104, 26, 88, -6791, -6942, 1187)
(-115, -66, -88, -9144, -385, 6602)
(23, 127, 108, 5440, -2269, 11383)
(92, -74, -49, 3825, -4431, 3592)
(118, -39, -29, -14400, 380, 10401)
(35, 2, 91, -10467, -3570, 13305)
(99, -94, -127, -11380, 4271, 19467)
(-73, -126, 100, 22075, -4882, 26212)
(-49, 29, -24, -2027, -425, 29556)
(100, 71, -114, 18898, 3239, 28398)
(-20, 22, -73, 1032, 10356, 25425)
(42, -14, -105, 23998, 7807, 29764)
(93, 38, -13, 11277, 3056, 31843)
(-3, -114, -87, -523, 10598, 26473)
(32, 86, 71, 4539, 15361, 28705)
(14, 93, -51, 8652, 7447, 27840)
(-115, -81, 21, 16298, 6497, 28718)
(-104, -45, -58, -1516, 1865, 23630)
(19, -80, -30, 5140, 899, 15173)
(-35, 42, -33, 2253, 132, 4559)
(-84, -51, -25, 3739, 2415, -5425)
(-25, -127, -18, 2351, 2639, -14505)
(-123, 118, -32, 4789, -1309, -18697)
(-86, -39, -39, 1537, -9992, -24503)
(23, -39, 101, 772, -14223, -30536)
(44, -106, 125, -11647, -17811, 30525)
(45, -115, 3, 8993, -9092, -32525)
(-53, -22, 104, 8445, -12811, -32525)
(-118, 124, 55, 15747, -12086, -32525)
(-101, 77, 59, 23796, -25719, -32525)
(-58, 63, -122, -4925, 26345, -32525)
(-1, 10, 15, -8811, -27902, -32525)
(39, -127, -86, 6871, -22527, -21108)
(30, -87, 65, 8415, -15660, -115)
(-35, 119, -37, 10153, -9023, 9646)
(40, 81, -51, -686, 13935, 16833)
(17, -122, -32, -13323, 19541, -28723)
(98, 95, -5, -9658, 16854, -30361)
(-81, -92, 106, 14300, 14129, -32523)
(125, 94, 57, -27285, -8486, 24981)
(61, 108, -27, -9816, -31593, 9638)
(-32, -24, -11, -23911, -14100, 26718)
(101, -113, 47, -20720, -9604, -10232)
(38, 34, 99, -8540, 120, 18651)
(-65, -22, 56, 25637, -23002, -27573)
(101, -44, -11, -25346, 6519, 14895)
(-87, 8, -47, -14289, 19587, -26031)
(-116, -95, 45, 55, 8287, -29956)
(54, -59, 74, -19241, -14886, 26684)
(52, 91, 94, 27369, -17100, -6203)
(92, 23, -50, 28736, 14073, -19988)
(-21, -119, 41, -5279, 12582, 22504)
(67, -112, -35, -28268, 32189, -32523)
(-9, -41, -7, -30584, 5045, -32523)
(21, -7, -98, 28211, -17637, -32523)
(32, 78, 83, 31804, 32360, -32523)
(-91, 91, 3, 4460, 24955, -17619)
(115, 101, 95, 19074, 19854, 6369)
(-54, -101, -3, -965, 32044, -32344)
(-12, 94, 58, 31804, 30807, 9647)
(25, 95, -89, 31804, -18904, 15615)
(-30, -112, 110, 1457, -20185, 2321)
(96, -57, 7, -1023, -8463, 15966)
(8, 22, 25, 11689, -5450, 17953)
(69, 1, -30, 15682, -677, 29397)
(-114, 0, -30, -24534, 19015, -816)
(64, -89, -61, 12851, -22847, -11310)
(-2, 78, -80, -17818, 15165, 29962)
(-17, -39, -2, 11068, -9965, -6063)
(-96, -39, 44, 13598, 846, -5746)
(-91, 34, 61, -4805, -532, 1121)
(-114, 86, 99, 6107, -5676, 6531)
(103, -10, 58, 4568, 2521, -3729)
(-125, 58, 69, -2226, 1467, 5701)
(57, -96, 31, 10976, 483, 7240)
(-68, 38, -68, 3831, 2019, 8999)
(58, 95, -15, -21642, 12149, 13685)
(-11, -79, -68, 11037, 7263, 25296)
(-25, 122, 69, 16458, 12076, 22476)
(121, -54, 102, 23576, 19332, 22821)
(28, -100, 25, -12808, 20850, 22006)
(-36, -121, -14, -16568, 10903, 22890)
(-92, 2, 37, -18956, 5113, 32565)
(31, 121, 108, 2360, 7321, -30645)
(116, -101, -98, 13494, 11778, -32521)
(41, 19, 24, 24618, 18693, -32521)
(108, 58, -73, 26068, 11845, -32521)
(126, 13, -27, -648, 17590, -32521)
(-5, 51, 23, 368, 9328, 25186)
(20, -122, -118, 3578, 118, -2928)
(-10, -46, -103, 7916, -1458, -10297)
(117, 92, 116, 18660, -7060, -16759)
(-122, -101, -94, 15388, -2938, -25757)
(84, 24, -33, 828, -17375, 31313)
(-9, 1, 16, 8761, -16378, 31726)
(-41, 10, -21, 4036, -11628, -32522)
(99, 54, 19, 6343, -21273, -32522)
(46, -5, -31, -6050, -17724, -32522)
(-30, 74, 25, -3415, -16585, -32522)
(29, 61, -25, -4100, -25200, -32505)
(-43, 112, -11, -13000, -9700, -26495)
(0, -86, -120, 1345, -14307, -19621)
(54, -87, 37, 4729, -8532, -11552)
(124, -102, 115, 7150, -6743, 13761)
(111, 23, -75, 3697, 1601, 25350)
(125, 25, 80, 9453, 17759, -25146)
(77, -47, 88, -12384, -31741, -32520)
(72, -54, 88, 19970, 6496, 14483)
(117, 36, -68, 9229, 15139, -27134)
(-18, -35, 66, 11180, -18165, -12284)
(-41, 126, 78, -8983, -10649, -30609)
(-14, 104, -112, -18423, -954, -32251)
(125, -122, 56, -11113, 5174, 8899)
(8, 100, -41, 3136, -1597, -20834)
(113, -83, 74, -8627, -925, -25822)
(81, -1, -56, -3556, -7105, 9479)
(74, 78, 18, -16959, 9306, 18791)
(54, -42, -67, 11168, 7738, -24363)
(14, -119, 42, 4671, 16797, -31760)
(-106, 8, -39, -26043, 28430, 4612)
(62, 33, -33, -7062, 28190, -31731)
(-8, 56, -77, 8961, 12496, -12030)
(-5, -49, 62, -16393, 12948, 23512)
(-4, 41, -102, 24186, 123, -32519)
(75, -116, -43, 30127, -19096, -32519)
(104, -28, 81, 31804, 15912, -32519)
(90, 96, -128, 5954, 14758, -30174)
(-62, 85, -97, 32423, 19705, 819)
(125, 10, -93, 646, 3679, -12480)
(90, 23, -19, -13962, -12922, -12181)
(102, 109, -103, 31804, -8113, -10060)
(24, 33, 108, 31804, -8200, 408)
(110, 95, -52, -10934, 6601, 10542)
(99, -8, 107, 8917, 3890, 21449)
(-53, 10, 37, -12249, 1098, 20770)
(-62, 125, 9, 28932, -12763, -25646)
(-58, 117, -72, 23531, -27233, -8078)
(-61, -63, 82, -21283, -11317, -18820)
(-91, 74, -18, 2233, -591, 17499)
(33, 92, -115, 16170, -32627, 3898)
(-15, 54, 53, 6502, 8749, -6206)
(-93, 27, 40, -4786, -9887, 2650)
(-90, -15, 19, 13846, -8715, 1761)
(-119, -55, -43, -363, -8126, 2233)
(-86, 26, 31, 3164, -2448, 6372)
(-57, -45, 7, 2441, 3990, 12757)
(80, 118, 112, 6418, 1469, 17173)
(38, -75, 106, 10717, 1864, 24973)
(-60, -25, 44, 4961, 7362, 30663)
(-4, 88, -6, 11432, 19584, 26213)
(-108, -43, -117, 8609, 16271, 17412)
(-75, -119, 59, 17682, 15960, -26259)
(-125, 34, 9, -21015, 2841, -32516)
(-48, -96, -11, -29819, 11814, -32516)
(-28, 84, -2, -25794, 27423, -32516)
(0, -8, -74, -22113, 3023, -32516)
(51, -98, -42, 26012, 5424, -32516)
(-102, 28, 45, -15670, 365, 31011)
(109, -40, -118, -22662, -1938, 1374)
(-50, 124, 123, 19116, 1500, -6688)
(71, 17, 87, -25396, 1538, -3863)
(-63, -18, 127, -16806, -511, -13951)
(-109, 14, 76, 32564, -13093, -25558)
(120, -95, -93, -2745, -18780, -32231)
(49, 66, 45, 29727, -21296, 30913)
(40, 92, 49, -3901, -9084, -32517)
(123, 59, -102, 7378, -5157, -32517)
(40, -26, 115, 13313, -8833, -32517)
(-98, -82, -88, 6269, -18096, -32517)
(-58, -21, -93, -1470, -14487, -31878)
(80, -126, -107, 9532, -21255, -32601)
(38, -128, 58, 185, -16503, -27769)
(88, 5, -21, -1926, -12083, -22237)
(-62, 9, -59, 4157, -12160, -20393)
(59, 51, 120, 9490, -10121, -3310)
(9, 118, 124, 4255, -2026, 5122)
(-103, 15, -56, -3368, 6264, 23139)
(5, -53, 109, -10282, 15135, -32136)
(-57, -59, 123, -7641, 14653, -29725)
(-31, -102, 125, -27505, 13951, -32516)
(76, 65, 109, 11267, -20192, 11399)
(67, 31, -63, 13805, -13392, -25309)
(53, 48, 51, -6441, 4188, -21772)
(-104, -95, -122, 16328, -6886, -26776)
(-60, 39, -4, -4920, -8114, 31454)
(45, -112, -72, 21, -14867, -31897)
(-124, -69, 95, -12491, -16093, -29512)
(20, 117, -30, -7688, -14397, -9056)
(105, 72, -120, 10238, -11203, 17822)
(27, 24, -126, 29622, -29986, 12025)
(21, -57, 61, 21780, 23402, -30289)
(35, 89, 84, -15411, -20795, -32662)
(103, -85, -68, -30602, 28740, -31447)
(21, -48, -65, -28054, 6387, 2830)
(94, -124, -85, 21752, -10157, 22655)
(105, -124, -69, 26094, 3529, -15676)
(-8, 124, -89, 19005, -17755, 21182)
(91, 60, 46, 28842, -15553, -32516)
(-100, -89, 93, 26893, 17977, -32516)
(-60, 118, 120, -24385, -5395, -32064)
(-36, 82, 58, -14531, -21318, -10497)
(80, 13, 85, -17930, 31838, -14215)
(92, -51, -12, -2558, -21987, -10518)
(-102, 45, 47, 19918, -12724, -5546)
(5, -82, 103, 24766, -7176, 3134)
(-102, -1, 78, 32687, 1145, 15078)
(-117, -1, -96, 5550, 5445, 24042)
(55, -76, -77, -12042, 6878, -25666)
(-43, 87, -57, -4217, 11303, -22351)
(11, 62, -78, -22414, -22061, -25828)
(-75, 68, -38, -16733, -2643, 2761)
(34, 67, 46, 23015, 5610, -20616)
(-81, 8, 50, 13556, -4269, -8094)
(-37, 98, -113, 5057, -2659, 7940)
(-15, -121, 67, -5685, 1490, 1127)
(-39, -26, 64, 5078, -71, 10283)
(11, -125, -119, 4042, 9960, 22755)
(83, -119, 127, -15473, 3571, 10240)
(-111, 0, 56, -13406, 9608, 30842)
(68, 105, 38, 6803, -8271, -29340)
(-92, -88, 88, 23467, 4070, 26791)
(-37, 126, -58, 8399, 4297, 25733)
(120, -37, 3, -9138, 4529, 32734)
(99, -60, -119, 3801, 13743, 30043)
(-99, -102, -33, 14231, 15016, 21074)
(115, 114, -79, 11684, 7967, 16660)
(110, -18, 54, -8948, 736, -25579)
(19, -116, -11, 5548, 15535, -32513)
(90, 121, 111, -874, 4295, -32513)
(-35, -44, -98, -6814, -1132, -32513)
(86, 2, -20, -9300, -3271, 15237)
(106, 0, -74, -1862, -6369, -10495)
(-6, -37, 33, 4430, -221, -5169)
(53, 41, 115, -4849, 1157, -16133)
(10, 3, -43, -13803, -1219, -13813)
(80, 0, 52, -17321, -15807, -29990)
(84, 89, -84, -750, -20052, -32013)
(-71, 23, 43, -13774, -17114, 31501)
(-43, -44, 79, -6281, -12436, -32514)
(-16, 82, -25, 17838, -14487, -32514)
(67, 95, -110, -2353, -20991, -32514)
(-128, -32, -20, -3978, -14450, -32514)
(1, 55, -36, 12739, -13502, -32514)
(11, -14, -31, 6871, -13048, -31173)
(-19, 58, -31, -136, -21346, -23550)
(-25, -46, -113, -11246, -10707, -11523)
(-82, 20, -39, -1455, -8832, -2148)
(-125, 110, 112, 2992, -3184, 16414)
(9, -61, -118, -356, 9268, 28172)
(125, -48, 108, -11916, 14912, -26833)
(-30, 89, -63, -2117, 15206, -32513)
(80, -9, -104, 1925, 5447, 21204)
(84, -68, 103, 8818, -12053, 9917)
(81, -94, -79, 1085, -13253, -18194)
(-15, -127, 122, -11444, -4250, -26199)
(-48, -118, 75, -8697, -2544, -29760)
(-1, -128, -111, -3119, -7998, -29839)
(-39, -99, -53, -9256, -8378, -23218)
(-126, -116, -87, -8565, -6766, -12561)
(62, 73, 119, 9955, -12160, 16895)
(75, -16, 121, 21851, 5213, 25032)
(-14, -113, -7, -11886, 18545, -25381)
(-31, 14, 99, -22258, 21537, -32484)
(0, 9, -59, 22819, -17448, 4592)
(-40, 20, -10, 22553, 14792, 11603)
(-114, 110, -96, 10395, 19101, -26851)
(101, -84, -99, -7413, 13759, 26376)
(10, -33, 10, -13344, 17585, 32114)
(-113, 49, 95, -28970, -1682, -32513)
(-40, 19, 1, -27215, 4514, -32513)
(-127, 3, -99, -15619, -25606, -6357)
(-114, 126, 94, -11351, 23936, 27994)
(-73, -44, -95, 27952, 16424, -11147)
(89, -65, -105, 15077, -20788, -17390)
(-110, -28, -43, -5213, -17233, -9902)
(-20, 116, 84, 19098, -18021, -7345)
(27, -73, -102, 12255, -8467, 3671)
(70, -17, -35, 10873, 1065, 15153)
(-73, 123, -76, 17062, 5224, 21943)
(62, -70, 0, 107, 3855, -31261)
(-56, 71, 47, -26339, -3922, 32230)
(-70, 124, -48, 26007, -2938, -30379)
(52, -75, -124, 22602, -8192, -25679)
(-73, 46, 91, 21098, -9199, -10518)
(-34, -38, -34, 9970, -4659, -10622)
(-86, -59, -11, -2365, -3844, 1002)
(-114, 66, -5, -1221, -2785, 5487)
(-89, -85, -56, 795, -5195, 4013)
(-35, 5, -89, -4986, 1100, 4556)
(78, 72, -114, 3410, 3305, 25039)
(-95, -122, -35, 12330, -1007, 8563)
(98, 108, 116, -925, 44, 16836)
(-128, -117, 72, 3488, 5307, 18337)
(-115, -79, -117, 438, 359, 24208)
(-99, -54, -112, -4441, 10849, 22094)
(-71, -45, 94, 4932, 21192, 14745)
(19, -102, -23, 8433, 8105, 28967)
(-35, 1, 124, 24468, 14341, 19666)
(-40, 64, 114, 12499, 18650, -26725)
(79, -58, 37, 5469, 17990, 32515)
(98, -77, 120, -610, 10825, 26124)
(117, -48, 16, 13034, 10930, -30152)
(-94, 74, 0, -401, 8000, -32509)
(-122, -125, 27, 2247, 9522, -32509)
(47, -120, 125, 1720, -1191, 20985)
(-86, -60, -85, -14759, 64, -752)
(29, 49, -46, 14590, 1063, -14616)
(33, 20, 94, 20436, 1389, -9106)
(8, -89, -49, -26526, -5615, -15556)
(80, 84, -53, -17792, -11432, -14930)
(-106, 57, 93, 5933, -13025, -28490)
(-64, 97, 26, -8098, -20802, -29513)
(-21, -4, 19, 1025, -15897, 30915)
(-105, 39, 123, -10512, -6838, -32625)
(-3, -13, 16, 6771, -14803, -32511)
(76, -75, 83, 6585, -14096, -32511)
(-20, 60, -69, 1211, -20891, -32511)
(-85, 21, 25, -1175, -20401, -32511)
(112, 21, -102, -2923, -15731, -25368)
(-99, -17, 52, 5050, -18075, -20510)
(66, 22, 70, 10109, -7447, -4143)
(30, -20, 50, 17132, -5717, 9207)
(-33, 23, 12, 23098, 14014, 29219)
(79, -45, -51, -21738, -32406, -30337)
(-45, 73, 115, -3967, 25827, -31126)
(-25, 15, 90, -31656, 13613, 23565)
(123, 52, 120, -27057, 27448, -11086)
(-84, -48, 77, -22432, -407, -7689)
(-95, 77, -19, -1238, -20120, 32011)
(-128, 44, 95, -20074, -13198, 32288)
(68, -3, 10, -10611, -11099, -24722)
(65, -95, -94, -13192, -10656, -18781)
(-6, 29, -35, 23490, -12501, 2779)
(-61, 45, 30, -1053, -16455, 31945)
(100, -79, 86, 3093, 6530, -26792)
(-70, 80, -127, -3675, 24259, -31910)
(12, -107, 59, -9601, 24868, -30170)
(-115, -21, 15, 30378, 11551, -32510)
(34, 53, -89, -9072, -26707, 3627)
(54, -62, 39, 24878, 13869, -30081)
(-44, 20, 64, -1934, 10931, 15621)
(112, -119, -12, -16613, 9748, 31152)
(100, 3, 89, -32141, 11946, -32510)
(-126, -95, 54, -17295, 13186, -32510)
(-89, 38, -18, 10656, 3227, -32510)
(101, 101, 36, -15739, -6866, -20178)
(-99, -96, -14, 25958, 8561, -16454)
(76, -88, -51, 29861, 3845, -26963)
(-45, 48, -62, 19815, -16777, -20717)
(-125, -70, 73, -18804, -26898, -1260)
(87, -37, -46, 25804, -14481, 4267)
(-32, 16, -25, 13657, -21261, 8459)
(-42, -122, 59, -27005, -14423, 16022)
(-66, 64, 25, 5854, -11099, 32016)
(-56, -5, -55, -23429, 25061, 23661)
(-98, -80, 121, -12427, -5945, -25498)
(-128, 119, 16, -955, -21765, 23333)
(19, 82, 45, -26907, -17290, 7738)
(-35, -10, -118, 17681, 7038, -9052)
(-75, -19, -62, 6415, -7118, 88)
(29, 68, 114, -2418, -9786, 1451)
(7, 93, 76, -185, 1293, 314)
(7, -40, -3, 9028, -905, 492)
(10, 103, 43, 9479, -973, 6041)
(-119, -32, 1, 6883, 4341, 17650)
(-5, -11, 6, 2883, 11519, 13160)
(5, -118, 34, -5220, 11157, 15379)
(37, 47, -109, -4819, 1660, 29017)
(1, -6, 52, 9776, 776, 20007)
(-74, 24, -16, 6109, 16201, 25910)
(-32, -31, -66, 9897, 1207, 22473)
(-113, 41, 35, -14467, 14993, 30627)
(115, 112, -90, 3874, 19170, 24151)
(-47, -43, -10, 14511, 11857, 31018)
(-28, -34, -88, 4342, 8395, 28466)
(17, -122, 40, -10403, 15992, 29134)
(113, 99, -54, -7112, 13046, 28576)
(119, 110, 116, -9844, 1131, 28709)
(12, -16, 39, 7208, -4175, 29851)
(-68, 59, 111, 7295, -4618, 14375)
(-92, 33, -75, -8206, -3096, -11535)
(44, -10, -74, 12515, -3358, -10646)
(-38, -86, -11, -2299, 3405, -10559)
(50, -64, 125, -6798, -4367, -10336)
(-47, -116, 89, -19212, -13123, -17460)
(101, -79, 55, -10937, -11130, -22571)
(-52, 50, -70, -2551, -12601, -27356)
(-124, 81, 60, -5401, -13326, -30492)
(-10, 68, -8, -16638, -18993, 31092)
(-44, -22, 50, -1287, -9852, -32508)
(69, -46, -75, 7801, -13467, -32508)
(82, -100, 107, -6564, -3656, -32508)
(-98, 117, -8, 23139, -17136, -32508)
(-20, -105, -91, -6419, -14764, -32508)
(-41, -63, 3, -8078, -15746, -29128)
(26, 109, 3, 6185, -12924, -13927)
(87, -101, -90, 23613, -10537, 23205)
(-72, -48, -92, -921, 7737, 24626)
(-4, 107, 11, -14300, 15436, -25705)
(-115, 3, -55, -18716, 11710, -32508)
(58, -111, -23, -32041, -18836, -32508)
(-25, -21, -34, 30153, 27697, -17894)
(-33, 5, 70, 13326, -17782, -14324)
(-59, 0, -67, -7220, -15027, 29118)
(106, 103, -75, -12849, -10279, -29588)
(73, 75, 12, -7531, -5127, -17182)
(-126, 65, 107, -1528, 3091, -19336)
(97, 7, 80, 7203, -5470, 15933)
(60, 37, -97, 3251, 13402, 29686)
(33, -91, 114, -2932, 13867, -26553)
(-126, -20, 96, -24746, 22481, -32508)
(10, 82, 99, 32230, -15742, -5071)
(84, -17, 97, -15631, -14908, 29364)
(-75, -7, -76, -21700, -4599, 7550)
(0, -85, -16, -3679, -26630, 24492)
(-21, -15, 120, 30741, 7398, 30813)
(65, -40, 126, 25427, 11881, -32510)
(20, 38, -119, 31811, 17518, -32510)
(115, 51, -28, -1803, -24962, -30158)
(-68, 96, 88, 26415, 4490, 32242)
(17, 44, -122, 30063, 15973, -32510)
(-111, -26, -13, -5209, -9035, -15656)
(57, -55, -45, -32308, -23269, -13757)
(23, -65, -53, 31811, -21218, 21673)
(-100, -33, 59, 24590, -15089, 13839)
(48, 99, -30, 8977, -16261, -29129)
(-40, 39, 110, -25312, -18125, 28064)
(107, 51, -2, 649, 30072, 32108)
(-86, -79, -36, 28893, 20963, 30518)
(-83, 47, 15, -1706, -8180, 1358)
(38, -33, -104, -813, 1872, -9343)
(29, 50, 66, 14182, -4608, -11190)
(-111, 44, 61, -1943, -6352, -5935)
(16, -83, 65, -174, -5073, -2753)
(17, -107, 8, 4450, -2205, -1310)
(3, 123, 105, 9022, -4175, 1179)
(19, 124, -13, -1051, 770, 4050)
(102, 65, -51, 7979, 5478, 11744)
(102, -52, 48, 2869, 7616, 15967)
(-21, -94, -79, -9542, 15712, 18221)
(-40, 24, -72, 4266, 20669, 24276)
(58, 120, 105, 24578, 23631, 21033)
(-107, 69, 47, 12518, 16853, 20029)
(8, 16, 63, -11589, 10087, 14553)
(-119, -50, -58, -7490, 11747, -26388)
(67, -13, -13, -121, -1761, 21736)
(112, -71, 81, 28778, 12780, 15224)
(-101, 122, -75, -31905, 15497, 28095)
(-105, 88, 97, -6596, 10663, 23037)
(-34, 25, 18, -20722, 14960, 16543)
(80, -21, -40, -8701, -5505, 26788)
(74, 115, -85, 13449, -1830, 11859)
(-79, 88, 96, -17938, -4710, 6786)
(-56, 86, -1, -1651, -3421, -4172)
(17, -54, 76, -9700, -11072, -4407)
(-89, 5, 56, -9428, -2338, -10327)
(109, -30, -126, 583, -1982, -14902)
(3, -3, 95, 2873, -4463, -23405)
(71, -110, -5, 190, -3753, -31265)
(-95, 72, 58, -19581, -9778, -23997)
(60, -95, -9, -25140, -14607, 29347)
(91, -101, 124, -14090, -6277, -32508)
(-118, 68, 70, -2046, -13837, -32508)
(-52, -77, -11, -9082, -8173, -32508)
(-56, -114, -27, -6496, -5884, -17049)
(69, 30, 64, 8209, -12351, 7915)
(53, 9, 53, 14853, -742, 22392)
(120, -121, 97, -5015, 14481, -27461)
(89, 97, 15, -17237, 21178, -31056)
(-21, 20, 16, 7320, 24889, -32508)
(62, 95, -104, -5214, 10963, 29060)
(112, 69, -64, 32550, -19531, 10624)
(-128, 89, 40, -11247, -12382, 31477)
(-87, 0, 100, -6527, -16129, 32207)
(32, 0, 7, -4404, -16133, -31858)
(-35, 83, 40, -6712, -15855, -22766)
(76, 91, -92, -5948, -9187, -2399)
(-53, -25, 34, 2019, -2769, -13202)
(-81, 93, 78, 29281, 1988, -31938)
(123, -29, -31, 19172, 23410, 30334)
(-52, 102, 73, -25750, -24713, -29163)
(83, -63, 51, -780, 29734, -32508)
(-77, 121, -25, -21062, -32306, 261)
(90, 31, -91, -18752, 17702, -10753)
(-44, -103, -105, 8247, 25448, 3931)
(54, -13, 101, -12491, 4631, -32508)
(-41, 62, -52, -16504, -6627, -32508)
(-31, -98, -10, -28409, 3519, -32508)
(-19, -23, -82, -18331, 4748, -25416)
(0, -8, 36, 29517, 5614, -18582)
(113, -45, 8, 28506, -10241, -13158)
(57, 21, -28, 17582, -24526, -5543)
(-67, 55, 29, 17162, -25699, -5622)
(-33, -74, 31, 3848, -18965, -1987)
(-17, -71, -94, 1092, -15667, 3703)
(-79, 25, -122, 10509, -8664, 11259)
(-80, -96, -107, 8852, -1144, 21099)
(-72, 39, -119, -9413, -405, -31477)
(52, 11, -116, -28124, 25874, 27526)
(47, -112, -33, -18945, -1688, 28037)
(81, -85, -37, -24109, -22638, 17066)
(-76, 17, -8, 13114, -15004, -6710)
(85, 107, 37, 25081, -830, -14307)
(-118, 105, -19, -6190, -5009, -3989)
(-69, 120, -73, 5667, 2365, -5907)
(76, 65, -104, 10089, 7032, 1340)
(28, 119, 0, 8975, 783, 2903)
(7, -6, -87, 7975, -4450, -6335)
(111, 69, -21, 1556, -50, -4850)
(106, 34, 101, 701, 1062, 837)
(72, 46, 89, -5680, 3548, 2142)
(124, 89, 21, -5274, 12690, 10988)
(-81, 68, 43, -1229, 12222, 9339)
(-98, 55, -16, -9041, 10163, 19084)
(18, 91, 23, -7785, 16865, 16693)
(-63, 6, 48, -8662, 12044, 27931)
(79, 12, -17, 820, 8239, 20324)
(-20, 29, -101, -8453, 5255, 24778)
(-83, 125, 74, -10238, 3006, 22330)
(53, 121, 91, -9753, -5543, -29787)
(-126, 41, 121, 10339, 4871, 8836)
(-80, 36, -21, 14512, 8225, -29851)
(51, 39, 84, 10056, 6868, 27195)
(-28, 86, -112, 9178, 4877, 25397)
(77, -41, 114, 16734, 287, 29302)
(98, 87, 58, -6087, 3978, 16781)
(-115, -73, 70, 19523, 7202, 4384)
(-113, -89, -85, 19386, 1364, -7119)
(127, -119, 93, -393, -5788, -15844)
(-15, -112, -40, 8429, -2341, -30482)
(-7, 70, -1, -19135, -10044, -32055)
(83, 88, -25, 8994, -4845, 31461)
(15, 67, -97, 6464, -13177, -32508)
(69, 58, -76, -3584, -18084, -32508)
(16, 86, -5, -20031, -9734, -32508)
(14, 127, 126, 23865, -23247, -32508)
(-31, 96, -126, -8690, -16124, -32508)
(19, 105, -4, -6836, -16240, -9973)
(-111, 106, 101, 15037, -21014, 20079)
(64, 37, 33, -895, 3593, 12231)
(124, 40, -50, -1148, 13240, -31593)
(-11, 73, -112, -9986, 20960, -29086)
(-86, 5, -124, -9783, 14930, -32507)
(-2, 20, 110, 5030, 14857, -32507)
(-70, 119, -43, -18041, 16946, -5248)
(98, -9, 45, -957, 15025, 29608)
(-39, 32, 6, -959, 8035, -4152)
(-124, 4, 108, 16010, 1013, 29374)
(71, 20, -60, -6189, -14284, 30482)
(55, -27, 51, -20611, -9604, -12322)
(65, -11, 88, -5447, 4319, 8721)
(-76, 48, 80, 1057, -109, 9985)
(-58, -11, -86, -3503, 13261, -30402)
(125, -17, -25, -7781, 23432, -28785)
(-99, -52, -86, 27896, 7330, -32508)
(-50, 52, 34, -7350, -3196, 32193)
(-2, 29, -90, 10872, 13479, 16497)
(-62, -46, 66, 6222, 5653, 32762)
(-76, 53, 73, -13428, -28530, 28041)
(103, 84, -100, -27536, 781, 32510)
(-9, 71, 76, 25251, -7003, -32509)
(-99, 1, 87, 3997, -27689, -32509)
(48, -59, 92, -19454, -11977, -16375)
(-103, 89, -128, 5115, -17426, 31366)
(67, 117, -122, -13866, -21127, -12325)
(-23, -112, 71, -32177, 24726, -5204)
(0, 10, -29, 11073, -3949, -6234)
(-104, -35, -77, 30293, -27090, 7858)
(37, -78, -75, 5630, -6043, 8552)
(33, 79, 99, 8584, -9738, 16497)
(90, -106, -51, -5609, -12178, -26198)
(91, -100, -68, -2570, -7096, 19793)
(-116, -61, -79, 13420, -15119, -24447)
(82, -120, -7, 100, -13536, -29975)
(1, -127, -36, -7364, -8461, -5777)
(-84, -34, -37, 15479, -3981, -6843)
(-27, 50, -46, -10054, -1748, 2800)
(4, -2, -39, -2083, -239, 5814)
(86, -111, 53, 568, -316, 5851)
(116, 5, -43, 11767, -574, 9296)
(42, 79, -49, 8265, 13449, 19873)
(-17, 122, 37, 4236, 2104, 12875)
(102, -39, 98, -782, 6313, 13763)
(102, -90, -115, 5969, 1426, 16838)
(2, 74, -102, -1369, 8923, 17457)
(-99, 119, -25, -3412, 7174, 19707)
(-8, -12, -71, -1487, -898, 26473)
(106, -87, -116, 17735, 846, 23951)
(-9, 20, -33, 13942, 5149, 20981)
(-55, 45, -21, 5028, 9347, 15051)
(26, -22, 122, -4147, 4358, 27234)
(-78, -62, 72, 6983, 6144, 22274)
(71, -118, 94, 19065, 5286, 18291)
(-119, -112, 123, 12788, 9986, 25206)
(69, 93, -53, 1834, 5956, 16441)
(-64, 119, 87, 4916, 6473, 19785)
(89, 117, 112, 7024, 10799, 15205)
(-90, -24, 0, 4293, 8654, 12910)
(80, 87, 95, 14244, 6052, 11774)
(53, -21, -64, 10331, 5269, 12018)
(111, 98, 2, -872, 3992, 6858)
(-37, -80, -85, 3925, 3102, 987)
(-28, -94, -96, 3785, 3520, -1479)
(-32, 111, 110, -167, 2705, -3440)
(10, 21, 98, 1553, 1343, -4319)
(48, -75, 94, -2112, -649, -4544)
(100, -56, 52, -8955, -4897, -8172)
(47, 35, -116, 1066, 2594, -22575)
(-101, -45, -73, -26, -11676, -25091)
(-3, 89, 0, -24296, -11792, 30099)
(26, -88, -88, -2148, -11431, 32334)
(39, -122, -44, 20180, -15169, -32511)
(122, 26, 55, -3952, -22526, -32511)
(-111, 45, -84, -10555, -12328, -32511)
(-72, 43, 88, 4894, -23073, -32511)
(52, 59, -35, -19163, -14912, -30436)
(-60, 111, -37, -3022, -16606, 9125)
(80, -44, -17, -3209, -6278, 5281)
(110, 121, 10, 11237, -1590, 26009)
(101, -110, 34, -2672, 12000, -25016)
(1, 42, 88, 1048, 4190, -32510)
(-128, 77, -5, 29662, 5084, 4517)
(-105, 16, -119, -10022, -11588, -26084)
(46, 29, -23, -24322, -17591, 3757)
(-9, 47, 93, -15485, -19878, -24672)
(-79, 41, -65, -6441, -15838, 31324)
(-54, -27, -10, -19830, 548, -6841)
(-86, -32, 9, 2433, -10970, 5466)
(-65, -49, -39, -17922, -4233, -10554)
(-55, -73, -59, 18790, 1284, -28271)
(-47, 101, -67, -12052, 16671, -27187)
(57, 22, 45, -27933, 396, -32509)
(-15, -58, 88, 23899, -8158, -16866)
(-42, -61, 43, -10147, 28309, -23812)
(-33, 45, 104, -1601, -1787, 24750)
(44, 115, 48, -12818, 24858, -32509)
(-19, 92, 37, 23747, -27547, -32509)
(-46, -114, -21, -24213, 10666, -32509)
(-128, -79, 95, 18912, 9088, -32509)
(20, -52, -112, -11253, 1477, -14552)
(35, 56, 25, 4303, -8011, -10970)
(-81, -46, 77, -18215, 28137, -15252)
(-128, 27, 109, -12917, -1316, -4339)
(59, 41, 5, 17358, -22621, 3020)
(-102, 8, -37, 7777, -5549, 6103)
(-37, 3, 87, 10850, -3213, 25248)
(-14, -20, -77, -13457, -8251, -31956)
(24, -88, -37, -3679, 3861, -13491)
(-40, 42, 4, 9433, -22592, -16235)
(51, 89, 107, -27250, 21834, -5573)
(-34, -5, -101, -9547, 32238, -20281)
(93, 63, 71, -2064, 12657, -7380)
(80, -11, 29, 2842, -5226, -198)
(89, 76, 15, 691, 6996, 2554)
(-82, -103, 11, 6004, -7997, 3421)
(-115, -19, 56, 1352, 2863, 11843)
(114, 9, -25, 1785, 6073, 9344)
(-12, -39, -58, -333, -1471, 15361)
(66, 4, -24, -7777, 5879, 19700)
(94, 40, -107, 5122, -3849, 15817)
(-69, -19, 74, -5217, -381, 17380)
(83, 76, 39, -3123, 287, 19432)
(11, -11, 18, 2998, 2653, 19875)
(95, 106, -11, 365, 5847, 21781)
(23, -77, 105, 11724, -2741, 22267)
(-58, 105, -110, 15666, -364, 11617)
(13, -49, 48, 13203, 4331, 30296)
(-94, -95, 114, 6931, 9334, 21169)
(-78, 69, -15, 10501, 3683, 32675)
(43, -44, -99, 23467, 12443, -31708)
(48, 3, 15, 13725, 17878, 20655)
(114, -68, 114, 2632, 18579, 15943)
(13, -50, 9, 4413, 445, -28818)
(46, -67, -28, 14925, 6290, 19725)
(-87, 19, -99, 3325, 3502, 15242)
(-37, 62, -77, -15757, -135, 8017)
(24, -95, -41, 1342, 1887, -3264)
(-15, -31, -110, 11277, 4379, -13218)
(-19, 66, 65, 9784, 1374, -20498)
(-117, -63, -103, 1148, -2209, -21813)
(-117, -53, -63, 4411, -2640, -26130)
(-24, 94, -61, 14317, -3477, -27648)
(46, -87, 9, -10695, -7058, -30587)
(-44, -40, 64, 8157, -7315, -31700)
(-99, 125, -110, -19017, -10918, 32208)
(-76, 29, -103, -13861, 397, -30319)
(19, -73, 83, 638, -9115, -32127)
(-128, 86, 125, -11336, 1753, -29237)
(-17, -104, 76, 5060, -7903, -25486)
(-52, -69, -50, -7832, -5683, -24418)
(-61, 104, -17, 5236, 2447, 15193)
(-113, -30, -3, 15272, 2336, 18498)
(-29, -97, -68, -22464, 13586, -22445)
(-36, 39, 100, -26629, 20472, -32509)
(22, -42, -124, 26738, -2167, 7551)
(11, 102, 65, 8570, -27560, -5581)
(-56, -80, -59, -4283, 6533, -24133)
(86, -72, 36, -19341, 2037, 31511)
(-40, -40, -53, -15222, -8478, 30706)
(-102, -117, -30, -20959, -1898, -22331)
(32, -112, 3, -4259, 777, 6890)
(-123, -92, -124, -25006, -8074, -2706)
(72, -125, 36, 13102, -5850, 18138)
(-91, -61, -78, -566, 14909, -21519)
(111, 15, -93, 1148, 23641, -32508)
(100, -41, 20, 22699, 8049, -124)
(14, 31, -31, 358, -22759, 19854)
(28, -24, -66, 7594, 4932, 18355)
(4, -15, -44, -17468, 6127, 15124)
(120, -73, 65, 28884, -3895, -32509)
(37, -43, -27, -20003, 19616, -32509)
(-93, -77, 87, 2336, 24257, -32509)
(-60, -5, -91, -17559, -19779, -16501)
(-123, 82, -49, 32719, 27591, -10096)
(34, -33, -45, 21633, -30076, -11492)
(78, 41, 47, -11868, -13574, 232)
(50, 113, -89, 16288, -24089, 7431)
(-128, -70, 74, 10566, -10068, 7342)
(71, 119, 89, 7459, -22109, 17763)
(72, 63, -114, 812, -651, 11323)
(-55, 98, -125, -22695, -7204, -32303)
(-89, -69, 123, 21952, 7047, -29991)
(-106, 79, -60, 19443, -19225, 11638)
(-55, -95, 88, -18485, -18062, 19606)
(-102, -28, 55, 17426, -10655, -15106)
(-59, -127, 11, 17835, -347, -10950)
(-59, -54, 93, -4329, 3935, -82)
(126, -118, -61, 6682, 285, 3359)
(109, -5, -91, 9830, 3206, 3392)
(100, 106, 101, 3759, -3337, 5562)
(99, -104, 35, 11086, -2474, 7976)
(-116, -33, 25, 16142, 4840, 11618)
(-118, 108, 79, 11855, -533, 9952)
(-38, -54, 85, -6428, 4516, 13485)
(-58, -122, -115, -18232, 4093, 16663)
(-1, 126, 2, -18414, 3167, 16663)
(-47, 97, 47, 15352, 3820, 30189)
(119, -70, 106, 23031, 6667, 10804)
(97, -42, 115, 21162, 12131, 15383)
(14, -81, 0, -20661, 10642, -23739)
(-25, -114, -128, 10359, 9064, 29148)
(105, 7, 22, 25641, 14049, 29687)
(93, 9, 80, 4930, 21784, 21888)
(-101, 4, -94, 8401, 17325, 17403)
(115, -115, 101, 6961, 15120, 28217)
(-93, -123, 76, 13145, 15177, 23552)
(42, -101, -88, 16738, 10876, 21205)
(58, 69, 20, 3635, 7638, 15560)
(55, -78, 41, 1357, 2411, 2730)
(25, -57, 0, 16411, 5090, -2244)
(0, 9, -107, 21307, 6916, -6703)
(-55, 118, 79, 20331, 6843, -3000)
(-116, 97, -22, -6562, -794, -1264)
(-92, 41, -89, 4289, -997, -2055)
(-94, 18, -106, -47, -2900, -3651)
(-71, -37, -38, -6366, -4128, -2811)
(-46, -100, -29, -16698, -7536, -7469)
(18, 54, -86, -19550, -11583, -11936)
(80, -5, -111, 15037, -3091, -24455)
(-26, -2, 102, 1445, -17082, -22988)
(73, 26, 17, -2916, -15353, -28978)
(111, -117, 34, 616, -20912, -31569)
(39, 125, 22, -4102, -12472, -30887)
(-50, 36, 39, -10558, -11304, 32054)
(-8, 83, -116, 9605, -12810, -30558)
(117, -102, 6, 549, -20284, 32376)
(-118, 96, -49, 8530, -20639, -32510)
(118, 82, 119, -10355, -9824, -16352)
(112, 59, 69, -6835, -16286, -5262)
(-15, -74, 8, 8237, -3597, 29884)
(102, 94, -106, -8798, 12039, 29340)
(26, -2, 14, -20950, 11681, -28501)
(-9, 44, 11, -8447, 6801, -32510)
(-53, -37, -13, -12408, 2825, 21341)
(125, 4, -10, -18045, -4406, 4154)
(68, -106, 9, -3911, -8832, -8888)
(-127, -3, 62, -10529, -22234, 27791)
(12, -75, 117, -26817, -7599, 32519)
(62, -62, -75, -7523, 12816, -10922)
(-19, 52, 39, -9131, 17991, 3319)
(36, -28, -39, 7676, 816, 26684)
(-115, 104, 97, -158, 6854, -26686)
(-47, -26, -60, 32259, -17320, -19831)
(-25, -126, -35, 31451, -7614, -13962)
(-66, 93, 71, -6105, 2071, -4089)
(14, -122, -45, 6312, -5458, -15996)
(-28, 84, 66, -13752, 26461, 29624)
(-111, 9, -51, -4765, -2122, -8253)
(-51, 56, 41, -24927, -3239, -31523)
(68, -114, 91, -19493, -3769, -31408)
(-25, 89, 15, -22058, 2939, -8982)
(20, 39, -21, 26567, 1406, -2084)
(-102, 4, 82, -29304, 5301, 24443)
(-72, 41, -8, 32010, -25100, -10356)
(58, 100, 8, 19295, -26969, 30717)
(-93, -22, 112, -28537, -14267, -13994)
(34, -49, -12, 10626, -15978, -2627)
(-4, -38, -99, 21690, -16181, 7203)
(69, 81, 94, -691, 15110, 19917)
(-9, -68, 73, -3981, 12194, -28771)
(-32, 7, -82, -6560, 10546, -5521)
(-56, -112, 102, 5946, 16158, 13735)
(-81, -53, 43, -29779, -9273, 25915)
(41, 120, -60, 8510, -2706, 663)
(1, 31, 38, 20025, -13153, 2600)
(-58, -11, 109, -2397, -4130, 13492)
(23, 107, 76, 3923, -1466, 19631)
(-128, -17, -86, -2099, -6044, 23160)
(-15, -125, 100, -1938, -5422, 28329)
(-78, 77, -118, 2315, 1560, 32658)
(-108, -31, 42, 6411, 1074, 29375)
(-61, 19, 17, 14174, 6543, 20052)
(-9, 9, 82, 11805, -999, 4584)
(-107, 12, 102, 9423, 1372, -21403)
(83, -17, -103, -1624, 15175, -32766)
(-96, 32, -62, 5672, 12378, 30109)
(27, -73, 31, 6932, 11426, 28716)
(122, 62, -26, 20880, 2148, -30739)
(-39, -88, -31, 21469, 4419, 26192)
(-55, -68, 23, 19249, 4399, 17200)
(-46, -87, -73, 9174, 6285, 9606)
(36, -96, -5, 3867, 4975, 5600)
(89, -34, -43, 3079, 2441, -2412)
(111, 4, 126, 11469, 2786, -7089)
(-95, 104, -82, 3261, 823, -6776)
(3, 17, -17, -7775, -3281, -10204)
(85, 121, -102, -4102, -1084, -16822)
(63, -75, 112, 7984, 2272, -24436)
(20, 30, -31, 18025, 11, -31578)
(-79, -7, 89, 20175, -20080, -31515)
(11, 114, -123, 10956, -12392, 32225)
(29, 78, 25, 409, -9063, -32606)
(23, 82, 76, 7497, -9291, -32514)
(-87, -27, -52, 9984, -11030, -32514)
(-45, 41, -10, -11593, -13933, -32514)
(98, 16, -49, 28826, -6657, -19342)
(31, 79, -109, -6380, -5004, -11062)
(-27, 90, -33, 18889, 1458, 5475)
(-128, 110, -104, 12478, -3701, 20067)
(-73, -116, -29, -11168, 7587, -22450)
(-61, 38, 63, -31049, -27238, -32513)
(119, -37, -35, -6845, 7531, -32513)
(110, -30, -90, -956, -25255, 26082)
(-106, -21, -83, 18324, -12832, 2088)
(121, -80, -109, -7529, -4826, 25982)
(62, -99, 113, -9516, -11968, 30569)
(25, -76, -16, -14142, -11251, -25184)
(2, -84, -96, -7103, -4045, 2522)
(103, -19, 105, -7582, 10497, 16657)
(-103, -127, 78, 4345, -2188, -6806)
(99, -5, 88, 1348, 7089, 29953)
(49, 108, -102, -3322, 10537, -25706)
(68, 48, -128, 10182, 9272, 28022)
(66, 102, 75, -12, -470, -17414)
(-22, -9, 94, 27206, -17346, 10494)
(96, -34, -45, -4026, 13216, 30396)
(-43, 47, -1, -4679, 16163, 27412)
(-108, -1, -63, 29602, 13635, -32511)
(80, -60, 63, 27248, 1672, -32511)
(34, 50, 118, -28826, 27081, -32511)
(116, -94, 97, -31334, 17204, -14920)
(80, 60, -22, -24144, -5077, -29170)
(-86, 43, 33, -5470, -18042, -8502)
(110, 14, 53, -2967, -14654, -6946)
(-118, -31, 77, 21197, -20110, -4961)
(-30, 27, 4, 17734, 379, 2480)
(-33, 91, 102, 21659, -3965, 13663)
(63, -66, 98, 2248, -3790, 9750)
(-63, -76, -95, 10873, -19943, -24169)
(93, 107, 69, -19475, -21557, 11576)
(32, 104, 78, 7766, 9194, -24978)
(78, 104, -38, -24044, -21886, 21150)
(117, 73, 68, 22880, 13842, -19764)
(66, 37, 126, 14336, -8006, -1319)
(-35, 86, 84, -7064, -5791, 5086)
(-124, -67, -24, -5028, -6546, 10212)
(-74, 20, 42, 1482, -626, 13366)
(115, 79, -13, -1944, 2070, 8252)
(22, 125, -97, -4568, -1659, 13415)
(123, 68, -115, -9743, -1186, 25745)
(-118, -16, 105, 2652, -4790, 26009)
(-96, -80, 124, 5478, -4506, 25583)
(101, 53, -78, 8418, 6067, 19260)
(107, 107, -58, 10743, 892, 13850)
(96, 24, 92, 22085, 6857, 22165)
(15, 44, -123, 13479, 5784, 19418)
(31, 65, -91, -5605, 6786, 25613)
(-59, -80, -70, 247, 6029, 19857)
(111, 64, 8, 10865, 11763, 25812)
(-12, 17, 108, 10669, 13799, 20347)
(-61, 42, 101, 10093, 12966, 27124)
(-6, -82, -19, 1178, 7676, 25689)
(69, -46, -103, 11100, 1816, 21840)
(-77, 76, 82, 27743, 5620, 17729)
(-95, -80, 106, 5946, 3874, 7053)
(58, 65, 6, -10004, 5706, 1684)
(102, 37, 33, 1792, 8227, -7331)
(-40, -106, 113, 12529, 9469, -10873)
(-52, 27, 19, 16448, 994, -19095)
(18, 4, 81, 23581, -4858, -27832)
(71, 94, 106, 9933, -12813, 28637)
(-54, 122, -46, -5128, -15963, -32508)
(-96, -123, 119, -1026, -15642, -32508)
(99, -92, -101, 4870, -16466, -32508)
(-101, 124, 67, 4923, -11273, -32508)
(-97, -47, 108, 5356, -20160, -32508)
(71, 70, 64, 2071, -20686, -29707)
(127, -5, 46, -5007, -16849, -9228)
(-105, -60, 111, -3340, -14267, 6156)
(-112, -27, -7, 2182, -4653, 21158)
(126, 103, 44, -8480, 6071, -30734)
(49, 53, -40, -22935, 12929, -29870)
(-7, -57, -10, 11010, 7960, -32507)
(-116, 81, 78, -22246, -13261, 9885)
(-46, 45, -28, 12028, -12138, -5438)
(94, -24, -6, 1526, 161, -32175)
(103, -118, -124, -12255, 8741, 30646)
(-59, 1, 66, -1412, 5256, 31856)
(-96, -35, -40, 7003, -2082, -32507)
(-95, 118, -14, -14187, -7953, -21605)
(-40, 35, -78, -16886, -3357, 13661)
(114, -51, 48, 14912, -16110, -186)
(-73, -111, -123, 1852, 2038, 23883)
(103, -127, 5, 6237, 8876, -23971)
(-32, 88, 75, 5730, 18055, -32506)
(60, 12, -19, -7395, 32608, -32506)
(100, 46, -58, 17478, -16970, 23672)
(-72, 91, 32, 21985, 2595, -15800)
(115, 92, -113, 6625, 20798, 29907)
(60, -45, 46, 32373, -7333, 31348)
(34, 72, 61, 24258, 13470, -32506)
(61, 102, -36, 31812, 21374, -32506)
(-69, 78, -91, 146, 18301, -30107)
(22, -1, -70, 8394, 8858, -25686)
(27, -117, -27, 14687, -18257, -10957)
(25, 50, -126, -23028, -23921, -11361)
(75, -101, -119, 31812, 25120, 19169)
(-105, -27, -109, -6309, -6988, 3601)
(67, -95, -51, 8649, -12116, 6539)
(98, 120, -107, 21972, 21643, -48)
(97, -100, -39, 8787, 7550, 23000)
(-13, 71, 80, -20347, 5153, -28593)
(36, -79, 25, 9379, 11580, -7835)
(-57, -24, -94, 405, -17798, -18370)
(36, -125, -67, -18456, -20581, 8276)
(17, -89, -108, -19750, -6476, 1799)
(-65, 80, 115, -13604, -6180, 2043)
(88, 125, -109, -2215, 470, 2392)
(69, 83, 100, 1666, 227, 7129)
(-120, -116, 78, -10822, 9263, 14783)
(78, -39, 102, -2948, 2234, 12752)
(-107, -40, 5, -12526, -39, 31629)
(-91, -77, 67, 2104, -4007, 19958)
(-108, 68, 53, -7067, 5348, 28281)
(-73, -68, 96, 30239, 2165, 29842)
(104, 1, -80, 5418, 2684, 20493)
(115, -127, -127, 13546, 6648, 21466)
(-116, -65, -64, 667, 1134, 28876)
(-127, 55, -81, 11407, 8468, 23775)
(52, -105, -81, -7914, 6342, 22485)
(-105, 92, -124, 4882, 3273, 27550)
(93, 14, -68, 14091, 6644, 30284)
(-43, -93, 68, 970, 6498, -31291)
(2, -28, 57, 8224, 16116, 26399)
(-86, -78, -95, 14013, 9335, 20132)
(-101, -54, -18, 12953, 416, 5419)
(-26, -76, -101, 1785, -1506, -7424)
(-111, 62, -12, 2425, -274, -15132)
(101, 78, 31, 9691, -485, -22411)
(61, 81, -76, 9689, -2965, 29027)
(-96, -117, 28, 11226, -4065, 32021)
(-111, -102, 115, -3960, -12335, -32505)
(52, -3, -23, 1773, -10731, -32505)
(-81, 107, -96, 109, -18850, -32505)
(-117, 41, -110, -4324, -16119, -32505)
(-79, -50, 75, -5031, -15679, -32505)
(-60, 60, 7, -5522, -15649, -31122)
(-34, -21, -39, 18541, -30235, -11454)
(-99, -51, -67, 25324, 30111, -2677)
(-65, -37, 46, 11636, 1661, 13199)
(82, -19, -64, -10583, 26216, 26635)
(-90, -38, 111, -15749, 28112, -25897)
(26, -126, 8, -10630, 27648, -32503)
(-98, 73, -11, -29635, -19081, 17113)
(6, 54, -107, 26635, 23517, 14792)
(48, -74, 49, -30400, 24600, 8115)
(86, 46, 73, -16843, 20819, -32503)
(-124, -114, -106, -3623, 5038, -32503)
(-50, 112, -48, 27840, -4950, -10433)
(45, -50, -73, 3177, 2239, -12994)
(-4, 81, -56, -2201, 7673, 11451)
(-37, 122, 41, 2632, 5013, 24624)
(-82, -44, 119, -4017, 14492, -30519)
(8, -79, -14, 10036, 21722, -30548)
(32, 45, 15, -29590, 20822, -32502)
(-21, -32, -20, 1197, 22808, -25105)
(93, 38, -91, 8810, 19798, -25028)
(-42, -8, -82, -19331, 13318, 26080)
(-23, 119, 49, 32408, -886, -32502)
(17, -39, -60, 27640, -2572, -32502)
(-75, -106, 24, -13419, 29319, -32502)
(-3, -63, -122, -26254, 3045, -19062)
(109, -36, -63, -27547, -3343, -27986)
(-95, -117, 40, -23034, -8529, -29980)
(-17, -9, 61, 27321, -25945, -16520)
(90, -14, -50, 16198, -19214, -6427)
(-60, -45, 51, 8234, -12291, -3301)
(89, 56, -44, 11718, 2422, 2993)
(53, 58, -11, 13831, -6599, 12486)
(-126, 3, -125, 21089, 1220, 13795)
(104, -48, -9, -532, 8642, -31129)
(-46, 85, -98, -11776, -17297, 29496)
(-88, 32, 63, -28520, 17577, 6547)
(-10, 45, -86, -7808, -30241, -22938)
(-3, 11, 64, -27840, -12313, 4431)
(61, 65, 39, 20030, -9935, -15640)
(-27, 89, -57, 913, -5173, 2522)
(24, 97, 87, -8730, 3509, 8866)
(73, 117, 60, -8665, 499, 5997)
(-24, -90, 106, -8368, 2962, 9717)
(5, -37, 115, -5345, 925, 11672)
(2, -52, 12, 4647, -5303, 16033)
(-67, -117, 19, -547, -2990, 15903)
(-77, 21, -48, -21471, 5546, 15238)
(-105, 79, -99, -771, 6923, 28455)
(14, 10, -15, 20036, 11293, 27747)
(88, 64, 60, 21765, 15414, 22822)
(-70, 47, 88, 637, 27254, 16288)
(30, -52, -28, -7527, 10193, 23823)
(-48, -53, -70, 5698, 13916, -30129)
(-25, 13, -56, 11149, 16972, 32040)
(9, 122, -89, 18431, 14460, -31826)
(-46, -60, -117, -11191, 11993, 30247)
(-69, 112, 89, -4580, -4294, -31569)
(-88, -87, 14, -15891, 16178, 30375)
(-57, 97, 46, 31809, 17276, 17312)
(-125, 51, -112, -17039, 7927, 14009)
(-78, -107, 17, 3146, -2861, 4483)
(-85, 75, -127, 25145, 4073, -9649)
(-114, -53, 22, -6016, 2759, -14792)
(-41, -109, -108, -16770, -11870, -19494)
(-20, -75, 89, -574, -6173, -29583)
(-93, -93, 106, 7127, -6424, -32334)
(93, -7, 118, -20760, -9828, 31780)
(77, -60, -16, -12249, -9468, -32499)
(54, -64, 80, -2166, -8568, -30499)
(31, 34, -103, -813, -8579, -30594)
(-51, 116, 86, -11864, -10529, -22020)
(14, -36, 114, -10582, -2188, -11113)
(-71, 2, -105, 6613, -1364, -14861)
(-48, -122, 118, -29427, -11851, -4402)
(90, 124, -64, -222, -9753, 4120)
(-73, -35, -40, 10060, -119, 14139)
(13, -34, 93, 11333, 4186, 29622)
(-80, -4, 77, 4251, 1923, -27429)
(27, 104, 114, 28419, 7402, -32498)
(41, -31, 48, 13635, -12851, 271)
(7, 41, -81, 20161, -6589, -31345)
(18, -65, -14, 19685, 3452, -32366)
(99, 10, 3, -4339, -2030, -30565)
(80, 75, 26, -3926, -5009, -29597)
(-25, -5, 18, 2197, -11932, 31029)
(-58, 40, 12, -11997, -11810, -11397)
(47, 126, 124, -15887, 4477, 2898)
(-36, -121, -128, 8916, -2579, 9947)
(-11, 126, -54, -15863, 11074, 23447)
(120, 119, -48, -14856, 10965, -25497)
(63, -119, -85, -13276, 8165, -32221)
(-39, -61, 104, 16758, 4880, -32498)
(72, -19, -99, 25187, -922, -16144)
(101, -54, -28, -17358, 25982, -5738)
(-34, -113, -46, -15214, 39, -28291)
(79, -76, -31, 4163, -12223, 26844)
(-82, -67, -31, -11629, -12178, -32498)
(-66, 120, -6, -25603, -12252, -32498)
(-17, 15, 26, 11840, -5011, -32498)
(-36, -98, 60, -6262, -6914, -32498)
(-126, 90, -30, -7542, -6471, -23979)
(3, 26, 77, 25693, -9534, -31048)
(10, 37, -88, 17063, -28067, -17239)
(113, 82, -72, -26022, 32736, -7843)
(47, -14, 95, -7434, -7752, 3014)
(103, 111, 11, -2578, -8504, 9172)
(-109, 55, 25, -15708, -2630, 16395)
(-24, -18, 74, 18480, -981, 11645)
(-111, -4, 29, -32450, 9447, 13577)
(-46, 23, -82, 12233, 8611, 28728)
(-54, -58, 35, 6700, 19042, 18794)
(-14, -110, -46, 31809, 25672, 2587)
(120, 92, 109, -29917, -8105, 24958)
(-108, -97, -53, -20865, -23044, -3212)
(104, -51, -48, 13675, -13845, -5937)
(-112, -82, -3, -8890, 265, -1995)
(81, -9, 127, -3562, -3322, 6990)
(68, -108, 23, -6383, -2468, 10373)
(58, -9, 91, 1253, -1897, 10087)
(21, -111, 71, 6841, 1718, 15954)
(-79, -68, -79, -6141, -501, 19381)
(14, -90, 38, -11191, 5585, 24682)
(-125, -119, 89, 8271, 9818, 21576)
(-46, -70, -36, 18104, 7802, 24718)
(-63, -43, -99, 22310, 13353, 19918)
(-83, -114, 49, -978, 14304, 15713)
(60, 106, -45, -11321, 8429, -31077)
(-51, 6, 26, 2111, 4909, 28002)
(-15, -46, 16, 19077, 8308, 29379)
(94, -32, -86, 19892, 13532, 27047)
(44, -53, -89, -3514, 7177, 29123)
(-77, -37, 5, -7835, 6667, 27815)
(61, 90, -122, 19293, 5971, 26959)
(30, 96, 84, 15901, 4403, 20209)
(-29, -73, 31, -4425, -1495, 13049)
(-89, 31, 14, -3085, -128, 2532)
(-89, 23, 0, -1451, -1333, -349)
(-108, -53, 22, -1989, -390, -4404)
(-68, -85, -6, -5791, 437, -7546)
(56, 26, -104, -18850, -653, -10820)
(57, 37, 100, -21334, -4271, -19744)
(111, -62, -58, -11864, -4146, -26725)
(24, -126, 0, -26181, -14415, 28399)
(88, 104, 11, 26040, -24363, -26968)
(94, -97, 6, 16101, -7904, 31194)
(-112, -92, -75, 31161, -22072, -32499)
(21, -75, 21, -5552, -20178, -32499)
(-72, -53, -38, 10692, -16157, -32499)
(-50, -65, -110, 11760, -6343, -32499)
(10, 79, -49, 27172, -14195, -32499)
(108, 124, 53, -3708, -13360, -27784)
(-99, -126, -101, -10105, -16322, -8121)
(-7, -58, -112, 4196, -10675, 15415)
(-107, 54, -97, 4868, -1646, 23283)
(-124, -32, -92, -4455, 8217, -31619)
(43, 45, -43, -19247, 8484, -30160)
(114, 11, 62, -32282, -4267, -32497)
(-124, -86, -20, 27943, -3482, 32019)
(98, 108, 48, -960, 21968, 18209)
(31, -32, 53, 3808, 28426, -10955)
(81, -21, -65, 3309, 3456, -28369)
(22, -34, 126, -2946, 6073, 26190)
(-26, -36, -32, -5613, 2908, -32498)
(86, 109, 117, 1052, -1477, -31529)
(-63, -19, -2, 11493, -2693, -21125)
(-74, 91, 66, 3749, 3518, -6829)
(-61, -34, 58, -11836, 4877, 13118)
(49, -102, -67, -25700, 7723, -25960)
(-72, 60, -48, 1987, -5253, -29917)
(75, 81, -113, 11854, 16961, -32497)
(-95, -100, -8, 9647, 28528, 24462)
(1, 65, 7, 22092, 12062, -18443)
(-54, 47, -26, 16896, 17627, -27253)
(9, -6, -89, -17517, 24731, 26407)
(-29, -10, -89, -30848, 4189, -32497)
(-50, -11, 122, 26225, 9528, -32497)
(-117, -18, 47, 31810, 16679, -32497)
(-44, -34, -126, -13703, -24163, -26641)
(115, -108, -128, -29478, 32371, 31087)
(70, -85, -100, 18981, -7049, -1565)
(-97, 29, -125, -7605, 12744, 5840)
(0, -78, -70, -8845, -16878, 15072)
(111, 75, 121, 18800, -12860, 5038)
(-82, -29, -19, 7421, -8996, 7932)
(44, 17, 55, 15562, -17690, 17834)
(2, 45, 101, -1404, 13630, 11943)
(8, -95, -56, -11361, 10045, 22867)
(91, 61, -6, -3988, 5774, -25724)
(-62, -23, -52, -30155, -26951, -31821)
(-103, 111, 21, -23573, -13130, -23055)
(-111, 94, 27, -26261, -24487, -7277)
(107, -82, -82, 3683, -19937, 962)
(123, -117, -21, -5351, -15026, 10075)
(95, -53, -109, -4377, 902, 4454)
(54, -110, -109, -1458, -9269, 10331)
(-2, 43, -16, 6887, -12108, 12821)
(-34, -19, -80, -12749, -6989, 9260)
(105, -79, -110, -3433, -6703, 13284)
(37, 17, -65, 4266, 5366, 16696)
(-119, 8, 94, 11211, -3217, 26680)
(39, 7, 60, -1233, 11311, 23186)
(-41, 111, -65, 7072, 748, 24305)
(-76, 92, 15, -22012, -1657, 24168)
(-28, 12, 74, -15764, 19323, 23028)
(30, 72, -79, 18668, 6869, -28687)
(-20, -117, -95, 31725, -1662, -32595)
(45, -96, 18, -11599, 11845, -32345)
(106, -123, -88, 19033, 10823, -32493)
(80, 20, -13, -24283, 11155, -32493)
(11, -25, -114, -22661, 11844, 17600)
(-10, 28, -114, -16593, -5566, 12333)
(83, 48, -89, -4486, -344, -8605)
(-31, 65, 28, 28145, 4026, -10397)
(-28, 112, 93, -1353, -6657, -4596)
(-46, 21, 45, -9656, -2818, -9706)
(6, 127, -3, -1391, 1828, -16783)
(-43, 112, -53, 5022, -1206, -16934)
(-40, -43, 10, 5248, -9877, -22266)
(57, -35, -82, -684, -14300, 32671)
(3, -85, -60, -5879, 27087, -26124)
(-11, -74, -68, -18072, 30574, 30276)
(-108, 26, 96, 31854, -12103, -32493)
(-6, 67, 43, -14220, -17254, -32493)
(16, -19, -31, 181, -22418, -32493)
(88, 84, 117, -8468, -16681, -32493)
(108, 93, 77, 6656, -25592, -29316)
(-37, -97, -84, 8005, -12840, -4818)
(47, 27, -4, 19247, 5322, 22578)
(3, -59, 85, -2547, 17037, -30283)
(-79, -25, -97, 31905, 29794, -29491)
(90, 6, -100, 12142, 16300, -32493)
(-5, 90, -61, -20143, 24367, 19223)
(6, 117, -33, 16319, 11676, -13708)
(-17, -8, 15, -26894, 460, -12339)
(77, -44, -68, -12704, -9323, 31864)
(121, -8, -32, -20192, -16845, 30176)
(-118, -34, -67, -15645, -23847, -32733)
(95, 64, -54, -17079, -23084, -32408)
(-5, 120, -30, 32766, -7337, -14409)
(81, 101, -31, -26370, -28208, -27925)
(28, -69, -54, -9898, 11675, -4869)
(14, -60, -10, 9441, 12863, -27081)
(40, -23, 33, 27806, -30379, -29264)
(-73, -24, -80, -2987, 24445, -32493)
(-7, -12, -83, -12964, 187, -15826)
(95, -15, 107, 11113, -31944, -22161)
(70, -9, -46, -26825, 27580, -8011)
(-103, 109, -108, 22703, -12053, -30695)
(-75, -42, 5, 23926, -2503, 28730)
(-16, 1, -62, -10383, 16108, -32494)
(-126, 66, 112, 22823, 2469, -32494)
(-75, 42, 93, -3616, -6859, -31480)
(-90, 55, -71, -6383, -1260, -29671)
(102, 95, 100, -17050, 174, -8930)
(116, -83, 52, 32228, 16035, 1402)
(-88, 35, 16, 3374, -20183, -4918)
(-57, -107, 52, -11024, -22088, 1281)
(32, 22, -71, 20393, -19431, 2844)
(-85, 105, -77, 17128, -17507, 6703)
(-101, -79, -109, -6338, -2910, 15280)
(-56, 35, 10, -18255, 19367, 10051)
(120, 48, 120, -23690, 17008, -21298)
(-51, -42, -64, 3171, -24344, -6294)
(-29, 43, -77, 17182, -29541, -26956)
(90, -74, 96, -958, -2090, -8122)
(-99, -88, -105, -24739, -14002, 6152)
(35, 91, -26, -24421, 32523, -6486)
(2, 36, 67, -19619, 12623, 7889)
(-92, 29, 22, 722, -7747, 11087)
(-119, -42, 37, -2518, -7290, 7093)
(-120, 19, 62, 1420, -3980, 5993)
(-3, 5, 46, -1772, -3173, 8908)
(-88, -91, 94, 4215, -5563, 15942)
(77, 90, 126, -7400, 3978, 21781)
(-66, -116, 115, 15787, 6113, 25031)
(48, -120, -31, 5627, 5215, -31939)
(65, 83, 121, 11142, 8589, 23471)
(110, -69, -92, -26, 8664, 24552)
(101, 80, 46, -4161, 6044, 25631)
(35, -84, -70, -8834, 318, -28667)
(-33, -97, -100, 16549, 8455, 23389)
(-119, -21, -61, 30968, 21336, -29273)
(-117, -56, -121, 10428, 16198, -32491)
(-4, 82, 73, -1249, 2764, -32491)
(-20, 10, 3, 14460, -1819, 25866)
(-88, 13, -110, -67, 335, -1467)
(25, -48, 7, -2285, -6138, -12413)
(-50, -81, -10, 18716, 4551, -15191)
(-68, -36, -45, -22144, 6172, -17840)
(-20, 19, -33, -9166, 1386, -25371)
(27, 48, 62, 17459, -3837, 31163)
(-77, -21, -49, 15057, -25273, 31957)
(121, -62, 87, -11271, -11670, -32492)
(-45, 59, -106, 8700, -8430, -32492)
(8, -34, 77, -3670, -15222, -32492)
(52, -79, 107, -493, -14593, -32492)
(16, 98, -120, 6389, -14175, -32492)
(78, -12, -40, -726, -15680, -29216)
(-47, -4, 38, -9881, -15718, -19986)
(69, 17, 0, -10160, -9020, -11482)
(-12, 61, 115, 7546, -10169, 2438)
(-19, 9, 79, -16139, 11762, 16574)
(-109, 35, 57, -21262, 14105, -20906)
(-82, 59, -90, -11110, 1860, -32491)
(79, -79, 57, -26268, 14100, -32491)
(-77, 118, -93, -9525, 12350, 19548)
(-123, 72, -125, 26681, -4865, -5377)
(-16, 117, -89, 11466, 4873, -29475)
(38, 38, -120, -13115, -5738, 29550)
(27, 12, -47, -10228, -5785, 31824)
(-64, 10, -66, -19527, -16903, -32491)
(101, 127, -117, -7706, -13293, -13703)
(24, 0, 51, 11688, -22575, -27297)
(79, 9, -88, -29024, -1519, 2689)
(-125, 50, -127, -27, 4354, 19823)
(-49, 34, -95, 20310, 10513, -29181)
(-3, -121, -101, -13067, 26598, -29928)
(106, -101, 48, -3303, 21684, -32490)
(0, 127, -107, 24805, -29897, -30001)
(43, -106, 78, 10659, -32380, -2738)
(-30, -38, -15, 23964, 18548, -25597)
(97, 38, 77, -18082, 19305, 26137)
(-126, -82, -100, 17636, -4853, -32490)
(99, -71, -75, 31811, 7419, -32490)
(123, -104, -4, 11002, 15196, -32490)
(28, 90, -102, 9896, 1706, -14740)
(-100, -86, -24, -20468, 12962, 28524)
(112, -79, -48, -28943, -16938, -24579)
(14, 61, -111, 6575, 27763, 9270)
(-48, -41, -45, 18603, 32179, 15396)
(-107, 83, -112, 6734, -5632, 17688)
(116, 111, -62, 7782, 605, 23934)
(120, -81, 13, 4931, 10598, -32589)
(-15, 38, -15, -31213, 15779, -30434)
(-85, -20, -42, 1760, -5382, -32488)
(18, -124, 125, 17497, 14026, 29176)
(71, 114, -33, 11127, -3524, -14852)
(-58, 80, -9, 29051, -18789, -14899)
(-70, 45, -72, -9133, -655, -362)
(6, 95, -56, -4472, 5842, -4244)
(25, -58, 23, 7428, -1908, -1424)
(62, -29, 126, 7234, 6882, 277)
(37, -37, -103, 5450, 705, 4279)
(-46, 43, -100, -88, -1513, -201)
(-44, 51, -125, -3801, 11642, 4260)
(-70, 74, -67, -7323, 7600, 4201)
(71, 16, -97, -9474, 16571, 14814)
(-39, -111, 71, -6632, 13998, 8090)
(54, -61, -37, -21580, 30532, 18821)
(78, 33, -123, -5276, 24195, 21873)
(-64, -63, 110, -8199, 21176, 12140)
(-60, -46, 37, -21640, 17563, 25459)
(108, -80, -92, -6096, 22941, 25506)
(-89, 127, 76, 5595, 26342, 19714)
(50, -78, 17, -11800, -31631, 23094)
(-52, 73, 107, 17558, 18595, -29321)
(-28, 38, 42, 7288, 12383, -32282)
(56, 94, 7, -7878, 14201, 32716)
(-49, 64, -105, -6752, 11916, -32319)
(-7, 80, 126, 17395, 11819, -32486)
(-89, -26, 14, 27426, 11284, 31322)
(23, -104, 102, 12535, 14236, 16860)
(-93, -66, -114, 6878, 8589, 5447)
(76, 47, 97, -28334, 11455, -7828)
(-15, 116, 3, -16108, 6908, -25103)
(77, -122, -118, 22816, -5124, -8829)
(-77, -33, -82, 26425, -7091, 31976)
(-57, -30, -64, 16257, -9488, 31941)
(61, 5, 34, 6797, -7121, 32378)
(-46, -34, -81, 19826, -9291, -32488)
(-54, 22, 71, 7852, -12203, -32488)
(21, -83, 1, 9494, -20485, -32488)
(-126, -60, 51, 6769, -20993, -30037)
(66, 22, 1, -9298, -22504, -30269)
(14, 20, -35, -11959, -21340, -18318)
(7, -120, -40, -3852, -17151, 5399)
(-37, -125, 59, -2285, -10838, -6281)
(72, 69, -111, 1300, -1939, -32280)
(124, 14, -67, -13715, 21643, -26136)
(64, -118, 127, -26586, 14682, -32487)
(-123, -34, 94, -7485, 1019, -32487)
(-128, 14, -67, -11860, -7834, 20878)
(-92, 92, -60, -25663, 24398, 14913)
(-92, 17, 24, -7868, -23766, 29525)
(-81, 94, 52, -16783, -8423, -32487)
(-24, -80, 55, -20746, -17523, -32487)
(-39, 77, 57, -10482, -9118, -10929)
(-39, 120, -126, -13276, 1200, 12205)
(-120, -7, 114, 15615, -7302, 6689)
(118, -48, -22, 4359, 13032, -28895)
(40, 124, 101, -4105, 12894, -29036)
(113, 37, 19, 2967, 21849, -32487)
(-68, -22, 79, -31304, -745, 22433)
(-8, 24, -104, -10054, 26619, -31806)
(119, -51, -43, 15755, 7194, 8843)
(-87, -69, -64, 941, 13990, 20473)
(-126, -23, 98, 3238, 13748, -28808)
(94, -40, -63, -20431, -9749, 31320)
(-94, -72, -85, 5922, -4836, -32487)
(-111, -110, -105, 3248, -3797, -32487)
(-5, -39, 120, 3893, -10052, -22434)
(-85, -6, 9, -30614, -11109, -27307)
(-64, -16, -86, 32594, -11466, -1223)
(97, 15, 46, -32746, 29310, -9070)
(95, -27, -34, -219, -27373, 9334)
(17, -62, 87, 17355, -12635, 2317)
(-71, 22, -32, -32439, -5399, 4328)
(-119, 52, 27, 19101, -3832, 2776)
(14, 90, -49, 15748, 970, 11389)
(-3, 105, -81, 27623, 27235, 27732)
(94, -86, 110, 29697, -25847, 359)
(-128, -36, -23, 30123, 13921, 18355)
(91, -5, -119, -957, 8236, -1460)
(-43, 87, 68, 14719, -18272, 16105)
(12, 49, -108, 20644, -9818, -14989)
(-88, -61, 7, -2995, 8235, 10646)
(-63, 91, -117, 561, 905, 13486)
(-41, -66, 87, -2629, -2097, 11819)
(-32, -108, 118, -5114, 9568, 15294)
(90, -64, 41, 5690, 4356, 12996)
(8, -9, 98, -14423, 8104, 13809)
(11, -82, 22, -8960, 6690, 26227)
(-60, -62, -80, 7828, 6, 19412)
(35, 106, 35, 2929, -1954, 20930)
(-9, -16, 74, -7382, 4122, 24973)
(-77, 18, -112, -12295, 3780, 19509)
(55, 39, 29, 10487, -6388, 21984)
(28, 29, -93, 7875, 4173, 25345)
(20, 0, 118, 2995, 9254, 18875)
(-98, -45, 120, 25540, 8037, 25701)
(-97, 81, -36, -14525, 4523, 30807)
(49, 21, -42, 9486, 1396, 27934)
(-41, -105, 104, -148, 5494, 13113)
(-95, 45, -120, 5001, 6033, 9612)
(52, 7, -39, 4645, 4748, 955)
(-21, 81, -34, 6483, -525, -683)
(-51, -113, 53, 4102, 581, -3635)
(-40, -69, 38, 5846, -1166, -6599)
(-72, 101, 33, 4864, 2724, -17409)
(-107, 126, -81, 11288, -1292, -23513)
(-3, 116, -36, -1536, -11869, 31377)
(39, 75, -8, 879, -175, -31591)
(109, -65, -57, 7339, -6873, -32031)
(43, 117, -126, 2781, -13112, 32632)
(83, -43, 48, 8980, -10894, -32486)
(-16, 63, 82, 801, -20230, -32486)
(64, 11, 6, -19761, -17901, -26603)
(-72, 120, 84, -15137, -8621, -6206)
(59, 80, -82, -4860, 885, 10601)
(120, 66, -41, 8045, -4720, 16793)
(-96, 104, 96, 7559, 9910, -21978)
(113, 46, -7, -23840, 22683, -32486)
(-42, -65, -105, -12492, 2048, 23003)
(108, 68, -118, 29242, 16434, -9924)
(-79, -57, -65, -12548, -28613, 10404)
(-10, 101, -118, 29278, -2835, 19135)
(24, -86, -63, 12048, 11145, -2341)
(-89, 109, -28, 10908, 7379, -5720)
(13, 30, 2, -790, 14211, 4599)
(20, -104, -88, -3308, 9244, 4104)
(94, 75, 76, 1821, 17477, 13294)
(-32, -31, 30, -3755, 29700, 10995)
(3, 76, 93, -4345, 18931, 17790)
(89, 59, 116, -15299, 8448, 16137)
(73, 112, 48, -15759, 8487, 15612)
(-12, 121, 74, 8982, 7690, 16412)
(-77, -126, 19, 20625, 8688, -862)
(-21, -18, -59, 18985, 1121, -9700)
(-63, -72, -67, -3044, -3951, -8127)
(-76, -9, 110, 16182, -5737, -20551)
(-45, 86, -40, -7515, -7528, -21678)
(61, -117, -46, 7752, -10312, -23527)
(110, 93, -61, -6690, -12725, -27580)
(-34, 56, -15, 192, -19600, -22917)
(-23, -59, -35, 11377, -21887, -25653)
(-104, 50, -36, -13512, -21337, -24832)
(-80, -102, 70, -13053, -22241, -12439)
(103, -94, -72, -1484, -16264, 25289)
(-18, 30, 119, -13858, 16519, -24874)
(-11, -16, -116, 1687, 14140, -31403)
(-7, 10, 88, 23506, -16700, -32486)
(-121, 62, -68, -25732, 2869, -13179)
(34, 19, 43, 16816, -19119, -7932)
(-26, 5, 83, -8074, -4427, 30415)
(-89, -128, 81, -13721, -5916, -26282)
(73, -105, 32, -9550, 8790, -3269)
(-115, 74, 51, 2858, 5546, -11277)
(-1, 14, -53, -18103, 21049, 16568)
(-77, -77, 119, -24463, 10176, -19632)
(-34, 19, -34, 30300, -23862, -32486)
(0, -81, -72, -7343, -31950, -10743)
(-77, 97, 45, -32550, 9778, -15952)
(73, 123, -115, 1003, 14303, 21482)
(70, 49, 32, -14821, 12891, -32486)
(52, 20, -42, -9716, -2330, -32486)
(16, 53, -22, -19691, -848, -32486)
(-16, 93, -31, -13276, -11726, -32486)
(75, -63, 69, -10715, -7622, -20478)
(54, 10, -102, 31810, 19608, -9279)
(-1, 67, -67, 31810, 32369, 3099)
(-27, 70, 107, -14413, -5070, 4555)
(25, -55, -120, 1950, 982, 11664)
(-116, -43, -75, 12765, 1869, 23937)
(-34, 17, 6, -15857, 22701, 31105)
(14, 92, 23, -5857, 16700, -29459)
(-104, -25, 36, -28540, 8796, 17158)
(104, 97, 61, -18703, -20024, -5342)
(-46, 85, -40, -26271, -17216, -30882)
(2, -33, 113, 9515, -17706, 681)
(-19, -37, 120, -16472, -1443, 6703)
(92, -44, 114, 2558, 376, 5532)
(10, -98, 64, 11331, -5906, 4199)
(8, -104, -125, 212, 1481, 8483)
(5, 15, 80, 4068, -3791, 7514)
(73, -50, 67, 13407, 2771, 14985)
(-96, -40, 79, 13682, 5261, 9082)
(20, -18, 108, 12419, 6587, 16978)
(48, 42, 65, 2106, 12369, 19710)
(126, 58, -63, -1423, 2190, 31816)
(4, 117, -32, 363, 1614, 14838)
(-119, 17, -35, 21732, 7937, 28686)
(-35, -21, 100, 4247, 6695, 17407)
(-45, 107, 92, -3463, 9234, 29500)
(-41, -112, -12, 4943, 16604, 25133)
(-15, -107, -69, -31930, 20946, 28510)
(-46, 25, 100, 4312, 11605, 22709)
(54, 51, -57, -19783, 24831, 21104)
(3, 92, 39, -30709, 2890, -31709)
(-34, -97, 33, 12259, -1367, 30375)
(-52, -5, 35, -23306, 9074, 20164)
(87, 74, 8, -852, 1789, 6514)
(-113, -127, -30, 21495, 8696, -1873)
(11, 23, 75, 18311, 8791, 517)
(-100, -91, -56, 19753, 4725, -9485)
(-13, 68, 63, 12961, 326, -7845)
(-83, -65, -22, -578, -3999, -9258)
(-57, -116, 79, -13688, -10025, -9759)
(61, 66, -11, -4716, -7188, -10778)
(-51, 70, -70, -6467, -11260, -8859)
(8, -45, 62, -12261, -13898, -13554)
(116, 21, 48, -4064, -13953, -25865)
(-128, -47, -83, 9225, -15722, -26293)
(67, 101, 67, 10205, -31688, 31950)
(97, -126, -61, -18935, -30604, 32751)
(1, 126, 13, -8588, -15690, -32699)
(-48, -92, 112, 14846, -16953, -32485)
(-25, -35, -113, 12256, -27988, -28132)
(99, -40, 68, -7205, -22691, -24250)
(-123, -114, 118, -22588, -11004, -9263)
(86, -122, -128, -6308, -9332, 3905)
(-48, -83, 2, 12328, 532, 16271)
(66, -93, 127, -1443, 6660, 30245)
(-125, -50, -126, -22952, 14889, -27718)
(106, -39, 5, -7724, 18970, -32484)
(70, -60, 25, 29474, -13182, 4457)
(-95, -76, -87, -15102, 4469, -1433)
(-23, -56, -46, 13499, -20596, -23905)
(104, 52, 74, -11239, -2796, -30157)
(116, -101, 98, -7345, -10107, 31495)
(-109, 117, -62, -3587, -8122, -31283)
(67, -58, 31, 4939, -11514, -17343)
(-95, -57, -28, 2189, -8607, -10101)
(110, 100, -55, -7363, 7272, 18500)
(90, 68, -37, -3998, 19176, -21466)
(-26, 105, 127, -4749, 21577, -31925)
(117, -81, -63, 14495, 7231, 18055)
(97, -104, -116, 5121, 21783, -3378)
(-3, 50, -94, 14389, 8848, -28507)
(-2, 92, -119, 4592, -5961, 26284)
(77, 123, -123, -16718, -11416, 32757)
(65, 44, -91, -10727, -1683, -32486)
(86, 16, 87, 29826, -15609, -32486)
(100, 124, -57, 360, -24780, -29261)
(-94, -55, -84, -6708, -19569, -18199)
(-35, -76, 31, 6140, -12131, -12404)
(59, -5, -116, -19444, 23133, -3312)
(-113, -77, -71, -5169, -2913, -2613)
(-40, -123, -128, -3106, -7856, 4657)
(122, -121, 31, 7494, -4164, 7014)
(62, -64, -117, 483, 9264, 12130)
(-101, 59, 57, -10473, 10341, 24354)
(63, -105, -40, 18908, 21798, -25716)
(30, 107, 28, -31563, -9936, -32484)
(-67, 102, -8, 28434, -225, -32484)
(20, 105, -29, -3612, 13350, 3640)
(-31, 11, -31, 22660, -12472, -14089)
(63, 95, 49, 1629, -12285, -3181)
(93, -56, -106, -226, -1940, 868)
(55, -67, 90, 634, -4173, 2874)
(17, -47, -25, 1529, -6867, 3646)
(-10, -93, 3, 6243, -6997, 8165)
(71, -37, 117, 2367, -3075, 13762)
(-81, 89, -66, 3872, -1038, 13452)
(66, -37, 30, 5980, -2638, 19041)
(23, 39, -51, 4799, -1177, 22783)
(90, 103, 35, 2628, 2948, 26787)
(38, 109, -27, -3016, -488, 27232)
(-68, 22, -120, 9021, -6576, 19105)
(-32, -34, -73, 13977, -26, 32166)
(-34, -82, -105, 8107, 3259, 15121)
(-14, -54, -127, 4958, 1492, 31001)
(127, 91, -28, 10155, 7342, 20682)
(-16, 87, -124, 25229, 12453, 25115)
(-114, -35, -74, -3332, 9727, -32092)
(39, 36, -105, -3254, 4923, 27993)
(-124, -93, -104, 9931, 3314, 19694)
(1, -125, -89, -9655, -1671, 5386)
(-73, -84, 21, -8514, -6584, -5897)
(-37, -78, 95, 4330, -2396, -12203)
(106, -71, -62, -7984, -7273, -19367)
(-79, 92, 72, -16315, -10482, -23106)
(-113, -37, -21, -6741, -27944, 32109)
(126, 98, 65, -9796, -17837, -32400)
(-49, -88, 31, 3556, -11953, 32470)
(-103, -22, 33, -2450, -18134, -32484)
(111, -79, -82, 6958, -19728, -32484)
(113, 67, -53, 6944, -22426, -32484)
(116, -10, 87, -5403, -29444, -23973)
(-20, -25, 74, -10095, -22492, -15047)
(33, 110, 41, 2244, -12251, -1298)
(48, -102, -8, 15634, -7067, 11243)
(-12, -79, 24, -1157, 13486, 30130)
(-121, -33, -33, -16887, 16128, -26852)
(-34, 52, 6, -51, 10741, -32484)
(-39, -81, -120, 5696, -7227, -43)
(-82, 30, -44, 9965, -5384, 7658)
(41, 26, 79, 10243, -15431, -23173)
(-93, -39, -113, -8666, -11900, -32377)
(-102, -12, -81, -8907, -18599, 30549)
(123, -15, 31, -5157, -17714, -21306)
(-34, -75, -18, 266, -14538, -4703)
(-78, -118, 92, -31522, -19664, 15451)
(103, -32, -87, -28870, -15535, -6353)
(-106, 100, 16, -12376, 30917, -30205)
(-126, -26, -28, -14083, -31820, -27390)
(121, -115, -11, -25666, -30747, -32484)
(-81, -45, 47, 13980, -5546, 20367)
(16, -102, -27, 27955, 10069, 2050)
(124, 124, 78, 1092, 1375, 19310)
(-125, -13, -32, -24888, -1728, -32484)
(123, -116, 46, -21131, -8709, -31930)
(-76, 111, 38, -6935, -2919, -32668)
(79, -71, -14, -24916, -2185, -32484)
(90, 127, 63, -29543, -16596, -1018)
(46, 9, -115, 31812, -22761, -26680)
(-19, -60, 15, 26560, -22526, -10941)
(-9, -49, -26, 16702, -18312, -1945)
(44, 41, 108, -6497, -16657, 551)
(-15, 2, 70, 10154, -12718, -738)
(72, -101, 68, 21559, -15606, -2194)
(53, -28, 67, 18007, -6752, -1909)
(-5, 0, -13, 6798, 258, 1675)
(-92, -112, 93, 14273, 10088, 8207)
(38, -79, 105, 1144, 22888, 17295)
(-110, -43, -113, 5450, 2584, -28013)
(54, 10, 21, -7602, 19443, -30699)
(44, -81, 34, -4192, 12369, 29667)
(123, 18, 64, -23736, -30256, -9509)
(-70, 64, 93, 6330, -13591, -4529)
(34, -36, -46, 5189, -5353, 2430)
(104, 84, -110, -5094, 618, 5960)
(92, 81, -30, 2150, -2898, 4945)
(-77, -95, -60, -1575, -944, 9848)
(37, 62, 89, -9245, -3216, 3365)
(-33, 34, -71, -1656, -8145, 8959)
(-70, -13, -32, -1019, -3943, 11749)
(-88, -19, -69, -3498, -5128, 6419)
(-3, 117, -48, -4766, -2682, 15385)
(-39, 32, -52, -2589, 1960, 18264)
(121, 46, -48, -5583, -530, 24423)
(65, -7, 105, 19432, -474, 24556)
