(0, 0, 0, 0, 0, 0)
(-71, -94, 67, -3397, 909, 1113)
(-71, -94, 67, -3397, 909, 1113)
(-69, -77, 67, 109, 144, -245)
(-68, -88, 81, 0, -164, 335)
(-67, -84, 74, 3022, -1586, 54)
(-55, -60, 75, -5569, 2143, 464)
(-40, -57, 106, -4866, 1492, 1518)
(-51, -63, 109, -269, -530, 941)
(-48, -52, 114, -3290, 1590, 863)
(-45, -31, 124, -2243, 308, 646)
(-47, -32, 118, -766, -466, 419)
(-58, -28, 79, -620, -1590, -54)
(-59, -19, 78, -3317, -514, 279)
(-58, 0, 87, -4292, -610, 504)
(-62, 2, 81, -2984, -412, 396)
(-53, 28, 101, -4230, 1302, 758)
(-43, 37, 119, -1210, 450, 479)
(-1, 77, -52, -7268, 4756, 947)
(49, 60, 68, -4683, 7183, 2216)
(-106, -37, 125, -18932, 17457, 6802)
(58, -70, -90, -17055, 27431, 12020)
(-97, -16, -47, 6996, 27572, 16679)
(98, 86, 20, 8076, 25262, 20911)
(54, 55, 27, 5285, 21712, 23295)
(-106, 127, 103, 821, 17915, 20687)
(-32, 78, -107, -5837, 10680, 27103)
(82, 26, -24, -4759, 6772, 25132)
(76, 2, -62, 17321, 385, 27181)
(28, -56, 51, 14136, 3878, 29516)
(34, -26, 96, 5338, 5538, 26466)
(28, 8, -50, 10471, 5344, 27699)
(67, 9, 126, -29896, 6078, 22874)
(120, 49, -57, 23961, 3750, 16133)
(-60, -124, 81, 17263, 3375, 4012)
(-42, -35, -108, 10614, 927, 1642)
(-97, 111, 8, -6430, 1291, -7592)
(94, -31, 0, 1100, -8910, -16661)
(-117, -49, -100, -5858, 3381, -29427)
(-68, -111, -115, 5797, -2335, -32001)
(102, 51, -2, -4964, 5050, 31353)
(-93, -104, -97, 2263, -15150, -32537)
(50, 18, 81, -22935, -22447, -32537)
(73, -59, -53, -28168, -7670, -32537)
(53, -72, -33, -5976, -17845, -32537)
(-21, -88, -110, -19899, -12244, -32429)
(-114, -59, 6, 30334, -7159, -19433)
(57, -96, 73, -13757, -11159, -12602)
(103, -64, -37, -11238, -2448, 5123)
(-27, 105, -29, -27928, -1871, 19161)
(48, -52, 6, -24938, 8709, 23739)
(-88, -57, -80, 22199, -10563, -15951)
(71, -90, 12, -1246, 8798, -25592)
(-10, -96, 65, -1764, -1967, -12775)
(73, -100, -26, 5517, -9083, -1288)
(-58, -24, 3, 4220, -7754, 1326)
(-37, -13, 66, -70, -12225, 6049)
(82, 106, -122, -4500, -6691, 13593)
(-128, 11, -105, 12402, -7629, 15830)
(-102, 15, 36, 4852, -8880, 22657)
(-42, -47, -1, 12236, -3422, 23807)
(81, -41, 16, 13907, -14810, 29668)
(-3, 38, -105, 4569, -1176, 31361)
(-91, -121, 95, 10434, -4202, 28351)
(1, -13, 0, 8431, -6236, 23999)
(-49, -111, 9, 8243, -400, 29696)
(-84, 101, 119, 25740, -410, 25349)
(112, -82, -40, 19895, -652, 26978)
(4, 97, 0, 18395, -1036, 20473)
(59, 120, -104, 13033, 630, 14217)
(-123, 39, -28, 669, 732, 3488)
(98, -20, -56, 7280, -1261, -1773)
(43, 38, 59, 4372, -3692, -4724)
(71, -78, 112, 4606, -4049, -7559)
(-98, 53, -74, 2335, -3231, -8331)
(116, -42, 31, -4367, -3617, -14324)
(116, -74, -28, 3744, -4979, -18434)
(38, -25, -13, -7867, -2113, -21847)
(5, -57, 49, -5452, -4551, -31013)
(120, 43, 48, -20745, -5412, -31907)
(0, 47, 68, -17565, -13865, 31922)
(69, 49, 123, -23557, -5985, -32538)
(-37, 71, -98, -12596, -11624, -32538)
(-35, -92, -88, -21778, -7155, -32461)
(-113, -70, 22, -25789, -8516, -27388)
(40, -109, 41, -24719, -1786, -13241)
(43, -42, -7, -22784, -6803, 1)
(-126, -37, -122, -24415, 927, 5120)
(127, 40, 91, -20285, -388, 17055)
(80, -22, -70, -6106, -754, 21811)
(-28, 73, 77, -6615, 670, -3345)
(87, 62, -96, 4076, -1884, -19657)
(-22, -36, -123, -2987, 2495, -12447)
(-47, -114, -111, 1431, -2926, -2608)
(-72, -121, 112, 10370, -6809, 3760)
(-47, -5, 48, 7934, -9423, 11843)
(83, -86, 64, -1149, -7398, 16376)
(50, 92, 14, 10565, -6801, 24353)
(30, -118, -69, 19921, -7057, 29512)
(72, -88, 65, 3109, -4612, 26977)
(-61, -47, -64, 11195, -6473, 28111)
(56, -111, -73, 15206, -6329, 30639)
(-91, -42, 47, 11673, 4149, 27726)
(43, 121, -80, 21458, -2133, 32133)
(118, 77, -50, 29904, -1163, 31978)
(13, -75, -35, 32639, 4324, -31838)
(104, -58, 4, 32745, 4820, 32040)
(41, 14, -31, 23786, -3023, 14583)
(-67, -28, -31, 21754, -4848, 5606)
(-93, 11, -14, 11968, -1676, 4920)
(103, -52, 117, 11125, -5, -63)
(55, 56, -74, 7166, -428, -2246)
(59, 99, -47, 8981, -2522, -3073)
(80, -77, 7, 7001, -2919, -2677)
(105, -21, 43, 6788, -4380, -9461)
(-87, -12, 90, 6286, -2223, -14033)
(-16, -54, -123, 7198, -6011, -23157)
(22, -57, -121, 827, -110, 30057)
(116, 10, 124, 15548, 3564, -26646)
(-95, -96, 124, 9563, 5590, -24074)
(-76, 49, 33, 18561, -18662, -22969)
(-44, 89, 55, -10302, -10987, -21418)
(107, 23, -95, -8157, -16294, -24611)
(-46, -17, 92, -15635, -8777, -19762)
(-9, 51, -124, -14631, -7086, -17421)
(77, 83, -67, -22921, -3307, -12559)
(-79, -40, -33, -17417, -3190, -13556)
(-95, -24, -50, -16414, -6604, -7903)
(-36, 53, 62, -15305, 275, -3591)
(-26, 107, 39, -23178, 9649, 8130)
(44, -96, -123, -19446, 8328, 25766)
(106, 29, -77, -16481, 19191, 24155)
(-117, 91, -43, -10461, 470, -4054)
(-95, 59, 125, 12994, -10632, 32572)
(56, -64, 57, 11424, -2287, -23552)
(-97, -6, 60, 4469, -7660, -6788)
(125, 124, -8, 9705, -14199, 100)
(73, -30, -89, -440, -14427, 8172)
(-59, -75, 35, -458, -11324, 11424)
(-44, -100, -35, 4465, -1303, 23184)
(-127, 118, 59, 3470, -7722, 21403)
(-122, -92, -74, 7072, -8026, 23737)
(-49, 48, -28, 2688, -3214, 26056)
(45, 121, 49, -2690, -1404, 28176)
(80, -103, 25, 1686, -4954, 30976)
(118, -119, -83, 17301, -5939, 29411)
(-102, 127, -50, -2307, -3488, 30196)
(-104, -18, 81, 4612, 4008, 31219)
(119, 12, -128, 21855, -244, 29436)
(-96, -118, 103, 26053, -2722, 28509)
(55, 19, -17, 12314, -3467, 25666)
(9, -89, 20, -7165, -859, 11236)
(-105, -112, -48, 43, -5915, 1764)
(39, 74, 101, 6590, -4545, -2124)
(40, -17, -68, 7704, -1734, -6557)
(106, 91, 17, 6487, 2943, -13008)
(61, -61, 15, 9979, 4476, -16981)
(116, -113, -47, 6687, -736, -16940)
(19, 74, 54, -2580, -2096, -22007)
(6, 26, 88, -4340, 2073, -28452)
(94, 12, 108, 4626, -1632, -27337)
(22, -34, -11, 3379, 2800, -31118)
(-6, 69, -50, -5670, -1454, -27994)
(-14, 46, -54, -8116, 4583, -24842)
(89, -85, -12, -16020, -7689, -21438)
(-1, 24, 107, -1586, -12800, -12776)
(-51, -82, 3, -11876, -8870, -18052)
(-44, -91, 79, -21847, -10214, -17923)
(-86, 62, -23, -18727, -3381, -23683)
(-48, 105, -45, -8972, -6764, -22851)
(11, 32, 73, -11748, -3546, -22161)
(-114, 25, 70, -6359, -4128, -16147)
(35, -30, -37, -14324, -4611, -7798)
(45, -82, 90, -19384, -325, -1599)
(117, -4, 97, -22384, 5228, 6099)
(-16, -60, -93, -18467, 483, 20811)
(-7, 118, -38, -11999, -4656, 28770)
(-31, 93, -48, 4863, -8279, 807)
(1, 112, -95, -3929, -2604, -14001)
(19, 92, 117, 3268, -5871, -16587)
(-62, 36, 76, 6097, -9485, -4449)
(-8, 96, -45, 12118, -10898, 1426)
(73, 117, -36, -5616, -19651, 5937)
(-123, -47, 116, 1364, -21034, 14010)
(99, -57, 107, -538, -8067, 21351)
(76, -94, 39, 2454, -21122, 21960)
(-71, -8, -67, -11105, -24061, 26369)
(118, -111, -16, -4114, -5587, 26284)
(125, -31, -58, -171, -13584, 22816)
(38, 48, 71, 148, -15795, 32103)
(-59, 27, 105, 6408, -10822, 31177)
(82, 79, -64, -491, -4209, -31544)
(-109, -62, 27, -2307, -14015, 19930)
(23, -95, 26, -10148, -8557, 1940)
(92, 109, 0, -9965, -5004, 4153)
(68, 89, -8, -7569, -546, 2105)
(90, -81, 34, -14681, 3562, -800)
(73, 78, 62, -21764, 6288, -9049)
(-87, -61, 22, -6157, 9938, -13502)
(-23, -7, 44, -3449, 19077, -17559)
(14, -7, 2, -397, 14443, -17167)
(97, -115, 123, -4737, 7610, -13314)
(52, -50, 33, -15205, 2096, -9427)
(-123, -96, -126, -12812, -3215, -8742)
(46, 3, -96, -6433, -2410, -7986)
(-51, -37, -11, -6190, -7424, -4263)
(89, 25, 71, -5032, -5445, -12612)
(108, -8, -82, -7108, 4533, -22675)
(21, 58, 93, 16196, -4762, -29202)
(-94, 86, 93, -15308, 13775, 30379)
(51, -102, -95, 18084, -6971, -23422)
(88, -125, -123, -16138, -25019, -27296)
(-33, 30, 69, -29951, 32761, 30599)
(-115, -44, 94, -18949, -11896, -32658)
(50, -91, 38, -19858, -19891, -32531)
(76, -48, -59, -31810, -9128, -32531)
(6, 123, 82, -17464, -8683, -28869)
(-89, 101, -58, -2950, -16545, -8036)
(-107, 48, -18, -15464, -2515, -7810)
(-98, -19, -75, -9723, -8179, 9820)
(124, -7, 37, -3991, 908, 28651)
(84, 30, 108, 24172, -16606, 23021)
(107, -116, 72, -5543, -4343, -19154)
(67, -101, 62, -19637, 7647, -16946)
(65, -128, 91, -5932, -1320, -5332)
(6, 50, -101, 1678, -5960, -5000)
(21, 78, -53, 5824, -11923, -3479)
(26, 86, 8, 1154, -17959, 7496)
(19, -54, -69, 4104, -17406, 10258)
(-7, -30, 66, 6234, -14831, 18098)
(-109, -54, 56, 11797, -11173, 20063)
(-59, -117, -60, 2329, -13229, 23890)
(-18, 71, 43, 11867, -1496, 18542)
(-40, 111, 16, 9381, -9005, 30254)
(-15, -21, 73, -1134, -16149, 30010)
(104, 114, -89, 12411, -2852, 26125)
(7, 26, -62, 15807, -5694, 28921)
(74, -31, -24, 11917, 6338, -31548)
(-18, 45, -111, 5982, -4607, -32346)
(-48, 40, 56, -14959, -8259, 19180)
(84, 110, 95, -12671, -7225, 9328)
(73, -52, 4, -4034, -7191, -1213)
(89, -123, 101, 6856, -2627, -1828)
(97, 51, -45, 4158, 778, -3393)
(-105, 29, -53, -2143, 360, -7758)
(82, 83, -110, -5613, 6682, -15340)
(107, -12, 32, -3995, 11010, -12969)
(-65, -120, 47, 7038, 7211, -9460)
(-26, -108, -45, 8297, 5688, -10398)
(121, -61, 84, -7982, -1720, -2201)
(56, 33, -6, -8634, -4967, -7004)
(51, 99, -54, 7271, 1090, -20265)
(-14, 92, -100, 18744, -5942, -14649)
(-85, 52, -118, 10482, 9322, 31655)
(26, 31, 100, 904, 7103, 30911)
(-120, -97, 65, -1089, 10754, -32654)
(-47, -49, -77, 1613, 6238, -25059)
(-23, 36, -19, 2950, -6854, -27952)
(15, 97, -99, -22024, -6588, 31763)
(-73, 34, 54, -20845, 2082, 32638)
(-51, 102, 38, -31067, 4253, -32339)
(-72, 83, -63, -13605, 5126, -23028)
(13, -112, -62, -16883, -4863, -8311)
(-91, -80, 55, 1384, -5187, 9882)
(-44, 4, -58, -19960, 88, 17283)
(80, 40, -56, -3237, -19555, -22089)
(58, 88, -1, 1528, 4634, 12103)
(58, 1, -43, -57, -9236, -20966)
(64, -86, 87, -6965, -5450, -11481)
(70, 51, -74, -3145, -18590, 5781)
(74, -80, -105, 16634, -24460, 7490)
(109, -11, -32, 1053, -5365, 10835)
(60, -54, 96, 2559, -11171, 17090)
(-44, 77, 33, 5128, -11907, 29069)
(100, -7, -107, 2685, -22329, 30118)
(-103, -40, -44, 21033, -536, 26481)
(36, 86, -89, 27980, 4108, 25849)
(-4, 121, 34, 10714, -3121, 30736)
(-71, 0, 63, 15540, 5022, 32563)
(-8, -9, 45, 16944, -7393, 30215)
(1, 13, -18, 18987, -1675, 23950)
(9, -5, 83, 17125, 1639, 16543)
(-91, -20, 98, 18372, 3631, 14298)
(19, 22, 35, 21431, -917, 13232)
(-77, -49, -108, 18887, -2941, 8316)
(-61, -81, 79, 6094, -3087, 996)
(-86, 105, 59, -4955, -3558, -4647)
(84, -94, 119, -1234, -5575, -9481)
(87, -16, -40, -4717, -2260, -10135)
(-122, -92, 20, -5053, -195, -9697)
(-55, -12, 8, -2221, 6, -10063)
(39, 29, -24, 9412, 724, -10221)
(97, 76, 64, 9016, 316, -9105)
(-125, -41, -102, 4879, -3076, -7869)
(-60, 55, -83, 5778, -3675, -4031)
(-18, 1, -80, 3569, -1313, -4062)
(-29, 108, -107, -524, 70, -3880)
(-89, -8, 57, 13568, -694, -3987)
(125, -37, -65, 12291, 1896, -4791)
(-9, -114, -30, 2172, -1130, -7633)
(-100, -110, 72, 6000, 3216, -8746)
(-17, 42, 102, 26608, -3112, -12330)
(-99, 113, -86, 9475, -886, -15789)
(3, -23, -83, 7839, -4443, -18918)
(-52, -98, -9, -29086, -11088, -23938)
(73, 62, -98, -24231, 913, -27402)
(-61, -97, -127, -14697, -15092, 31589)
(-29, 29, 0, -31649, -10021, -30521)
(-94, 29, -77, -19332, -2303, -21838)
(3, -105, 14, -16498, 3676, -5434)
(82, 11, -66, -608, -10853, -1856)
(63, 15, -125, 26704, -27273, 1965)
(65, -14, -1, 2262, -20734, -7395)
(100, 117, -40, -7514, 2411, -2631)
(-25, 103, 84, -7187, 7354, 2094)
(-15, 119, 48, 825, -4546, 3808)
(54, -41, -12, -1537, -3724, 4497)
(94, 32, 9, -16428, -4370, 10774)
(-77, 57, -91, -11123, -7539, 18371)
(-94, 54, -97, 2535, -3150, 25515)
(111, -14, 72, 10839, -3094, 26561)
(-28, -39, -54, 5188, -2877, 32569)
(-102, -6, 11, 5889, 5882, 31399)
(-84, -96, -124, 16682, -6511, 28014)
(-80, -38, 29, 1943, 2541, 27683)
(-87, 77, 102, 22037, 4573, 25855)
(107, -40, -5, 23437, 4223, 26623)
(-5, -18, 1, 23124, 4993, 25343)
(24, 12, 113, 21881, 5968, 24796)
(-12, 1, -87, 11273, 4909, 12812)
(41, 19, -117, -7421, -3235, 2114)
(104, -9, -59, 18519, -8389, -904)
(-69, 112, 82, 21161, -12702, -2457)
(4, -128, 49, 3320, -740, -5820)
(52, -71, -119, 9360, 1275, -6461)
(64, -128, -52, -5000, 8520, -4668)
(-44, 29, -78, 11067, 5040, -4314)
(59, 73, -118, 11785, -4213, -6028)
(27, -101, 1, 7158, -3961, -1029)
(1, -61, 49, -1547, -3814, 6633)
(-29, -124, -13, -7365, 5131, -443)
(13, -97, -66, 7863, -3251, -3763)
(93, -52, 34, 23070, -2417, -6753)
(-28, 63, -107, 17568, 15977, -18101)
(18, 89, 6, 14055, 2944, -18614)
(0, -77, -5, -3993, 4500, -21390)
(-32, -90, -9, -4437, 7002, -28692)
(-7, -123, 43, -6752, -572, -31756)
(-39, -98, -38, -28304, -2237, 31628)
(-96, 93, -105, 25692, 3769, -32526)
(117, -23, 58, 31924, 6512, -32526)
(-99, 1, -109, 32540, 10580, -24354)
(125, -86, 56, -26232, 2504, -16768)
(83, -19, -121, -22952, 2819, -1183)
(-121, -51, -21, -25711, -4480, 14699)
(-92, 80, -26, -5680, 9054, 13836)
(-87, -10, 41, 19921, 8778, -10303)
(-10, -3, 2, 1559, 3703, -4241)
(-28, -4, -52, 3030, 7403, -1684)
(-57, 54, -109, 15529, -5993, 8380)
(52, 114, 24, 2283, -11135, 6251)
(29, 117, 24, -3241, -10735, 11141)
(-115, -76, -73, 10960, -14451, 18821)
(120, 106, -94, -749, -7530, 27419)
(-15, -53, -28, 7657, -9152, 27515)
(103, 114, 14, 5954, -8073, 30524)
(34, 92, 86, 3043, -9889, 31141)
(26, 107, 38, 6887, -1499, 25786)
(-59, -16, -9, 12386, 3265, 28358)
(60, -66, -7, 26188, 500, 30800)
(-109, -38, -34, 15964, -796, 30157)
(-50, 77, -89, 4631, -3096, 30601)
(4, 6, -75, 15802, -4192, 26383)
(-103, 103, -5, 13293, -6355, 21306)
(94, -86, 16, 9891, -6091, 17427)
(51, -113, -98, 15123, -7402, 10952)
(32, -57, -49, 14145, -4458, 4486)
(29, 13, 70, 15274, -5490, 307)
(31, -123, 11, 11168, -5478, -1799)
(74, -79, 29, 9337, -3408, -3290)
(61, -70, 16, 10354, -1398, -4735)
(17, -76, -47, 10801, -683, -2417)
(37, -15, 123, 4042, -3658, -1878)
(62, -43, -127, 2881, -2333, -4031)
(58, -104, 126, 2760, -569, -6942)
(59, 113, -115, -4029, 4899, -12676)
(-95, 96, 28, -4445, 6072, -20686)
(-65, -30, -58, 10566, 6858, -31297)
(-71, -123, -101, 7577, 27045, -19301)
(-105, 67, -11, 13415, 4237, -18397)
(17, -32, -43, 316, 1329, -17805)
(-52, -5, -126, -14088, 385, -21288)
(95, 45, -83, -14676, 1756, -26569)
(94, 9, 91, -10911, -2650, -32252)
(-50, -104, 76, 30200, 8340, 31575)
(60, 53, 71, -24323, 9306, -30169)
(6, -74, -40, -18660, 7502, -21193)
(77, 88, -92, -12286, -862, -10518)
(30, 113, -11, -18607, 2097, 2077)
(73, -37, 1, -7038, -2941, 9180)
(40, -45, -6, -12469, -16523, -32029)
(-32, 62, -109, -31243, 27165, 20651)
(-58, 21, 122, 20345, -8346, -17690)
(-18, -107, 76, -6244, 11524, -13135)
(-15, 62, -73, 2573, 7393, -10032)
(29, 43, 17, 9012, -6843, 1499)
(-121, -121, -62, 7774, -21024, 8393)
(-29, -101, -79, 5300, -13132, 4918)
(121, 79, -61, 1162, -8459, 14646)
(84, -56, 56, 4946, -16400, 17532)
(30, 64, 11, 3164, -5131, 20017)
(-37, -25, 59, 7521, -10659, 17979)
(82, -49, -5, 2735, -7167, 21241)
(-122, 37, 110, 2018, -8422, 20627)
(53, -4, 124, 4074, -5641, 20668)
(-82, -4, 6, 2348, -10488, 21521)
(7, 93, -87, 4573, -9504, 24835)
(45, -6, -46, 3325, -6282, 22929)
(-55, 72, 11, 9434, -7903, 22129)
(99, 71, -66, 7974, -8434, 19947)
(83, 11, -113, 7015, -2774, 14714)
(40, 61, -38, 980, -5271, 14741)
(60, -94, -21, -506, -4906, 11621)
(63, 51, 14, 4664, -4667, 7078)
(19, -113, 119, 5996, -6641, 4793)
(22, 48, 15, 5528, -2458, 1342)
(36, 104, 26, 3314, -156, 445)
(7, -109, -19, 2589, -1737, -2150)
(4, -126, -10, 2260, -1299, -4358)
(9, 61, -20, 4288, 2721, -8308)
(54, -4, -73, 2408, 5302, -15915)
(125, 111, -40, 6511, -4449, -31063)
(90, 116, -8, -20200, -8501, 29236)
(28, -110, 88, -27919, 14752, -32527)
(39, -64, 6, -644, -17995, -32527)
(102, -95, -11, -24183, -14248, -32527)
(-45, 52, -57, 27000, -7843, -32527)
(-94, -39, -35, 30916, -10291, -32527)
(2, 70, 91, 31987, 16799, -20315)
(23, 72, 28, -12957, -8432, -5380)
(-128, 47, 101, 8946, 32183, 30369)
(17, 84, 25, 19048, 27453, 6477)
(46, 111, -4, -27535, -4701, 19273)
(103, -32, -12, 23071, 13984, 21402)
(101, -85, -7, -5526, 11551, -7893)
(-119, 26, 125, 6305, -7883, 2140)
(80, -98, 102, 9930, -7649, 917)
(38, -97, 66, 16167, -11697, 1928)
(-26, 115, -128, 7576, -15263, 10945)
(-35, 115, -41, 10450, -28390, 11510)
(100, 108, 85, -2473, -9947, 18105)
(126, 114, 1, 12460, 27879, 24864)
(24, 76, 19, 13823, -18383, 18290)
(54, -111, -74, 19926, -8245, 20693)
(-19, -88, 122, 10317, 3692, 23695)
(92, 49, 98, 19137, -14161, 28068)
(-108, 4, -50, 6326, 6748, 26985)
(-43, 78, 107, 6708, 366, 24365)
(-29, 7, -66, 4810, -758, 27257)
(66, -69, 68, 13259, -7533, 22678)
(41, -119, -88, 13663, -2187, 19398)
(-26, -19, 39, 10521, -6251, 15652)
(-8, 27, -26, -6744, -3184, 9047)
(-35, 36, 118, -5694, 4546, -2548)
(-18, -80, 35, 6283, 7671, -9136)
(57, -113, -123, 13767, 4449, -13420)
(-105, 49, -96, 17843, -620, -17581)
(-103, 123, -14, 9734, 1407, -15007)
(-67, -97, 107, 3394, 491, -12922)
(75, 84, 70, -6605, 1797, -18548)
(85, 27, 60, 48, -1175, -21316)
(-40, -105, 116, -3225, -5649, -15495)
(51, -81, 123, -18559, 7712, -24217)
(19, 58, 67, 11632, -5055, -25269)
(27, -97, -18, 29361, 13353, 28800)
(57, 111, -73, -29546, 6059, -32528)
(-116, 57, -75, -32274, 3379, -32528)
(57, -117, 59, 30529, 17231, -32528)
(-116, 119, 64, -25422, -10802, -31313)
(-77, 4, 101, -17805, 4549, -15239)
(-70, -126, -50, -9649, -12532, 7891)
(62, -9, -55, 8561, -16383, -25282)
(124, -26, -14, 14610, 19116, 15435)
(-49, 26, -60, 617, 1570, 29856)
(107, 12, 62, 18804, 11239, -22179)
(-110, -18, 51, 1206, -6150, -2947)
(-15, 101, 18, 3658, -10103, 13785)
(-28, -22, -28, 10764, -18808, 12421)
(1, -109, -71, 9100, -16571, 12202)
(78, 2, -117, 1896, -13016, 15644)
(34, 82, -114, 13617, -16808, 15532)
(8, 75, -16, 8406, -12792, 18640)
(-17, 63, -123, 6462, -5467, 17221)
(-113, -70, -85, 7815, -237, 17600)
(93, 123, -42, 1567, -13844, 20969)
(-66, -70, -91, 11195, -5333, 20032)
(-26, 69, -80, 17535, -4055, 18442)
(-43, -62, 68, 13645, -3136, 15863)
(17, 1, -2, 7761, -6889, 17659)
(125, -13, 53, 4588, -3887, 16841)
(-93, -90, -86, 8833, -4066, 14405)
(68, 95, -6, 10310, -6462, 11478)
(-104, -87, 54, 3477, -1891, 4699)
(99, 93, 56, 324, -404, 1903)
(80, -9, 40, 6401, 3492, -785)
(82, 108, -9, 11351, 1123, -1358)
(54, -125, 10, 12993, 1496, -4935)
(-118, 37, -121, 10587, 4314, -8329)
(72, -28, 124, 12831, 4604, -13559)
(23, 22, 60, -3654, 8242, -23353)
(-15, -52, -110, 11931, 16115, 30710)
(102, 87, -89, 18591, 23061, -30633)
(-67, 3, -53, 11323, -1692, -26644)
(-94, 126, 50, -24294, 7593, 31165)
(-63, 101, -27, 22799, -1091, -32692)
(-31, -52, 73, -31501, -28004, -32529)
(92, 57, -82, -19710, 1020, -32529)
(74, 104, -29, -15260, -16321, -20320)
(-107, 59, -23, -6486, -4956, -10156)
(54, -77, -77, -19130, -23818, 3202)
(-63, -93, 44, -31831, 24755, -23533)
(0, -61, -93, 6677, 3108, -587)
(37, -111, 81, -19655, 16803, 31597)
(51, -30, -10, 1574, 9095, 1610)
(82, 116, 97, -10948, -1400, 11541)
(55, -108, -93, -137, -17590, 14600)
(59, -48, 119, 14799, -20317, 4288)
(11, 15, 31, 13233, -14886, 11012)
(36, 7, -99, 7499, -19114, 18963)
(66, 80, 112, 15665, -17915, 20701)
(-102, 25, -54, 18209, -15451, 22940)
(55, 39, -82, -1671, -3865, 25705)
(69, -82, 54, 5301, -5403, 28694)
(15, -126, 115, 11123, -13740, 27194)
(-36, 67, 69, 10699, -909, 20579)
(6, -49, 125, 22457, -5704, 20846)
(-56, 0, 120, 17858, -10743, 22350)
(-34, 107, 56, 3811, -7468, 21898)
(29, 5, -12, 3894, -6004, 13373)
(-36, -33, -103, -712, -3862, 9505)
(72, -117, 79, -26617, 9380, -550)
(-127, 40, -14, 1996, 1514, -1370)
(-26, 119, 39, 19259, 65, -8291)
(127, 44, 111, 4367, 1465, -8405)
(-58, -49, -58, 3041, 2756, -7772)
(100, 60, 109, 6477, 1046, -9170)
(32, 92, -6, 5503, 214, -10616)
(98, -18, 29, 4020, 4092, -13705)
(56, 56, -93, -5000, -21485, -25452)
(74, 44, 46, 16531, 6737, 27300)
(-50, 50, -91, -28830, -14886, -32531)
(26, -62, -80, -25328, -6961, -32531)
(-51, -46, -115, 18994, 17523, -32531)
(-119, -105, -39, 31984, 18243, -32531)
(-119, -100, -98, 31984, 22639, -32531)
(-31, -27, -110, -19921, 2038, -32531)
(-97, 50, -73, -20464, 632, -18243)
(109, -109, -92, -11126, -7945, 83)
(113, 82, -92, -15868, -8642, 30739)
(-97, 22, 37, 8517, 23490, -25006)
(-49, -25, 96, 10431, -29658, -1579)
(70, 104, 0, -27608, -30948, -19048)
(-29, -62, -10, 14810, 1568, -17679)
(20, 101, 83, 6257, -7312, -10549)
(115, -115, -29, 14314, -11937, -2105)
(37, -70, -11, 993, -19173, 2846)
(79, -33, -42, 1019, -24958, 14684)
(2, -106, 27, 11972, -14023, 14188)
(-109, 54, -99, 11563, -18826, 22439)
(-84, -79, -109, 7588, -12320, 19195)
(-23, 123, -106, 12778, -5573, 22414)
(17, -8, -62, 11471, -7129, 24158)
(103, 49, -106, 7063, -10232, 26161)
(94, 93, 125, 14148, -9985, 24738)
(56, -124, -74, 10238, -2792, 22863)
(-13, 96, -40, 13950, -5273, 20661)
(-90, -2, -47, 13761, -11600, 23871)
(74, 78, 2, -1122, -1971, 17614)
(-117, -7, 124, -4953, 958, 3332)
(96, -72, 113, 1041, -1191, -5547)
(21, 81, 89, 11528, -1155, -8865)
(-106, 92, -18, 10632, -517, -9111)
(83, 45, 119, 18852, -6955, -9946)
(44, -10, -18, 15257, -3880, -13461)
(49, 103, 29, 3970, 2971, -20928)
(28, -29, 23, 11664, 104, -23551)
(-97, -10, -63, -1005, -7416, -31799)
(-92, 39, -107, -9322, -7262, 30955)
(79, 122, -54, 7246, -22616, -31777)
(-91, 37, 104, -31919, 3255, -27033)
(-63, -117, 115, -29141, -16785, -25261)
(-32, 54, 100, 32047, -26001, -28859)
(-9, 47, -28, 30736, -18274, 32732)
(-118, -101, 96, 31985, -8616, 32348)
(-20, -18, -67, 31985, -5384, -31019)
(-124, 100, 10, -18686, -6902, -9431)
(-104, 0, -53, 32310, 3168, -3506)
(-11, 122, 25, 3065, 631, 22126)
(77, -2, 35, -8922, -20742, -29346)
(-59, 30, 115, 7955, 4547, 6549)
(24, -124, -10, 1806, 530, -14565)
(66, -119, -108, -3254, 2837, -13604)
(44, 120, -37, 9438, 6995, -12404)
(89, 90, 52, 19653, -14031, 4980)
(-50, -67, 97, 2607, -17886, 9317)
(79, 41, -114, -7903, -19594, 19776)
(-89, -28, 119, 7086, -19316, 18457)
(-108, -111, -116, 7615, -13247, 23900)
(104, 30, -62, 15814, -15611, 24139)
(-25, -79, 12, -239, -10728, 21244)
(-54, -86, 116, 9455, -9307, 20997)
(-12, -110, 95, 8134, -7912, 25354)
(111, -42, -93, 8951, -6707, 24238)
(14, 126, -14, 2228, -5265, 22746)
(-17, -52, 48, -4104, -5098, 22541)
(-33, -92, 49, 6442, -3445, 17929)
(-104, -124, 89, 9366, -3057, 13352)
(42, -58, 27, 6947, -4432, 8557)
(106, 33, 47, -724, -146, 3484)
(77, 51, 70, 2268, 3036, -2361)
(75, -94, 73, 8625, -994, -3839)
(92, 73, -118, 3629, -509, -6728)
(-75, 64, -63, 214, 1709, -10838)
(103, -54, -57, -2042, 5681, -22375)
(-3, 0, -127, -8991, 7450, -32368)
(-56, 108, -93, 11963, 18309, 30513)
(99, -116, 87, 1525, -24567, -32532)
(-13, -73, 17, 22726, -20471, -27366)
(-10, -75, 42, -20644, -11465, -32607)
(-10, -111, -103, -14932, -12553, -29745)
(111, -82, -45, -15104, -3287, 31892)
(-36, -72, -21, -26066, -8194, -32532)
(-104, 83, 93, -22494, -5830, -30925)
(12, 119, -9, -12134, -15360, -17573)
(58, -120, 76, -21270, -14308, -5619)
(-6, 104, -57, -22438, 22662, 18054)
(18, -98, 93, -11033, 9508, 30536)
(-68, -116, 73, 1809, -2108, 4221)
(79, 15, 79, -6358, 1345, -22005)
(5, 48, -44, 3207, 864, -20956)
(6, -86, -57, 3081, 491, -9820)
(50, -6, -72, 10757, -8988, -927)
(-66, 120, 4, 13715, -17172, 7215)
(-69, 96, -72, 1659, -16788, 11407)
(102, 51, -40, 14384, -12312, 16609)
(97, 95, 0, 7258, -6811, 20141)
(-107, -51, -126, 6680, -13084, 22857)
(4, 8, 20, 6895, -11416, 25203)
(49, 103, -19, -5741, -6675, 23942)
(103, -95, 75, -6165, -11039, 24872)
(95, -48, 87, 5679, -10138, 26265)
(-121, 98, 103, 1581, -9201, 23322)
(-47, -1, 113, -6149, -9247, 25865)
(106, 89, 48, 3156, -6974, 21744)
(-121, -17, -74, 17276, -8701, 18177)
(94, -117, -82, 6997, -11043, 16307)
(-3, 65, 24, 7933, -12306, 8021)
(-89, 122, -34, 2834, -7645, 2741)
(-47, 112, -102, 387, -3140, -2777)
(119, 51, -122, 1074, -2555, -3768)
(21, -24, 103, -105, -185, -6158)
(-66, -100, 79, 494, 350, -10087)
(55, -32, 19, 284, 5931, -15471)
(99, 42, -41, -1766, 14069, -19965)
(-17, -55, -23, 7860, 129, -29817)
(-15, -48, -83, -29609, -32105, 29622)
(127, 82, -88, 21299, 11500, -31303)
(96, -26, -17, 6877, 1338, -31039)
(-117, 111, -100, -30672, 13614, -27933)
(-86, -40, 57, -26373, 5585, -27000)
(-18, -102, 112, -21160, 15695, 30578)
(4, -83, -52, -22713, 12903, -32533)
(99, -57, -20, -15589, 3863, -30001)
(-111, 99, 76, -19156, 1561, -15488)
(22, 73, -26, -11439, -4009, 1719)
(-20, 16, 119, -7113, -13883, 20760)
(58, -69, 45, -21148, -2783, -28405)
(-106, -8, -45, 3660, -4361, 5038)
(-83, 95, -48, 10332, -10011, -13434)
(-111, -122, -58, -449, -3052, -9143)
(107, -91, -47, -7223, -2993, -4545)
(57, 119, -100, 6188, -17706, -1813)
(-21, 69, 53, 22286, -19660, 2950)
(-122, 99, -123, -2596, -10775, 6713)
(-57, -88, -57, 12715, -18021, 13750)
(61, 37, 81, 1599, -15536, 14364)
(42, 125, 43, 11421, -13551, 16083)
(0, -64, -81, -5197, -10837, 18206)
(-98, -124, -69, 2673, -8860, 17180)
(-57, 73, -52, 15078, -9887, 17838)
(84, 54, 116, 13439, -6802, 18686)
(-8, -27, -19, 4879, -5157, 18272)
(-69, -98, 41, 9108, -5960, 17313)
(-93, -104, 119, 13014, -3313, 14604)
(1, -108, -6, 18514, -3824, 13919)
(61, 127, 116, 9442, -3405, 11844)
(72, -106, -116, 2805, 1890, 5059)
(44, 22, 85, 11253, -4020, 3514)
(2, -88, -121, 5535, 1145, -952)
(3, -10, -80, 7733, 1391, -3181)
(41, -112, -50, 5533, 969, -6664)
(-54, 6, 48, 4729, 3211, -12529)
(-59, 49, 116, 2466, 1913, -21254)
(86, 84, 56, -5890, 8422, -31377)
(16, -78, -114, 7708, 5515, -31154)
(3, -90, 58, -2667, 16988, -29867)
(15, -94, -57, -9103, -2307, 32488)
(15, 47, 25, 31100, -5035, 32716)
(-118, 6, -102, 30903, 5355, -32536)
(-1, -66, 90, -27546, -3175, -32536)
(-120, -52, -67, -24595, 938, -32536)
(-59, 108, -11, -10764, 20295, -27193)
(-49, -105, -36, -1933, 7366, -11017)
(101, -75, 64, 22461, -32719, 21396)
(-119, 124, 49, -22234, -8023, 26531)
(95, -18, 124, -14369, 4993, -24668)
(66, 28, -21, -7328, 19134, -5261)
(110, 23, 58, 8921, -14147, 6654)
(99, -126, -109, -3291, -6653, 7762)
(-119, 109, -48, 10722, -14634, 12191)
(11, 88, 42, 11387, -25303, 17065)
(73, -60, 10, -11212, -19209, 21482)
(-33, 40, 6, -3478, -18032, 23455)
(33, 20, 100, 1572, -18861, 24374)
(-88, 108, -57, 2394, -15990, 25719)
(77, 54, -68, 8494, -16090, 18045)
(-41, -97, -57, -405, -5078, 17100)
(-119, 63, -127, 7339, -10046, 16207)
(-18, -44, 106, -3858, -5819, 21008)
(-24, 92, 72, 912, -9926, 18578)
(13, 82, -58, -7122, -4933, 17284)
(-83, -126, -125, 845, 2545, 10377)
(104, 78, 52, 3294, -5569, 5758)
(-23, 87, 12, -3241, -2081, 2493)
(-66, 55, -15, 7451, 3093, -5218)
(-13, -45, 48, 9792, 945, -3653)
(70, -2, -124, -2174, 1099, -7259)
(-115, 91, 88, 1238, 1627, -9635)
(5, 21, -116, 721, 3622, -11913)
(125, -24, -50, 1798, 5698, -16649)
(44, -82, 64, 411, 8781, -23506)
(-40, 6, 106, 11166, 20690, -18699)
(-48, 54, -96, -1886, -7467, -29444)
(117, -103, -111, 3347, 12241, -22252)
(12, -56, 109, -1604, -7225, -26503)
(55, -79, 3, -23186, -4174, 31629)
(57, 98, -77, -32136, -3527, 32287)
(41, -110, 23, -23972, -4299, -32536)
(77, 21, -42, 27634, 9314, -32536)
(-73, -69, -5, -16027, -981, -32536)
(73, -36, 47, -18149, -6575, -10657)
(-48, -89, 41, -8378, -3974, 24869)
(13, 90, -40, -24263, -3424, -25064)
(19, -33, 127, 11756, 762, -8136)
(-6, -119, 35, -10441, 2822, -22210)
(-108, 66, 35, 2884, -7161, -3695)
(-61, -4, -6, -6583, -8909, 6080)
(69, 72, -48, -2745, -6029, 3112)
(-98, 46, 45, -670, -9764, 5198)
(-22, 19, -69, 1549, -14279, 12116)
(-12, 90, -105, 4094, -23487, 16249)
(67, -98, -84, -8051, -20232, 20536)
(-36, 86, 87, 9221, -13030, 18596)
(92, -119, -62, 2546, -14329, 21440)
(10, 7, -43, 11043, -11309, 20646)
(-102, 107, 23, 18785, -6789, 21042)
(59, 87, 74, 11938, -7272, 20252)
(-93, -119, -75, 6844, -4732, 21450)
(35, 18, 1, 11210, -8449, 17292)
(22, 106, 58, 12337, -7231, 16737)
(17, -100, 20, 21567, -12712, 12370)
(-57, 63, -3, 23751, -8043, 6349)
(-95, -25, 54, 6344, 4249, 1979)
(-121, -92, -17, 6381, 1059, -1618)
(107, 18, -20, 1602, -2386, -3018)
(116, -37, 20, 738, -1949, -6979)
(-50, 48, 61, 692, 89, -10718)
(108, -28, 66, 1908, 3575, -15597)
(47, -48, -125, 11096, 47, -23737)
(105, -41, 93, 25521, 833, -28010)
(-16, 30, 80, -4445, -15383, 29449)
(-116, 106, 24, -7882, 2667, -32536)
(117, 13, -31, -21032, -4648, -31316)
(26, -107, -17, -19109, -8398, 32594)
(-31, 28, 67, 24149, -6492, -32536)
(25, -128, 125, -28253, -12409, -32536)
(7, -99, -86, -28504, -4722, -32536)
(-117, -88, 83, -10198, -5021, -31435)
(33, -4, -36, -12602, -9712, -7814)
(-30, -53, 27, -2456, -8708, -1366)
(27, 94, 47, -2498, -20582, 27180)
(81, 72, -63, -17565, -2251, 22195)
(-61, 73, -116, 2018, -4260, -8629)
(56, -70, -59, -5438, 3204, -11111)
(-68, 115, -62, 5805, 6164, -6326)
(90, -5, -50, 6953, -5538, 2647)
(47, 84, -125, -2545, -15527, 11225)
(115, 3, 53, -8204, -17603, 15979)
(104, 43, -81, 3606, -17211, 16509)
(-4, -16, -17, 8018, -9578, 16042)
(82, 63, 16, 11153, -10172, 17289)
(-75, -94, 75, 8550, -6165, 24577)
(-33, -58, -90, -3635, -12078, 21971)
(-46, 7, 62, 12939, -15557, 24745)
(-22, 44, -83, 9768, -8939, 18801)
(-20, -126, -64, 17847, -5242, 16238)
(39, -60, -23, 11802, -3779, 14768)
(-54, 64, 95, 17763, -4506, 13963)
(2, 47, -19, 22096, -87, 15123)
(7, -13, 96, 16870, 3504, 17930)
(-96, 62, -107, 13874, -1662, 17923)
(-85, -27, 74, 22407, -5049, 10997)
(41, 11, -46, 10798, 3746, 6469)
(80, -126, -6, 17817, -527, 1502)
(25, -84, 8, 13758, 838, -6829)
(62, 98, -89, 15737, -759, -14378)
(-4, -7, -43, 14526, 1969, -23593)
(63, 69, 91, 4496, 7886, -29959)
(-84, 76, -51, 7084, 9505, -31810)
(5, 58, -127, -11642, 9287, 31737)
(68, -95, -93, 8835, 10824, -26493)
(63, -37, 14, -10403, -20509, -28535)
(6, -28, 9, -10126, -9101, -30884)
(76, -96, 7, -29669, -17413, 31782)
(-119, 57, 125, -14882, -6945, -32536)
(103, 81, -47, -19038, -3817, -32536)
(-108, -119, -111, -22710, -7946, -29264)
(-8, -63, -27, -15489, -7618, -13818)
(-27, -20, 55, -13644, -7565, -5314)
(72, 14, 104, -14594, -10156, 12202)
(-104, -74, 85, -11348, -15714, -32557)
(-2, 46, 43, 21454, -25205, 28576)
(-49, 9, 33, -24621, -31867, -13960)
(-68, 4, -63, -12129, 9297, 32536)
(20, -10, 6, 25493, 7422, -10088)
(10, -80, 84, -5745, -16653, 487)
(98, 99, -51, -4335, -13379, 5955)
(73, 109, -106, 21735, -12042, 15772)
(70, -40, 83, 25200, -11635, 21171)
(24, -66, 105, 9202, -3192, 18078)
(119, 52, 78, 13538, -5335, 26609)
(37, -34, 89, 4306, -6552, 27736)
(108, 50, 105, -613, -2530, 32244)
(66, -124, 47, 13922, -12012, 29752)
(77, 1, -44, 3831, -2631, 30914)
(-77, -10, -79, 13134, -2056, 30483)
(-35, -44, -34, 18377, -6762, 27335)
(-124, -106, 16, 3016, -3874, 27883)
(28, 122, 14, 15575, -7087, 17647)
(111, 103, -107, 5966, -4102, 12659)
(-18, -83, -7, 9020, -389, 2066)
(-42, 9, -34, 17986, -979, -5518)
(-115, -101, -128, 9449, -1647, -8493)
(35, 47, -14, 5847, 4895, -14291)
(108, 98, 115, 15777, 4982, -16616)
(88, 63, -83, 18693, 6015, -24585)
(-75, -34, -58, 16726, 5763, 27417)
(80, 38, 92, 440, 5251, -32536)
(5, 125, -11, -7719, 8006, -32536)
(88, -91, -70, -2087, -13207, -32536)
(-66, 55, 97, -24913, -17309, -32536)
(-61, 49, -98, -17878, -20413, -32536)
(83, -44, 73, -16319, -22548, -32536)
(-89, -7, 32, -28334, -17601, -32536)
(-59, 11, -58, -19734, -12090, -26158)
(-101, -112, 93, -1459, -28823, -2773)
(111, 85, -115, -15908, -23887, -22962)
(-85, -93, 71, -22243, 5234, 31997)
(-44, 28, 122, -28204, 7654, -18914)
(-66, -97, -113, -12800, 4444, -13259)
(22, 78, -127, -9957, 5210, -2669)
(-85, 51, -87, 9470, -3046, 1879)
(-88, 115, 84, 13747, -15425, 12124)
(76, 75, 99, 5573, -13686, 16757)
(82, -124, -107, 4516, -12529, 14326)
(-28, 110, -60, 5844, 1727, 16773)
(-96, -16, -37, 8482, -3334, 21834)
(1, 108, 38, 5084, -11782, 19837)
(-50, -6, -56, 2787, -9488, 26840)
(-7, -87, -101, 12427, -9494, 21816)
(-59, 59, -98, 11971, -4032, 23879)
(23, 53, 35, 7792, -4628, 24190)
(83, -77, 10, 18906, -1705, 21012)
(110, -123, -54, 15173, 532, 20216)
(-104, -49, 88, 11878, -2339, 23309)
(5, 0, -4, 11677, -2489, 20535)
(50, -78, 95, 6054, -439, 14519)
(-127, 57, 43, 9513, -1622, 10548)
(103, 102, -48, 11067, -699, 1456)
(28, -80, -13, 11401, -834, -1835)
(46, -88, -112, 10274, 3963, -10378)
(-76, 113, 23, 11718, 1662, -14106)
(-120, -112, -44, 10488, 4219, -21304)
(-18, 63, -82, 6264, 1884, -23786)
(110, -46, -124, 7775, 13098, -30284)
(-110, -17, 35, 3459, 2815, 31664)
(-29, -77, -93, -8239, 12378, 32606)
(120, -61, 11, 15613, -10840, -25171)
(-118, 7, 127, -17304, -17140, -16639)
(2, 15, -20, 31987, -13467, -28083)
(40, 2, 11, -8791, -22734, 29479)
(118, 100, -50, -32616, -3534, -32535)
(64, 51, -116, -15615, -20493, -32535)
(65, -58, -7, -26249, -2722, -27196)
(91, -74, 123, -15942, -13647, -729)
(79, -118, 116, -23355, -15576, 19176)
(84, 8, 118, -13947, -5232, 25768)
(56, 48, 52, 22630, 2835, -5955)
(61, 113, 3, 5655, -215, -20656)
(103, -9, 122, -3241, 4839, -12030)
(-40, 19, 96, 3342, 1336, -3512)
(113, 6, 34, 7392, -19862, 17706)
(-80, 68, -82, 6665, -20441, 18741)
(54, -29, -54, 6901, -3929, 26536)
(6, 103, -20, 3804, -12696, 23440)
(68, -101, -41, 7795, -10427, 24105)
(-40, 36, -75, 1467, -3603, 17373)
(-58, -125, 105, 10904, -5030, 23032)
(-119, 41, -80, 11887, -9193, 27117)
(4, -115, -90, 18994, -5169, 22567)
(-1, 74, 101, 9997, -3908, 26409)
(-84, 1, 68, 13010, -1733, 24108)
(86, 113, -37, 14757, 2864, 19872)
(-123, 7, -24, 10697, -295, 16944)
(111, -89, -28, 2760, 1946, 10809)
(67, 85, -59, 15991, -3785, 1873)
(50, -46, -89, 13719, 2543, -2366)
(29, -44, 59, 6191, 2193, -5037)
(33, 35, 75, 6023, -1039, -5090)
(-110, 89, -111, -445, 2438, -9529)
(36, -10, -107, 3454, 2665, -12281)
(106, 119, 43, 8719, 6657, -19761)
(-86, 71, -60, 5679, 12940, -23704)
(-19, 118, -122, 3470, 2342, 29956)
(96, 95, -122, -3438, 10535, -26788)
(-5, -79, -61, 554, -1432, -22354)
(94, 122, -108, -16988, -14539, -26200)
(-125, 124, -19, -21906, -5495, 31813)
(29, 77, 78, -16318, -5621, 32234)
(57, 63, 120, -22869, -3960, -32536)
(125, 109, -49, -24878, 4597, -32536)
(60, 105, -73, -15561, -6583, -17689)
(74, 3, -8, -14519, -12301, -954)
(108, 107, 76, -15154, -16548, 13066)
(70, 95, -72, -26307, -11067, 18585)
(-124, 52, -3, 4437, 6926, -2033)
(-8, 51, 18, 21544, 10164, -13587)
(120, -64, -43, 20783, -3037, -6056)
(56, -10, -13, 3713, -9488, 2701)
(88, 36, 30, 3242, -14983, 20552)
(112, 15, -61, -5303, -7303, 30882)
(15, -16, -51, -4368, -16518, 28527)
(-109, 58, 98, 3568, -16737, 25325)
(40, 45, 65, 895, -5012, 20663)
(-98, -100, 1, 1944, -10866, 21904)
(6, -38, 109, 15871, -5895, 21483)
(59, 3, -106, 21238, -8953, 25222)
(-48, 40, -26, 17804, -6931, 21928)
(11, 42, -53, 13758, -4066, 21760)
(-51, 9, 74, 21910, 2290, 20543)
(7, 84, 7, 20240, 1749, 20024)
(-118, 44, 84, 10617, -1925, 17388)
(88, 32, 7, 8558, -2299, 13196)
(-96, 43, -57, 11239, -2341, 7128)
(-30, 1, 22, 16185, 1304, 705)
(-40, -76, 29, 10836, 1771, -2323)
(-86, -58, 87, 10861, -1711, -6457)
(-120, -12, 125, 9792, 3352, -13106)
(84, -123, -10, 12362, 7027, -18331)
(-103, -51, -85, 14729, 7395, -30292)
(-19, 75, 98, 9100, 7298, 31354)
(-99, 115, -85, 4738, -2086, -27798)
(66, -110, 6, -31593, -4866, -27296)
(40, -52, 13, -11272, -4810, 32155)
(-66, 19, -85, -29841, 5722, 32496)
(-120, -3, 49, -29072, -2698, -32539)
(63, 3, 123, -29969, 2604, -32539)
(-105, -17, -13, -9682, -2522, -24419)
(-99, -22, -29, -16136, -13209, 1160)
(-97, -66, 68, -18594, -14602, 22276)
(88, 70, 121, -14422, -3038, 32331)
(82, -17, 49, 8617, 4561, -1286)
(-86, -27, 27, 3929, 4096, -26094)
(-123, 45, -65, 7134, -1038, -10345)
(111, -10, 39, -2176, -1495, 1377)
(34, -66, 17, 1661, -12222, 8629)
(97, 63, 60, 7265, -19125, 15275)
(-29, 109, 67, -914, -14907, 16392)
(-120, 0, -2, 11567, -14448, 22812)
(78, 90, 26, 3428, -15290, 17473)
(-32, 76, 88, 6315, -1910, 16230)
(-99, 68, 54, 3384, -5422, 18682)
(89, -23, -23, 7023, -10614, 19667)
(-2, 90, 89, -94, -8795, 20767)
(-27, -18, 14, 1867, -8095, 18839)
(121, 31, 69, 7071, -5133, 16570)
(-65, 107, 7, 10442, -7075, 15932)
(-60, 89, 55, 12040, -2720, 12383)
(113, -114, -24, 9862, -1309, 8668)
(55, -86, -107, 7571, -3257, 8763)
(-44, 105, 121, 9411, 469, 5475)
(-93, -47, -49, 10384, 259, 3773)
(78, 22, 106, 10033, -885, 216)
(83, 4, -10, 7144, 2164, -2185)
(-94, 11, -104, 5086, 2885, -7855)
(51, 94, 6, 9914, 2543, -10156)
(4, -116, 80, 11350, -2549, -20674)
(-56, -99, -36, -6973, 15638, -32062)
(-110, 36, -125, 6078, 5160, -28227)
(-77, 43, -76, -1186, -13200, -22458)
(58, 52, -118, -28089, -4179, -27980)
(-71, -77, 5, -6647, -17640, -30956)
(33, -30, 72, 20536, 514, 31498)
(-91, -86, -35, 32597, -372, -32542)
(-22, -97, 39, -23133, -7125, -32542)
(-7, 20, -42, -23713, 1913, -19396)
(-37, 75, 22, -15003, -8859, 9530)
(-68, -67, 121, -8479, -18575, 28645)
(-57, -21, 102, 2120, -10492, 15351)
(114, -125, -4, -10746, 2471, -25985)
(-16, 103, -76, -1199, 2184, -23127)
(37, 71, -98, -4675, -1932, -6212)
(-30, -74, -23, 295, -7123, 7592)
(67, -94, -112, 12401, -13878, 13922)
(99, -54, 40, 8601, -10512, 19136)
(-101, 125, -36, 11186, -4062, 16594)
(-73, -56, 2, 4411, -6840, 20144)
(38, 56, -6, 9488, -7531, 16751)
(52, 72, -67, -2703, -4941, 20360)
(-5, 104, 75, 11160, -5368, 13448)
(50, -65, 103, -633, -8929, 19812)
(90, 7, 13, -2852, -13570, 18514)
(117, 30, -37, 406, -8405, 16058)
(-100, -51, 13, 18679, -2112, 12981)
(7, 34, -101, 24312, -2220, 12451)
(-7, -84, -2, 10804, -1639, 13483)
(-68, 66, -90, 14557, 2920, 13351)
(1, -81, 85, 14012, 741, 13328)
(-103, 61, -49, 12538, 1938, 5765)
(90, -107, -1, -1632, 10102, -1761)
(116, 106, 95, 2039, 1442, 660)
(90, -44, -110, 10513, 2678, -1681)
(-88, -125, -47, 7633, 8372, -6765)
(-126, -3, 14, 9869, 6884, -8111)
(9, 21, -67, 9844, 562, -12235)
(-88, -31, -55, 17828, -3630, 29399)
(-70, 55, -54, 8380, 9883, -23387)
(74, 41, -6, -17902, -23921, -18708)
(99, -104, -101, -12907, -3615, -22131)
(-43, -29, -91, -25244, -13915, 27553)
(32, -12, 31, 25537, -75, -32544)
(-101, -92, -88, 31993, 7286, -32544)
(85, -47, -78, -16957, 177, -32544)
(-56, 105, 120, 8350, -13198, 2924)
(19, 91, -96, -28084, -70, 19092)
(100, 118, -104, -22775, -16439, 32612)
(86, -48, -101, 32490, 6427, -12155)
(-10, 10, -59, 20099, 13871, -15840)
(96, -31, -10, 16082, -2786, 3104)
(120, -86, 71, 7920, -4197, 7291)
(-128, 58, 111, 3598, -9127, 7416)
(93, 65, 86, -1817, -6821, 10539)
(-64, -69, 64, 3614, -5109, 11616)
(37, -3, -79, 7361, -173, 15277)
(-124, -79, 118, 871, -4700, 18440)
(87, -100, 102, 6200, -7735, 17607)
(24, 65, -86, 11722, 836, 15576)
(0, 6, 32, 5408, -2538, 20384)
(33, -20, -67, -1063, -8450, 24931)
(6, 40, 72, 15296, -689, 25480)
(-111, -62, 4, 14979, -5602, 23040)
(-28, 4, -79, -2516, -3849, 22855)
(58, 16, 6, -178, -4089, 24056)
(105, 71, 2, 17765, -1150, 21959)
(50, 14, -93, 17632, -3390, 21108)
(105, -128, -108, 8371, -7119, 15541)
(121, 106, 30, 2186, -2234, 5752)
(9, 3, 83, 6151, 139, 2724)
(-97, 4, 106, 12104, 338, -778)
(-119, -100, -62, 8277, 353, -2317)
(-112, 60, 62, 6409, -4, -5606)
(-9, 84, -126, 3858, 1980, -12154)
(-32, -33, -43, 5432, 1802, -15225)
(-75, -29, 44, -2225, -2022, -18790)
(51, -49, -111, 9780, 3741, -23259)
(-72, 2, 43, -611, -10612, 27304)
(-3, 39, 24, 2323, 3032, -26801)
(17, 4, 33, -14567, -17848, -31098)
(44, 45, 53, -23052, -5560, 31875)
(-9, -52, 100, -15856, -8926, -32542)
(47, -103, 124, -15232, -14869, -32542)
(81, -6, 44, 23081, -5146, -32542)
(34, 60, -42, -26697, -1436, -32542)
(74, 59, -124, -4590, -14184, -11023)
(102, 35, 70, 4511, -25845, 23915)
(-84, 71, -96, 19888, 2623, 29245)
(-49, 87, -126, 1966, -744, -10736)
(94, 88, -121, 10225, 11146, -19217)
(-73, 92, 59, 5859, 2822, -4945)
(-99, -71, -73, -942, -3591, 258)
(-101, 62, 9, -968, -10322, 12327)
(-128, -29, 55, 7295, -13743, 11778)
(80, -73, -107, 1118, 3143, 25557)
(15, -6, 85, 1530, -16580, 8922)
(110, -43, 98, 5363, -1552, 16954)
(25, -31, 43, 9641, -9394, 17858)
(-27, 97, 21, -1393, -8030, 24405)
(-43, 17, 88, 11641, -8551, 24612)
(-79, 32, 56, 8292, -9511, 23456)
(64, 43, 36, 5823, -1871, 22671)
(28, -66, -86, 19149, 860, 17750)
(121, 33, -11, 13096, -4749, 23092)
(-39, 46, 38, 3550, -3699, 17593)
(-98, -17, 123, 7321, -5447, 21520)
(-59, 92, 5, 12382, -3054, 17541)
(109, 126, 105, 12486, -2526, 12506)
(-103, -43, 71, 9338, -1563, 9863)
(-74, 39, 52, 10051, -2074, 5889)
(-86, -54, -4, 11804, 2040, 297)
(-120, -49, -90, 11847, -606, -2590)
(-102, 44, -25, 3996, -80, -4952)
(-25, -111, 18, -4411, 127, -8282)
(59, 94, -28, -2493, 193, -9773)
(-42, 0, -17, -6138, 2932, -10140)
(44, -86, -111, 1103, -8679, -15859)
(70, -89, 42, 8543, -4163, 27542)
(78, -41, 55, -8396, -10, 31683)
(-12, 55, 80, -21883, -2943, -32545)
(-53, -35, -108, -27831, -13771, -32545)
(81, -116, -55, 27140, -13923, -32545)
(-34, 44, -47, 31992, 5423, -32545)
(-43, -121, 39, 31992, 32245, -25150)
(-24, -29, -95, 10318, 5194, -10839)
(42, 114, -55, 25531, 32408, 19046)
(-52, -66, -8, -28944, -22404, 9949)
(-99, -119, 60, -14606, 1311, -7849)
(-68, 91, -15, 5040, -5704, -1894)
(-41, 57, -28, -6975, -6233, 7893)
(96, -19, 2, -4345, -11284, 7331)
(34, 64, 69, -6839, 2667, 4952)
(70, -3, 71, 5923, -2612, 6137)
(51, -5, 106, 4749, -5806, 14569)
(111, 121, -106, 10351, -10443, 12596)
(-54, 27, 31, 15965, 6933, 21825)
(-83, 3, 16, 11208, -4559, 24151)
(-50, -65, 106, 14905, 3510, 20094)
(-115, -85, 34, 18801, 1912, 19851)
(-70, 32, -17, 11117, 1384, 22015)
(82, -43, 71, 7253, 8879, 18443)
(26, -17, -118, 18304, 1909, 25680)
(-127, -46, -49, 16035, -91, 23183)
(93, 66, 21, 7555, 924, 20066)
(50, 80, -92, 10883, -3234, 21599)
(3, -124, -41, 6606, 2352, 11381)
(-111, -17, 51, 8368, 1784, 10834)
(61, 67, 99, 2411, 1114, 3751)
(77, 5, 68, -1584, 2408, -518)
(58, -92, 34, 1549, 1617, -2080)
(7, 110, -13, -1569, -32, -3742)
(-33, 91, 21, -11101, 6648, -9188)
(-105, 91, 21, -3332, -4688, -9632)
(-21, -77, 44, -18532, -11546, -26013)
(-63, 124, 47, -30138, 7751, -24290)
(-18, 11, -108, 32069, -7743, 29213)
(-108, 118, -17, -12556, 6879, 32649)
(-17, 112, 29, -13695, -7821, -32547)
(-87, 104, -40, 25068, 1156, -32547)
(97, 106, -78, -30266, -557, -32547)
(-46, -110, -92, -23819, 2880, -30975)
(-126, -119, 51, -12334, -3829, -3249)
(5, -116, 111, -9254, -7469, 11342)
(111, -28, 102, -7808, -115, 1276)
(101, -83, 12, -2394, 4494, -9339)
(21, -26, 3, -5463, 4215, -4012)
(9, -115, -24, -2323, 3622, -233)
(-7, -7, -125, 2176, -618, 701)
(11, -113, -108, -7081, -6797, 9662)
(-38, -58, -28, 3131, -17558, 15514)
(-95, 25, -125, 7196, -11271, 15257)
(95, 121, -76, 12257, -3919, 21422)
(-60, -113, -9, 18583, -4315, 21355)
(97, -46, -97, 7218, -7113, 25478)
(114, 27, -68, 11375, -9975, 22127)
(-2, 21, 63, 5345, -2290, 24426)
(41, -63, -123, 15432, -6181, 25030)
(-34, -9, 6, 22944, -6343, 26284)
(30, -8, -5, 18187, -1963, 22537)
(81, -115, 41, 9105, 993, 21885)
(65, -71, 14, 7940, 1664, 14392)
(38, -37, -65, 11052, -4390, 7111)
(4, -93, 69, 9174, -7068, 6385)
(111, -25, 88, 3861, 2368, 5259)
(65, -77, 118, 18604, 2387, -3906)
(38, -45, -26, 14400, 1364, -4119)
(87, 119, -71, 10616, 684, -9196)
(-87, -92, 16, 9999, 1896, -10313)
(-111, -88, -52, 16417, -876, -14094)
(-102, 68, -33, 4063, 2492, -20911)
(43, -65, 51, -14311, 6199, -24529)
(-94, 29, -10, 8355, -782, -22386)
(2, 28, -110, -15016, -5716, 28016)
(76, 25, 119, -10731, -23385, -2097)
(71, -73, -109, -30702, -7447, -31364)
(-81, 90, -78, 27139, -19892, 30735)
(72, 50, 84, 31989, -16639, 32477)
(-90, 60, -21, 31989, 3531, -32549)
(-24, -108, -26, -25687, -8406, -13736)
(74, -56, -8, -24005, -8094, 4302)
(115, -113, -43, -10073, 24312, 21354)
(-63, 102, 47, -23211, 12306, 16425)
(43, -52, 16, 19223, 7584, -19193)
(85, 100, -26, 5522, -3300, -17630)
(-96, 95, 44, -4856, 2229, -8040)
(-114, -68, 51, -2739, 2037, 1379)
(-20, 52, 27, 11753, -7348, 10652)
(-100, 3, 51, 10551, -6652, 14843)
(59, -48, 83, 91, -3571, 24648)
(10, -45, -109, 2149, -9324, 19520)
(-81, -11, -70, 11290, -4437, 19728)
(-77, -126, 88, 2958, -2240, 21767)
(-41, 28, -56, 13129, -3270, 19849)
(-42, 76, -106, 5775, -2342, 23957)
(100, -68, 125, 9255, -3219, 18582)
(-60, -74, -70, 9111, -4090, 21282)
(58, 116, 50, 9510, -2048, 19020)
(-106, -30, -6, 13218, 28, 19545)
(93, -1, 95, 12507, -596, 18435)
(-106, -74, 36, 7433, 1275, 18101)
(-15, 15, -13, 10781, -3273, 19843)
(-92, -101, 39, 11776, 1217, 16824)
(90, 27, 104, 12359, -583, 15464)
(-44, 70, -74, 10796, -3768, 12913)
(85, -46, 50, 2546, -2319, 4223)
(63, -39, 74, 4785, -1270, 299)
(42, 89, 121, 5910, -492, -2780)
(47, 0, -118, 4642, -67, -4394)
(93, 116, -104, 721, 215, -6148)
(-99, 64, -113, -1591, 84, -7778)
(104, 4, 94, -5040, 2605, -14501)
(59, 34, 28, -2350, 930, -15489)
(-48, 54, 7, -10415, -5725, -25163)
(-4, 23, 91, -13507, -1084, -32520)
(-69, 81, -89, -20336, -5806, -23211)
(-50, 21, 115, -5167, -11135, -30893)
(12, -86, 24, -28895, -11433, 31187)
(-79, 26, -57, 31666, 5279, -32553)
(98, 87, 62, -28263, 2641, -32553)
(-27, -3, -65, -25108, -7311, -31816)
(102, 62, -74, -19937, -921, -14351)
(79, 61, 107, -22153, -6853, 1160)
(-3, -36, 3, 1588, -12443, 27630)
(63, -53, -126, -8118, -3488, 20193)
(-68, 120, -113, 5402, -406, -25900)
(73, 117, 15, -3791, 11809, -16609)
(-7, 28, -57, 2092, -2674, -2988)
(-8, 50, 125, -6570, 580, -391)
(123, 34, -1, -2812, -12105, 13130)
(-86, -102, -120, 4983, -13402, 10254)
(-121, 94, 71, 3206, -4440, 12644)
(6, -77, 58, 15100, -1222, 19932)
(4, 53, -122, 7701, -9173, 18166)
(62, -97, 28, 6770, -2490, 19199)
(-42, -24, -56, 10662, -3906, 22237)
(-4, -71, 110, 3554, -2028, 24707)
(-92, -80, -115, 3559, -1856, 23953)
(-8, -59, 124, 12211, -6537, 23310)
(-58, -122, -7, -3311, -4559, 23589)
(83, -14, 36, 7304, -4868, 18908)
(15, -125, -62, 15666, -5258, 17413)
(86, -113, 29, 11645, -3747, 14728)
(-35, -1, 67, 8801, -2412, 10768)
(35, 94, -96, 8366, -3746, 8995)
(-62, 88, -17, 6257, -2741, 5615)
(107, 82, 84, 5305, 71, 2163)
(97, 41, 100, 4821, -55, -1508)
(89, -82, 124, 5595, -94, -4207)
(-109, 101, -98, 1277, 3222, -5363)
(-2, -26, 124, 3539, 1961, -7616)
(118, -87, -86, 4555, 3033, -9757)
(84, 99, 29, 6160, 2395, -8338)
(-37, -46, 124, -631, 6139, -14969)
(55, 114, 24, -2692, 4665, -25325)
(-14, -11, 14, 17810, 18135, 27286)
(-124, 122, -48, -8523, 20375, -32550)
(69, 22, -26, 3296, -10389, -32046)
(-49, 0, -124, -18264, -27689, -32718)
(27, -77, -93, -19386, -9414, -32550)
(24, 103, -81, -30679, -11553, -32550)
(-25, 13, 3, -23422, -10484, -32550)
(123, -94, -53, -10870, -14873, -11178)
(41, -59, 71, -19590, -15170, 3561)
(108, -27, -92, -14177, -6818, 20836)
(-77, -101, 57, -8200, 3859, 8441)
(78, -99, -111, 23765, 3939, -10698)
(2, 44, -94, 11620, 2185, -7162)
(99, -55, 114, 6471, -11218, 1988)
(17, 26, 5, -4873, -2439, 5839)
(31, 12, -85, -6439, -1905, 31980)
(3, 82, -108, 18575, -15797, 19403)
(-117, -44, 12, -7903, -1245, 21515)
(35, 112, -113, 7262, -8004, 20963)
(17, -25, -125, 6771, -10029, 27783)
(79, 61, -26, 8931, -6874, 26502)
(-6, -88, -94, 21258, -7548, 32641)
(94, -66, 110, 20767, 4310, 19748)
(-73, 83, 82, 4927, -1375, 32027)
(-30, -73, -36, 11922, -854, -30716)
(-45, -6, 30, 14288, -10662, 27068)
(-49, 13, -97, 8479, 70, 15156)
(77, 71, -88, 4396, 10806, 6221)
(-40, 67, -69, 16178, -2368, 3344)
(124, -125, -49, 14989, 2305, -923)
(55, -74, 35, 11681, -860, -3952)
(-128, -39, -58, 8202, 6989, -12891)
(77, 69, -117, 9691, 1945, -6993)
(-109, 42, -114, 1105, 3508, -12385)
(-108, -81, 96, 3208, -2449, -6863)
(-34, -111, -89, 2334, 3617, -9031)
(-42, -107, -74, 7727, 251, -5820)
(3, 44, -36, -789, -1034, -9982)
(-99, -101, -100, 308, -5312, -16188)
(-107, 69, -73, 3478, -1047, -24641)
(77, -4, -121, 3083, -5424, -26848)
(-96, -48, 61, -13109, -2614, 30286)
(-58, -33, 34, -11722, -18169, 32606)
(27, 127, 1, -9552, -17266, -32554)
(-111, -29, 69, -25690, -26286, -32554)
(-90, 110, 78, -20329, -14511, -32554)
(52, -59, 102, -5219, -21795, -29869)
(-50, 18, 102, -11252, -15021, -2334)
(57, -50, -20, -19447, -19861, 29600)
(43, 77, 50, -17633, -7638, 31236)
(72, -101, -33, 10721, 9481, -9176)
(119, -113, 101, 29569, -19287, -17797)
(58, -90, 92, 2519, -1743, 11884)
(122, -72, -112, -20108, -12370, 14846)
(66, 120, -95, -7678, -5937, 4408)
(-16, 77, -52, 3090, -1308, 11588)
(97, 59, -4, 4817, -2147, 19912)
(-87, -36, -18, 5998, -638, 21201)
(110, 5, 91, 7051, -8523, 26410)
(93, -4, -23, 4120, -722, 23247)
(16, 118, 38, 2166, -3644, 26141)
(-76, 4, 16, 5445, -2039, 25653)
(-74, -28, 102, 8797, 99, 24020)
(-113, 4, -47, 8587, -3232, 26873)
(-121, -117, -17, 19325, -3836, 23430)
(59, 29, 8, 15032, 1081, 25302)
(-114, 4, -37, 9891, -3700, 21594)
(-8, -61, -17, 11306, -6761, 20886)
(105, -94, -111, 16490, -5692, 11566)
(-98, -37, 125, 13895, -3588, 7870)
(34, 54, 126, 8013, -3292, 1319)
(21, 74, -62, 5726, -1086, 1060)
(-3, 72, -45, 4111, 889, -1105)
(-7, 67, -85, 302, -446, -2139)
(26, 15, -123, -3631, 1258, -6974)
(56, -96, 77, -1200, 980, -7816)
(124, -20, 41, 1093, 322, -7453)
(-54, -84, 28, -366, 1803, -7720)
(68, 81, -8, -732, -433, -5920)
(-99, 107, -14, -4293, 2034, -7271)
(123, -90, -81, -1805, 5830, -11515)
(77, 86, -67, 3703, 728, -17231)
(-9, 68, 19, -11313, 3907, -28818)
(87, -41, 78, -5077, 5610, 32391)
(67, 112, -7, -6731, 607, -31678)
(-80, 75, -40, -4327, -12950, 32608)
(49, -13, -15, -13338, -26791, -25897)
(25, -25, 57, -17768, -16585, 30784)
(29, -41, 20, -18119, -312, -32577)
(-46, -65, 99, -19027, -12815, -32557)
(-10, -113, -111, -21276, -11612, -16279)
(-13, 101, 49, -13381, -11620, -7189)
(-105, 65, -68, -9273, -21324, 17641)
(38, -45, 2, -12685, -7402, 16926)
(125, -2, 67, -9193, 6186, 4085)
(2, -34, -34, 2136, 1624, -8224)
(29, 102, 114, 5048, 4535, -10206)
(-6, 122, -42, 11714, -3643, -2381)
(-106, 80, -37, -4299, -11669, 4928)
(-92, 39, 4, 15843, 1724, 27742)
(10, 98, 65, 4944, -12045, 10345)
(16, -51, -18, 4671, -4919, 19283)
(-19, -23, 34, 11835, -4643, 22270)
(-86, -5, -122, 13228, -4656, 23113)
(108, 42, 99, 8790, -11248, -29932)
(-82, -5, 61, 12282, -3171, 26709)
(-34, 25, 112, 21106, 1667, 28588)
(58, 119, -106, 18667, 652, 25900)
(102, -50, -97, 6953, -1221, 26569)
(6, 119, 6, -178, -648, 23885)
(88, 82, 69, 6163, -3039, 17274)
(-39, 52, 92, 8958, -2216, 11756)
(20, -46, -92, 10191, -1032, 151)
(-32, 1, -5, 10384, 529, -1121)
(-46, 117, 93, 9445, 4195, 63)
(-53, -51, -69, 8670, 2360, -464)
(-58, -10, -17, -1498, -538, 7)
(-46, -29, -23, 225, 334, -2271)
(-5, -73, -22, -141, 950, -3932)
(84, -118, -24, 1135, 406, -5661)
(-8, -108, 84, 2199, 5345, -18710)
(24, -73, -70, 25653, -8870, 23738)
(-39, 20, 1, 5412, 4928, -32559)
(-16, 54, -29, -15962, 7763, -32559)
(52, -87, 55, -6571, -20290, -32559)
(-35, 36, 29, -20930, -17877, -32559)
(-96, 83, 108, -22694, -19565, -32559)
(49, 98, 61, 26488, -10579, -32559)
(-57, -1, -80, -28703, -11266, -32559)
(67, -59, 70, -6902, -10748, 3842)
(-118, -10, -20, -2025, 22418, 3548)
(87, -25, -99, -31231, 28083, -21951)
(-92, 9, -107, 6955, 13871, -25153)
(32, -27, 103, -9232, -13852, -10717)
(-82, -1, 98, -6457, 763, 1737)
(126, 80, 60, -1749, -11511, 11537)
(23, 97, 3, -1376, -8467, 5176)
(-13, -106, 114, 5162, 3540, 2900)
(7, 33, 106, 7982, -2460, 8013)
(-50, -55, 118, 10597, -4143, 10044)
(99, -44, -78, 7182, -2621, 10820)
(8, 68, -50, 4505, 1411, 14243)
(2, -23, -111, 5719, 691, 24945)
(-99, -24, 81, 15048, -3389, 16133)
(72, -17, -33, 9067, -1874, 18281)
(51, 126, 45, 13943, -1829, 22157)
(84, 28, 34, 2621, -5955, 26606)
(-76, -104, -116, -1550, -3965, 28935)
(95, 82, 75, 19114, 302, 25642)
(72, -57, 14, 21774, -42, 23438)
(92, 25, -49, 5246, -1141, 26248)
(-35, 22, -22, 3572, -649, 17039)
(112, -70, -34, -1524, -3939, 13817)
(-60, -2, -27, 8910, -3385, 7121)
(-82, 97, 124, 10241, -785, 1923)
(78, 85, 48, 12625, -2373, -1795)
(36, 98, 75, 14743, -1361, -3783)
(44, 35, -12, 9939, 581, -6592)
(-83, -1, 105, -532, -1911, -7456)
(67, -86, 79, 3193, -1587, -9835)
(-36, -21, -107, -5455, 5768, -15400)
(40, -65, 100, -12681, 7465, 32584)
(-90, 75, 125, 2718, 6812, -13376)
(-18, -40, 79, 8560, -13714, -11879)
(40, 49, 18, -6146, 8958, -17576)
(-90, -41, -53, 5340, -2599, -16184)
(42, -109, -92, -3078, -2982, -18030)
(-60, 58, 93, -14970, -10533, -30533)
(-73, 80, -50, -29212, -17107, -30040)
(-22, -41, -127, -19346, -7227, 31071)
(30, -110, -126, -19009, -8967, -32560)
(-25, -3, 32, -23833, -14204, -32108)
(56, 59, 111, -14881, -16009, -13637)
(54, -13, -62, -28148, -16238, 7801)
(-28, -16, -1, -24618, -4594, 12847)
(-61, -42, -13, 4723, 14436, -8918)
(-51, 6, 100, 19878, 648, -12449)
(35, -86, 114, -4534, -12141, 1769)
(-108, 14, 20, 1928, -6721, 22334)
(45, 17, -115, -795, -13791, 12784)
(62, 8, -89, -13556, -11394, 14051)
(2, 13, -80, 5093, -6566, 7468)
(-75, 3, 113, 5284, -6103, 16272)
(95, 68, -119, 6109, -10360, 23655)
(92, 5, -30, 9065, -4788, 18116)
(66, -97, -1, 10411, -7472, 25209)
(-65, 22, -79, 13904, -5467, 19080)
(81, 121, -115, -2917, -3754, 27046)
(53, -70, 106, 7518, -4697, 24948)
(-79, 96, 69, 20936, 782, 21667)
(-1, -13, 13, 18117, 3175, 22031)
(-104, 24, 58, 16048, 1070, 22916)
(62, -101, 116, 15104, 1298, 22156)
(108, 61, -110, 9945, -432, 13522)
(-110, -90, 108, 4618, 423, 9362)
(-53, 111, -1, 6452, -490, 2260)
(-58, 106, -82, 9353, -1775, 686)
(-107, 92, 6, 7240, -422, -3682)
(82, -9, -71, 6113, -31, -6745)
(1, -6, 90, 5561, 879, -10950)
(32, 76, 90, 4452, 997, -10718)
(125, -53, 118, -3144, -1640, -15648)
(-86, 110, -109, 5667, -5616, -28711)
(-82, 75, -62, -19217, 15498, 29329)
(55, 60, 116, 18517, -8139, -28090)
(-10, -118, -57, -10832, -17916, -29643)
(64, 26, -95, -29404, -10709, 32711)
(-83, 15, 12, -19157, -13570, 32566)
(-5, -24, 121, 31079, -13351, -32560)
(-21, -38, -6, -26766, -12012, -32560)
(12, 83, 59, -18769, -2137, -28730)
(-94, -52, -53, 5373, -25279, 9331)
(-73, -96, 119, 30365, -28618, -32735)
(111, -77, -46, -27421, -30115, 6633)
(-24, 87, 96, 23035, 5882, 29656)
(-60, -47, -30, 1458, 3397, -13665)
(2, -73, 119, -4471, 3767, -3368)
(-116, -117, 62, 5283, -5648, 6930)
(-33, -126, 84, 6151, -16408, 8479)
(-127, 102, 73, 11174, -17641, 8448)
(-36, -75, 66, 5875, -4639, 16367)
(80, 113, -107, 2847, -8286, 16128)
(93, -27, -62, 12005, -11413, 21273)
(-32, 82, 99, 13568, -14180, 20988)
(-113, -101, 127, 10895, -6101, 25726)
(47, -33, 0, 12389, -1009, 23717)
(59, -41, 105, 12259, 4070, 26636)
(-127, 81, 89, 17695, 5435, 28211)
(-77, -82, 2, 27012, 1142, 26084)
(59, -81, 82, 17428, 3195, 32045)
(-10, -32, 22, 14613, 3417, 22752)
(-117, 105, 11, 5398, 4339, 23769)
(84, 96, -4, 3425, -6876, 13172)
(-50, 80, 71, 1897, -4970, 3671)
(115, 34, -54, 10194, 673, -4799)
(-124, -2, 6, 7940, -155, -5113)
(119, -36, 66, 6269, -1017, -5592)
(-99, -40, 90, 190, 429, -6619)
(-60, 99, 55, -2610, -763, -7979)
(10, 14, 49, -2800, -1338, -7607)
(-128, -97, 18, -4452, 146, -8276)
(-37, 118, -25, -4214, -1082, -8362)
(-104, 104, -85, -2649, 1673, -8821)
(-20, -89, -93, -1038, 667, -9769)
(51, 81, -22, -8661, 3574, 32163)
(10, -31, -48, 23714, -1536, 29386)
(2, -97, -85, 2675, 16833, -30986)
(-14, -75, 25, -6398, -21022, -29106)
(-92, -64, 3, -27983, -20047, 31650)
(-113, -51, 62, -29280, -21154, -32560)
(-77, -104, 0, -22222, -8448, -32560)
(89, -33, 68, -26909, -7928, -32560)
(112, 56, -66, -14965, -7538, -5659)
(1, 82, -102, -16740, -19778, 17236)
(-52, -56, 24, -27911, -4698, -31506)
(-1, 111, -40, -10668, -6912, 3514)
(52, -56, 101, 6184, 20344, 30256)
(18, -68, -23, 13136, -2851, -8136)
(21, -85, 77, 623, 6803, -394)
(19, 120, 69, 3591, -4124, 5550)
(86, 108, -120, 6236, -11474, 17894)
(-70, 34, 41, 8868, -10417, 20053)
(106, -73, -41, 4007, -6115, 31338)
(116, -38, 89, 5577, -2940, 30750)
(59, -77, 46, 16141, 4095, 26910)
(7, -44, 0, 18364, -4451, 31560)
(-46, 79, 78, 16890, -1154, 31897)
(32, -75, -122, 12170, 6618, 26453)
(53, 58, -38, 23458, 3746, -30146)
(-5, -47, -8, 7300, 2447, -32548)
(35, 37, 127, 7555, 4969, 27868)
(-20, 73, 105, 10466, -869, 28662)
(20, 51, -17, 4285, -6603, 8376)
(-80, -54, 3, -6820, -3004, -2566)
(111, -89, 31, 14558, 1009, -7445)
(26, 92, -53, 10200, 1732, -9041)
(-50, -71, 94, 5123, 695, -7833)
(-26, 47, 76, -484, -636, -8188)
(39, -123, 82, -6001, -3679, -6204)
(-118, 77, 96, -6087, -2744, -12363)
(-42, -128, 48, -25, 2235, -20938)
(35, -99, 73, 11269, 1301, -23689)
(118, 120, -102, -2125, -9354, 30977)
(-118, 98, -97, -6249, 258, 31816)
(16, 125, -53, -17842, -11702, -32562)
(120, 50, -94, -8282, -15089, -32562)
(-45, -73, 55, -31758, -20746, -32562)
(-119, -42, -102, -26848, -14283, -32562)
(42, -8, -88, -30305, -564, -32562)
(-126, -99, -64, -5774, -4757, -8668)
(100, 50, 88, 27266, -28862, 19921)
(53, 21, -45, 30219, -8126, -29164)
(-61, -19, -77, -2050, 11836, 5569)
(34, -118, 96, 2229, 863, -27376)
(39, 122, 0, 6558, -5727, -18392)
(31, -108, -123, -14514, 4557, -6449)
(-27, 91, -19, 1444, -3589, -740)
(-40, -85, 17, 5208, -2032, 2171)
(-122, -8, 117, 202, -7206, 10416)
(-31, 109, -61, 5414, -14953, 16275)
(-87, 66, -10, 5667, -8694, 20101)
(-77, -106, -20, 8757, -6180, 25884)
(69, 98, -73, 12303, -4826, 22866)
(-6, 29, 13, 10234, -5255, 21563)
(-91, -82, -82, 4709, -2890, 23731)
(124, -1, -1, 6790, -1419, 22928)
(-119, 87, 68, 16669, -4142, 22579)
(29, -20, -19, 8067, -1459, 20405)
(-48, -60, 119, 7647, -1354, 19365)
(16, -16, -65, 11745, -1862, 15646)
(102, 88, 108, 3516, 175, 11192)
(-116, -118, 79, 4426, -946, 8697)
(85, 0, 71, 6460, -284, 5016)
(-12, 43, 80, 6829, -475, 2333)
(-36, -45, 124, 2772, -188, 216)
(-41, -125, -107, 435, -246, -2003)
(-23, 98, -81, 5565, 2057, -6427)
(-91, 36, 63, 8969, 3602, -11383)
(110, 97, -51, 10090, 2332, -16913)
(71, 25, 126, 5954, 4999, -23678)
(-40, 12, -43, -3722, 4844, -28897)
(-118, -41, 53, -2602, 2489, -25696)
(70, 57, -70, -19218, -14722, -21675)
(-67, 7, -96, -21603, -22766, 28222)
(-89, 27, 127, 26694, 3171, -32564)
(-85, -75, 107, -32716, 9418, -32564)
(-57, 75, -101, 1259, 5195, -25784)
(-125, 29, -9, 32044, -14993, 13394)
(-108, -104, -17, 28046, 12683, -18052)
(49, 69, 83, -12368, -745, -4566)
(68, -81, 46, -10359, 15885, -12806)
(76, 77, -63, -2327, -6331, -8577)
(72, -87, 26, 6918, -7840, 150)
(-10, -128, -94, 2221, -8635, 2684)
(-33, -67, -66, 374, -8775, 8320)
(36, 105, -74, 4030, -14628, 16484)
(-114, -25, 61, 5731, -15889, 18819)
(-75, -93, -78, 9057, -1939, 17161)
(71, -30, -127, 11369, -10448, 21442)
(-39, 85, 23, 14100, -936, 28285)
(34, 67, 39, 7207, -11039, 24677)
(-60, -117, 50, 8744, -5267, 26489)
(58, -55, -50, 12554, -5017, 21357)
(-107, -10, 8, 13729, 756, 20955)
(-71, -36, -48, 18913, -1024, 20990)
(45, -81, 44, 17528, 4296, 16736)
(13, -84, 46, 12482, 347, 14860)
(-110, -121, -6, 2582, 4434, 8701)
(44, -51, 62, 10743, -2312, 3737)
(-73, -70, -49, 9031, 2352, 1226)
(-83, -105, 68, 9133, 2807, -4192)
(-33, -17, 99, -20484, -22262, -9283)
(-5, -117, 79, -16030, 14990, -19163)
(-77, 74, -44, 17396, 9165, -18573)
(28, -101, -26, 20011, 2036, -27281)
(-14, 15, -37, -816, -1843, -19639)
(-103, -32, -112, -2179, -2198, -24326)
(26, -44, -32, -2877, 12539, -27112)
(-7, -61, -85, -4880, -7492, -30430)
(27, 38, -126, -22498, 2422, 31139)
(18, -41, -68, -23527, -6745, -32563)
(102, 86, -32, -25224, 6190, -32563)
(11, -94, 64, -13164, -3403, -32563)
(-5, -32, 68, -20698, -2169, -21272)
(58, 82, 40, -25670, -13764, -12891)
(-79, -87, 32, -11759, 3131, 25637)
(-63, -70, 84, 7650, 25764, 16658)
(-37, 68, -33, 31637, 20998, -5907)
(76, 70, -87, 26287, 4843, -14727)
(41, -38, 9, 19427, -6588, 454)
(-71, -117, -29, 2780, -8001, 5823)
(-83, -31, 6, 11981, -11868, 11950)
(-72, -58, -43, 13975, -2624, 16852)
(-88, 28, -8, -9306, -8561, 12851)
(-27, 68, 90, -2194, -11615, 23119)
(-117, 118, -120, 8123, -4669, 21507)
(-9, -47, -79, 15544, -4104, 21922)
(-127, -14, -119, 3403, -537, 25276)
(-22, -22, -52, 3201, -2930, 26992)
(-91, -117, -38, 8037, 562, 24189)
(25, -8, -94, 5748, -2253, 26247)
(-115, 115, -90, -2437, -2150, 27415)
(-40, -24, 115, 6905, -7604, 29988)
(-45, -62, 60, 9474, -5572, 26187)
(59, 83, 102, -1081, 786, 20085)
(-26, 20, -122, -1218, -2150, 13190)
(95, 107, -111, 3641, -2908, 232)
(38, -17, -93, 6683, -1014, -3745)
(-5, -57, -52, 8140, 264, -7209)
(22, 70, -8, 4130, -399, -8085)
(-27, -42, 43, -413, 4807, -13612)
(-30, -39, 68, 3904, 8082, -15854)
(81, -127, 127, 3429, 1805, 28199)
(-82, 77, -29, -6033, 8221, -31639)
(-105, 38, 120, 7697, 2468, -27699)
(-25, -123, -13, 6436, -19729, -18901)
(43, -125, -80, -32501, 817, -30972)
(103, -98, -76, -4526, -10155, -31546)
(-83, -69, -71, -22122, -6402, 31884)
(60, 9, -6, 28413, 3361, -32562)
(100, 12, -79, -17107, 21432, -32562)
(-52, -12, -52, 1810, -11570, -5569)
(-71, -77, 83, -6813, 19324, 31305)
(-36, 19, -121, -24326, 11094, 29845)
(-101, 111, 53, -9833, 5020, -21907)
(53, 14, -50, 14597, 6241, -26146)
(63, 92, -41, 7353, -9718, -10734)
(-70, 90, 123, -9644, -7722, -4860)
(24, 57, 26, 2303, -18526, 9834)
(97, 118, 123, 12634, -18931, 19508)
(49, -66, -10, 1382, -19460, 24270)
(51, -73, -68, -6222, -816, 17394)
(-40, -24, 32, 7411, -11131, 25214)
(-120, -127, -128, 17846, -12328, 26731)
(82, 87, -24, 5646, -3506, 27002)
(32, -74, 97, 12496, -6902, 29520)
(26, 54, 32, 14787, -7770, 31997)
(-63, -54, 16, 17694, -1124, 27993)
(-11, -60, -66, 23854, -1014, 29153)
(22, 111, -39, 19921, -3390, 24262)
(-31, -43, 42, -3693, -2430, 18827)
(-108, -36, 38, -6760, -7498, 6372)
(64, -29, -33, 9752, -5282, -7296)
(51, 32, -67, 16521, -2435, -7088)
(90, -25, -5, 11803, -1121, -10678)
(30, -1, 119, 3866, -402, -9129)
(116, 59, -73, -17499, 3369, -13150)
(-86, 108, -4, -154, -3042, -30219)
(44, -121, -104, -17088, 26126, 28727)
(-36, 88, 39, 21987, -1693, -31729)
(30, 69, 55, 6356, -21330, -12477)
(-39, -120, 109, -13776, 3197, -27621)
(-125, 33, 81, -14693, 2012, -20485)
(-60, 15, -66, -11655, -7153, -23043)
(105, 65, 8, -20027, -3248, 28022)
(1, 40, 121, -21827, 840, -32564)
(61, -24, -128, -9758, -507, -32564)
(-51, -55, 57, -1140, 2990, -14532)
(64, 1, 42, -16054, 1027, 4296)
(118, 122, 66, -8018, -16536, -31760)
(-39, 31, -28, -17565, 3446, 17272)
(34, -56, -52, -26978, 5841, -10060)
(-42, -25, 67, 7573, 2587, -13437)
(114, 86, 22, 6115, 100, -4226)
(-71, 55, 69, -4298, -13457, 9701)
(-75, 84, 33, 4040, -19186, 14230)
(123, 102, -4, -420, -2246, 20469)
(59, -105, 41, -7536, -12058, 17462)
(79, -93, -3, 8818, -8662, 19953)
(79, 57, -34, 7689, -3067, 18646)
(62, -95, -63, 9887, -302, 24234)
(28, -49, -91, 7691, -1291, 24227)
(-52, -123, -80, 3956, -6716, 28393)
(106, 34, -55, 9384, -3824, 29732)
(-48, -110, 32, 16056, -21, 27915)
(-58, 106, -22, 15875, -2985, 28704)
(-94, 1, -111, 13253, 6181, 11208)
(89, 118, -16, 7875, 4572, 9083)
(-24, -86, -9, 10306, -388, 3963)
(75, 58, 124, 13983, -4897, 142)
(50, -6, 63, 11540, -594, -2279)
(60, -16, -48, 8814, 267, -4616)
(-121, -21, 12, 1640, 930, -12817)
(-96, 77, 106, 1034, -2551, -26457)
(71, 101, -58, 16840, -3560, 27122)
(-128, -4, -113, -8154, 4601, -23440)
(124, 99, 69, -12986, -9542, -24796)
(111, 19, -46, -641, -4954, -23337)
(82, 65, -57, -11870, -5300, -28323)
(91, -29, -84, 3490, -20452, 30136)
(-68, -25, -42, 30889, -12908, -32562)
(-30, -3, -90, -22456, -6895, -32562)
(-12, -91, -114, -12882, -2696, -31258)
(-9, 124, -73, 9270, -14753, 6271)
(39, -38, -89, 27531, -14727, 19117)
(-106, -30, 118, 29721, -5962, 29103)
(-83, -91, 88, 31335, -9678, 240)
(-81, -31, -54, 6847, 15173, -21308)
(-125, 20, 119, 27727, 6802, -15458)
(61, 31, 48, 1593, -7664, -790)
(-20, -63, -102, -6220, -21226, 9724)
(57, -79, -80, 1382, -12080, 23928)
(-29, 73, -5, -347, -15231, 27365)
(2, 84, 47, -1880, -20407, 26238)
(109, -23, -82, 8638, -18616, 27900)
(56, -54, -118, 15399, -10988, 24069)
(124, 56, -60, 17494, -4685, 24432)
(86, 10, -37, 17072, -8371, 29920)
(67, 106, -19, 13235, -2931, 28432)
(111, -69, 78, 16817, 1930, 28806)
(-85, 41, 65, 22808, -4081, 25588)
(119, -56, -14, 3727, -1575, 32090)
(-69, -110, 7, -2634, -5525, 19466)
(22, 89, 91, -3335, -4773, 469)
(5, 106, 111, 15718, -6297, -2070)
(-102, -18, -117, 19850, -497, -4532)
(88, 79, -4, 10714, 1043, -6730)
(59, -16, -48, 7344, -189, -8992)
(-123, 78, 30, 2590, 1208, -9015)
(35, 102, 73, 4470, -373, -10195)
(-48, 86, -105, -1435, 3856, -13167)
(120, -51, -38, -6040, 8397, -27283)
(78, 13, -77, 7028, 3373, 29166)
(41, -74, -73, -4196, 22789, 32513)
(-123, -23, 83, 24486, -24351, -21758)
(110, 122, -27, -24673, -8181, 32108)
(29, -42, -78, -10738, -14643, -32750)
(-95, 16, -125, 28450, 2901, 32732)
(96, -93, -28, 29395, -3308, -32563)
(34, 8, 74, -16735, 8613, -32563)
(-37, 5, -11, 5679, -27753, 10399)
(8, -92, 57, -13459, -27887, -28143)
(29, 102, -102, -17652, 11454, 22131)
(18, 50, 51, -14761, 19431, -23271)
(4, 27, 89, 5683, -11753, -13661)
(1, -66, -28, -1782, -1128, 539)
(-76, 93, -28, 4036, -3427, 2831)
(-113, -73, 92, -1347, -3050, 3249)
(-112, -50, 40, 474, -10161, 10536)
(-110, -66, -4, 164, -18455, 18819)
(43, -97, -46, 4148, -10494, 24385)
(-66, -52, -68, 11514, -12995, 20500)
(92, 106, 34, 4780, -4739, 23360)
(-56, 2, 11, 17999, -9231, 26113)
(115, 117, -33, 5378, -194, 24209)
(-43, 126, 59, 18700, -3651, 23834)
(19, -70, 31, 15740, -4349, 25547)
(124, 49, -85, 6025, 171, 24714)
(100, -81, -119, 15030, 737, 22599)
(56, 77, -4, 14751, -2673, 18581)
(106, 0, 26, -3130, 22, 10260)
(57, -77, 65, -1306, -1380, 4805)
(-89, 47, 90, 7631, -1683, -850)
(-59, 53, -48, 8825, 1135, -4373)
(-27, 121, 107, 7491, 38, -6365)
(11, -32, -98, 1746, 2851, -7022)
(-13, 63, -59, 1809, 1026, -5462)
(-28, 127, -64, 532, 686, -5395)
(-68, 15, -69, -1402, 1703, -8687)
(108, 87, 97, -4465, 348, -11004)
(-13, 111, 83, -1901, 4242, -19057)
(84, -116, 78, -5721, 9569, -25636)
(-73, 81, 51, -312, 4808, -24338)
(119, 53, 127, 11063, 9883, -26390)
(33, 119, -89, -2346, -19208, -23263)
(-105, 34, 0, -19501, -2032, -31595)
(114, 103, 5, -9584, -5611, 31222)
(-71, -2, 73, -18847, -573, -32565)
(-4, 118, 39, -30611, 2164, -32565)
(-128, -98, -124, -15817, 12496, -23764)
(87, -111, 8, 3540, -22275, 13719)
(91, -11, -121, -8166, -13695, 17892)
(43, -69, -53, -7060, 1927, 3402)
(36, -41, 80, -6599, 5953, -9924)
(47, 59, -21, -1316, 8603, -11892)
(60, 14, 16, 3088, -4486, -333)
(-10, 34, -105, -7652, -21607, 12420)
(88, -48, -3, 1262, -16175, 14748)
(-75, -99, -93, -5217, -20, 27344)
(-63, -17, -94, 2049, -18379, 21296)
(-32, -29, 62, 4762, -3263, 17395)
(51, 76, -37, 6012, -4345, 17671)
(-88, 68, -97, 6985, -7675, 23162)
(12, 107, -53, 5654, -3842, 23920)
(-127, 55, -2, 10440, -6547, 24873)
(-6, 1, 36, 7764, -5197, 27810)
(70, -96, -16, 8421, -2273, 27356)
(59, 99, 61, 17332, 665, 26107)
(-28, -97, 53, 7942, -3227, 24568)
(-58, 54, -109, 598, -1237, 19155)
(-29, 86, -66, 1470, -5236, 6337)
(-87, 75, -22, 8820, -4723, 197)
(63, 100, 100, 13701, -913, -3874)
(62, -57, -103, 10789, 2169, -4755)
(95, 62, -53, 2482, -211, -4407)
(116, 8, -27, 2827, -1600, -2676)
(-91, -38, 23, -2315, 765, -3223)
(-55, -83, -17, -424, -196, -4135)
(17, 102, -23, -294, -111, -3970)
(83, 91, -28, -1017, 837, -3770)
(-92, 49, -30, -2290, 6246, -4748)
(21, 97, 15, 9155, -13102, -18155)
(16, 58, -106, -13060, 11171, -20159)
(89, -65, 42, 23830, -5494, -23745)
(58, 63, 81, -6628, -9978, -19386)
(-2, 4, -103, -11669, -8063, 31399)
(-28, 93, -90, -20138, -4686, 31436)
(99, 75, 63, -25344, -795, -32564)
(-62, -27, 105, -30216, -2411, -32564)
(-44, -57, -29, -29254, 4727, -32564)
(-55, 50, 16, -162, -2848, -13457)
(-96, 39, 75, -15540, -13399, 11617)
(116, -5, -67, -19926, -31294, 27692)
(86, -70, -69, 32335, 8844, -2124)
(126, -30, -41, -2010, 12092, -27365)
(-125, -120, 0, 8380, -8136, -8098)
(-116, 78, -49, -13508, 1643, -832)
(107, -9, 35, -7069, 1693, 1625)
(77, 120, -11, -1181, -7824, 8716)
(-91, 82, -121, 1459, -12781, 11693)
(-1, -93, -100, 1153, -5186, 15859)
(-36, 121, 55, 5186, -2962, 13106)
(-18, 84, 108, 3007, -12090, 18693)
(120, 23, 25, 6489, -10301, 19459)
(33, 46, 65, -3293, -10951, 25476)
(-60, -53, -20, 6904, -7775, 19877)
(53, 122, 8, 7691, -10909, 22629)
(32, -20, 106, -10803, -4052, 14887)
(20, -94, 44, -7207, -8473, 15186)
(-67, -69, -128, 8025, -5479, 16334)
(-73, 18, -58, 7037, -2400, 16452)
(-122, -61, -71, 8698, -5897, 10081)
(-127, -61, -49, 2604, -68, 4369)
(102, -93, -99, -1252, 394, -648)
(104, -111, -90, -5613, 6224, -4253)
(-70, -118, -128, -8511, 10284, -12336)
(23, -34, -116, -13573, 11122, -15082)
(28, 15, 1, 1210, 12435, -6718)
(-24, 80, -79, -16059, -22718, 25573)
(-34, -86, -49, 23663, 32437, 9639)
(15, -49, -11, -26115, 15756, -17295)
(-80, -3, -69, -7197, 19532, 29649)
(-111, 60, 99, 18154, -6455, -14391)
(-24, 73, 4, 27389, -18975, -31438)
(6, 57, -22, 12935, -12139, -29667)
(100, -63, -2, 29328, -17052, -28089)
(-85, 124, 118, 18886, -10393, -18991)
(-128, 25, -25, -27991, 28089, 32482)
(-96, 16, 63, 31997, 30387, -13375)
(-56, -36, 35, -11724, -334, 20001)
(-108, 115, -1, -27685, -12424, 6744)
(-128, 96, -104, -14771, -13446, -3506)
(96, 76, -12, -20195, -1266, -108)
(-85, -86, 109, -26769, 16024, 4621)
(-47, 1, 59, 27265, 27879, -379)
(48, 52, 8, -20085, 1457, 2868)
(-103, -126, 52, 27841, 14414, 5399)
(73, -76, 56, 31886, 10360, 9978)
(31, 72, -36, -26581, -9411, 15184)
(-128, 48, 109, -16036, -3603, 16151)
(-46, -116, -3, -18300, -1783, 20267)
(-40, 11, 73, 5648, -2831, 21917)
(-126, 44, 119, 11143, -9086, 25435)
(-75, -7, -47, -3876, -23, 21444)
(71, 62, -69, 8822, -4553, 21134)
(124, 8, 120, 1773, -5972, 20250)
(117, 34, -114, 4306, 2547, 18674)
(10, -20, 102, 12601, -9104, 22600)
(-73, 109, -100, 13167, -5930, 16665)
(-12, -58, 81, 10203, 909, 8108)
(-79, -38, -23, 11062, -2522, 4072)
(102, 32, -93, 6149, -2744, -87)
(-17, -122, -72, 984, 485, -2365)
(-4, 108, -44, 4566, 2063, -5133)
(39, 60, -48, 3934, -685, -6919)
(87, -81, -52, 1677, 371, -12792)
(-85, -99, -32, 5089, -4582, -20720)
(-65, 14, -7, 5486, -6330, 27008)
(-109, 86, 5, -6362, 22377, -29987)
(-9, 20, -82, -6302, 164, 31929)
(92, 10, 66, -29683, -6032, -32564)
(87, 92, 72, 29673, -5692, -32564)
(57, 67, -28, -24443, -17474, -32564)
(-99, 61, -50, 28550, 20170, -32564)
(74, 4, -24, 31995, 1712, -32564)
(8, 100, 68, -23621, 73, -14964)
(-124, 61, 84, -12401, -9415, 19218)
(-49, 111, 107, 11326, 18786, 24895)
(-17, 102, -29, 23494, -22831, 8694)
(88, -23, -54, 4311, 15651, -21063)
(-123, 96, 60, 1070, -16001, -9719)
(9, -94, 105, 3255, -1661, 4861)
(-85, 45, -96, 14955, -14081, 9203)
(-101, 55, -88, 12803, -7552, 833)
(105, -64, -16, 12772, -4443, -3626)
(94, -48, -106, 26382, -16358, 6506)
(57, -6, -13, 10748, -10750, 17481)
(92, -52, 50, 16205, -8893, 24010)
(36, -78, -4, 17376, -15981, 20586)
(126, 37, 21, 11815, -9824, 24344)
(82, -49, -12, 14365, -8599, 22421)
(92, -114, -125, 13094, -4930, 22499)
(87, 112, 39, 11200, -557, 20228)
(-114, -77, 101, 13619, 1862, 18592)
(-121, -19, 63, 7707, -7584, 24334)
(93, 22, -9, 9518, -10967, 25470)
(-57, -83, -16, 5898, -2993, 19328)
(19, 80, 96, 1640, -3379, 14859)
(61, 13, 117, -8730, 2613, 5414)
(0, 73, -124, 5526, -417, 4345)
(-5, 124, -5, 7686, 2843, -3737)
(-111, -88, -124, 8708, 2848, -7649)
(-43, 109, -113, 8976, 2534, -8687)
(126, 33, 6, 10107, 1419, -12750)
(63, -28, 75, 22053, -1753, -21354)
(38, 56, 58, 14896, -3955, 25642)
(30, 125, -121, -7156, 10674, -32566)
(-23, 104, 70, -508, -4997, -32566)
(51, 13, 38, 241, -3462, -32566)
(-103, -102, 55, 28567, -209, -32566)
(43, -99, 0, 27535, -8994, -32566)
(43, -109, 88, -24167, -3217, -32566)
(60, 120, 114, -22750, -3844, -19840)
(-83, 105, 103, -15368, -10596, -2008)
(53, 50, 93, 30799, -9424, 27483)
(-92, 41, 123, -30051, 20429, -23682)
(-100, 3, 93, -18438, 23871, 18945)
(-79, -35, -45, 230, 12913, -16212)
(-98, -118, 107, -8377, -7119, -5423)
(-102, 83, 110, -1387, -13970, -113)
(88, 36, -15, 52, -610, -5164)
(127, -106, -100, 10506, -9728, -1829)
(114, -83, 20, 9126, -20287, 7987)
(-98, 26, 25, -6790, -18150, 12098)
(-65, 125, 119, -1349, -22779, 15643)
(-57, -95, -94, 4041, -23007, 16728)
(88, 40, -69, 5072, -18935, 18846)
(-25, 125, 24, 10910, -9949, 19000)
(61, -68, -64, 14690, -11147, 21162)
(-11, 78, 52, 11298, -12535, 22190)
(-4, 31, -94, 1431, -8039, 22823)
(18, -67, -50, 10049, -8495, 22264)
(-126, 119, -93, 15794, 1702, 16243)
(69, 19, 16, 10859, 890, 16143)
(26, 120, -102, 8621, -1887, 12908)
(51, 120, 56, -1846, 813, 7625)
(59, 2, -60, -1951, 3427, -2736)
(101, -72, 70, 762, 1895, -10019)
(-26, -47, 90, 4277, 351, -18174)
(125, -87, -68, 4175, 6899, -25150)
(38, 42, 10, 8732, 5960, -30998)
(109, 94, 52, 9491, -3463, 30605)
(83, 25, -90, 4500, -7712, -32564)
(81, -22, -49, -4555, 5319, -30945)
(71, 43, -13, -2594, -12482, -18746)
(67, -36, 99, -29588, -16244, -25416)
(0, -58, -26, -26184, -21951, 30566)
(97, 105, -15, -25601, -8817, 32449)
(-30, -88, -63, -27596, -7184, -32564)
(88, -68, 6, -18915, -6259, -32564)
(107, -64, 81, -26678, -5341, -17427)
(-128, 7, 51, -23423, -7674, 2312)
(-115, 85, 57, -3559, 19444, -21340)
(68, -5, -38, -4582, -29360, -28748)
(-43, 53, 87, -3053, 17836, -6204)
(102, 119, -90, 348, -18223, 901)
(83, -74, -24, -894, -10594, 3221)
(-70, 59, -103, 9390, -11888, -171)
(72, -47, -114, -484, -13005, 4615)
(104, -41, 119, -213, -20725, 17230)
(108, 104, -111, 2751, -22059, 14908)
(-86, -96, 85, 5791, -12324, 16787)
(-116, -19, 29, 11074, -17237, 21475)
(-45, -27, -44, 10711, -10076, 21079)
(-60, 61, 118, 4028, -12652, 26545)
(116, 36, -96, 15031, -13010, 23338)
(-16, -14, -69, 6667, -6857, 22728)
(-27, -30, -35, 7569, 776, 21954)
(-84, -65, 106, 8947, -13234, 22638)
(7, 104, -94, 12814, -4668, 15347)
(74, -45, -98, 10180, -9508, 10847)
(27, 125, 78, 12272, -7827, 1412)
