(29, 63, 15, 2621, 5791, -32013)
(89, 58, 8, -17894, 722, -32013)
(-127, 25, 117, 23472, -1292, -32013)
(5, -8, -68, -30275, 8429, -32013)
(6, 124, 82, -22248, 6594, -32013)
(62, -91, -82, 29420, 6704, -17614)
(-88, 67, -90, -32467, -1571, 8022)
(-25, -93, 101, -32467, 1554, -29914)
(77, 1, 23, -30344, -12822, 29161)
(-14, 80, 126, -407, -31300, 6606)
(76, 28, 53, 14625, -20438, 32642)
(120, 119, 111, -12163, -18114, -32012)
(-103, 46, -32, 28476, -14576, -32012)
(-116, -9, 35, 29387, -13685, -11073)
(-69, -80, 100, -32467, -16899, 4388)
(-62, -13, -43, -32467, 27729, 23349)
(28, 24, -91, -32467, -13626, 25517)
(-76, -92, -51, 9908, -14941, 20135)
(-110, -59, 9, 8599, -26811, 30512)
(-55, -53, 44, -1607, -20899, 30231)
(-28, -25, -93, -16119, -3158, 22022)
(-124, -78, 52, -32467, -13070, 17226)
(-4, -105, 15, 32224, -4344, -1332)
(-81, -67, 123, 25506, -5110, -13545)
(-22, -111, 15, 13770, -4691, -11662)
(-91, 9, -119, 17223, -1565, -21396)
(-50, -33, 21, 6614, -1255, -22856)
(-53, -40, 113, 1553, -7402, -10952)
(-55, 59, -29, 1128, -3698, -1096)
(-72, -40, -78, 5785, 2181, 4508)
(92, 32, -64, -777, -886, 4023)
(-70, 115, 106, -1519, -5717, -1034)
(116, -58, 59, 1960, -2932, -1059)
(-118, 23, -105, 13498, 1468, -14279)
(-19, 29, -121, -2703, -6621, -31106)
(23, -11, -57, -18283, -13568, 29510)
(34, 42, -55, -16145, -6155, -25869)
(8, -70, 35, 24172, -15031, -9316)
(-73, -127, -98, -32470, -15143, 19446)
(16, 99, -57, -32470, -19403, -21661)
(85, 90, 31, -4441, -9714, 25966)
(105, 27, -28, -26347, -18992, -31380)
(-97, 101, 47, -7370, -15450, 29510)
(53, 121, 102, -4615, -11101, 10361)
(-51, -48, 14, -14776, -5208, 24472)
(57, 21, 52, -32470, 8942, 15819)
(3, -117, -51, -32470, 636, 5209)
(93, 6, -122, -32470, -12332, -30848)
(-68, -124, -58, -32470, -20842, 26232)
(-80, 96, -32, 7390, -28502, -32010)
(10, -55, -77, -16680, -8872, -32010)
(-5, 78, 13, -14497, -15127, -26191)
(-120, 11, -52, 22630, -15145, -8597)
(-43, 62, 70, -26424, -9604, 8486)
(83, 22, 81, -31172, -14741, 21007)
(-112, -72, 12, 31961, -9363, 22003)
(-89, -13, 102, 1421, -9378, 21635)
(9, -105, 40, -27375, -28207, 30684)
(-126, 48, 17, 8416, -17565, 28466)
(-33, 121, 57, -18188, -12801, 30035)
(57, 83, -46, 27153, -6569, 12036)
(68, -66, -117, 18924, -11213, 4679)
(114, -9, 65, -26988, 3473, -5085)
(52, -45, 33, 13538, -880, -9876)
(112, 127, 111, 22937, -4122, -16642)
(-3, -103, -13, 3519, -3011, -8747)
(-119, -52, -102, 5308, -4433, -6000)
(-93, 15, 87, -5675, 1522, 2934)
(-67, -5, -96, 18784, 4017, 374)
(-126, 66, 91, -12797, -6398, -127)
(110, -93, -110, 3681, 2195, 2680)
(126, 114, -66, -853, 2083, 686)
(84, 109, -89, 2342, -4742, 1469)
(75, 115, -87, 4846, -282, 84)
(34, -104, -48, -1121, -4029, -1582)
(52, -93, -112, 618, -2643, -1486)
(44, -58, -118, 964, -1620, -2430)
(39, -31, -112, 469, -2451, -1377)
(-29, -46, 78, 6395, -2142, -603)
(-77, -34, 87, 10075, -4383, -7408)
(15, -26, 11, -9144, -10185, -23245)
(-66, 65, -3, 1333, -2194, 27809)
(104, -100, -41, -31539, -16695, -32564)
(-127, 98, -9, -28073, -5389, -16675)
(75, 34, -19, -28137, -3556, 9307)
(-21, 93, 100, 30499, -19379, 24042)
(0, -125, 74, -32472, -21406, 30839)
(57, 100, 85, -15438, -6684, 20106)
(103, 114, 8, -18433, -32059, 26544)
(-17, 73, -101, -4402, -15094, 21113)
(97, 86, 32, 25876, -9654, 26761)
(117, -15, 84, -25430, -13382, 16931)
(-8, -104, -22, -32472, -10791, 13585)
(43, -37, 124, -32472, 3720, -485)
(-25, -91, 11, 30275, -9096, -29163)
(5, -126, -14, -31543, -13964, 26427)
(-1, -26, -113, -16216, -19947, -32011)
(-122, -87, -2, -6330, -6354, -32011)
(-63, -37, -13, 32004, -8017, -15640)
(-101, -123, 28, -27005, -3141, -440)
(1, 42, -91, -30551, -14966, 19439)
(71, 107, -75, -22730, -9406, 21909)
(112, -96, -128, -17364, -6020, 21366)
(-64, 30, -4, -16422, -14694, 25562)
(36, -124, -70, 3557, -8470, 29318)
(-117, 64, -112, 5853, -1832, 24030)
(-99, -83, -101, 5117, -5843, 2839)
(-120, -23, -17, 14734, -8480, -739)
(98, 28, -122, 11313, -2093, 2678)
(-64, -64, -78, 12080, 61, 6045)
(-22, -108, -121, 25549, -1448, -989)
(-1, -25, 89, 4817, -7582, -10997)
(71, 21, 110, 27923, -1013, -9262)
(72, -113, -48, 18011, 1632, -10916)
(-118, 56, 88, 15666, -8588, -9604)
(-78, -21, 48, -866, -8894, -4519)
(-121, -83, 120, 8608, 2489, 2572)
(76, -103, -14, 10407, -1065, 81)
(4, -16, 39, -10757, -9213, -1946)
(-35, 62, 119, 9353, 3790, 516)
(-58, 37, -116, 226, -1868, -3193)
(83, -89, 110, 9124, -5760, -12724)
(-64, -58, -34, -9381, -6894, -26000)
(66, -30, -44, -10678, -10719, -30564)
(125, 51, -69, 22666, -15352, -23494)
(-58, 65, -40, 32530, -10044, -5710)
(99, 118, -69, -32471, -11470, 8262)
(-9, -14, -56, -32471, -20754, -32338)
(-67, -2, -55, -32471, -7523, 27304)
(-2, -101, -118, -29541, -24349, 28733)
(36, 66, -96, 10379, -23253, -31954)
(79, 85, 107, 25574, -7210, 19514)
(-56, 51, -114, 9478, -7259, 16451)
(-57, -120, 81, -22568, -5347, 9149)
(-84, 126, -120, 32605, -3262, 4344)
(-84, -112, 89, -32317, -3226, -5307)
(114, -69, 87, 31201, -9871, -29412)
(-86, -49, -93, 11029, -14792, 27527)
(-104, 68, -51, 11514, -14338, -32009)
(49, -53, -55, -17089, -17821, -32009)
(108, 107, 66, -9903, -23096, -24954)
(-46, -92, -61, 28396, -12415, -9521)
(-30, 27, 98, -21956, -5992, 4417)
(-4, -38, 127, -29384, -14659, 21462)
(54, 69, 69, -24459, -6452, 25234)
(28, -29, -26, -13027, -8165, 26116)
(62, 18, -53, -28483, -13942, 20817)
(60, 9, -58, -2533, -19593, 21810)
(14, -28, 109, 18519, -26153, 29073)
(69, -2, -112, 14817, -19546, 13435)
(-66, 70, -114, 8233, -7986, 10217)
(102, -11, -67, 745, 13930, 11369)
(19, -113, -79, 27526, -14241, -1268)
(-3, 120, -57, 20301, 8580, -2574)
(-2, -111, 73, 27129, -232, -4651)
(-34, 68, -37, 23708, 840, -13412)
(-118, 113, -118, 27354, -11175, -6837)
(98, 115, 99, 19432, 2188, -12497)
(-104, -67, -90, 17735, -8381, -7947)
(52, 59, -5, 3393, 664, -12193)
(91, 39, -49, 13080, -15791, -1500)
(-125, -120, -84, 2537, 19199, -4361)
(115, -7, 115, 362, -21661, -6097)
(103, 58, 26, -1837, 9904, 471)
(88, 112, -81, -2371, -9980, -2001)
(53, -84, 40, 1140, 3944, 213)
(57, -24, -116, -6996, -4162, -3033)
(-7, 86, 87, -51, -1503, -1597)
(-7, 89, 91, -5168, -5393, 732)
(-79, 126, 82, -6930, 31206, -5128)
(34, -72, -90, 3542, 20636, 4708)
(-66, -120, 73, -2367, -8451, 1009)
(-82, 89, 60, 668, 2596, 3818)
(-42, 102, 99, -1072, -1905, 1197)
(-69, 57, 66, 635, -1308, 1841)
(-33, 29, -118, -2713, -1140, -1640)
(-67, 91, 96, -1725, -1320, 655)
(-57, 95, -107, 694, -4942, 1114)
(-47, 85, -127, -1600, 3278, -229)
(-45, 111, -61, 2407, -4391, 769)
(-82, 80, -74, 1051, 3745, -970)
(-125, 78, -23, 2283, -462, -6920)
(29, 105, -66, 5490, -2984, -9668)
(-47, -65, -8, 1671, 13867, -16103)
(-29, -46, 14, -26484, -23133, -13795)
(17, -94, -3, -8964, 6857, -22467)
(15, 36, -105, -9959, -17908, -19909)
(18, -7, 29, -23012, -11153, -9462)
(81, 126, -76, 25441, -23510, -2663)
(9, -41, 52, -32471, -23604, 29768)
(-39, -32, 56, -24890, -19391, -30008)
(-65, 100, 75, 3642, -11806, 29665)
(97, 9, -87, -9060, 1731, 6438)
(52, -89, 28, 5756, 32003, -10084)
(-77, -77, 46, 22563, 98, 25067)
(105, 52, -5, 27844, 2104, 8930)
(107, -1, 60, 26932, 23575, 14717)
(15, -83, -84, 3475, 20748, 22019)
(-104, 39, -14, -25464, -3699, -1213)
(-116, 110, 103, 20533, -18373, 2579)
(70, 26, 56, 24404, 3637, -12185)
(36, 17, -59, 21324, -14179, -17603)
(-28, 99, 43, 11535, -7775, -27158)
(42, -85, 60, 5744, -4773, -19286)
(58, 82, 44, -5646, -7414, -28874)
(76, 92, 35, -16540, -15735, -22469)
(-117, 119, -36, -21294, -7627, -12592)
(-3, 25, -45, -26993, -12908, -11080)
(-29, -46, -90, 28818, -16135, 3593)
(40, -78, 113, -22552, -21073, 31670)
(-13, 13, 24, -12747, 5762, -25494)
(-29, -30, -16, -3751, -10931, 9642)
(-84, 44, -9, -16287, -3938, 3220)
(-73, 105, 81, 11623, -8666, 10493)
(79, 18, -94, 162, -19911, 23738)
(-37, 114, -49, -21523, -17136, 18397)
(-108, -33, 117, 24066, 973, 10217)
(-78, -51, -104, 19581, -5671, 15236)
(111, -64, -116, 30588, 2910, 23001)
(-112, -112, 26, 20204, -433, 9118)
(-28, -102, 23, 9205, -4624, 1250)
(-28, 53, 91, -29193, -18044, -11381)
(-74, -111, 97, 10835, -14577, -21869)
(11, -93, -71, 16775, -14284, -27654)
(-51, -98, 44, -1825, 849, -30708)
(101, 51, -18, 748, -7586, -31831)
(67, -41, 127, -10208, -5313, -27277)
(81, -9, 109, -11290, -6809, -21470)
(-12, -24, -60, -15372, -6672, -9653)
(89, 47, -28, -13009, -11811, -874)
(-128, 11, 78, -20203, -10030, -605)
(-81, -128, 23, -10311, -3732, 715)
(-77, 86, -122, -3484, -4294, 1237)
(-70, 24, 66, 8311, -7843, 18844)
(94, 119, -33, -22251, 15465, -30448)
(-116, 50, 39, 25539, -2096, 5696)
(96, -41, -99, 6031, -2480, 4136)
(-89, -3, -115, 5066, -1038, 6054)
(-52, -2, 97, 2556, -2909, 1991)
(15, 7, 107, -1360, 259, 2301)
(0, -67, 28, 5192, -4039, 2125)
(10, -56, 30, -1540, -2088, 131)
(1, -18, 55, 771, -2059, -2243)
(-14, 15, 35, -1195, -3871, -3464)
(-6, 64, -9, -8646, -10278, -3404)
(-64, -111, -59, -3015, -7508, -3603)
(-97, 96, 19, 705, -2833, -1025)
(90, 99, -51, -9928, -216, 1026)
(104, 84, 98, -15734, 4195, 1841)
(110, -57, 48, -15457, 5955, 5536)
(80, 25, 114, -18866, 8282, 5794)
(-59, 75, 0, -17443, 3497, 7091)
(-61, -122, -51, -19804, 648, 11884)
(89, -44, -31, -15254, -3175, 25112)
(-5, -80, -126, -10082, -8044, 11781)
(114, -126, -16, -3882, -30114, -3722)
(49, -92, -15, 25136, -20614, -19224)
(37, -30, -41, -23212, -19016, -6275)
(53, 127, -71, 30545, -1998, 24325)
(81, 100, 103, 27673, -29488, 6933)
(8, 81, 54, 2371, -30169, 14658)
(50, -77, -39, 293, -16049, -16013)
(-106, -30, 14, -32474, -7726, -32606)
(8, 100, 90, 13704, -18189, 29453)
(86, -62, 121, 4592, -22131, -32013)
(-70, -58, 76, -6239, -18987, -26047)
(77, -9, 61, -22426, -6800, -11315)
(85, -14, 38, -12542, -16152, -87)
(126, 110, 11, -17384, -6800, 1261)
(2, -47, -59, -23438, -6631, 9456)
(-106, -63, -82, -19709, -7889, 13802)
(-80, -102, 124, -9963, -11028, 23129)
(62, -44, 10, -8919, -5841, -24824)
(-94, 127, -54, 4212, -950, -32012)
(110, -8, -89, -9483, -3715, 15813)
(115, -60, -36, 26765, -24294, -6607)
(121, -52, -25, -3703, 4846, 4037)
(87, -104, -111, 16392, 826, 18564)
(-58, -104, -71, 19034, -968, 11701)
(-9, 64, 120, 13307, -4953, 2628)
(-52, -83, 28, 15758, -7446, 820)
(-117, -43, 97, 6503, -3851, -165)
(-11, -97, 76, 16331, -2576, -5448)
(-70, 115, -32, 15784, -6450, -4000)
(-92, -78, 46, 4450, -11774, -11824)
(77, 81, -54, -827, 767, -4712)
(10, 96, 21, 23653, -5012, -4374)
(34, 11, 97, -2911, -1091, -4423)
(-94, 3, 71, 10783, -6403, -6649)
(0, 2, 29, -2701, -5529, -13138)
(83, 40, 29, 4795, -8964, -16449)
(37, -19, 29, -11501, -8713, -26093)
(-81, 38, 7, -6051, -8152, -25805)
(116, 34, 77, -22377, -8045, -16833)
(-74, -110, 41, -29127, -17384, -11731)
(-35, 95, -37, 29362, -18884, 3438)
(-41, 40, 21, -18763, -18168, 24651)
(115, 32, 51, -4242, -2841, -31310)
(58, 120, 112, -7315, -3394, 14795)
(-7, 100, -6, -19401, 29654, 17287)
(-37, 113, -66, 22383, -17328, -3655)
(-55, 90, 59, -22516, 26226, 16718)
(51, -92, 6, 14459, -24870, 15097)
(102, 56, 93, 6685, 30709, -21532)
(73, 78, -18, 291, 25196, -17457)
(9, 86, 104, 7014, 6012, 27276)
(-54, 114, -90, 26242, -16609, 30345)
(108, -98, -41, -22434, -23235, -32015)
(-120, -21, -24, -25366, -6257, -11993)
(-99, -74, 27, -15725, 2403, 6538)
(-49, 20, -4, 26317, -17342, -2517)
(-114, -93, 55, 32717, -22412, 8023)
(19, -24, -29, 19786, 22803, 17802)
(108, 57, -77, 32325, -12959, 31904)
(28, 127, -126, -25575, -12838, 8107)
(-30, 33, -112, 11291, -1962, 20488)
(-65, -51, -34, 18401, 3157, 21288)
(52, -57, -21, -2390, 15268, 18740)
(-23, 8, -9, 8280, 11800, 16888)
(-99, -38, 11, -19205, -10785, -73)
(-48, 44, 21, 24145, -2532, -2946)
(-80, -64, 75, 23246, -32, -3015)
(-72, 78, 34, 17241, 3957, -3970)
(-59, -93, 47, 10044, -8259, -7382)
(-9, -78, -50, 12709, -3996, -11503)
(56, -115, -107, 2683, -6041, -1048)
(75, 52, 56, 17984, -347, -497)
(56, -4, -104, -5322, -4679, 2058)
(56, 13, 15, 8807, 929, 1084)
(19, 18, -126, -5927, -4073, 272)
(14, 51, 24, 1361, -965, 4947)
(5, 39, 52, 65, 1624, -1968)
(-14, 99, 68, -5396, -5596, -3345)
(2, -63, -15, -2290, -4203, -571)
(13, -79, -49, 3683, -1062, -88)
(14, -43, 6, -6964, -7543, -2263)
(-41, -11, -87, 689, -8688, 1456)
(-127, -6, 102, -1249, -4702, 737)
(-52, -79, -12, 20533, -19804, 3781)
(-54, 73, 94, -6468, -3887, -19981)
(126, 65, -60, 1000, -11507, -28090)
(-48, -44, 38, 21746, -9453, -26272)
(106, -22, 117, 31294, -4542, -10397)
(-7, -91, 63, -32481, -9608, 7345)
(50, 23, 3, -32481, 32354, 8191)
(64, 50, -28, -26587, -30366, -8441)
(127, 40, 101, 29464, -32514, -15814)
(52, -100, -57, -3145, -20044, 31631)
(-10, -74, -76, 19045, -19966, 12813)
(48, 35, 81, -22515, -12614, 23698)
(67, -127, 93, 23527, 31964, 15873)
(78, -93, -42, 13180, 30711, 31146)
(8, 38, 30, -4766, 16111, -28540)
(-67, -122, 95, -17313, -14075, -21202)
(-70, 54, 106, 7560, -6746, 18997)
(-91, 75, 106, 19364, -12268, -32013)
(-85, 1, -87, -10744, 1724, -32013)
(-94, 117, -12, -18945, -21256, -24897)
(-110, 0, 18, -28568, -7690, -9798)
(42, 21, -127, -1604, -31051, 30910)
(26, 123, -53, -10194, -9941, 27257)
(-42, -78, -112, -26556, -14743, 5763)
(-79, 33, 60, -4994, -5722, 25885)
(34, -13, -84, -13930, -630, -30617)
(-51, 7, 13, -10566, 145, 30787)
(-17, -12, 108, 21337, 14714, 5490)
(2, -41, 28, -30720, 7075, 13266)
(67, 110, 93, 10277, -8992, 7499)
(24, -60, 108, 15499, -1476, 8012)
(21, -87, 1, 2294, 1523, 7889)
(12, -10, 12, 23547, -4468, 6184)
(50, -38, 72, 4427, -4690, 3139)
(91, -76, -40, 14585, -4871, 4063)
(-98, -35, -93, 8609, -7330, 2163)
(-50, -30, 112, 11871, -6779, 1469)
(-37, -107, 98, 5780, -9320, 1013)
(-47, 85, -109, 6854, -8057, 2069)
(-70, 70, -70, 12086, -5640, 4508)
(-119, 106, -72, 4492, -6808, 991)
(92, -116, 36, 3745, -6464, -930)
(122, 76, 20, 7437, -2905, -1820)
(-119, -36, 11, 3725, -5046, -987)
(-101, -71, 33, 5695, -4356, -837)
(-89, -115, 67, 5900, -3661, -1057)
(-84, 92, 89, 5078, -3894, -470)
(-78, 61, -110, 5244, -2940, -1721)
(-48, 27, -66, 1508, -2725, -908)
(-19, -33, -99, 5542, -492, 308)
(-31, -36, -83, -546, -1860, 110)
(-41, -79, 89, 5324, -1156, 1175)
(-93, -36, 118, 1944, -3866, -1015)
(-101, -43, -71, 4917, -2690, -5815)
(-39, -96, 3, 3004, -2612, -7129)
(-91, 107, 114, 3705, -1510, -15030)
(35, -115, -97, 1432, -10649, -20175)
(-102, 38, 64, -9881, -11103, -23452)
(43, 98, -39, -9780, -8750, -21394)
(-84, -69, -88, -17184, -6352, -16250)
(104, -125, 127, -20543, -6977, -8086)
(87, -81, 107, 27938, 850, 7854)
(-95, 77, 79, -17698, -2230, 22497)
(-1, 117, 59, 28181, -7675, 10894)
(-36, 111, 96, -32574, 31121, 7051)
(-118, 18, -116, -32485, -32004, 31860)
(108, 53, 31, -8465, 28999, -13333)
(21, 91, -104, -29570, 28508, 26001)
(-122, 52, -100, 12620, -23268, 14081)
(98, 126, 127, -7569, 30710, 27965)
(53, -73, -112, 9895, -16869, 11714)
(-34, -25, 10, -19498, -15135, -7458)
(-46, 110, 118, 20936, 1432, -30452)
(-14, -52, -33, 17450, -11482, -30267)
(-98, 21, -18, -10174, -748, -30403)
(107, -34, 93, -9642, -9612, -27986)
(28, 48, 101, -18524, -11594, -15478)
(62, 34, -88, -27543, -16884, -4698)
(105, 72, -111, -15197, -14227, 3908)
(52, 87, -39, -22197, -10457, 15910)
(83, -6, 105, -1458, -21586, -20452)
(-23, -52, -111, -22574, -15358, -32015)
(-71, 109, -117, -8945, -18454, 16769)
(26, 122, -19, 17452, -20413, -19728)
(-112, -37, 119, -22592, 6719, -6049)
(-38, -96, -126, -27945, 31381, 7219)
(25, 23, -47, 23153, 15870, 23106)
(-113, -18, 17, -26971, -22441, 10903)
(-46, -110, -127, -10704, -13471, -13095)
(10, -56, 56, 25372, -14421, -20461)
(93, -120, 0, -2249, 17003, -13839)
(-15, 66, 26, 12945, -7303, -9404)
(-30, -52, -54, 2865, 2462, -4036)
(-10, 86, 87, 12812, -5216, -2751)
(-45, 13, 66, -2576, -3905, 4455)
(-18, -32, -53, 9502, -896, 15873)
(-52, 122, -111, -2710, -1428, -480)
(-67, -83, -115, 4716, -4685, 3517)
(-74, 123, -108, 5277, 880, 2620)
(-47, 97, -63, -668, -1859, 1045)
(-25, 100, -69, -2754, -1545, -450)
(32, 107, -78, 4726, -2878, 292)
(47, -121, -85, 5517, -3457, -57)
(68, 88, -54, -1819, -1213, -1537)
(91, 83, -59, 6424, -1058, 3579)
(-112, 40, -29, -3466, 2376, 707)
(115, 73, -14, -2298, -3548, 1747)
(-109, -123, -35, 50, -1467, 2433)
(-115, -113, -72, -3173, -5618, 3399)
(90, -121, -83, 930, -2777, 51)
(-53, 94, -60, 7622, -4510, -5119)
(-57, 78, 101, 3262, 490, -6737)
(-37, -1, -27, -1475, -296, -15192)
(-37, 12, 1, -16410, -4606, -24175)
(34, 78, -43, -18508, -10457, -17140)
(-7, -70, -16, 32532, 1389, -17231)
(-110, -17, 23, 30464, -15199, -58)
(98, 18, 59, -10484, -29739, 15594)
(-45, 53, 2, -7242, 26451, 32482)
(-29, -23, 44, -7074, -28377, 25853)
(40, 108, 83, -30674, -19423, -24955)
(98, -56, 77, -14217, 25198, -1080)
(-59, 87, -36, 32262, 19763, 18816)
(56, 2, 50, 6617, -27583, -24155)
(56, -79, -48, 11164, 30708, -30946)
(87, -54, -85, 281, -32217, -11742)
(-48, -120, -13, 9530, 24735, 27656)
(113, 77, 36, -25837, -7882, 29585)
(22, -102, 74, -4349, -15974, -32014)
(51, 10, -54, -8622, -9836, -32014)
(115, -112, 10, -26375, -16194, -9421)
(-42, 67, 57, 10328, -24596, -4469)
(-24, -28, 42, 16469, -31507, -32415)
(-31, -57, 122, 16819, -26174, 18813)
(22, -107, -23, -17676, -26301, 15574)
(55, 71, 78, 5975, -1651, 18929)
(108, 100, -72, -7021, -9633, 12117)
(-11, 105, 122, 10721, 14181, 30148)
(107, 27, -59, -25416, 19038, 18497)
(-25, 115, 92, 2244, -5891, 27505)
(-42, -101, 82, 15285, -13617, 20592)
(3, -77, -26, -20468, 661, 32651)
(-56, 27, 29, 3472, -5241, -8382)
(52, -82, 43, -31800, -8732, -4515)
(20, -54, 61, -5244, -694, -13351)
(14, -63, 82, 14815, -10563, -3156)
(106, -57, -43, 11583, -2023, -10240)
(-20, 43, 99, -1893, -13972, -4570)
(116, -88, 123, 13562, -5677, 217)
(-68, -22, -118, 3308, -1907, 3405)
(112, 88, 44, 8104, -1472, 4092)
(26, 18, 81, 1540, -2268, 3014)
(16, 54, 34, 5950, 217, 1621)
(-12, -80, 127, -923, -2335, 1632)
(7, -81, -120, 5107, -2135, 185)
(9, 12, 106, 2406, -4366, -1177)
(35, 4, -115, 2108, -3477, -701)
(63, 12, 70, 3707, -1737, -798)
(57, 42, 71, -518, -3981, -243)
(83, 28, 26, 3979, -985, 126)
(75, 43, -12, 86, -2535, 1338)
(101, 67, -61, 3814, -1282, 1509)
(113, 100, -102, 1899, -1343, 1598)
(-115, -127, 78, 1245, -2603, 1473)
(-103, -107, 87, 855, -2646, 878)
(-64, -116, 9, 3367, -1617, 830)
(-73, -106, -15, -1474, -3406, -433)
(-59, 116, -46, 2612, -2701, 1175)
(-63, 109, -91, 3264, -3312, 177)
(54, 103, -78, -2535, -4998, -3611)
(-35, 58, -32, 5178, -8627, -10475)
(-24, -67, -81, -148, -4192, -29114)
(19, -68, -7, -15953, -7815, 28509)
(115, 2, 24, -21129, -3057, -32015)
(-71, -54, -51, -24357, 733, -20229)
(116, -126, -120, 30673, -1781, 1511)
(-47, -104, -9, -15575, -16411, 27448)
(74, -115, -50, -28136, 28996, -23229)
(-63, -86, -77, -6442, -20982, 32460)
(-118, -120, 60, 755, -24739, 4734)
(69, -124, -31, -8037, -27534, 32426)
(-72, -21, 48, 26605, 11863, 12111)
(40, -60, -122, 31424, 10329, 14987)
(-53, 79, -45, 28063, 15760, 10499)
(48, -107, -91, -19972, -26092, 24217)
(-82, 29, 93, -13874, -28724, -21312)
(-83, -100, 91, 14303, 8670, -21467)
(-113, 76, -29, 22521, -6764, 28912)
(32, -83, -77, -19146, -10914, 32534)
(-39, -32, 106, -26305, -9009, -23585)
(91, 89, -4, -28875, -17098, -7752)
(-33, -102, 50, -5478, -19896, 16114)
(-50, -47, 7, -29668, -20527, -497)
(22, 76, -117, -7016, -27963, 8987)
(-62, 106, -93, 28346, -20680, 9465)
(-61, 78, 82, -12378, -9397, 10076)
(8, -89, 120, 10930, -3861, 22886)
(-121, 70, -122, 16394, 17857, 20589)
(82, 90, -120, -8892, 3928, 10417)
(-78, -89, -71, -15162, -27183, 24011)
(-93, -3, 29, 18771, 5705, 16409)
(-56, -71, -69, 17605, 8653, 7014)
(117, -11, 53, 12917, -7750, -629)
(115, -90, 122, 17742, 945, -7574)
(27, 25, -59, 8046, -6832, -11874)
(111, -23, 47, 7733, -5487, -8188)
(-56, 110, 117, 3200, -2297, -5609)
(-19, -3, 12, 3464, -1240, -2823)
(-29, 20, 55, -800, -85, -1034)
(-47, 19, -25, 2177, 2553, 3583)
(-77, 26, 7, -253, -312, -92)
(-61, 1, -13, 212, -1704, 4997)
(-59, -60, -48, 1298, 1046, 4917)
(-83, -80, -15, -948, -1915, 3551)
(-91, -124, -36, 24, -1328, 4868)
(-96, 43, -47, 1940, 1785, 5081)
(119, 3, -17, -119, -3550, 6292)
(77, -65, -82, 454, -1122, 4629)
(39, -101, -71, 1099, -2834, 6087)
(-22, 101, -111, 2970, -1060, 5650)
(-56, 73, -112, -526, -2735, 3537)
(-79, -14, 54, 2299, -5101, 5294)
(-127, 0, 72, 1598, -1646, 5198)
(36, 42, -111, 4131, -4952, 1397)
(75, 46, -112, 2647, -3374, 1892)
(96, 26, -108, 3485, -2522, 1238)
(-123, 59, -71, 2511, -2882, 2275)
(124, 82, -56, 3204, -1792, 1068)
(-128, -122, -20, 1937, -3382, 293)
(-84, -111, -24, 4322, -4178, -805)
(11, -52, 12, 4052, -4509, -1540)
(76, -37, 1, 9617, -6092, 765)
(-90, -11, -5, 2181, -10897, 4372)
(-121, 5, -97, -10137, -7446, 3342)
(92, -18, 22, 2949, -202, 369)
(65, 0, 69, 6671, 2439, 1727)
(89, 35, -45, -7315, 828, -1167)
(84, 42, 97, 6816, 1892, -6067)
(126, -84, -110, 2051, -6908, -6120)
(-101, 20, 55, -1554, 211, -6269)
(125, -60, 66, 624, -3264, -7140)
(59, 1, 17, -312, -2412, -9472)
(-56, -75, 70, -4706, -3416, -5988)
(-101, 124, -1, 8984, 2750, -6330)
(22, -85, 47, -4315, -2750, -4819)
(-25, -117, -4, -1, -1058, -4594)
(-99, 124, 52, -1619, -1224, -2114)
(93, 96, 63, -5366, -3150, -2207)
(78, 22, -73, -3856, 232, -5886)
(22, -9, 99, -6044, -4753, -5353)
(-118, -106, -51, -8481, -446, -17051)
(-10, -96, 9, -27708, -6621, -20420)
(-7, -66, -42, -24984, -3842, -12356)
(-20, -95, -98, -23587, -3486, -8517)
(-50, 10, 96, -20460, -7875, -1026)
(123, 114, 19, -27333, -11405, 8068)
(-87, -72, 9, -26266, -19387, 22772)
(-59, -68, 0, -24420, 31778, 32044)
(100, 23, -66, 11905, -27103, 21136)
(-74, 60, -99, -24912, -12809, 14501)
(78, 24, 18, -5375, 27533, 4398)
(72, 114, -97, 28504, 10688, -6590)
(119, 37, 2, 8538, -6095, 2275)
(40, 31, 85, -22285, 3424, 26471)
(-1, 47, -67, 12052, 20996, 9243)
(-25, -29, 115, -29555, -7612, -14247)
(92, 21, 28, 14499, -14849, 26259)
(-122, -47, -38, 14569, 3632, 31521)
(34, 52, -5, -17536, -12924, -32010)
(-60, -97, -49, -7658, -13261, -32010)
(68, 118, -30, -2929, -23445, -21661)
(33, -66, 5, 22732, -8240, -9489)
(-112, 16, -58, 17614, -14627, 4495)
(63, -90, 56, -17394, -10254, 17873)
(-127, -99, 117, -10120, -4607, 2970)
(-4, -102, -66, -6849, -4954, 16325)
(-46, -61, -41, -6391, -18344, 31687)
(82, -33, 20, 14674, -9155, -27940)
(-6, -40, -126, -8169, -9097, 21345)
(14, 44, 38, 15505, -13019, 12806)
(-117, -114, 104, 11014, -6601, 14070)
(106, 60, -88, 32221, -2492, 30038)
(-58, -75, 97, 12246, 10673, 8811)
(-61, -97, 44, 11134, 13275, 16025)
(-86, -23, -118, 25815, -11347, 3653)
(73, -67, 96, 25356, -9313, -12651)
(-61, -127, -23, 6418, -5959, -16922)
(-1, -73, -54, 12479, -8760, -8892)
(41, 98, -116, 19049, -3668, -9523)
(82, 91, -105, -10846, -4971, -2436)
(95, -49, 97, 18590, -1280, 4462)
(22, 16, -93, -6111, -2280, -2435)
(-14, -34, 81, 7478, -788, 5443)
(-101, -40, 93, 1805, -2002, 810)
(107, -23, 72, 2619, -2752, 1020)
(114, -33, 57, 4315, -502, -621)
(123, 20, 83, -1299, -1210, -2937)
(126, 30, 51, 806, -3259, -1755)
(-122, 87, 49, -4440, -614, -1669)
(95, 98, 33, 1674, -2860, -2169)
(69, -113, 50, -5600, -896, -3883)
(22, 126, 1, 15935, -2923, 616)
(-54, -119, -25, -9753, -3842, -6512)
(76, 69, 116, -9793, -6956, -7473)
(14, 99, -82, -5223, 344, -9328)
(-122, -89, 23, -7729, 1402, -9376)
(70, 74, 7, -661, -2699, -5007)
(103, -1, -83, 1417, -1176, -3172)
(96, -25, -95, 1693, 234, 2101)
(-119, -49, -3, 11235, -3880, 7930)
(-102, -35, -76, 9506, -8881, 137)
(49, -76, -51, 3817, -14808, 3186)
(7, -32, 23, 7151, -5079, -2612)
(-57, -21, 119, -6016, -4078, -11688)
(118, -9, -25, -17505, -4466, -15052)
(-39, -33, -63, -22884, -1310, -14626)
(75, -33, -46, 29594, -4054, -10168)
(105, -30, -101, -30102, -7497, -2726)
(3, -98, 19, -31321, -7036, 11722)
(56, 90, -121, -19031, -16486, 25415)
(49, 92, -70, -10307, -19057, 15489)
(-24, -4, -36, 1789, -15012, 9895)
(-1, 71, -40, 12014, -16983, 20538)
(28, 86, 56, 23832, -9711, 18444)
(-2, -83, -47, -25044, 9365, 672)
(-102, 98, -116, -18406, 4310, -9656)
(24, -71, 41, -16549, 2295, -15417)
(58, -127, 57, 5526, 13871, 7003)
(-59, -53, -58, -23183, -6681, -10025)
(-75, -108, -26, 5275, -24654, -30316)
(-19, 78, -113, 32115, -16036, 31404)
(-99, -119, 28, -2749, -5798, -30562)
(72, -77, 3, -6712, -8598, -26807)
(69, -47, 98, -20773, -5788, -22718)
(56, 53, 50, -22660, -6736, -11824)
(-37, 99, -26, 31452, -8905, 655)
(-120, 99, 89, -32561, -7810, 11623)
(-52, -16, 109, -22122, -16338, 21495)
(-41, 125, -64, 29423, -9029, 31102)
(15, -40, 75, -7512, -20423, 29245)
(-103, 88, -45, 11979, -22385, 3553)
(68, 80, -2, -1729, -27033, -847)
(119, -125, -53, 19439, -11624, 18579)
(-78, 111, -41, 31091, -6540, 6586)
(-10, 86, 124, -30382, 23006, -512)
(-86, -115, -48, 12420, 28736, 21319)
(-118, 117, -60, 21377, 12030, 19247)
(122, -119, -70, -26916, -7782, 13305)
(-10, 98, 120, -32265, -11634, -13510)
(82, 7, 19, 9171, -6843, -14167)
(80, 23, -67, 11874, -21179, -15333)
(-23, -82, -66, 181, -5691, -3767)
(112, 24, 64, 7223, -7245, -6205)
(63, 29, 40, -1719, -1520, 1442)
(-29, 0, -1, 1224, -4707, -1841)
(-33, 63, -36, -3447, 387, 3961)
(-29, 5, -35, -3161, 905, 5629)
(-74, 25, 9, -4452, -2418, -1460)
(-87, 97, 76, -990, -131, -304)
(-34, 102, 94, -4546, -419, 3167)
(-9, 76, 87, 1237, -3854, -826)
(-32, -123, -118, -3095, -4014, -862)
(127, -128, 126, 7149, -493, -2391)
(60, -107, -83, -6593, -6293, -8660)
(70, 29, 41, 3573, -9877, -21354)
(124, 37, -40, -23166, -7998, -28803)
(86, -34, -18, -29713, -2985, -23945)
(64, 30, 64, 32286, -5079, -3339)
(53, -105, 53, -25437, -10572, 10568)
(43, -106, -126, -21740, -20743, 30588)
(-69, -67, -26, -31188, 21657, 22831)
(-4, -10, 53, -10820, 31111, 13384)
(-117, 118, -91, -7589, 6109, -19412)
(-60, -34, 89, -3224, -22121, 12715)
(124, -76, -77, 23551, 17449, 15466)
(48, -97, -110, 26815, 20207, 7336)
(-55, -71, 41, -19352, -27192, -19990)
(-97, 87, 22, -20160, -2242, -5595)
(-52, 124, 63, 26066, 2634, 15223)
(54, 45, 7, -29425, -15912, -25436)
(83, 34, -30, 18224, -16613, 31178)
(-33, 109, -73, -2649, -283, 31100)
(-78, 102, 66, -828, -7989, -27777)
(27, -66, 75, -8035, -11108, -23572)
(-90, 0, 19, -20712, -11302, -18076)
(101, -55, 19, -17758, -16181, -9270)
(-48, -17, 2, -22120, -19115, -65)
(-48, 74, 111, -28255, -15705, 10569)
(-90, 65, -88, -12171, -19637, -18040)
(1, -100, 62, -23464, -20359, 11138)
(-113, -38, 85, -19260, -17300, 24932)
(-119, -96, 38, -2199, -31572, 19627)
(37, 18, -69, -16197, -24704, -6491)
(-102, 115, 82, -9107, 6156, -12475)
(-114, 14, 66, -30216, -6419, 17268)
(-58, -52, 110, 21770, 6547, 12423)
(-9, -65, 36, -18618, -32649, 12518)
(-29, 38, 75, -15324, -11946, -5122)
(-7, 33, -100, 19983, 8567, -16323)
(-107, 104, -106, -31627, 457, -23103)
(-49, 61, -55, 12274, 2725, -16015)
(43, 7, -80, 14891, -6811, -28462)
(-47, -73, -92, -11187, -5561, -6922)
(14, 15, -86, -23091, -905, -27727)
(29, 93, -5, -29317, 4646, -21935)
(71, 45, 6, 4319, -274, 3245)
(87, 34, 76, 2186, 913, 4964)
(-43, 64, -79, -3951, -1040, 2752)
(-40, 42, 117, 1078, 191, 2902)
(-81, -11, -106, -1080, -913, 4121)
(-92, 1, -108, -1344, -41, 1527)
(-93, 61, -110, -4558, -2992, 1782)
(-76, 78, 60, 1183, 855, 2330)
(-40, 96, 101, -3647, -1620, 959)
(-61, 122, 46, -2304, -3051, 1191)
(-59, -127, 34, 1810, 126, 656)
(-89, -90, 103, -2812, -3174, -1528)
(-88, 16, 111, -5725, -1124, -5036)
(-32, 113, 82, -3642, -2055, -2017)
(45, -48, 57, -2213, 987, -2032)
(76, -11, 69, -1774, -1062, -1082)
(120, 0, 64, 1024, -533, 2200)
(-127, -42, 82, 1329, -457, 3035)
(117, -118, 95, 3215, -1728, 4014)
(89, 96, 111, 2303, -2371, 3328)
(50, 43, -105, 2828, -1023, 2593)
(22, 19, -89, 2520, -1253, 1301)
(-21, 19, -48, 967, -2477, -1805)
(-18, 38, -64, 2144, -2853, -1660)
(-53, 110, -50, 50, -3352, -5839)
(-76, -72, -11, -1926, -2569, -7435)
(52, 91, 46, -9916, -9825, -14071)
(85, 12, -70, -10259, -11015, -18062)
(75, -65, 96, -30563, -10942, -16504)
(64, -39, 31, -25813, -6555, -8446)
(-117, 76, -61, -29858, -8744, 8849)
(123, 32, -44, 32084, -9698, 17254)
(-30, -69, 3, -25547, -32489, 31982)
(-101, 28, -38, -29106, 26855, 13426)
(-111, -36, 120, -16015, -24652, -14612)
(-66, -69, -104, -27706, -13961, -13474)
(-56, 91, 69, 25746, 12999, 14070)
(103, -71, -73, 29837, 26735, 9978)
(41, -126, 91, -30443, -28804, 24675)
(63, 7, -95, -10700, -7844, 12427)
(30, 60, 35, -32490, 4165, -23395)
(-25, 67, -76, 16712, -1152, -30996)
(-125, 16, 98, -2342, -11893, 29633)
(94, -57, 58, -9586, -7412, -32011)
(-38, -14, 13, -14038, -14809, -27595)
(-36, -4, -103, 29827, -22050, -21568)
(-110, -34, -8, -19742, 29903, -2974)
(93, -37, 77, 9832, -27533, -30586)
(-83, 75, -128, -21195, -21786, -27113)
(70, -97, -1, -11560, -20062, 7151)
(-100, -7, -14, -501, 8193, 25347)
(82, -85, -90, 2557, 6174, 24302)
(-55, 11, 119, -3691, 6327, 23594)
(43, 96, 43, 11782, -4807, 16156)
(-84, -56, 84, 15945, -409, 23331)
(-40, 100, 23, 21513, -895, 6853)
(13, 58, -84, 31384, 5238, 1361)
(-14, 120, 10, 23717, 9738, 7697)
(-33, -75, -18, 22022, -3355, -2887)
(-35, -98, 96, 19518, -10957, -202)
(-31, -20, -54, 13090, -6358, -8508)
(-14, -113, -92, 6781, -13035, -2503)
(93, -61, 118, 5392, -11219, -1249)
(87, -30, 125, -265, 432, 1774)
(68, 98, 62, 4493, -1423, 459)
(88, -90, 66, -3417, -1552, 3269)
(79, 117, -41, 6223, 2555, 1101)
(86, -109, 41, -2759, -2731, 219)
(103, -89, -36, 5625, -5995, -3143)
(126, -78, 7, 2893, -5181, -2495)
(-81, -58, 36, 4708, -6152, -2632)
(-39, -62, 77, -941, -2480, -752)
(12, -117, 46, 4600, -843, -248)
(-11, -98, 88, 2377, -2656, -811)
(-62, -34, -122, 1643, -1357, -1888)
(-80, 48, -59, 65, -881, -8026)
(-49, 31, -12, -7115, -1792, -10614)
(-90, -102, -50, -2718, -2112, -11228)
(-43, -42, 11, -12490, -7391, -18859)
(-78, -40, 121, -8205, -10716, -18885)
(-68, -117, 22, -19395, -13962, -19108)
(-75, -113, 108, -30461, -11610, -18321)
(22, -65, 54, 29584, 30867, -4776)
(7, 69, 100, -14158, -8159, 17020)
(82, 11, -16, 29610, 10639, 24791)
(67, 56, 29, -18632, 2396, 31075)
(-25, 102, 114, -24610, -26420, -22115)
(-13, -33, -87, 28777, 32267, 20371)
(120, 50, -84, 274, -23898, -19880)
(35, -66, -37, -32493, 7390, 23036)
(7, -26, -112, 28687, -17748, 20198)
(83, -77, -89, 30992, 30702, -27745)
(-104, 43, -94, -9480, -16995, 15682)
(-43, 72, -51, -6153, 9216, 752)
(120, -80, -79, 26282, -6760, 24965)
(87, -52, -22, -2375, -11995, 29818)
(-28, 74, -43, 2206, -11428, -28053)
(6, 55, 27, -13482, -9716, -19674)
(-115, -115, 72, -31868, -21697, -17130)
(-50, 101, 113, 31619, -18165, -5878)
(64, -24, -51, -16313, 31816, 19193)
(-32, -7, 76, -26476, -22085, 27162)
(7, 119, 66, -25018, -8302, 20761)
(81, -2, -47, 8427, -8343, 13818)
(79, 39, 82, 27302, -12352, 19028)
(63, -30, 101, 9683, -12984, 24635)
(35, -3, -92, -22084, -21577, 7586)
(-107, 89, -111, -32493, 11279, 12053)
(-27, 113, -12, 17642, 2737, 5647)
(-116, 91, 87, 487, 23157, 8445)
(0, 58, 65, 11588, 14992, 13524)
(-86, -9, 44, 28715, -74, -1464)
(-74, -111, -123, 13481, 2998, -4968)
(118, 28, -115, 4356, -3875, -3835)
(75, 29, -18, 7243, -9705, -8147)
(27, 26, 39, 5214, -10748, 1243)
(-49, 99, -53, -2817, -2628, -6599)
(106, -45, 68, -5863, -6723, 2058)
(88, -16, 80, -4436, -7124, -184)
(1, 21, -116, -4008, -5885, -6305)
(65, 41, -52, -12141, -7921, -5322)
(87, 5, -28, -14689, -5583, -862)
(-74, -99, 68, 8303, -6129, 1773)
(-85, -98, 56, 1978, 752, -3693)
(81, -83, 49, 372, -2500, 57)
(-4, -108, -25, 5821, 3823, -4243)
(112, -125, 51, -4706, -7053, -2199)
(5, -27, -2, 3704, -2913, -22613)
(-67, -34, -119, -17077, -7432, -27322)
(-93, 95, 88, -17898, -3612, -27336)
(71, 120, 36, -26571, -7790, -21708)
(-70, 73, 114, -21814, -15087, -5030)
(74, 44, 109, -17535, -10618, 356)
(-58, -83, 74, -20567, 23043, -13521)
(-99, -48, 30, 5882, 29307, -32010)
(2, 64, 122, -14594, -11137, -32010)
(48, -69, 119, -23584, -536, 2882)
(101, 117, 115, 2203, 3517, 10973)
(115, -66, -72, 3094, -12700, -32010)
(31, -128, 22, -16993, 1248, -25945)
(33, -81, 84, -32497, 6406, 12678)
(-53, -5, 40, 19426, -21294, 24399)
(122, -87, 70, -27510, 18451, -25663)
(62, 93, 36, 13821, -1341, 30639)
(-117, -51, 94, 32316, -8661, 26911)
(79, -106, 35, -4889, -8796, 32411)
(127, 19, 59, -4183, -11693, -32010)
(-119, 118, 55, -27495, -25579, -29782)
(124, -9, 1, -31164, -31399, -7571)
(101, -33, 121, 11122, -22498, 21186)
(98, -85, 100, 29898, -12886, 23488)
(-3, -104, -1, -21221, -18404, 20147)
(-91, -23, 64, 8719, -23634, 24901)
(26, 73, -97, 8461, -12280, -27078)
(88, -93, 7, -14176, -2627, 11035)
(87, 40, -121, 1935, 10631, 13644)
(90, 101, -12, -4126, 17083, 17108)
(102, 44, -92, 9650, -698, 8211)
(-65, 104, 94, -18664, -8479, 21769)
(-6, -93, -110, 14145, 14280, -4800)
(62, 93, 18, 29128, 6753, -6738)
(26, -4, 45, 18091, 1727, -9933)
(65, 97, -53, 14155, 210, -11131)
(-88, 13, 93, 9684, -1760, -5004)
(33, -125, -61, 9865, -1363, -4815)
(-72, -123, 100, 5452, -49, -460)
(-60, -108, -116, 1042, -379, -875)
(-25, -106, 31, 3621, -2100, 6262)
(-103, -127, 59, -1908, -110, 2668)
(109, -99, -37, 1611, -1138, 8606)
(-12, 97, -38, -2666, -2864, 2070)
(-41, -113, 127, -1810, -1669, 4973)
(-78, -115, 52, -541, -3015, 4270)
(-115, -61, -2, -14, -4061, -1653)
(-105, -46, -21, -396, -4962, 1065)
(-126, -16, -27, 1918, -1757, 1734)
(-120, -6, 20, 1088, -171, 1772)
(-74, 17, 42, 689, -487, 2422)
(-16, -39, 54, 2129, -1387, 888)
(34, -70, 66, -43, -2841, 1322)
(18, -53, 36, -2263, -3006, 1422)
(-108, -80, -7, 1778, -3609, 2120)
(-112, 34, 109, 6646, -10460, -8575)
(-57, 76, 59, -8618, -23027, -21271)
(122, -93, -85, -29902, -9541, 28649)
(-93, 127, -103, -11115, -2726, -21240)
(-82, -73, 75, -30807, -3749, -18951)
(56, 36, -30, -18798, -7719, 11775)
(120, -86, 31, -8163, -18443, 32154)
(123, 125, 23, -28471, -10250, -26125)
(-113, -41, -8, -11997, -20533, 21354)
(10, -68, -92, 14970, -8820, -11099)
(80, 80, 112, -28579, -12239, -14396)
(-16, -69, -126, -645, -19720, 17310)
(123, -126, 45, 10888, 7117, 15852)
(126, 114, -50, -15812, 23843, 13771)
(13, -38, -68, 8907, 8569, 14668)
(58, 73, 119, -17750, -2746, 6828)
(35, -116, 19, 30832, 19850, 9290)
(-30, 54, 62, -674, -2503, 25070)
(-111, -58, -23, -21017, -20633, 29461)
(-72, -101, 98, -32680, -149, -32009)
(20, -63, 7, -6204, -12540, -30998)
(117, -117, -10, -32530, -15135, -10759)
(16, -106, -91, -26222, -16213, -970)
(114, -91, 2, -11515, -31691, 18323)
(71, 107, 12, 11416, -16269, -27560)
(36, 123, 84, 19244, -23823, 20850)
(20, 104, -48, -19318, -19848, 5488)
(99, -4, 12, 17734, 2932, 9015)
(33, -48, -120, 8503, 8739, 23475)
(45, -97, 59, -26838, 15797, 12795)
(30, -8, 105, 2871, -5410, 20247)
(-102, 4, -26, -14438, -7243, 10439)
(-14, -40, 127, 24666, 1858, -9271)
(-18, 82, -43, 14627, 11102, 4419)
(-52, 39, 8, 18063, 10773, 2203)
(106, 45, -54, 23586, -3387, -5869)
(121, -7, 92, 6843, -3718, -3544)
(-64, -75, 105, 19764, 364, -2460)
(41, -21, -97, -3457, -2763, -3278)
(87, -10, 111, 9337, 562, -1383)
(65, -92, -54, -881, -3359, -1903)
(-128, -120, -67, 6172, -3672, 3420)
(-37, -6, 92, 7279, 723, 4856)
(-5, -88, 105, 653, 448, 2754)
(3, -114, 119, 245, -2394, 4716)
(-3, 114, -110, 2772, -949, 194)
(-24, 120, -66, 1874, -942, 5870)
(0, 52, -42, 15, 1125, 582)
(28, 61, 11, -2503, 798, 5491)
(21, 39, 12, -1522, -325, 683)
(28, 70, 38, -1659, 1169, 1225)
(43, 105, 62, -4244, 1200, -241)
(84, -87, 95, -7712, 1179, -1855)
(107, -34, 120, -6424, 1120, -1018)
(116, 33, -80, -9606, 2225, -2934)
(91, 46, -23, -5900, 1412, -244)
(86, 32, 34, 117, 581, -834)
(105, 0, 52, 5854, 379, 5047)
(94, -39, 35, -3926, -2924, -1841)
(96, -21, 21, 13824, 4086, 2469)
(48, 56, 62, -5819, -1480, -1549)
(51, 39, 48, 1488, -4365, -19)
(58, 87, 61, 19640, -6225, -1101)
(112, -36, 45, -15859, 592, -2850)
(-117, 38, -86, 13091, -6687, 9742)
(107, 34, -115, -13212, -2938, -10228)
(96, 103, -53, -2292, 3124, 10633)
(72, 17, -75, -5274, 398, -3405)
(109, 111, 1, -2685, 2343, 3522)
(104, -64, -32, 12879, 1856, 7463)
(48, -112, 67, 14421, -15359, -4002)
(-88, 97, -128, 14287, -19815, 4594)
(-54, 110, -25, 340, -9253, -3028)
(-112, -128, -23, -14460, -12922, -15383)
(18, 121, -107, -18300, -11831, -21034)
(110, 60, 109, -26154, -3009, -20887)
(81, 89, 46, -27981, -10873, -14837)
(63, 111, 17, 29844, -1245, -2873)
(19, -30, 104, -31549, -5981, 17718)
(67, -47, 96, -13611, -17809, -31504)
(-15, 119, -64, -19493, -12647, 26810)
(-111, 22, -63, 28222, -5352, -13032)
(-122, -126, -70, -22131, -1848, -28262)
(108, 62, 2, 666, -3681, 9368)
(100, 58, 36, 28896, -2918, -27880)
(3, -44, -45, 1424, -31968, -27798)
(75, 43, 25, 11697, -4142, -6505)
(-70, 99, 40, 15313, 4553, 11107)
(-126, 123, 89, -22868, -10237, 2529)
(-44, 99, -64, 19349, -4413, -8951)
(60, 6, -37, 23453, -12209, -13070)
(-80, -93, 2, 724, -5372, -18927)
(90, -34, 100, 18450, -7882, -17187)
(68, -116, -100, -10300, -9310, -26006)
(-63, -72, 127, 225, -8760, -16167)
(112, 66, 58, -12298, -6614, -23106)
(115, 68, 74, -31612, -9968, -16277)
(-21, -80, 14, -12455, -16221, 4680)
(7, -92, 69, -23182, -10632, 2305)
(0, -47, -12, -25284, -9427, 7386)
(10, -17, -67, -23637, -10598, 7526)
(31, -59, 24, -7650, -13746, 29437)
(60, -57, -109, -7307, -9300, 23954)
(-20, -93, 55, -3132, -12766, 27290)
(-5, 82, 126, -1112, -6535, 9761)
(-69, -106, 16, 8318, 3283, -5010)
(-117, 72, -82, 595, -8756, -9709)
(24, 3, -111, -29200, -12732, 29321)
(-91, -128, 113, 2877, 6453, 8439)
(-122, 56, -31, 19813, 17098, 12816)
(105, -21, -73, 21026, 7237, -601)
(23, -33, 35, 4768, 3766, 27617)
(113, -119, 8, 27460, 745, -2592)
(-34, 100, 121, 29059, -13800, -1222)
(54, -59, 29, 26412, -8556, -14650)
(95, -127, -25, 3554, -12946, -9267)
(41, 119, -83, 25320, -3949, -9146)
(116, -36, -96, -7084, -5894, -3929)
(6, 32, 23, 17316, 3594, -4133)
(47, 14, 116, -7833, -6010, -8120)
(-9, -113, -38, 1897, -5876, -1286)
(113, -100, -25, -9835, -5566, -8379)
(-30, 39, -17, -4306, 41, -4325)
(9, 117, -43, -8396, 2224, -13220)
(13, 108, -96, -2775, -6210, -1625)
(50, 24, 66, 2833, -638, 8647)
(-124, -14, 55, 4706, -1456, 21961)
(-71, -86, -9, 1378, -4544, 12255)
(-46, -52, 48, 12239, -5214, 2536)
(47, 94, -9, -4759, 73, 7354)
(64, -90, -36, 2538, -4820, -2168)
(-91, -86, 30, 2711, -4628, -10827)
(5, -97, 66, 2508, -630, -15599)
(104, -66, 107, 1231, -6924, -20972)
(70, 85, -109, -9817, -7031, -18242)
(-116, 124, -44, -9026, -380, -19995)
(63, -118, 42, -30787, -14659, -5555)
(-111, 36, -3, -13837, -11873, 3994)
(96, 113, -94, -32668, -11228, 19831)
(-55, 16, 40, 1402, -28115, 20750)
(84, -115, 33, -5396, 7563, 14099)
(18, -13, 0, -32026, -8423, 920)
(-118, -88, 77, 11397, -3121, 19795)
(11, -94, 48, 30487, -7555, 20826)
(83, -38, -123, 14702, 5189, 8113)
(-115, -7, -4, -14848, 9543, 7390)
(-4, 87, -46, 17202, 11295, 20439)
(-41, -9, 86, -28504, -7248, 275)
(24, 62, -116, 24733, 2744, 2691)
(19, 35, 82, 13987, -4945, -227)
(117, -116, -50, 28697, -13867, -11121)
(-22, -126, -85, -5066, -9692, -11796)
(-43, 94, 118, 28188, -3375, -6343)
(-55, 120, -95, -15766, -5471, -14228)
(-77, -128, -95, 6707, -11069, -7929)
(-94, -57, -89, -2870, -3035, -14993)
(-25, 14, 44, -8224, -12685, -20312)
(-79, -38, -37, -20941, -16909, -23254)
(122, 75, -13, -16133, -12178, -16058)
(112, 91, -6, -28312, -9586, -5781)
(-30, 116, -47, -17799, -12467, 12344)
(-5, -74, -53, -22012, -1017, 7045)
(74, -10, -112, -11169, -12054, 23500)
(-40, 101, 81, -2922, -5548, 16819)
(38, -48, -128, -17188, -5847, 16411)
(111, -128, 12, -6806, -11546, 5470)
(101, -27, -121, 22274, -17879, 6009)
(-121, -118, -111, -21894, -25387, 5258)
(13, 28, -9, 16396, 22467, 10625)
(-20, 91, -11, -14519, -27351, 5846)
(21, 11, -51, 11277, 6134, -14261)
(31, 41, -109, -21725, -4380, 12633)
(-59, -73, -14, -31712, 1334, -8609)
(-5, 115, 24, 11056, -10405, -6575)
(34, 85, 33, 8424, -5688, -11049)
(125, -90, -13, 13055, -1053, 85)
(54, -124, -18, -6848, 1165, -5127)
(40, 16, -83, 8735, -4140, 691)
(120, -95, -29, -386, 3133, -657)
(65, 126, 23, -597, -1483, 1452)
(68, 95, 72, 4889, 1565, 4173)
(28, -128, -75, -3840, -1378, 2117)
(72, 79, -110, 199, 2515, 3970)
(29, 80, -125, 3618, -1998, 2196)
(41, -127, -101, -4937, -3570, -1608)
(104, 74, 68, 3928, -1534, 1904)
(-107, 86, 39, 3091, -2091, 196)
(-96, 127, 8, 460, -2247, 1451)
(-39, -125, -63, 4862, -3386, 2012)
(7, -121, -117, 3348, -2608, 1981)
(99, 118, -7, 7599, -5291, 4208)
(90, 103, -69, 3846, -6012, -727)
(48, 99, 74, 1602, -7147, 1819)
(-14, 66, 25, 6405, -3622, -619)
(-105, -105, 91, -837, -2095, 2971)
(-74, 99, 82, 437, 2066, -957)
(39, 95, 125, -2528, -83, 4260)
(-120, -16, 86, 3805, -218, 4682)
(-113, -110, 55, 2602, -3144, 1974)
(77, -78, 53, -4997, -2828, -1835)
(-18, 52, 94, -2847, -28, -1207)
(-33, 91, 108, 1411, -1819, -3983)
(-26, -92, -97, -8196, 296, -4332)
(-13, -115, -114, 4984, -4556, -914)
(24, -117, 119, -679, -1110, -98)
(-10, -117, -73, -1283, -7653, -744)
(-8, 111, 118, 1456, -4736, 146)
(-112, 84, 126, 1269, -7058, -1502)
(-11, -78, -43, -4297, -9124, -13739)
(-2, -12, 8, -8931, -12922, -23700)
(126, 111, -50, -18203, -8105, -25278)
(-75, 58, -15, -28437, -12385, -15425)
(63, 86, 6, 30735, 632, 7153)
(13, 106, 13, -4420, -6657, 16942)
(102, -104, -60, -14707, -17417, 28771)
(6, 120, -7, -13097, -16069, 32628)
(-76, 81, -126, 8268, -8543, -2651)
(-28, 59, 112, 28007, 5170, -11925)
(-84, 49, -128, -25793, -6059, -1864)
(105, 123, -94, -18187, -5003, 19252)
(30, 127, 78, -27087, 23231, 7817)
(-98, 9, -51, 18068, 25952, 26741)
(120, -97, 19, -26186, -6858, 275)
(50, -105, -62, -30626, 6801, -6497)
(8, -92, 101, 1118, -14447, 19890)
(-110, 118, -32, 4646, -17737, -32482)
(-81, -11, 123, -1404, 10209, -24930)
(87, -49, 23, -8255, -26561, -15203)
(111, -68, -29, -22318, -10487, -5843)
(121, -48, -119, -26894, -10870, 15592)
(108, -101, 24, -6273, -15584, -31240)
(117, -89, 122, -9629, 6108, 29473)
(24, -79, -42, -13878, 5023, 11297)
(-105, 110, -26, 382, -9914, 6725)
(-10, 2, -3, -10291, -3313, 19435)
(0, 115, 7, 15128, -9943, 15677)
(-107, 83, -123, 4393, 1501, 16415)
(61, -74, -64, -4065, 2528, 12780)
(72, 87, -58, 15656, -5189, 2442)
(64, 118, 75, 8484, -5569, 1382)
(122, -51, -1, -32328, -5421, 6537)
(113, 108, 38, 6519, -2092, -10018)
(-112, 115, -71, -32400, -1374, 18918)
(68, 30, -33, -29152, -12767, -9132)
(117, -11, -78, 27232, -12898, -6118)
(36, -107, -1, -8114, -3808, -15775)
(-30, -106, -51, 11866, -1315, -6329)
(54, 66, -29, 3515, -9004, -319)
(44, 93, 107, -3562, -2449, -5415)
(85, -14, 30, 6754, -4954, 4834)
(71, 15, -1, 2033, 136, 1435)
(20, 47, -8, -4638, -1338, 3688)
(24, 123, -89, 3148, 471, 914)
(37, -116, -107, -2709, -947, 383)
(75, 125, 92, 3547, -1223, -1605)
(98, 70, 98, -161, -6630, -5689)
(39, 83, -71, -1866, -3352, -7818)
(106, -1, -110, 1770, -2052, -8527)
(96, -22, -68, -8578, -9306, -9494)
(106, 72, -57, -3877, -2084, -9608)
(117, -17, -70, -2599, -6962, -7732)
(120, -105, 60, -17005, -2225, -9781)
(-107, -124, 16, -6931, -4480, -4576)
(-118, 6, 124, -8657, -3006, -321)
(-98, 80, 97, -5272, -960, 117)
(104, -117, 21, 3314, -6157, 6413)
(-62, -112, -43, 5390, 921, 14460)
(91, 121, -31, 2959, -616, 10557)
(-88, 10, -10, 775, -1659, 11207)
(37, 111, -123, -598, 365, 17067)
(107, -73, 116, 4549, 4560, 16040)
(-52, -55, -65, 360, -1692, 11346)
(101, -40, -88, 2376, 2726, 7071)
(8, -79, 33, 6714, -613, -382)
(70, 9, -124, -2768, -1404, -5175)
(-47, 40, 34, 9071, -1629, -1907)
(33, 109, -128, 9637, 1267, -4660)
(104, 17, -35, 2942, -6692, -656)
(-125, 4, -117, 13101, -1339, -547)
(61, 107, -10, 1952, -1414, -2122)
(11, -125, -35, 3167, 587, -3352)
(-31, -66, 61, 5097, -211, -3203)
(-60, 52, 70, -8357, -90, -12620)
(36, -92, 78, 225, -2923, -11682)
(-68, 2, -7, -13835, -15266, -12613)
(-24, 74, -50, -3534, -7763, -1576)
(88, 74, -93, -910, -19427, -5043)
(78, 103, -48, -23652, -13112, 4277)
(16, 83, 5, -28532, -4474, 3640)
(-50, 22, -31, -21653, -3096, 16702)
(4, 118, -51, -4443, -1292, 15836)
(-110, 30, 20, -17880, -833, 18742)
(-109, 55, 53, 4783, -4251, 14554)
(105, -7, -8, -6832, 1810, 6263)
(126, -53, -54, 1484, -9153, 17918)
(48, -35, 37, 19682, -6422, 14311)
(-15, -110, -67, 17517, -6360, 3260)
(64, -121, 53, 23576, -8876, 12317)
(-3, 37, 76, 28410, -1501, -3014)
(23, 51, 34, 23207, -6406, 4298)
(40, -47, -38, 27616, -8902, -8451)
(72, 82, -71, 6996, 2781, 390)
(59, 76, 29, 29358, -19982, -16345)
(92, 102, 38, -4931, 1889, -10644)
(85, 104, 82, 20531, 253, -18047)
(-63, -29, -60, 336, -14658, -16344)
(34, -119, -8, -6124, -11333, -19704)
(-74, 17, 86, -211, -5162, -12314)
(-76, -34, 97, -12367, -3082, -12986)
(-101, 126, 66, -23330, -11438, -10045)
(-34, -87, 11, -27346, -9196, -879)
(-116, -60, 98, -24125, -6320, 8195)
(75, 122, 62, -14233, -15090, 27459)
(71, -72, -111, 7805, -11767, -30852)
(-114, 21, 111, -13067, 2828, 13383)
(117, -111, 14, -1461, -3612, -1546)
(5, -85, -122, 9841, -9529, 5868)
(59, 57, -123, 21317, -9714, 23605)
(-47, -103, -4, 15759, 9070, 18628)
(60, 39, 85, 18427, -4727, 5136)
(-31, -101, 97, 16113, 8686, 12250)
(-12, 70, -63, 24967, -841, -2304)
(15, 26, -74, 11513, -6934, -1728)
(92, -100, -80, 15648, -2022, -6790)
(8, -18, 64, 13420, -6159, -8446)
(38, -69, 48, 2179, -7841, -9246)
(114, 76, 113, 13092, -6855, -13332)
(34, -61, 62, 1450, -4487, -5909)
(119, -85, 1, 9488, 1995, -10092)
(-5, -84, -103, 2362, -7687, -11435)
(24, -8, 99, 2124, -6312, -19779)
(-84, -69, 9, -3380, -13544, -19346)
(120, 102, -47, -13168, -6711, -22328)
(88, 121, 29, -19913, -13635, -16084)
(65, -117, 31, -28201, -21751, -7424)
(67, -67, -103, 28902, -7838, 4134)
(-50, 97, -22, -5065, 634, 30553)
(18, -111, -102, -20804, -10074, 21707)
(-23, -75, 95, -7310, -5049, 24884)
(-42, -44, -52, -857, -18516, 13764)
(41, 113, 5, 31187, -19254, 875)
(49, -124, -49, -14559, -162, 13050)
(-44, -30, -75, 5536, 6930, 14253)
(67, 104, -119, 10895, 3254, 11675)
(-67, 103, 67, -21030, -3641, 17791)
(77, -79, -101, 26838, 2697, 7203)
(-53, -62, -32, 21858, -843, -2838)
(-57, 125, -87, 16908, -5316, -2214)
(57, 10, 75, 21799, -7834, -11331)
(-58, -90, -21, 9577, -6886, -9991)
(-13, -49, 45, 14137, -5029, -10977)
(13, -78, -69, 10047, -2087, -8429)
(-124, -80, 25, 8114, -5692, -9659)
(47, -73, -50, 6232, -1884, -5922)
(-54, 83, -48, 13587, 4, -3531)
(-115, 49, -91, -4086, -3562, -2767)
(-112, -11, 97, 2739, 813, 689)
(-93, -101, -54, 4107, -239, -801)
(-80, 127, -49, 4277, -664, 3468)
(-31, 127, -59, -77, 3936, 224)
(0, 104, -91, 3104, -737, -941)
(-27, 115, -67, -2418, -4088, -3963)
(-79, 124, -48, 2552, -1248, -4134)
(84, 121, -80, -6618, -8954, -10454)
(45, -94, -19, -3938, -12080, -10047)
(65, -14, -22, -8300, -9474, -12664)
(-43, 109, 6, -18853, -9023, -19140)
(-45, -8, 26, -19763, -23463, -10682)
(105, 42, -83, 29721, -557, -7143)
(-114, 116, -69, -25411, -14772, 2827)
(0, -23, 107, -30842, -19574, 24992)
(-54, -35, -52, -9309, -15081, 29000)
(10, 121, -26, 1347, -15464, 15890)
(14, 98, 28, -8302, -16327, 20111)
(-48, -91, 8, -13100, -16057, 31596)
(-100, 91, 82, -22531, 1204, 20318)
(-62, 67, 82, 12861, 22527, -4916)
(89, -34, 103, -9688, -2135, 18073)
(24, 42, -32, 11970, 1452, 16833)
(-19, 117, 47, -27318, -5261, -15030)
(79, 43, -19, 9050, 2677, -3958)
(-83, 61, 57, -29682, 248, -16012)
(-79, 97, 83, 20255, -2394, -19494)
(65, -100, -12, 2306, -8257, -29757)
(-105, -76, -58, 6446, 9071, -15889)
(-8, -128, 88, -1708, -540, -23046)
(-97, 107, 76, -6561, -7045, -19670)
(31, -6, 45, 2863, -11091, -8142)
(-93, -114, -11, -12659, -13678, -8072)
(27, 40, 41, -25267, -17734, -13714)
(-106, -20, -64, -29607, -22873, -20)
(115, 112, 110, -11354, -17348, 14081)
(107, 19, -80, -21460, -6709, 14055)
(84, 67, -122, -18273, -21662, 31727)
(92, -72, -46, -12346, -4743, 24741)
(-123, -11, 3, 7652, -7377, 13245)
(-85, -110, -110, -861, -9166, 13551)
(-60, -11, -105, -623, -12598, 16672)
(43, 71, -110, -22225, -4151, 22075)
(24, 37, -122, -1838, 16357, 3426)
(-12, -103, -86, -20162, 1903, 28706)
(-100, -56, -19, 13632, 18874, 6670)
(-59, -61, -110, -29269, -5405, 9841)
(112, -13, 2, 26839, -15462, -19409)
(-85, -28, 91, 3727, -7059, -21498)
(-118, -52, 66, 26558, -7005, -28765)
(-111, 21, -44, -2955, -5132, -24867)
(-119, -73, 31, 5857, -466, -18689)
(39, -110, -2, 4596, -4842, -19038)
(112, 73, 121, -8917, -9345, -1668)
(-116, 26, 37, 14323, -7086, 6655)
(49, -15, 126, -21265, -15869, -9703)
(-66, -55, 55, -7403, -9210, -8024)
(-38, 26, -91, -23240, -11899, -4654)
(18, -59, 21, -11185, -20833, 1562)
(-60, -76, 79, 27016, -5146, 3515)
(121, -40, 24, -2157, -13466, 19285)
(7, 91, -102, -32465, -1171, 21251)
(78, 95, -16, -12703, -5528, 16654)
(30, -39, -109, -24756, -14997, 5195)
(113, -25, 93, -6088, -17113, 11532)
(-112, -71, -103, -10275, -16216, 17971)
(-85, -29, -106, -15203, -4417, 16590)
(97, 38, -38, 25850, -4485, 4055)
(-124, -40, -73, 16829, 14651, 30941)
(114, -121, -6, -3197, -23426, 6108)
(-109, 119, -17, -17774, -24647, -15581)
(73, 22, 121, 23734, -11324, -24865)
(-78, -93, -126, 30344, 22616, -19909)
(67, 27, 72, 2164, -11844, -17994)
(100, -50, 32, 16634, -10252, -5026)
(-35, 79, 14, -1638, 2585, -4477)
(64, -83, -16, 1878, -2359, 6325)
(-54, 30, -89, -243, -1637, 2969)
(-105, -125, -56, -3747, -3001, 7513)
(97, 81, 117, 6520, -1220, 2218)
(107, 59, -43, -5482, -2317, 3082)
(96, 29, -95, 6772, -1142, 2859)
(57, 27, 37, -5442, -1793, -1129)
(75, 102, 5, 1636, 871, -2142)
(84, -81, 123, -10673, -2345, -12617)
(-42, 121, -80, -189, -9423, -26546)
(18, -29, 52, -26760, -21594, -29833)
(71, -94, -93, 26102, -22902, -12195)
(-9, 114, 107, -4325, -9437, 22032)
(-59, -113, -38, -20582, -24501, -20087)
(-6, -113, -40, 550, -14283, 8783)
(3, -101, -81, 7251, 5436, -19789)
(74, 82, -41, 3870, 20095, 25029)
(72, -97, -25, -17775, 13848, -14524)
(126, 114, -70, 4484, -18962, -27342)
(-52, 103, 28, 9773, 29171, -32017)
(97, 88, 34, 257, -1568, -29645)
(51, 43, 124, 5628, 31261, -23910)
(-43, -25, 7, -3030, -12497, 32098)
(72, 65, 37, -27304, -8157, -27258)
(-23, 70, 18, -12879, -3170, -13863)
(32, -19, 112, -27545, -4220, 9059)
(90, 11, -35, -17495, -24399, 29036)
(3, -84, 69, 29057, -18196, 15822)
(-56, -15, 35, 17855, -22498, -30314)
(-46, -28, 24, 15822, -432, 17347)
(-66, -78, -122, -29784, 317, 15197)
(55, -20, -96, 24847, 6550, 5767)
(14, -58, 33, -10931, -17970, 11128)
(-22, 38, 112, 4953, -10596, 23816)
(61, 21, 102, -24643, 999, 19018)
(51, -99, 28, 5794, 14528, -19338)
(-48, -96, 19, -23132, -13162, -17726)
(-117, 55, -2, 15755, -6253, -30078)
(9, -2, -82, 21654, -3120, -21269)
(-60, -119, -119, 6740, 4244, -13434)
(34, 119, 118, 16150, 1270, 7945)
(-76, 75, 64, 8461, -3953, -12344)
(113, 55, 98, -13533, -5100, 1816)
(10, 94, 26, 8914, 3140, 22610)
(-110, 55, -69, -2205, 3658, 15686)
(69, -6, 24, -6732, -3789, 4860)
(81, 14, 36, 7094, 2011, 7519)
(-116, 47, -3, -2053, 2277, 6400)
(-18, 123, -107, 1963, -4887, 5231)
(17, -126, -117, 8073, 123, 4307)
(13, -59, -115, -9267, -2805, 4331)
(83, -4, -116, 5920, 200, 3170)
(116, -61, 62, 75, -4942, -106)
(113, -93, 15, 8107, -1385, -682)
(102, 122, -3, 4548, -2122, -6412)
(125, 6, -25, 3356, -1664, -6582)
(-58, 60, -48, 3833, -540, 3615)
(-78, -30, -89, 3823, -617, 4089)
(-81, -49, -55, 698, 129, -7147)
(23, -55, -48, 820, -5155, 1875)
(-43, -47, -77, 6450, -8201, 1962)
(114, -109, 2, 766, -5386, -9497)
(-48, -24, 36, -2072, -8234, -6414)
(7, -66, 12, 5634, 1960, 3046)
(88, 53, 80, -44, 3199, 6558)
(110, -56, -114, 30836, -28521, 9859)
(-45, 41, -86, 157, 1514, 1639)
(36, 123, 69, -9752, -7901, -5941)
(-57, -9, -128, 2430, -20580, 4124)
(-123, -39, -65, -8121, -4210, 6081)
(23, -7, 88, -8943, -5323, -4363)
(96, -66, 64, -1440, -5088, 1481)
(-33, -92, 13, -4228, 9335, -2121)
(62, -71, -34, -8374, 6365, -4282)
(-18, -31, -100, 5992, 1174, 5075)
(-123, 127, 40, -5690, -108, -2994)
(-99, 13, 50, 1151, -3089, -4450)
(81, 106, 42, -1313, -9326, -3769)
(58, 68, -80, 2482, -486, -8718)
(-123, -73, 37, -19091, -25404, -21652)
(-57, -21, -16, 5147, 1715, -22352)
(-36, -10, 116, 19523, 1189, -15133)
(59, 5, 56, 32218, -14495, 4092)
(-1, -30, 75, -24907, 11301, 17394)
(-120, -10, -74, 30491, -32596, 30567)
(46, -112, 57, -32511, -23611, 7017)
(-102, -73, 45, 11, -15171, -18900)
(-55, 110, -101, -19640, 2664, -11548)
(-53, -29, 10, 28597, 4366, -495)
(-20, 72, -101, 15887, -20276, 13223)
(-13, 15, 28, -8321, 30689, -31638)
(-94, -111, -105, 12044, 30689, 6601)
(-21, 43, 19, -20019, -31569, 2415)
(-71, 44, -50, -32512, -7133, 14574)
(-78, 1, -25, -13607, -3045, -32019)
(-96, -77, 84, 6960, 2143, -32019)
(51, -29, 28, -12169, -7521, -30870)
(-61, -83, -120, -16347, -27713, -17219)
(89, -58, 125, -2956, -28820, -7393)
(34, -7, -38, -17711, -5759, 6479)
(53, 14, -11, -13971, 28319, -15383)
(0, -45, 75, -18103, 1084, -32019)
(59, -39, -121, -2259, 4196, -32019)
(-69, 125, -10, -29920, 4211, 7592)
(-62, 97, -92, 31178, -24144, -4753)
(-93, -20, 74, 351, -2694, 838)
(-65, -63, 64, 6491, -2462, 3328)
(-56, -75, 45, 1148, 737, -58)
(-44, -89, 73, -1809, -1506, -1407)
(-10, -97, 45, 2842, -1439, -847)
(46, 108, 19, 83, -2680, 1094)
(51, 120, 15, 433, -788, 1161)
(78, 70, -2, 2500, 865, 952)
(12, 95, 45, -2974, -1305, -2734)
(122, -24, -51, -27382, -9897, 22833)
(76, 37, -41, -22429, -6378, -25511)
(-93, -52, 87, 3713, -18334, -31055)
(-25, 124, 2, -5491, -21587, -7700)
(-11, 10, -43, 7595, -17330, -28083)
(-19, 105, 90, 13328, -1392, 7235)
(39, 20, -53, 15301, -1541, 13765)
(5, -127, -15, -4830, 17861, 10283)
(-65, -126, 90, -17026, -31255, -20288)
(-117, -15, -12, -10545, -13345, -189)
(-19, 113, -92, 7831, 24161, -1990)
(26, -89, -92, 22463, -5208, -27311)
(-48, -29, -75, 12655, -4223, 27507)
(97, 12, 127, -13942, -5917, -32447)
(-77, -5, 70, -13632, -12135, -22780)
(-116, 2, 10, -24513, -14975, -9547)
(-33, -32, -124, -26541, -9427, 3346)
(-100, -90, -17, -15595, -16241, 19123)
(26, -81, 116, -8753, -17110, 27546)
(-31, -2, 113, -10426, -22088, 29148)
(-82, 13, 29, 8417, -19330, 21235)
(-5, 85, -123, 28433, -1718, 8766)
(121, 49, 61, -14117, 9791, 11220)
(41, -55, -40, 27123, -2876, 10379)
(-35, 98, -103, -10622, 10095, 16708)
(-95, 42, -86, 10293, 1155, -6321)
(83, -66, 57, 7277, 5164, 9127)
(-113, 56, -88, 18496, -2298, -8131)
(-49, 21, -101, -1746, 5746, -2588)
(-7, -30, 18, 15706, -2670, -2386)
(124, -63, -58, 526, -5835, -1899)
(-30, -15, -123, 6071, -1998, -1884)
(46, 73, -127, 8637, -5350, 4635)
(19, -92, -40, 525, -1592, 2193)
(-12, -90, -91, 1166, 195, 2605)
(-38, -125, 122, 3508, -2365, 3601)
(-59, -123, 119, 7319, -2700, -89)
(-25, -43, -99, 1005, -5869, 101)
(57, 24, 108, 3627, -3765, -1209)
(50, 77, 107, 53, -2146, -3137)
(44, -88, -5, 8076, -2239, -3451)
(-2, 27, 16, 5246, -2022, -8722)
(-62, -90, 81, 445, -3483, -9209)
(-112, 16, 66, 17257, -694, -6273)
(109, 103, 55, 5718, -10590, -5493)
(124, 20, 85, 2633, -2167, 1641)
(-24, -91, -18, 3156, 6226, 1994)
(45, 63, -63, 3854, -4971, 7962)
(87, -95, 126, 12842, 9307, 6268)
(96, 21, 16, 15292, -2778, 14427)
(-49, -110, -118, 1545, 10383, -499)
(-117, -125, 21, 1696, -4797, 4333)
(104, 62, -17, -2723, 4694, -3218)
(-86, -124, 10, 2932, -5445, -900)
(-74, -62, -113, 6142, -7967, -5960)
(-19, -114, 109, -5579, -16, -10911)
(-3, -14, 55, -7496, -2111, -8761)
(-23, -124, 48, 7318, -4994, -7152)
(-36, -81, 19, -4999, -1555, -8092)
(-84, -3, 7, 4226, -4723, -3275)
(-42, -69, -50, 2484, -844, 5650)
(69, 57, -90, 10344, -2149, 5338)
(66, -60, -123, 470, 2534, 5635)
(44, 23, -73, 8265, -2865, 9482)
(3, -58, -2, 3785, 181, 6677)
(-78, 91, 89, 4313, -424, 7043)
(-109, 89, -127, -836, 1342, 4568)
(126, 27, 108, 3688, -1021, 7135)
(85, -7, -108, 400, -122, 4447)
(39, -44, -93, -303, -580, 7166)
(-19, -50, -126, 2654, -924, 7084)
(106, 29, 119, -11744, -3776, 5042)
(20, 61, -22, 2611, -3898, 4853)
(106, -108, 40, -8582, -1968, -1749)
(-51, 40, -34, -12764, -5652, -1240)
(-125, -40, 105, -6871, -6012, -4461)
(56, 25, -124, -7267, -7755, -53)
(115, 103, -91, -968, 363, -782)
(-127, -123, -79, -4123, -3601, -1722)
(35, -26, -38, 8787, -3223, -2023)
(85, 122, -29, 7506, 9414, -7686)
(-7, 29, -21, 1671, 920, -4081)
(-127, -76, -69, 3289, 8144, -4183)
(72, 110, -29, 285, -1954, 673)
(62, 109, -46, 890, -1716, 3737)
(72, -26, -30, 2989, 655, 2184)
(29, -17, 24, 4230, -4295, 5346)
(-90, -30, 5, -641, -4161, 2025)
(116, -20, 16, 125, -1653, -445)
(54, 57, 8, 946, -3487, -3113)
(64, 84, 24, 2705, 1067, -7872)
(-115, 8, -94, -5875, -1885, -16628)
(39, -60, -19, -6725, -4668, -15649)
(82, -68, 53, -2236, -2555, -15185)
(22, 100, -75, -6954, -13847, -1052)
(-98, 64, 77, -2823, -5727, -889)
(-62, -33, 17, -29433, -7050, 1150)
(-1, 8, 127, -22225, -11669, 7511)
(50, -119, 90, 27646, 4488, 13168)
(63, -79, -3, -5976, -4265, 21637)
(20, 65, 43, -21740, -5080, 25185)
(93, 11, 99, -4832, -8803, 9560)
(89, 115, 97, -7682, -24220, 14492)
(-75, 48, 118, 14897, -17208, 19031)
(-93, -104, 127, -19586, 3807, 10485)
(2, -114, 103, 17060, -4919, 6296)
(-67, -25, 98, 26082, 11808, 14741)
(73, -103, -81, 5055, 5387, 11714)
(-50, 76, 102, 20840, -16001, 2463)
(-86, 22, 31, 25842, -14439, -15810)
(-54, 75, 63, 7344, -9886, -4181)
(43, 115, 50, 16929, -2224, -15464)
(119, 45, 73, 925, -8028, -16642)
(125, 67, -114, -4549, -1590, -6049)
(121, -47, 2, 16665, 5702, -19908)
(-32, -25, -123, -9323, -6414, -20408)
(-87, -127, 38, 3455, -767, -26650)
(45, -86, 44, -16877, -19795, -26378)
(45, -46, 72, -23516, -19825, -20928)
(45, 8, 56, -19414, -13415, 4666)
(-25, -47, -86, -23359, -15563, 602)
(-42, -67, 48, -24893, -10318, 6312)
(127, -95, -16, -18832, -20137, 24061)
(126, 93, -8, -10826, -7691, 29167)
(9, 43, -87, -1283, 4424, 25804)
(-60, 61, -114, -9322, -818, 25590)
(-13, 78, 11, 16292, -12311, 14367)
(-48, 24, 46, 20908, -12581, 13278)
(-94, 7, -105, 27818, -3106, 23263)
(-105, 31, -70, 26452, 8064, 16929)
(-19, 120, -30, 2061, 17005, 13232)
(34, 28, -40, 12429, -5764, 20194)
(113, 89, 109, -21810, -16611, -2019)
(-38, 94, -77, -3544, -9278, -16110)
(-77, 90, 45, 8881, -7749, -13770)
(-6, -63, 1, 30708, -7906, -23178)
(25, -19, -56, 2345, -7888, -27582)
(62, 45, 90, -247, -8896, -28187)
(-3, 119, 54, 6812, -10144, -21677)
(-95, 67, 82, -15068, -11637, -27731)
(-56, -125, 108, -16218, -19911, -17485)
(37, 36, 85, -29049, -13711, -3859)
(4, 30, -49, -17069, -18293, 229)
(36, -88, -13, -23537, -5147, 687)
(13, -17, 123, -16586, -9658, 6107)
(83, 1, -124, -29364, -12041, 22114)
(2, -38, 26, -538, -6033, -23280)
(-13, 11, -88, 10425, -941, 22214)
(70, -20, -89, -29991, 1472, 2880)
(67, -13, -124, 1698, -4344, 15544)
(-17, 89, 72, 17376, 592, 16371)
(119, 51, -86, 14558, 10500, 10003)
(72, -45, 58, 31609, -2858, 14934)
(59, 112, 41, 26107, -8809, 6235)
(-23, 12, -42, -31985, -5551, 6710)
(58, -89, -123, 26437, -4997, -1973)
(-90, -18, 118, 20929, -6856, -13675)
(-82, 48, 73, 5713, -15220, -13881)
(61, 100, 69, 18195, 76, -3163)
(9, -54, 30, 1876, 1790, -3658)
(52, -93, -59, -5153, -6316, -3626)
(-81, -43, -86, 2756, 1124, -519)
(-77, -19, -63, -1280, -351, 466)
(-125, -30, -123, -1110, -3467, 1921)
(85, -43, 97, 3277, -2031, 3396)
(-17, -48, -68, 4500, -638, -1699)
(-21, 40, 17, 1069, -3176, -7673)
(-23, 111, 97, -4446, -11887, -23959)
(-17, -89, 80, -11031, -9042, -28916)
(-41, -5, 7, -25097, -20513, -21626)
(63, -81, -2, 30871, -5192, -6682)
(59, 62, -50, -9358, 2362, 10958)
(-33, 49, 45, -27880, 3205, 15265)
(-67, 24, -60, -20708, -18293, -31813)
(-124, 119, -81, -13409, -22805, -28376)
(-126, -27, 109, 15364, -17764, 25761)
(105, 84, 56, 25652, 1175, 150)
(60, 33, -26, -25067, -16874, -3681)
(-49, -86, -108, -25000, -31458, -25499)
(-20, 104, 11, 25342, 3624, 15209)
(1, 72, 15, 31659, -29925, 9825)
(87, -46, -106, -25807, -2244, 4081)
(-1, -5, -95, 11286, -5718, -6917)
(-67, 113, -89, -23395, -12608, -28841)
(109, -69, 88, -13458, 1983, -25963)
(-98, 105, -5, -29601, -20811, -26700)
(15, 34, 13, -27182, -11536, -24778)
(-86, 16, -53, -16198, -12657, -25080)
(-19, 47, -30, 32073, -17318, -7542)
(44, -69, 89, -15863, -22104, 835)
(-81, 4, 82, 32631, -12635, 11228)
(-30, 92, -40, -10674, -14053, 24374)
(102, 66, 99, -6310, -28191, -31829)
(-8, -15, 98, 5774, -31299, 24435)
(108, -110, 13, 19296, -14623, 7929)
(19, 56, -78, 7245, -30276, 8026)
(9, -112, 7, 15610, 7381, 15222)
(-15, 4, 69, 21417, 17006, 26369)
(-100, 93, 119, -9889, 22413, 10313)
(92, -67, 63, 17085, -20878, 29011)
(-79, -8, -56, 7627, -3750, -1811)
(-7, -65, 52, 25473, -11295, -3762)
(-26, 49, -106, 2366, -7561, -11930)
(121, 22, -69, 27530, -13559, -9209)
(-12, 27, -50, -718, -4023, -7540)
(48, -83, -114, 27803, -3074, -6747)
(-111, 11, 99, -1412, -9343, -9144)
(-49, 9, 29, 5893, -5927, -5015)
(38, -57, 25, 3463, 2769, 3639)
(22, 97, 47, 4455, 2002, 380)
(-38, -96, 104, -1330, -2897, 2981)
(-68, -121, 56, 5472, -609, -416)
(-77, -126, 119, -323, -2451, 368)
(-112, -107, 107, 2719, -2611, -1864)
(-110, -29, -97, 3821, -2384, -5935)
(-67, 92, -19, -3870, -2886, -10655)
(-53, -80, 16, -2804, -4951, -23600)
(-22, -1, 104, -14647, -5088, -27750)
(52, -120, -43, -9789, -5866, -23412)
(-54, -51, 1, -25323, -13837, -22165)
(-81, 95, -69, -31153, -9521, -18425)
(-73, -112, -127, 30507, -21109, -3431)
(-84, -117, 101, -6137, -11041, 20582)
(-51, 95, 38, -2208, -9971, -20628)
(-120, -55, 79, -29059, 29030, 26179)
(-80, -120, -42, -10873, -11021, -1546)
(88, 45, -66, -8808, 7934, 1478)
(-23, -65, -59, 1399, -3782, 18610)
(-41, 70, -87, 19877, 7465, 22038)
(-43, -116, -80, -9575, 24221, 25404)
(-121, -126, 9, -15699, -14539, -2669)
(6, 103, 4, 8119, 25943, 8001)
(96, -2, 27, -31754, -12282, -27144)
(108, -9, 97, -30015, -10147, -28193)
(-13, -85, 66, -18603, -10478, 29522)
(-97, -96, -4, -17715, -10396, -32014)
(119, 38, -74, 31970, -12233, -18577)
(-106, 78, -80, -31669, -15860, -4733)
(25, -80, -49, -19883, -21472, 20420)
(54, 8, -113, 32756, -9800, 30067)
(58, -71, -65, 11912, -21419, 20072)
(94, -70, 9, -27475, -7954, 192)
(21, -39, -98, -20078, -5594, -8981)
(42, 14, -107, -25659, -13554, 31336)
(125, -64, 62, -11462, 11997, -25099)
(3, -71, 48, 246, -21595, 26501)
(1, -10, 91, 244, -23575, 10048)
(79, 21, 51, 26801, 25251, 23724)
(-1, -90, -60, -8607, -18688, -446)
(15, -73, -118, -13389, -10821, -4765)
(53, 13, -103, 27338, -16119, -4405)
(82, -28, -19, 21563, -2042, -19883)
(35, -27, -66, -18925, 3083, -8485)
(-36, 101, 93, 30049, -10882, -10465)
(124, -75, -49, 3938, 3588, -14823)
(-90, -104, -85, -2823, -2173, -11621)
(79, 93, 112, 4607, -6896, -5298)
(-87, 50, -119, -1855, -106, -2105)
(-54, -9, 92, 2357, 371, 6160)
(96, 46, 25, 2853, -1527, 5957)
(5, 125, 35, -5425, -5225, 4411)
(-30, -12, 10, -172, 457, 6987)
(5, 71, -22, -831, 280, 10995)
(99, 22, -95, -2150, -341, 6729)
(-117, -125, -114, 950, -4561, 7606)
(-27, -38, -126, 4504, 1712, 735)
(-63, -85, -109, -3033, 801, 3616)
(87, 108, 100, 7450, 406, 8530)
(-116, -6, 55, 5067, -4150, 7047)
(73, -106, 60, 2533, -7757, 3948)
(34, 112, 63, 6898, -3917, 5756)
(-21, -24, 99, 4663, -1252, 5457)
(-47, -101, 117, 7379, -4299, 4622)
(86, 95, -7, 5182, -2379, 3113)
(76, -118, 30, 2128, -3768, 678)
(53, 89, 12, 6349, -3546, 7023)
(27, 58, 76, 5602, 3419, 4665)
(18, 15, 115, 5808, -969, 2304)
(36, -7, -82, 4152, -3407, -2779)
(-106, 17, 13, -1488, -7506, -594)
(-47, 9, -27, 8341, -2149, -2033)
(53, 36, 116, 40, -1218, -408)
(67, 57, 91, 4041, 259, 893)
(77, 91, -99, 2005, -635, -1783)
(108, 102, -88, 1942, -1914, 803)
(-110, -115, -52, 2107, 754, -1917)
(-77, -106, -17, 8, -3665, -1227)
(22, 123, -96, -554, -1908, 850)
(19, -122, -111, -2690, -1294, 271)
(-10, -95, 85, -3157, -3362, 355)
(-21, -103, 26, -782, -2474, -197)
(-38, -87, -22, -2961, -6269, -1587)
(-45, -3, -67, -8478, -4289, -6833)
(-14, -68, 100, -857, -1046, -7368)
(-32, 97, -65, -11813, -1958, -14505)
(45, -107, 40, -7153, 664, -16649)
(62, 13, -23, -24992, -2099, -16614)
(-23, 59, -20, 11141, -16549, -17013)
(93, 15, 78, 21072, -16246, -17794)
(-117, 80, 41, -27677, 11932, -11215)
(108, 109, -105, 23580, -27834, 14597)
(-36, -40, -34, -13915, -18586, -4393)
(61, 116, 29, -21014, -9228, 7905)
(100, 53, -54, -17358, -1837, 16786)
(-121, -112, -45, -10255, -991, 24708)
(48, -67, 6, -7930, 8373, 14082)
(-47, -49, -57, -4043, -7462, -9139)
(-55, -103, -55, 10875, -16044, 5958)
(66, -82, 112, -18656, -9970, 27981)
(4, -116, 8, -7029, 11430, 10733)
(-59, 10, -39, -24011, 17586, 18979)
(59, -117, 51, -30693, -616, 15948)
(65, -24, -19, 10063, 983, 1224)
(121, -3, 119, 21820, -11352, -7134)
(23, 77, -66, 5590, -14633, -18053)
(-105, -96, -39, 1936, -9365, -20031)
(20, 88, 6, 1732, -7945, -16639)
(68, -94, 20, 1744, -9694, -15931)
(71, -78, -114, -3439, -10860, -16441)
(118, 39, 42, -10855, -18075, -9442)
(61, 93, 7, -11375, -2654, -15721)
(5, 93, 25, -30514, -16192, 4006)
(99, 10, -116, -20670, -6741, 16618)
(52, 87, 36, -20251, 7559, 11634)
(-1, -91, 60, 30565, -10915, 16830)
(97, 89, 90, -3712, -13228, 24715)
(-31, 34, -19, 11148, -14562, 15125)
(81, -98, -23, -23720, -19339, -18466)
(-118, 77, -50, -1299, 175, 7205)
(0, 63, 71, 28391, -1193, 23795)
(-128, 56, -8, 16587, 23411, 16156)
(54, 121, 81, -6446, 19121, 16329)
(85, 6, 60, 15297, -10187, 12344)
(-47, -25, 43, -21419, -20937, 2549)
(57, -81, 33, 17852, -1140, -14243)
(-31, 4, 46, 18207, -13498, -11785)
(14, 106, -108, 8176, -2142, -16895)
(-118, 66, 96, 4852, -3204, -10701)
(89, 33, -6, 1617, -724, -18491)
(-37, -28, -97, -51, -7267, -14204)
(-70, 28, 37, 5745, -2238, -20010)
(48, 111, -63, -15899, 2805, -5464)
(80, 120, 102, 4381, -10767, -18748)
(-104, 113, -38, -23602, -430, -8125)
(-2, 2, 34, -1514, -6461, 21316)
(-30, -122, 81, -26410, -721, -11105)
(-43, 116, 81, -3029, -3206, 944)
(-68, -67, -113, -25939, -10606, 9621)
(86, 55, -107, -26348, -4067, 17484)
(15, 54, 5, -15250, -10359, 21306)
(19, -71, 5, -13665, -25355, 18843)
(-51, 80, -34, 25941, -25798, -1067)
(-18, 35, -55, -22134, -12818, 16724)
(-106, 32, 99, 1073, 4145, 17106)
(73, -23, -74, 8728, 10511, 24853)
(-25, -39, 111, -838, 4575, 8736)
(21, 93, 121, 20121, -10789, 9815)
(125, 83, -66, -12266, -8662, -3690)
(-2, 60, 81, 20961, -18594, 4125)
(-74, -68, 21, 29329, 1061, -3137)
(104, -114, -71, 10031, -6167, -7361)
(124, 20, -40, 17132, -1724, 1718)
(99, 40, -35, 5128, 1388, -5082)
(-99, 6, -28, 12972, -11563, -13466)
(-38, 100, -42, 182, -14186, -26389)
(49, 91, -94, 5582, -15641, 30263)
(95, -71, -15, -18015, -1375, -31805)
(68, -102, -41, -13915, -8413, -30763)
(-92, 68, -73, 24824, -5828, -21744)
(4, 46, -15, -27579, -9174, -2693)
(-107, 73, 57, -21646, -14949, 16971)
(64, -53, -118, -6749, -16546, 24802)
(-12, 122, -114, 9114, -6101, 11793)
(76, -115, -24, 30053, 11926, 3654)
(-115, -73, -112, -992, 1990, 25856)
(-44, -32, -29, -15394, 5548, 21975)
(109, 85, -36, 10695, 1665, 25395)
(-97, -115, -21, 4813, 8516, 15070)
(-60, 32, 37, 15861, -1520, 14611)
(10, -4, -115, 15313, 5409, 9001)
(108, 28, -98, 14352, -7182, -3269)
(-10, 23, 126, 15787, -7521, -9152)
(93, 120, 37, 5754, -9003, -11234)
(-126, -97, 127, 16206, -4927, -6994)
(21, -50, 89, 8509, -6269, -6004)
(-13, 118, 69, 8852, -1105, -3307)
(-15, 116, 93, 9040, -1686, -42)
(36, -25, 77, 9319, 1617, 5939)
(-87, -66, -51, 11250, 1454, 6688)
(116, 9, -17, 10733, -5050, 14218)
(38, 33, 110, 5059, -4076, 4240)
(26, -109, -40, 16974, -4283, -10361)
(31, 20, 35, 51, -13263, -20756)
(-24, 72, -119, 7266, -5842, -20108)
(16, 87, 109, -1219, -7705, -18506)
(87, -18, 89, -7814, -7964, -19299)
(-23, -26, -1, -13839, -14335, -6044)
(110, 112, 19, -18620, -8215, -2434)
(-88, 32, 91, -28447, -16376, -4398)
(-99, 100, 126, 31420, -12568, 9910)
(-79, -4, -21, -1592, 2022, -32463)
(10, -3, -126, 28426, -6495, 16078)
(1, -17, 101, -31268, -19228, 9134)
(-84, -102, -6, 8175, -15590, 5920)
(-80, 55, 38, -13685, 1826, 5120)
(88, -101, -8, 11378, 3420, 7637)
(27, 70, -40, -3468, 2654, 29562)
(47, 32, -112, -21359, 21816, 12475)
(82, 41, -113, 27094, 10923, 3302)
(50, -41, -50, 17880, -10642, -12207)
(-98, 76, 82, 22034, -15481, -24777)
(4, 113, -13, 19857, -4870, 31905)
(-120, -73, -21, -5915, -8021, -32314)
(22, -98, 92, -5063, -12817, -23626)
(37, 74, -112, -19482, -8328, -15147)
(-88, 98, -24, -19923, -19041, 810)
(-38, 27, 2, -15552, -12176, 14798)
(-1, 103, 104, -22510, -5373, 25582)
(-79, -76, 0, -13070, -8962, 18717)
(18, 39, 87, -14837, -6178, 20900)
(-68, 2, -8, -7512, -6151, 24523)
(15, -83, 88, -2067, -3606, 12393)
(-62, 126, -37, 10172, -9834, 183)
(-40, -111, 105, -19873, -14946, 6640)
(-44, -10, -87, 30456, -5077, 23085)
(-11, 66, 46, -32208, 17606, 18177)
(-64, 65, -75, 30017, 29893, -9261)
(89, -120, 3, -9607, -20678, 720)
(-49, -96, -16, 14506, -1227, -25640)
(-94, 71, 125, 15001, -16903, -24539)
(-127, 27, 88, -5662, -4609, -6849)
(-109, -43, -87, -25415, -3650, 25138)
(-20, 78, 43, -8323, -2859, -15140)
(-65, -86, -109, -6396, -8796, 800)
(77, -58, -53, 3923, 4061, 13326)
(-30, -53, -20, -1491, 5359, 5791)
(-3, 111, -72, -2139, -4453, 5749)
(2, -91, -61, -5910, 3016, 516)
(51, -91, 123, 2552, -2240, 589)
(89, -123, -64, -1344, -3419, -7430)
(-60, -73, -40, 7005, -3232, -8876)
(34, 81, -18, -11745, -3206, -14080)
(15, -19, 100, 560, -6762, -7138)
(65, -3, 90, -2093, 755, -12530)
(107, -112, 92, -4141, -4664, -1403)
(112, 72, 36, 7850, -7051, 3759)
(-64, -118, -85, 11292, -1202, 10182)
(-109, -45, -79, 1814, 1077, 8799)
(100, 10, -114, -6735, -4778, 735)
(-87, 77, -26, 4612, -3198, 6993)
(31, 124, -97, 269, -19396, -4060)
(-37, 62, -30, -16203, -19429, -6440)
(-61, -46, -33, -17623, 5717, -18594)
(-86, 9, 125, -19481, -5638, -7826)
(-85, 114, 77, -28479, -4335, 5453)
(23, -87, 117, -21940, -1081, 13712)
(-20, 57, -48, -4854, 4488, 12798)
(-63, -56, -68, -22965, 1165, 13174)
(2, 97, 83, 964, -2409, 13122)
(-48, -92, 115, -5298, -3656, 19072)
(121, 26, 31, 9031, -3203, 18230)
(118, 88, 90, 14097, -2980, 17026)
(-3, -63, -15, 16462, -2566, 17754)
(-99, -69, -6, 19052, -1416, 11487)
(30, -3, -6, 22479, -8228, 7766)
(-37, 32, -12, 28410, -2020, -1109)
(-66, -9, 81, 10910, -15765, -10524)
(-76, 77, -6, 9992, 157, -11119)
(-21, 123, -27, 10159, -11033, -16899)
(-68, -1, -121, -2302, -10955, -11686)
(11, -72, -95, 17894, -4206, -18617)
(-114, 71, -26, -12255, -11930, -13818)
(-3, -40, -34, 10241, -2311, -12604)
(119, -69, 27, -6710, -5133, -7292)
(40, -2, 116, -13578, -7101, -12883)
(-82, -85, -82, -11195, -15774, -13867)
(86, 85, 3, -29359, -7647, -8801)
(-62, -12, 104, -30231, -9696, -6919)
(-12, 40, -2, 31888, -15610, 17118)
(-9, 73, 12, -22785, -17342, -30811)
(6, -98, -126, -10709, -25323, -29218)
(-127, -95, -7, -1606, -11719, -14543)
(90, -77, 24, -21879, -32313, 16879)
(-111, -109, -67, 20821, -18259, 26639)
(120, 25, -73, 29550, -9004, 12367)
(-56, -92, 4, -12308, 30673, -24205)
(82, 122, -127, -10846, 25274, 14958)
(-6, 40, 127, -12551, 18260, -3408)
(-120, -15, 38, 16685, 2093, 15264)
(40, -124, 57, 5200, -18626, -32013)
(84, 35, 41, 29007, -10217, -19873)
(76, 67, 15, -27246, -4290, 2796)
(44, 31, 2, -12957, -6358, 5138)
(115, 119, 2, 25857, -17011, 2346)
(-89, -87, 46, 31120, 19992, 20165)
(11, -69, -41, 31132, 30672, -28785)
(110, -64, -122, 30669, 32707, 30557)
(-53, 110, 70, 22790, 9101, 27389)
(-126, 3, 31, -29312, 32156, 12294)
(97, -57, -4, -20168, 2957, 19595)
(-23, 118, 93, -6601, -13268, 20174)
(58, -11, 34, -6684, 6535, -4484)
(-110, 84, -69, 12060, 4530, -6472)
(-33, 26, 65, 27665, -6291, -6641)
(-62, 68, 91, 8822, -8553, -12224)
(118, -87, -39, 16145, -11124, -10026)
(-49, -96, -115, -57, -54, 357)
(-105, -73, 112, 21124, 632, -1965)
(71, -49, -64, -10228, -2248, -1111)
(126, 75, 19, 2031, 1344, 6693)
(62, 31, 99, 9362, 2452, 2946)
(-66, -95, 102, -8360, -2282, 2769)
(-54, 32, 94, 6498, -2984, 829)
(-27, 42, -97, -5360, -1031, 2416)
(-17, -24, 75, 5789, -1411, 1432)
(-19, 88, 83, -1790, -5222, 166)
(35, 100, 20, 2400, -3633, -836)
(110, -126, -25, -454, -4202, 2180)
(123, -125, -40, 2188, 26, 1187)
(-113, 120, -19, 1253, -348, 3943)
(-126, 75, -43, 2178, -3603, 3172)
(-124, 42, -37, -2934, -2688, 2767)
(120, -39, -120, 6341, -4806, 5900)
(54, -55, -112, -808, -5138, 628)
(28, -22, 58, 5914, -7793, 103)
(46, 33, 37, 901, -2850, -3904)
(85, 48, -6, 4349, -3409, -2381)
(-124, 125, -21, 3277, -536, -3951)
(-126, -73, 12, 2369, -490, -4160)
(-73, -9, 32, 2787, -1238, -741)
(-75, -21, -29, 4678, -1990, -366)
(-99, 23, -59, 485, -3953, -2147)
(124, 17, -95, 10506, -79, 2023)
(6, -2, -38, 3097, 4366, -6088)
(-31, -110, 100, 2750, -8351, -11993)
(-57, 99, -93, 247, -8205, -15556)
(22, 55, -42, -7385, 1263, -19934)
(64, -73, -100, -4858, -18257, -15521)
(-120, 127, 77, -13491, 3507, -12192)
(-59, 126, -9, -17370, -16148, -170)
(79, 83, 102, -16174, -2571, -40)
(-85, 44, -124, -15203, 3523, 9638)
(102, 71, 36, -15097, -5626, 14113)
(-104, -66, 38, -8044, 2195, 23699)
(91, 13, -75, -20388, -5211, 15369)
(-65, -14, 123, -4734, -5202, 21386)
(-91, 60, -96, 27545, 4377, 17060)
(44, -13, 24, -31306, -10026, 8028)
(-27, -128, -9, -26514, -10521, 26658)
(37, -71, -24, -10894, 4574, 4497)
(-36, -7, -79, 25795, -5297, 16706)
(-116, -30, -100, 14118, 4351, 5608)
(-98, -106, -92, 16876, -10075, -3281)
(14, -125, 80, -2998, -1624, -4640)
(16, 58, 89, 12469, -7073, -2481)
(78, -64, -12, 4823, -184, -5378)
(11, -34, 118, -270, -6440, -2377)
(112, -102, 49, 1255, -1149, 3461)
(-125, 117, -109, 2224, -9057, 1233)
(-110, 104, -88, 25738, -18335, -225)
(31, -76, 56, 22974, -11174, -1591)
(-23, -54, -54, -26645, -3389, -8075)
(-62, 106, 25, -21912, 17466, -18767)
(-61, -54, -52, 23444, -17219, -16625)
(36, 123, -37, -17006, -17714, -27714)
(-96, 1, 8, -11153, -16784, -26900)
(-25, 70, 42, -19350, -16358, -21455)
(64, 91, 60, 27923, -3343, -8687)
(-115, -6, -126, -24240, -3028, 7909)
(-55, -50, -39, -25066, -8551, 20254)
(24, 88, -104, -14846, 948, 25195)
(97, 108, 50, -29677, -7535, 19214)
(113, -64, -92, -14144, -22115, 17190)
(28, -50, 127, 14213, -20278, 14243)
(-6, 51, -80, -17746, -2249, 15695)
(84, -44, -8, -25605, 8722, 12221)
(41, -20, -86, -32013, 3582, 19664)
(5, -122, -33, -7330, 8014, 14257)
(41, 97, 63, -16964, -16996, -925)
(-78, -11, 22, -5873, 1679, -6686)
(-18, 66, 115, 24583, -14800, -10958)
(-16, 26, 48, 9606, 6366, -14449)
(-126, -83, -113, 21584, -9220, -18425)
