(126, 7, 95, 21430, -22691, -32033)
(0, -58, 51, -18825, 30694, 5633)
(11, 30, -56, -25671, -28480, -25686)
(115, 93, 4, 4664, -15118, -31052)
(-23, 93, -49, 15516, 30694, -28395)
(37, -88, 56, 22927, 20162, 21368)
(-31, 28, -117, -18153, -24971, -28033)
(-96, -121, -25, 28965, 19351, -18134)
(15, -36, 102, -2970, -14575, 25072)
(-99, 9, 23, 2733, -5963, 6944)
(-118, -39, 110, -11886, 2935, -10011)
(-81, 16, -104, -458, 11877, -10797)
(62, -92, -29, -1964, 6160, -4369)
(-121, -79, -63, -2555, -1619, 1371)
(-109, -82, -108, 2030, -3043, 1260)
(-111, -85, -83, 2925, -3486, 410)
(-91, -73, -41, -149, -2782, 3880)
(125, -75, -54, 4000, -1728, 2394)
(107, -88, 7, 1927, 1495, -241)
(-124, -87, 44, 5063, -367, 1459)
(115, -57, -114, 996, -4384, 4222)
(30, -66, -113, 6792, -5602, 672)
(-22, -13, -27, -2471, 3143, -5810)
(-32, -42, -85, 250, -7469, -7426)
(-119, 46, 79, 8148, -24951, -10030)
(-26, -34, 67, -165, -12352, 2058)
(121, -10, -107, -13122, 4722, -5524)
(-38, 70, -56, -2875, -19501, 19584)
(-76, -50, 102, -947, -23019, -32033)
(70, -4, -67, -4500, -23721, -32033)
(27, -38, -117, -682, 29548, -32033)
(-37, -104, 122, -8873, 29006, -29864)
(-15, 10, -86, 27287, 30692, 31798)
(6, 118, -112, 14245, -26664, 23640)
(25, -67, -79, -13649, 26914, 29618)
(-84, 52, -106, -21940, -23571, -32033)
(-36, -96, 21, 15878, 9773, -24899)
(98, 104, 88, 16410, 25177, 4924)
(123, 116, -61, -28193, 20179, -12377)
(-127, 111, 57, -1175, -32108, -32033)
(-11, 76, 5, 10718, 31306, -32033)
(-71, 76, -40, 4905, -5968, 29411)
(112, -63, 106, 983, -22498, -11134)
(122, -69, 12, -526, 8752, -106)
(-2, 58, 15, 2359, -20603, -6882)
(-49, -5, 124, 32193, -1925, 32332)
(-106, 121, -65, -10566, 32734, -25343)
(108, 4, 15, 23607, 6190, -32033)
(-6, -17, -57, 22329, 5499, 12066)
(15, 67, -76, -26107, 24628, -16786)
(7, 117, -18, 7278, 23765, 30535)
(-60, -73, -80, 1261, 32295, 8106)
(8, -63, 36, 20964, 31589, 734)
(37, 1, -13, 26900, -7243, -32033)
(-45, -48, -59, -19535, -9036, 22583)
(98, 110, 5, -13198, 23635, 31953)
(29, -106, 13, -11715, 7296, 26502)
(118, -27, 18, 28177, 6389, -23831)
(-41, 84, 59, -23582, -5542, -2982)
(1, 27, -29, -3500, -26534, -4304)
(56, 36, -102, -12820, -12922, 2809)
(-13, 85, 121, -8461, -3485, -8150)
(-109, -40, -98, 16341, -6887, -3479)
(102, -82, -113, 3591, -11736, 5685)
(94, -7, 0, 3994, -10997, 6184)
(-125, 27, -8, 8631, -5858, 880)
(124, 41, -99, 1023, 2823, 326)
(120, 26, -127, 2868, -3687, 2421)
(83, -10, -108, 4280, -15913, 2552)
(63, -11, -22, -1705, -9039, -1488)
(62, -71, 17, -1208, 3374, -6456)
(48, 111, -85, -919, 9045, -8264)
(-115, 13, -105, 171, 13597, -2514)
(16, 3, 75, 1830, 884, 1564)
(77, -15, 96, -834, -5241, 10120)
(113, -6, 77, 5511, 3071, 8494)
(-30, -87, 99, 3416, 966, 1165)
(11, -92, 117, -3045, 161, 3193)
(96, -76, 104, 1853, 507, 1323)
(53, 126, 122, 3862, -9375, 3208)
(-126, 83, 93, -2164, -10611, 663)
(72, 54, 72, 6754, -5836, 139)
(76, 74, 99, -10159, 1756, 2916)
(-122, -66, 28, -2181, 1012, 1276)
(127, 85, 8, 11110, -2232, -768)
(63, 15, 102, 3079, -6914, -2112)
(-72, -13, 115, 411, -7330, -7307)
(110, -81, 126, 7611, -2134, -19634)
(-87, -25, -71, -20504, 1467, -29745)
(-2, -103, 63, 6323, -10379, 29877)
(-122, -32, 126, 5810, -29386, -32035)
(-79, -33, 33, 15416, 27263, -32035)
(104, 25, 38, -10753, -10116, -32035)
(55, 61, 100, -796, -22095, -32035)
(-12, 76, -99, -6346, 23584, -1631)
(-2, 81, -119, 30353, 30693, 31090)
(-93, 99, -26, -3167, -20063, 13542)
(-35, -89, -36, 878, 14536, 32015)
(76, -35, 9, 3813, 6158, -32035)
(-18, -126, -13, 2182, -21776, -23599)
(-17, 80, -20, -1989, -2074, 16237)
(85, 101, -16, -9977, 8744, -31251)
(15, -35, -53, -11146, 20062, -27050)
(-25, -88, 94, -12825, 17321, -32035)
(-28, 95, -112, 15509, -6134, 26508)
(-40, 23, -120, -6182, -5167, 22227)
(-63, -60, -126, 25429, -6493, 2718)
(5, 112, 37, -2974, 8499, -21394)
(-55, -25, 39, 21272, 15697, 22374)
(-90, 101, -73, 23924, -6819, 11884)
(-109, 25, 66, 28249, 2476, 8800)
(1, -12, -3, -28948, -20221, 21501)
(52, -77, -40, -18522, 30691, 5268)
(-83, -101, -127, 1781, 30691, -31002)
(-37, -19, -71, -21277, 29839, -28390)
(-69, 26, -108, 1085, 1728, 25298)
(-31, 106, 49, -998, 4905, 24403)
(-42, -104, 76, -186, 27223, 27855)
(30, -90, -2, 12327, 7077, 5849)
(-27, 20, -125, 25077, -7067, -20149)
(-52, 0, 116, 15984, 8642, 22186)
(-32, 18, 1, -28292, 10515, -24342)
(92, 12, -98, -9248, -16709, 13091)
(-89, 14, 66, 16809, 22126, 13364)
(113, 91, 27, 4155, -31222, 17120)
(-42, -6, -41, -7036, -12004, 3976)
(12, 91, 59, 5011, -2930, -6331)
(18, 16, 82, 1482, -1946, -1325)
(36, 49, -124, -3723, 406, 861)
(84, 42, 98, -331, 6147, -3400)
(-47, 8, 64, 2318, 11127, -4791)
(-86, -6, -112, 1751, 1844, -1945)
(-70, 0, -74, -2339, -2509, 2796)
(-62, 21, -70, -1611, -1749, 1875)
(-51, 36, -80, -1184, 450, -865)
(14, 98, -29, -7192, 4449, -1683)
(60, -114, 29, 2091, 1564, 1502)
(76, 108, 110, 163, -447, 1005)
(76, 97, -124, -2144, 1268, -2253)
(95, -101, -26, -1211, 6024, -4691)
(81, -37, 83, -2314, 7130, -3523)
(-2, 9, -2, -1529, 4277, -1025)
(-48, -13, 50, -2356, 3266, 956)
(-95, -73, 119, 64, 3047, 2552)
(-122, -82, -123, 979, 8053, 1028)
(-64, -47, -88, -2183, 14446, 825)
(-79, -60, -117, -6090, 14573, -1323)
(-112, 42, 12, -2950, 7841, -5601)
(-90, -93, -58, 1837, -5531, -4548)
(-60, 66, 70, 4969, -20810, -4198)
(-45, 82, 85, 4494, -25262, -5823)
(-81, -47, 97, 6463, -11693, -7493)
(-32, 106, -53, 3042, -6557, -6257)
(73, -37, 69, 1639, -12814, -665)
(118, -70, -81, 4621, -10206, 337)
(-98, -122, -61, 7560, -6047, 3703)
(-103, 53, -127, 4715, -6093, 9442)
(80, 83, 28, 6868, -8487, 10766)
(-39, -103, -1, 10089, -605, 6186)
(64, -125, -48, -7379, 2405, -697)
(88, -63, -86, 4140, -7057, 3048)
(-126, -77, -126, 2254, -3641, -10545)
(-58, 119, -61, -18053, 10579, -22555)
(-53, 118, -52, -6851, 7962, -22422)
(29, -79, -99, -18532, -8462, -26642)
(-82, 120, 119, 13252, 31817, -23411)
(89, -49, 56, 25296, -28445, -21448)
(53, -33, -84, -11418, -10736, 28601)
(-28, 106, -53, -3125, -10304, -32037)
(-96, 49, 104, 5668, -27308, -8442)
(88, 109, 83, 31319, 24414, 25634)
(59, -52, -83, 28195, -4677, -32037)
(-45, -14, -28, 15035, 28732, -32037)
(63, 127, 2, -25384, 28139, -32037)
(5, -23, 80, 1321, -8790, 12782)
(63, 72, 49, 14870, 31065, -19176)
(106, -23, -28, -23110, -28282, -30382)
(37, 40, 14, -8890, 5628, -32037)
(-10, -29, 114, 8815, -1586, -32037)
(29, 59, -42, 13879, -22753, -32037)
(-115, 115, 51, 15529, -21440, 17699)
(127, -65, 78, 27251, -28658, -32684)
(65, 54, -64, 23890, -2530, -22784)
(49, 56, -65, 20055, -22920, -32037)
(-30, 51, -45, -19343, -32271, -32037)
(-126, 62, -103, 241, 17035, -6367)
(-7, -64, -35, -20007, -21985, 14020)
(-106, -19, -109, -8676, -15769, 730)
(54, -92, 0, 7568, -2325, -32037)
(0, 53, -12, 18629, 4903, -32037)
(12, 17, -53, 20688, -22580, -10654)
(62, -62, 14, 7484, 29709, 15449)
(43, 124, -5, 18150, 11253, -32037)
(24, -34, -102, 8162, -20952, 20052)
(33, -121, -56, -12480, -417, -22413)
(115, 55, 75, -12050, 15003, 3897)
(-26, -108, -79, -22575, -23192, 22306)
(54, 9, -4, 18316, -8761, 19637)
(-126, 113, 102, 19963, -31738, -22955)
(12, -33, 90, -8606, 27984, 29444)
(-65, -91, 81, 11522, 29070, -32038)
(-85, 6, 101, -16336, -19604, -32038)
(-28, -82, 121, 4271, -22437, -32038)
(-36, 117, -9, -6405, -17975, -32038)
(-96, 113, 1, 6658, -30706, -9652)
(101, -51, 118, 30534, -19921, 15288)
(-80, -2, -124, 14448, -31403, 15236)
(-76, -28, 113, 22159, 9612, -32038)
(-45, 79, -86, -10941, -18843, -32038)
(67, 37, 103, -26548, -12232, -31481)
(-36, 56, -60, -22053, -12766, 24039)
(-91, -55, 94, -29568, 24109, -20660)
(34, 10, 29, -29872, -1870, -31159)
(-75, 118, -4, -26093, -5156, -32037)
(-62, -5, 105, 4467, -20464, -32037)
(14, -76, -111, 11367, -4769, -32037)
(-36, 72, 123, 8106, 12723, -32057)
(11, -107, 94, 13268, -9341, 27956)
(-22, 62, -9, 28644, 27201, -30188)
(-57, 58, 109, -27450, -27850, 26277)
(-87, -28, 53, 19998, -6415, -9748)
(-41, -7, -123, -30632, 19538, 15172)
(-110, -124, 24, -22726, -27003, 29280)
(-119, -42, 85, -15384, 29297, 19772)
(-63, 8, 102, -4507, 12042, -778)
(103, 37, 125, -12626, 20588, 16517)
(69, 86, -62, -560, -5582, -21870)
(-80, -106, -88, 13406, 2857, -32037)
(83, 111, -96, 17467, 7017, 3496)
(-25, -22, -14, 527, -3128, 12064)
(109, -117, -92, -13084, -2363, -32480)
(118, 56, -102, -3440, -27664, 11956)
(-77, 105, 51, 6671, 22765, -15096)
(-65, -61, 102, -20540, -29778, 17505)
(56, -69, 73, -18111, 15321, 13475)
(-99, -105, 119, -22442, 5494, -32036)
(11, 92, -12, 22859, 31620, -32036)
(4, 109, 12, 2351, 31161, -32036)
(76, 36, -19, -3667, -19569, -31424)
(-89, -52, -74, 7450, -10741, -13548)
(63, -127, -53, 8774, 18651, 23248)
(126, 66, -115, 18150, 18798, 16566)
(105, -94, -120, -27374, 25618, 10466)
(-68, 26, -109, 22890, -27347, -32035)
(52, -26, 26, 5189, 84, -32035)
(-69, -66, 31, 19072, 15796, -32035)
(14, 43, 112, 5911, -24815, -25151)
(-48, -5, 108, -3159, -20836, -6577)
(-111, 47, -64, -7481, -6255, 30909)
(91, -9, -113, -26867, -6674, -27832)
(-46, -126, -80, -15224, -10170, -30535)
(78, -43, 91, 927, -23570, -32035)
(-106, 7, -104, 5469, 20759, -32035)
(-62, 77, -100, 12493, -23311, -32035)
(-86, -78, 124, -11596, 16502, 9801)
(-37, -93, 87, 24655, -15447, 29911)
(-99, -116, 31, 29885, -29900, -28205)
(-42, -105, -35, 26125, 29674, -32035)
(19, 71, 104, 23159, -25892, 25168)
(2, 47, -38, -7812, 15442, -12282)
(117, -22, 107, 26301, 17562, 2957)
(-23, 76, -124, -4363, 13599, 24036)
(88, 63, -113, 1457, 5209, 18985)
(-15, 78, 93, -13223, 17528, 17788)
(16, -12, 76, -5268, 21355, 28865)
(-100, 63, 8, 16686, 16393, 21516)
(-47, -109, 17, -9955, -19126, -3334)
(-11, -121, 121, 28021, -1693, -26071)
(-90, 95, 6, 7213, -13615, 27882)
(37, -67, -48, 5940, -24363, -974)
(-60, -109, -71, -8685, -16568, 13368)
(-59, 63, -16, -5359, -7762, 20524)
(73, -21, 69, -13494, -1321, -23526)
(-4, -91, -114, 17979, -1427, 22752)
(-8, -116, -38, -19058, -26407, -32033)
(-58, 124, -80, 9851, 31401, -32033)
(75, -91, -19, 120, -19973, -32033)
(55, 89, -70, -10042, -10390, -32033)
(11, 6, 20, 1423, -15995, -32033)
(105, -102, 28, 1976, 21026, -27942)
(2, -99, -29, 4481, 30688, 7235)
(-83, -111, -28, 12995, 30688, -8660)
(-103, 55, -100, 5083, -5830, -19377)
(-128, 28, -30, -11713, 13500, 25184)
(-60, -9, 40, -14898, -28207, -32032)
(-20, -26, -91, 8164, 28323, -890)
(-122, 105, -46, -12960, -15633, 17123)
(69, 32, 77, -15623, -6486, -19110)
(40, 0, -103, 3178, -6122, -32032)
(-48, 19, -56, 6248, -22546, -32032)
(-62, 17, -3, -7675, 14313, -12023)
(-108, 67, -69, -10752, -241, 15833)
(-87, -42, 83, 4266, -15662, 20935)
(59, -46, -112, 18607, 15020, -24193)
(14, 61, 58, 13377, 30296, -32032)
(9, -106, 43, -4400, 4949, 13996)
(-79, 17, -77, -23115, -11291, -12578)
(70, -62, 95, -11644, -21855, -24742)
(30, 56, -127, -12401, 21478, 19956)
(88, -103, -25, 16043, -3584, 27052)
(98, -43, -97, -130, 20228, 25077)
(10, -60, 51, -21250, 22101, -30374)
(-6, -63, 97, -31911, -16209, 24631)
(-31, 2, -76, 12864, -26086, 28894)
(32, -15, 68, 12359, -13048, 7763)
(-26, 41, 1, 19704, 6678, -29962)
(-126, 27, -78, 3139, 9991, 25043)
(-23, 119, -118, -23147, 4051, -32032)
(-80, 89, 68, 3010, -21072, -28037)
(111, -8, 96, 21982, 21511, -10834)
(22, -46, 11, -1120, -19853, 25995)
(-42, 75, 117, 774, 2856, -32032)
(114, -65, 116, 15304, -20509, -32032)
(-52, 83, -84, 20049, -32228, -32032)
(105, 66, -106, 3565, 26637, -15802)
(114, 100, -28, 21506, 30691, 21529)
(118, 31, 83, 14747, 32398, -5708)
(-23, 113, 39, -4935, -9509, 27111)
(94, 120, 82, -7423, 17399, 31976)
(-13, 108, -60, -16452, 2413, -26165)
(79, -98, 121, 5992, -13896, -5148)
(117, -113, -54, -9371, -13280, 11305)
(27, 83, 50, -14201, -5062, 31552)
(61, -115, 87, -21560, 2599, 31292)
(-79, -44, 6, -11428, 4795, -29401)
(113, -7, -73, -13051, 3120, -32032)
(-40, 97, -27, 32422, 15123, -32032)
(-81, 65, -36, -10057, -13322, 27282)
(51, -94, -109, 7237, 20423, 19246)
(-119, -81, 69, -21397, -12119, -26588)
(-22, 115, 74, 20216, -8240, -32032)
(-67, -17, -12, -30639, 24697, 7948)
(-57, -14, 90, -31617, -4705, 9255)
(-100, 86, 26, 30231, -20025, -22657)
(-48, -87, 50, 23540, 30691, 15969)
(6, -61, 99, 18154, -13804, -23251)
(-93, -41, 73, 2610, -18944, -29718)
(-39, -9, 14, -24653, 24682, -32032)
(-16, -15, -77, 3177, -25680, -2828)
(59, 78, -45, -10850, 30691, 14923)
(-39, -128, 21, 17189, -24091, -32724)
(95, 116, 25, 17879, 16184, 16946)
(2, -21, 120, 6648, 30691, 32005)
(-33, 57, -73, 4286, 30691, 28406)
(-61, -57, 83, 28469, 30691, 4429)
(-10, 125, -120, -3820, -12257, -32032)
(88, 40, -16, -9023, -3088, -32032)
(-38, -125, 66, -14661, 10314, -32032)
(12, 36, -7, -602, 30691, -32032)
(35, 55, 61, -9886, -31480, -10732)
(-37, 42, -3, -4835, -13743, -26882)
(37, 5, 107, 7733, 31418, -11757)
(109, 75, -96, -1833, -10124, 30039)
(-123, -7, 87, 3835, 7487, 29526)
(15, -14, 125, 13932, 20803, -32032)
(48, -108, 122, 18718, 10473, -32032)
(-69, 94, 99, -13076, -94, -13534)
(32, 61, -60, -8344, -5975, 15471)
(-82, 3, 103, -27881, -2102, -25859)
(-60, 53, -32, -23747, -2778, -29131)
(20, 42, -2, 10427, 20659, -32032)
(-123, 121, 106, -9170, -14216, -32032)
(120, -4, -88, 17801, -17434, -23748)
(124, 103, 75, -311, 8395, 6284)
(-5, -13, 90, -4872, 30965, -16598)
(113, 54, -107, 1241, 16069, -32032)
(-87, 49, 15, 7394, 2953, 32650)
(57, 16, -58, -12680, 4503, 2744)
(-18, -25, -124, -12620, -22333, 11882)
(-114, -50, 11, -26277, 30691, -21376)
(-101, 60, -112, 1336, 11719, -32032)
(-91, -5, 24, 30503, -17999, -32032)
(-78, -62, 11, 13472, 9514, -32032)
(-71, 5, 121, 31179, 14756, -32205)
(65, 118, -50, 17102, -25143, 20453)
(91, -125, -72, 3124, 30691, 26951)
(-79, -47, 43, 24112, 7727, -20811)
(-58, -75, 26, 28687, 27424, 20960)
(93, -5, 90, 22262, -6113, -1797)
(53, 55, -39, -6686, -13075, -15681)
(-77, 16, -72, 15482, -4346, -28879)
(73, -27, -108, -18145, 15089, 28816)
(86, 46, 85, 1588, -12461, -32032)
(59, 30, -34, 18824, 24994, -32032)
(-68, -52, 55, -523, 32393, -32032)
(18, -94, 35, 4669, -25546, -32032)
(62, 18, 24, 7141, -1314, 868)
(73, 35, -80, 9375, 796, 10624)
(-63, -127, -5, -27994, -4916, 28418)
(102, 47, -57, -32308, 30481, 29242)
(-58, 85, -116, 4960, -7130, -32032)
(75, -72, 18, 21099, 11795, -31550)
(-14, -41, -71, -4247, 4950, -24546)
(36, -57, -44, 12857, -1541, 2172)
(8, 110, -36, -16390, -7451, 26924)
(15, -2, 27, -10641, -2278, -31750)
(-21, 24, -100, -24971, 7626, -29114)
(84, -103, -65, -12714, 2771, -32031)
(-37, 40, -33, -10830, -27997, -32031)
(37, -119, 32, 23985, -4552, 19390)
(-95, -100, 40, -15928, 19267, 16811)
(94, -1, -36, -7922, 15089, -29351)
(121, -69, 80, 16868, -7563, -30546)
(40, 76, -50, 29752, -11544, -32030)
(79, 77, 1, 1537, -1972, 17232)
(37, 65, 98, -20323, 3233, -18214)
(36, 32, -117, 5968, -19931, -21307)
(117, -33, 108, -8049, 30690, -29255)
(63, -21, -86, 7663, -15639, 25831)
(-16, 6, -119, 1916, -11478, -29471)
(-95, 95, -48, -25163, 25254, -947)
(98, 34, -28, 2802, -26633, -13163)
(-11, -103, 9, 17206, 14612, -28378)
(103, -39, 55, -16335, 25127, -19958)
(44, -81, -125, 21848, 29531, -16356)
(-50, -70, -5, 29330, -32006, -9102)
(-3, -102, 101, -1493, -12429, 27596)
(-18, 103, 90, 3980, -18645, 29703)
(110, -75, 112, -11653, -20540, -32029)
(-56, 28, -83, 11091, 27234, -32029)
(-99, 1, -20, -5726, -18766, -32029)
(-95, 21, 78, -7011, -5311, -32029)
(-85, 41, 66, 9843, -16467, -32029)
(-70, 84, -59, 4301, -22796, -16034)
(20, -17, -8, 9300, -28823, -17930)
(-63, -58, 56, 28351, -21614, -18406)
(-96, -122, 16, 18210, 5823, 26808)
(48, 19, 101, 16295, -29049, -32029)
(-114, 12, 48, 19378, -21233, -27209)
(103, -75, 100, -8185, 5538, 8244)
(73, 84, -4, -20571, 408, 31734)
(-53, 114, 38, -23653, -15607, -25168)
(-22, -37, 103, -2143, -6227, -32028)
(3, -115, 90, 14223, -27118, -32028)
(-113, 122, 111, -8700, 15057, 27457)
(-94, 31, 94, 21823, -4812, 20385)
(-68, -36, -68, -6197, 7205, -21012)
(0, 58, -114, 13090, 30882, -26736)
(97, 110, -94, -1353, 26598, -32028)
(70, 71, 107, 13866, 13962, 31310)
(114, -97, -93, -32290, 2587, -8291)
(120, 17, 106, -28755, -30178, -17851)
(-90, 22, -107, -28763, -32554, 30969)
(42, -120, -43, 17, 6854, -31181)
(-97, -105, -26, -14662, -6667, -32027)
(94, -68, -106, 11210, 27805, 24319)
(10, 85, -27, 29357, -28850, -24440)
(-115, -1, -36, -18642, -2076, 28361)
(-42, 43, -126, -26229, -32167, -31736)
(-118, 14, -127, 245, 20278, -7729)
(-36, 17, -65, -17650, 21347, 13447)
(-93, -95, -86, -8143, 1431, -18679)
(74, -83, 40, -1905, -4441, -19216)
(96, 121, -20, -12957, 13556, 9720)
(111, 60, -49, 3136, 1756, 9862)
(45, 116, 13, -2039, 552, 1393)
(41, -103, 57, -7106, 2475, -6698)
(89, -8, 93, 6686, -2375, 1829)
(-73, -8, 46, 923, -21791, -2461)
(-102, 46, 112, -6501, -27330, -316)
(40, 119, -88, 9776, -30737, 1561)
(50, 56, -114, -6076, 30156, -22366)
(57, -106, -85, -2518, -20313, 24819)
(0, 69, 125, -13968, -9943, -32027)
(-6, -88, 100, 14038, -31383, -32027)
(116, 61, -90, -10668, -13848, -32027)
(86, 35, 42, 10854, -27603, -13982)
(97, -62, -97, -212, -11046, -15574)
(109, 39, 24, 1610, -28503, -16437)
(41, -26, -52, 19680, -11950, 18535)
(117, 71, -112, -856, 6415, -32027)
(48, 58, -41, 2944, -27505, -32027)
(-47, 114, -15, 30054, -29791, -32027)
(61, -60, 58, -22288, 202, -10737)
(-42, 50, -10, -27630, 10308, -28202)
(93, -56, 83, -26008, -13908, -32027)
(96, 127, 113, -3192, -24326, -32027)
(-24, -109, -4, 20306, -3738, -32027)
(61, -105, 56, -7782, -19301, 29745)
(121, 110, 113, -12731, 3278, 16163)
(-67, -4, 103, 21565, -13325, 28614)
(107, 57, 76, 13842, -18094, -29024)
(21, -48, -6, 19180, 14444, -31796)
(40, -62, -74, -31902, 10948, 5566)
(9, 70, 45, 25891, -23991, 29865)
(-29, 124, 25, -18498, 30691, 24665)
(-16, -44, -19, -6086, 15742, 29055)
(60, 100, -68, 15933, -26057, 31489)
(-66, -98, -82, -6787, -14268, -30372)
(35, -95, -55, -12031, 30691, -32027)
(-22, 108, 88, 21021, 18956, 742)
(65, -44, 123, 14903, 4100, 1867)
(-119, 14, 49, -15566, 29936, 15864)
(64, 59, -47, 23799, -11574, 27675)
(-121, 63, 94, 30047, 3561, 21270)
(-23, -72, -40, -1387, 26970, -3426)
(106, -59, 25, 244, -20497, 23987)
(-109, 1, -108, 19389, 234, 30552)
(-114, 23, 94, 11725, -24206, -21560)
(80, 60, -76, 865, -27632, -6421)
(-114, 13, -72, 6184, 25310, 23813)
(113, 38, 120, -270, -22219, -32026)
(-114, 32, 85, -2052, -8381, -32026)
(-127, -61, -12, 356, -2926, -32026)
(125, -124, -116, -8863, -4549, -12245)
(-65, -17, -34, -4422, -26895, 11771)
(-82, 59, -28, -3946, 23112, 18137)
(56, 29, -96, 31547, 30689, -28786)
(85, -108, -99, 2122, -6986, 24991)
(-77, 23, 11, -3133, 25706, -32026)
(-109, 34, -110, 24049, 27702, -31366)
(24, -69, -15, 15857, -24870, 1882)
(44, 10, -103, -446, -14205, 14200)
(4, 1, -42, 5511, 1505, 26240)
(105, -92, -68, -17348, 29745, 27213)
(56, 20, 70, -3319, -4726, 18614)
(5, -103, 28, 5351, -17803, 24991)
(-16, 64, -72, -25877, 672, 17188)
(12, -29, 112, 27503, -2713, 909)
(-124, -33, 102, -26712, -1378, 19602)
(-56, -103, -114, 77, 9346, -30045)
(-121, 109, 122, -14768, 17757, -29672)
(-2, -73, 46, 8135, -13907, -6132)
(69, 121, 84, -7839, -14003, -26394)
(-111, 74, 3, 12444, -9984, -18410)
(-69, 123, -5, -1414, 11253, 27720)
(-106, 30, 37, 4844, 22798, -21622)
(118, -30, -115, -565, 12197, 31984)
(-7, 45, -84, 20850, -13716, 26076)
(-34, 21, -86, -31725, -5226, 14743)
(-95, -92, 56, -29656, 15658, -2397)
(30, -25, -103, 6291, -23887, 8876)
(112, 107, -103, -8112, 30689, 8275)
(-114, 51, -19, -214, 11733, 31246)
(-3, 106, -64, 3574, -12354, 27503)
(9, 127, -69, 4558, 953, 23001)
(-45, 65, -61, 6616, 22046, 14583)
(-35, -91, -33, -4793, 18021, -17617)
(37, -53, 63, 15409, 14172, -21028)
(-19, 16, 87, -7868, -5509, -22435)
(75, -29, -66, 6893, -30870, 3738)
(100, -10, 37, -7493, 28439, 9208)
(-70, -92, 25, 6065, 28984, -9271)
(-90, 23, -7, -9610, -29792, 26624)
(-124, 114, 19, -10910, 23261, 31233)
(46, -16, 50, -4253, -7958, -32028)
(-104, -6, 20, 16319, 26766, -32028)
(17, 63, -30, 4593, -31050, -32028)
(-17, 39, -73, -8964, -8511, -25573)
(-22, 85, 99, 3422, -17617, -22660)
(99, -71, -103, 6161, -9547, -20787)
(94, -69, 20, -10064, 8262, -3548)
(-75, -96, 10, -10358, -18824, 2094)
(47, 123, -62, 32374, 19288, -5591)
(-21, 65, -25, 28699, 30688, 19665)
(-49, 51, 0, -172, 9228, -32027)
(127, 56, 11, 12574, -20783, -14595)
(82, -31, 102, 20870, 23361, 11867)
(79, 87, -62, -10230, 492, 17062)
(-84, -115, -104, -16637, -31268, -29361)
(5, -74, 16, -15506, -21046, -29289)
(53, 18, 78, -4994, -3122, -32027)
(-39, 64, -73, -14763, -16152, -32027)
(-17, 67, -41, -7307, 13335, 21848)
(102, 62, 19, 4303, -25215, -13901)
(118, -74, 66, -32671, -29146, -18096)
(-51, -72, -38, 17006, 6366, -30971)
(119, 107, -73, -3490, -17805, -32027)
(49, 35, 87, -32527, 30687, -1902)
(26, 86, 27, 25000, -587, -11904)
(-96, 31, -74, 2911, -24425, -12955)
(-104, 55, 82, 68, 13506, -32027)
(37, -86, 106, -32722, -12053, -32027)
(59, -79, 2, -24524, -18694, 27131)
(-86, -57, 48, 21874, 30687, 5560)
(-81, -105, -68, 15883, -16842, 11393)
(78, 113, 105, -26330, 13763, -24951)
(-95, 37, 28, -9329, 30687, 10163)
(-3, 47, -5, -31404, 6332, 1901)
(110, 0, 52, 10995, 21272, 27918)
(-36, 70, -44, -20719, -3115, -16895)
(-19, 127, 33, -1677, -23709, 19998)
(-108, 85, 53, -20152, -17820, -32027)
(-34, 57, -1, 3839, -29636, -32027)
(-20, 76, -42, 10114, -31406, -32027)
(-64, -24, -100, -5179, -15337, -32027)
(-125, 3, -117, -3991, -25447, -32027)
(-21, 48, 57, 4048, -24866, -14271)
(-109, 73, 9, -17115, -31818, 2557)
(-127, 82, -5, 21673, 27945, 29125)
(35, 57, -53, 13064, -17386, -17339)
(-84, -106, 97, 17822, 9427, 27601)
(37, 20, -122, -17263, -18781, -32027)
(38, 24, -37, -10963, 30687, -32027)
(77, -101, 98, 6980, -9278, -342)
(49, 97, 114, -17520, -19799, 23555)
(16, 122, 18, -20070, -6191, -28583)
(22, -30, -86, -1928, -16352, -29601)
(-84, -76, -5, -9016, -13359, -32026)
(-15, -60, -60, -1175, 3048, -32026)
(-85, -21, 38, 14209, 7779, -32026)
(-91, 68, -63, -6544, -11075, 29179)
(-76, -2, -74, -30751, -10434, 23739)
(-61, 27, 30, -30296, 26466, -28288)
(-32, 79, 121, 6229, -26839, 15231)
(-22, -119, -75, 2978, 30687, 17332)
(-102, -28, 66, -19435, 5220, -1660)
(-72, -37, -22, 5428, -31469, -18885)
(-69, -13, -25, -8748, 6752, 29591)
(120, -118, -27, 21082, -11056, 28757)
(-116, -68, 84, -6872, 8409, 23929)
(44, -26, -84, 5106, 21065, 21137)
(-89, -4, -78, 22957, 12832, -3492)
(3, 87, -118, 20906, 31944, 6178)
(48, -90, 102, 7034, -32446, 23935)
(-20, -45, 49, -23776, 29896, -12646)
(-114, 42, -7, -24525, 21768, 15004)
(63, -5, 100, -25540, -24262, -1033)
(13, -25, 120, 10838, 11123, 3029)
(-8, -6, -101, -21420, -31284, -19555)
(87, 39, -126, 171, -16023, -26776)
(63, -13, -68, -14992, -2045, 28466)
(101, -6, -4, -7240, -16789, -32028)
(-67, 33, -47, 13914, 31520, -32028)
(-62, -96, 92, -5385, -13386, -32028)
(-35, 108, 15, -511, -4148, -32028)
(-95, -86, 120, -309, -17943, -18862)
(-121, 57, -125, 8719, 30834, -1337)
(-60, -53, -63, 7789, 29986, -12685)
(-37, -87, 23, 25193, -12772, -19055)
(26, 83, 86, 10206, -8552, 25736)
(-9, 98, 26, -12136, -22980, -24481)
(126, 49, 99, 10947, 21895, -19039)
(35, -33, -82, 110, -10652, -1486)
(-90, -4, 5, -16298, -14391, 22193)
(-94, -65, -122, -15707, -18033, -30954)
(-43, 71, -42, -12638, -23657, -28810)
(-122, 118, -108, -13954, 11549, -32027)
(34, -3, -44, -2996, -30042, -32027)
(-82, 127, 13, 25373, -883, 20429)
(-76, 7, 105, -14830, 9982, 14350)
(62, 92, -12, 18433, -12959, 17955)
(3, -3, 55, 8920, 7453, -24851)
(91, -100, -111, 2666, 14071, 26579)
(115, 112, -67, 9814, -16107, 8829)
(83, -80, -69, 12135, 15152, 5560)
(85, 30, 77, -21432, -23351, 11396)
(68, -22, -102, -13662, 30683, -26973)
(-17, 118, 91, -3156, 14375, 25329)
(-80, 101, -29, -9195, -29417, 24211)
(84, 61, 19, -15905, 15455, -31171)
(-10, -79, 121, 16107, -29520, -30898)
(54, -47, -32, 26219, -18258, 18202)
(105, -108, 64, -26275, -1851, 6766)
(-44, -103, 29, 4237, -32641, -32335)
(-47, -81, -37, 17162, -29357, -11840)
(122, 36, -76, -18701, -773, 10747)
(65, -26, 11, -18538, 31055, -19114)
(55, -33, -14, 5470, 2695, 27444)
(-124, 12, 69, -2003, 8884, -24479)
(-100, -30, 22, -29074, 25706, -22190)
(64, 65, -79, -17706, -51, -17684)
(-107, -47, 69, -17185, -16986, 7687)
(-60, 23, -92, -6066, -25615, -4510)
(88, 43, 49, 11943, -11669, -6754)
(-121, 34, -110, -8300, -12021, 20287)
(-52, 105, 43, -3372, -721, -32027)
(69, -116, -85, 2159, 15902, -32027)
(112, 46, 20, -15755, 7361, -32027)
(-14, -12, -50, 25952, 9303, -28559)
(27, 66, -59, 3203, 30684, -7779)
(65, 87, -22, -11955, -22949, -22324)
(-59, 9, -84, 8830, 4398, -27751)
(-120, 102, -70, 5472, 1, 30064)
(-95, -40, 78, -4636, -5047, -32028)
(71, 1, 109, 22095, -7823, -32028)
(55, -103, -112, 1563, 3403, -20529)
(-97, 124, -106, 8329, -17021, -28080)
(110, 17, -40, 5726, 4802, -13445)
(-72, -20, 102, 5982, 22812, 5927)
(-117, -108, -104, 4617, 3157, 9064)
(-39, 17, 75, -7660, -13, 1212)
(-71, 37, -66, 8278, -12454, -686)
(-6, -2, 102, -10334, -8560, 18128)
(-87, 93, -51, 6311, -19512, 20896)
(107, -22, 86, -11111, 13923, 13785)
(56, 79, -97, -11717, -11152, 29283)
(-45, -67, 54, -13485, -1080, -27565)
(45, -43, -68, -9489, -7563, 13016)
(-65, -22, 14, -4755, -9593, 15470)
(-85, -97, -35, 13249, -18576, 13882)
(83, -67, 32, -7902, 14639, 12050)
(59, 73, -19, 4530, -3425, 9673)
(-81, -72, -86, 19654, -15318, 19428)
(-48, -96, -70, 28208, -15586, 22432)
(-13, -57, 0, 29136, 8855, 21709)
(23, -104, 81, -18841, -17804, -3739)
(90, 101, -74, 31775, 26411, -1979)
(-87, 12, 93, -26036, -26405, -23236)
(24, 77, 98, 11918, 30685, -22683)
(-77, -105, -116, -16604, 26708, -12425)
(-7, -118, 49, -31858, -20705, -32028)
(-103, 99, 102, -7167, 21114, -32028)
(-41, -44, 51, 16719, -32495, 16117)
(-94, 103, -17, 13467, 18858, -20418)
(106, 18, 7, 3499, 1920, -19853)
(111, -108, -110, -6292, -13553, -8860)
(-105, 39, -121, 8337, -4096, -10911)
(-26, -19, -6, -8004, 5422, -24024)
(1, -75, 2, -1590, 2280, -4536)
(19, 76, 123, 5275, -18690, 14339)
(-58, 126, 58, 6187, -9861, 13507)
(34, -120, -14, -6501, 7998, -2906)
(11, -59, -106, -7118, -5283, -4385)
(42, -78, 38, -5510, -30573, -23857)
(87, -107, -111, 8730, -29427, -26695)
(-80, 51, 23, -9101, 446, -15427)
(99, 105, 111, 14171, -9858, -28484)
(-1, -78, 9, 12867, 5099, 29999)
(74, 110, -118, -13655, 9372, -32029)
(-14, -76, -54, 25181, -30658, -25549)
(69, -20, 114, 6121, 22423, 1102)
(-122, -112, 26, 10460, 30684, 27745)
(12, -56, 4, 1261, -27622, 1710)
(-101, -58, 76, -5137, 9877, -32018)
(-85, -94, -42, -17175, 6734, 27106)
(122, -106, 61, 5455, -5279, -32029)
(-65, -125, 61, 8468, 31209, -32029)
(-120, 56, -108, 24563, 25101, -24301)
(68, 9, -111, -2362, -8927, -18286)
(-33, 33, -29, 6989, -23445, 5119)
(102, 38, -33, -14427, -16588, 17728)
(55, 37, 89, -8649, -19230, 31821)
(-85, 38, 68, 3426, -205, -27649)
(-72, 103, -55, -9331, 28067, -32028)
(-116, -28, 36, 19932, 7494, -32028)
(-78, 79, -14, 13030, -8540, -5741)
(-31, -4, 96, 19223, 30786, 10718)
(126, -10, -17, -7105, -29137, -20071)
(-36, -18, 69, 3831, 9367, -32028)
(-122, 67, 35, 9707, 6544, 27250)
(23, -102, -119, 23334, 17376, 9059)
(-31, -8, -127, 4704, 21083, 3440)
(-30, 106, -28, 21708, 13095, -23822)
(-59, 69, 78, -2315, -29670, -8595)
(-63, 32, -126, 9360, 4807, -32028)
(-9, 53, -70, 948, -25932, 32398)
(41, 33, -14, -30, 30684, 19521)
(-102, 96, 124, -1542, 11242, -27243)
(-100, 38, -20, 8546, 26983, -32028)
(81, 38, 10, 17483, 27440, -32028)
(-108, -110, -53, -5466, 29966, 741)
(-71, -99, 120, 16316, 23165, -32028)
(-27, 107, 81, 236, -27044, -32028)
(18, -105, 90, 11460, -32217, 11238)
(3, -12, 94, 11898, -19287, -18300)
(-124, 3, -102, -19293, 9538, 8098)
(5, 102, 58, 25290, -387, 18573)
(-43, -20, 14, 25664, 13310, 30559)
(14, 88, -101, -676, -9563, -32028)
(21, 81, -35, 12297, -5620, -24789)
(78, 116, -59, 14778, -280, 5081)
(-39, -9, 82, -11519, -20952, -21655)
(-73, -1, 13, 1232, 20546, 25659)
(29, -112, -123, 17222, 30684, -32028)
(15, 55, -24, 1217, -16297, -32028)
(54, -2, -14, 31151, -11931, -32028)
(66, 18, -121, 17696, -23635, -32028)
(-108, 29, -113, -30131, -3317, -32028)
(23, 21, -70, 13739, -2722, -32028)
(79, 126, -127, 8851, 3191, 1734)
(-121, 12, -95, -5847, 2376, 15338)
(-75, 11, -61, -22712, -20747, 31832)
(-95, 35, 18, 2039, -14971, -27744)
(88, -121, 6, -13104, 4087, -31801)
(-3, -11, 51, -10866, 19198, -32028)
(-86, -40, 98, -17137, -30522, -32028)
(70, 115, -62, 32678, 7828, -3680)
(-92, -90, 17, -11527, 8648, 19637)
(71, -14, -122, 2481, -751, -24975)
(-72, -114, 86, 23034, 6661, -31460)
(44, -110, 60, -903, 22366, 31078)
(45, 107, 107, 13773, 18084, -7400)
(32, -109, 89, -27739, -28323, -22099)
(-38, -54, -73, 9381, 14027, -30703)
(-84, 51, 24, -4647, 30246, -32028)
(103, 45, 84, 20437, 32683, 4688)
(103, 106, -23, 32058, 30686, 23104)
(105, 81, -37, 25776, 14346, 22955)
(-19, -119, -39, 20776, -13431, -4286)
(-38, 118, -36, 18294, 27944, -28457)
(-39, -74, 47, -24784, -8474, -2912)
(-32, 64, -9, -4643, -20185, -1597)
(-75, 26, 6, -8698, -26097, 4629)
(100, 116, -47, -2239, -12992, 20254)
(25, 17, -83, -1030, -10374, 13203)
(-40, -98, 15, 10174, -10972, -13508)
(-30, -121, -117, -1497, -5505, 22302)
(-35, 12, 73, 1494, -17555, 32657)
(-122, -28, -114, 4522, -28385, -32028)
(-5, 33, -40, 2187, -29381, -32028)
(-65, 32, 82, 1459, -2765, -31327)
(45, 34, 86, -4819, -20580, -24717)
(-45, -101, -2, 9663, 31436, -12428)
(-46, -101, -39, -14146, 28800, -30840)
(86, -106, -103, 21348, -26090, -23296)
(-26, -16, 52, 4198, -5991, 29648)
(7, -6, 6, -10355, -31066, -32027)
(-69, 33, -84, 30308, -30167, -32027)
(-4, 97, -56, 19009, -5867, -20447)
(-13, -13, -100, -2836, -1763, 6892)
(-94, 50, -32, -16782, 9436, 31875)
(-36, -116, 80, -2916, 85, 31096)
(111, 56, -6, -17370, -2736, -28984)
(91, -93, -42, -3956, 12713, -32026)
(-115, 72, 17, 27698, 2974, -32026)
(87, -104, -3, -19206, -21839, 23097)
(-52, -18, -77, 22623, 30688, 24078)
(-61, 73, -1, -2034, 10522, 22854)
(-122, 9, 63, 23890, -16185, 18761)
(-124, 84, 79, -9633, 32248, 29339)
(-41, 49, -90, -18413, -29413, 22782)
(37, -14, 118, -14566, 30688, 16717)
(63, 24, 98, -22620, 15643, 20348)
(70, -28, 127, -15214, 24211, 9128)
(98, 12, -46, -30826, 25167, -8123)
(86, -71, -64, 264, 17142, -2721)
(61, -64, 0, -28876, 30038, -26607)
(-102, 126, -93, 20981, -17019, 3220)
(116, 39, 66, -13410, -25522, 21846)
(84, 26, -61, 2887, 25040, 30230)
(41, 126, 96, 4151, 30545, -32356)
(-91, -127, -122, -109, -10735, 11011)
(-27, -13, -41, -14217, 10291, 15254)
(15, 91, -108, -11427, -28829, -10999)
(30, -128, 11, -3315, 28182, 25830)
(70, 80, 38, 16422, 30701, 31065)
(2, -93, 85, -22968, 27654, -32027)
(74, 113, -120, 5654, -17189, -27514)
(16, 111, 93, 25608, -17368, 10160)
(22, 106, 72, 14216, 31795, -32027)
(87, 114, -47, 8316, 508, -32027)
(-2, 95, 122, -1422, -18809, -32027)
(-60, 113, -26, 24683, 22610, -19536)
(-62, -91, -19, 15708, -26154, -24386)
(-30, -14, 58, 8766, -5737, -13009)
(-102, -63, 120, -3075, 14607, -20158)
(-17, 62, -34, -3907, 26143, -9569)
(84, 122, -108, 3932, -8178, -8965)
(-96, 123, 67, 24828, -24446, -3126)
(43, 25, -7, 2985, -6259, -12251)
(-113, -48, 113, 1976, 1343, 10807)
(-24, -88, 109, 5529, 8580, -12908)
(-31, 58, 8, 22436, -4952, -20534)
(-93, -66, -79, -4224, -12278, 4058)
(115, 96, 101, -10904, -16319, 22321)
(-32, 1, -118, -17207, 7592, -28366)
(13, 88, -5, 31281, 19654, -29990)
(-80, -25, -115, -26175, -19062, -32024)
(-23, -41, -42, -7855, 3447, -32024)
(-102, 56, -67, -14458, 24664, -510)
(-95, 5, 119, -13871, 12860, 3569)
(-116, -24, 17, -24079, -31721, -18263)
(-61, 43, -108, -14080, 26221, -32024)
(20, -6, 121, -8691, -31972, 19016)
(114, -102, -34, -32532, 30687, 3862)
(114, 64, 122, -21490, 30687, -21065)
(-67, -71, -116, -5862, 7512, -31845)
(-51, 106, 89, -13522, -16887, -32023)
(-25, 19, -31, 8092, -28618, 31383)
(68, 22, -122, 5686, -30781, 11202)
(13, 48, -13, -21953, 6821, 8419)
(-7, -81, -105, 7323, 5876, -32023)
(58, -25, -20, 17871, 30688, -9418)
(-43, -127, 95, 23557, -19887, -20776)
(2, -124, -2, -19655, 15376, 30300)
(25, -87, -104, -5495, -10792, 22184)
(91, 16, 64, 31321, 4699, 27241)
(-113, 87, 97, 4687, -8688, -32024)
(-52, -35, 66, 26045, 27685, -32024)
(125, -22, 105, 25430, 26793, -32024)
(-77, 27, 109, -1927, 30687, -2120)
(-119, -13, -88, -3404, -23117, -8884)
(-40, -103, 46, 9613, -14939, -25143)
(54, -114, 37, 14999, -21176, 27539)
(-114, -70, 8, 21393, -3026, -32025)
(-107, -128, 73, 6732, 32492, -32025)
(53, 121, 41, -24994, -3129, -32025)
(17, 25, -86, -13645, -18687, 11685)
(69, 97, -63, -13434, 8846, -13828)
(-12, 68, 67, 31903, -16080, -32025)
(-86, 78, 90, -5806, -24734, -32025)
(14, 74, 45, -24682, 30184, -32025)
(-109, 51, 4, -3438, 31754, -21349)
(-46, -120, 15, 24782, 23028, -2830)
(89, 3, -96, 10516, -30775, -13816)
(-20, -95, -108, 7083, 31120, -32025)
(84, 70, 20, -15464, 23534, 30413)
(46, -59, 127, -5683, -4888, 29354)
(33, 73, -63, 31097, -3081, 3900)
(37, 34, -67, -25350, -19260, -21579)
(-88, -32, 52, -9589, 30690, 10705)
(72, 119, -88, -32145, 30690, -2579)
(125, 64, 93, 16870, -8681, -32026)
(-7, 90, 60, 13014, 1006, -32026)
(15, 30, 106, 10666, 6962, -32026)
(-87, 106, 78, 19531, 18685, 14074)
(49, 60, -10, 30697, 11680, 26945)
(-93, -39, -58, 31881, 31401, 26936)
(-34, 26, -71, 23211, 22558, -15244)
(82, 36, 91, 12999, -20837, 5486)
(-40, 54, 127, -13079, -4482, 14487)
(-8, 50, 97, -12308, -15895, -15630)
(-72, -77, 4, -19353, 6712, 21281)
(91, -50, 45, -11974, -12721, -32026)
(29, -90, 49, 24087, 17566, -32026)
(37, -31, 49, 8112, -31460, -32026)
(-96, -116, -99, -9047, -4617, -32026)
(62, -122, -54, 6287, -19991, -21266)
(-53, 76, -78, -13873, 29353, 7585)
(4, -20, 74, 23288, 28327, -28013)
(48, 116, -43, -30142, -15330, -30212)
(-103, 45, -69, -7299, 28674, 30861)
(62, 73, -104, -9232, -25417, -32025)
(75, 109, 110, 3467, -23617, -11752)
(-28, 89, -100, 3423, 16028, 20674)
(30, 41, -53, 30226, 26793, -19076)
(-52, -94, -33, -13837, -18904, -32025)
(62, 67, -7, 17269, -28376, -32025)
(94, -25, -38, -15438, -14368, -32025)
(-4, -54, 121, -14703, 10208, 31473)
(-34, 124, 85, 8312, -18079, 23530)
(-33, -42, 91, 20392, 5885, -21190)
(85, 106, 40, -2005, 9429, -32025)
(-32, -93, 43, -9272, -4109, 26021)
(-96, 52, -21, 15139, -16654, -3902)
(60, 20, 54, -20235, -13870, 16858)
(72, -111, 88, 19114, 11096, 27948)
(-62, -7, -33, -15783, -28312, -27543)
(-24, -80, -40, 12782, 20281, 30167)
(-59, -120, 57, 11626, 22290, -30832)
(-102, 75, 8, -21600, -30886, -941)
(-31, -83, -112, 14131, -19373, 12228)
(-70, 124, -28, 1634, 14614, -23532)
(16, -127, 35, -12684, 30693, 14257)
(117, 17, 67, 235, -15028, 3539)
(11, -38, -107, -26049, 29258, 26353)
(80, -49, -25, -11445, -5399, -18332)
(-78, 122, -99, 29510, -26193, -3051)
(0, 65, 90, 10278, -5832, 24066)
(-52, -85, -37, 4051, -19753, -23512)
(97, 93, 104, 13664, -16449, -12966)
(98, 14, 7, 8652, 31830, 32264)
(124, 60, -85, 2073, -31900, 31437)
(-16, 108, -1, 4069, -24213, -32026)
(-126, 89, -24, 9183, -10448, -32026)
(76, -15, 123, 2345, 3973, -13102)
(-45, 100, -75, -19924, 6853, -1189)
(74, 63, -6, 2751, 17234, -30705)
(-8, 122, 53, -30719, -31037, -16453)
(48, 31, -35, -7726, -8051, 26796)
(16, 28, 82, 18775, 3539, -32027)
(-107, 50, 19, -3109, -28649, -29451)
(51, 3, -31, 31755, -28524, -27485)
(-80, 77, 34, -16727, -4905, 32595)
(98, -7, -55, 1278, -12359, -22984)
(-53, -27, 60, -13882, 2777, -31499)
(127, -109, -117, 4170, 1080, -32027)
(-73, -41, -47, -14667, -23341, -32027)
(27, 20, 19, 21682, 27024, -32027)
(-27, 25, -66, -31626, -22890, 10320)
(-61, -47, -46, -16802, -684, -29602)
(-90, 11, 0, 6006, 11915, -22977)
(-125, -119, -122, 5387, 9001, -32027)
(13, 77, 28, 1708, -14810, -32027)
(64, -93, 94, -3915, -26598, 9633)
(54, 109, 17, -15148, 8163, -23699)
(6, 114, -73, -32535, -18865, 4367)
(-7, -62, 60, 11844, 30696, 29492)
(-68, 66, -90, -16051, 30696, -25036)
(-109, 76, 21, -13373, 20266, -32026)
(-126, -112, -46, 3528, -11306, -32026)
(11, -82, 50, 6165, 31292, -21414)
(32, -107, 54, 17097, 29624, 19051)
(97, 58, 65, 12238, 17238, 1379)
(44, 8, -25, -15180, 24380, -3370)
(-58, 4, -9, 30144, 31405, 9986)
(-83, -95, 109, 26293, 26718, 28640)
(2, 10, -28, -23482, -18522, -16049)
(4, -21, -57, 5376, -12820, -20074)
(48, -34, 37, -11506, -6580, 25735)
(-54, -5, -86, 5548, -11567, -32331)
(123, 87, 23, 12065, -10543, -32027)
(51, 87, 66, -3327, -21387, -32027)
(27, 49, 123, 14235, 32066, -32027)
(-35, 18, -85, 5446, -29769, -5031)
(-45, 8, 124, 3726, -11750, 20174)
(35, -112, -13, -11287, 22735, -23216)
(96, -42, -119, -25903, -13947, 23773)
(-13, 0, 62, -2919, -728, -32027)
(-85, -73, 24, 5459, 28745, -32027)
(10, 23, 39, 25699, -9750, -32027)
(34, -111, 37, 18569, -11015, 6612)
(-111, -47, 63, -19181, -12991, -28890)
(71, 33, 87, -8978, 14375, 28745)
(14, -92, -28, -12261, 19907, 24131)
(-114, -82, 14, -24818, -2701, -27752)
(-59, 81, 75, -5546, -3773, 31851)
(-55, -2, -118, 25471, -18780, -31475)
(-24, 17, 17, 18721, -5722, -26477)
(-101, 51, -21, 2711, -12223, -4115)
(-95, 31, 45, 14265, 18811, -28600)
(46, 16, 125, -19707, 26079, -26768)
(-85, 75, 118, 28383, -976, 21998)
(21, 8, 9, -1928, -19320, 14723)
(-60, -79, -101, 8058, 27960, -24486)
(43, 124, -74, 14956, 8684, -32027)
(65, 32, -54, 28292, -24894, -32027)
(-69, 64, 113, 5275, 30697, -32027)
(-55, -4, 35, -32425, 30697, 6462)
(82, -32, 94, -16421, -2070, 31603)
(-2, -111, 7, -12431, 30697, -16000)
(-25, 12, -104, 32647, -1774, -1227)
(36, 23, 111, 18681, -18980, 16244)
(-92, 70, 96, 29659, -19676, 11483)
(-116, 81, -29, -13289, 23842, -8015)
(-26, -60, 99, -25416, -9815, -20547)
(-124, -41, 38, 8620, 14943, 24660)
(101, 52, -42, 12557, -3129, -31585)
(-128, -9, -75, -4887, 6877, -32173)
(63, -31, 43, 3217, -14740, -32026)
(16, 51, -40, 7938, -32739, -32026)
(9, -24, -13, -5560, -30452, -16681)
(-40, 32, 112, 18066, 28382, -6905)
(94, 33, -64, -3161, -9407, 6253)
(0, -105, -3, 5779, -22910, 18807)
(70, -7, 64, 32050, -12473, -32498)
(-65, 48, 46, -17189, -29909, -32026)
(-73, -60, 4, 23922, 15385, -32026)
(-62, -127, 81, -6905, -26241, 3229)
(59, -105, -40, -12130, -8373, -29039)
(-43, -58, 60, 27831, 2752, -26017)
(-102, -113, 13, -16308, -7351, -32026)
(-96, -128, -46, 19986, -9596, -32026)
(-116, -84, 54, -26052, -3040, -32026)
(121, 27, 98, -11462, 12424, 8511)
(117, 108, 91, 13332, -17805, -3916)
(-71, 123, -31, -6531, 15557, -16773)
(48, 110, 17, 26662, -24288, -32026)
(43, -86, 100, -24727, 31102, 13828)
(119, 21, -39, -1726, 30697, -25466)
(-116, 16, 61, -13302, 30697, -32026)
(106, 77, -37, -14653, 28171, 30592)
(-66, 84, 31, -29319, 15066, -31054)
(103, 65, 74, -6745, -29348, 21901)
(103, 75, 53, 17793, 25599, -9636)
(5, -62, 87, 10424, -22874, 16414)
(-4, -6, 126, -11630, 16354, -32026)
(45, -73, 60, -29779, 30698, -5837)
(-13, 66, 7, 20279, -26858, -17473)
(-28, 107, -78, 12128, 11075, -28865)
(9, 8, -4, -16842, -23340, -6643)
(99, -30, -77, 231, 8648, 14126)
(14, 21, -14, 9317, -21650, -32027)
(49, -106, -12, 5617, -11031, -32027)
(70, 28, -45, 10159, 30534, -32027)
(73, -72, 45, -9758, -23796, -32027)
(-18, 64, -48, -1193, -4260, -32027)
(80, -57, 77, -11009, -13168, -32027)
(78, 101, 86, 13801, 19520, -21440)
(-13, 79, -28, -1981, 32633, 16244)
(126, -114, -66, 6816, -26492, -28764)
(111, 17, -91, 19251, -9264, -25458)
(127, 86, 62, -443, -26801, 29039)
(-107, -12, -43, -3797, -29769, -32027)
(36, 52, -102, -26280, 22198, -3461)
(-82, -106, 34, -3269, 14565, 5872)
(-128, -90, -47, -15609, 2596, 21733)
(60, 103, -26, -11791, -9214, 28682)
(90, 94, 3, -10750, 99, -31501)
(-37, 6, 97, -17976, 2386, -30602)
(62, 95, -90, -222, -5951, -32027)
(-52, 44, -107, -1424, -5791, -32027)
(23, 80, -13, -14676, -29697, 3440)
(59, 97, 30, -8508, -26798, -28964)
(67, 60, 76, -19000, 25976, -2939)
(8, -111, 95, 16564, 6137, 13168)
(22, -38, -67, 30798, -18528, 11635)
(-46, -14, 72, 24956, -17493, 8539)
(16, 39, -38, -19764, -7340, -5101)
(34, 120, 70, -16616, 21707, -12009)
(-36, -120, 61, 181, -25107, 18194)
(81, -38, -47, 26872, 27423, -665)
(-66, -100, 57, 25096, 18287, -23621)
(30, 0, -62, -3125, 15282, -29696)
(-73, 55, 123, 3683, 17895, 11969)
(91, 26, -89, -2947, -28359, 26332)
(-28, -79, -117, 24468, 71, 24709)
(-47, 110, -55, 8416, -2055, 14150)
(-105, 119, 101, 3649, -8619, -27115)
(4, 12, 29, -5984, 4448, 32487)
(-14, -35, 6, -22983, 5023, -22406)
(51, 96, -111, -3426, -5822, -9230)
(19, 72, 60, 2441, -7753, 6564)
(90, -77, -102, -13537, -10414, -691)
(86, 94, 113, 9548, -29203, -23358)
(79, -75, -101, 9298, -22438, -29355)
(15, -56, 33, -4961, -7466, 29907)
(3, 51, 46, 9716, -24352, -32027)
(-16, 76, -35, 4005, 31495, -32027)
(-8, -70, -63, 5294, 31960, -32027)
(-119, 0, 102, -6028, -15192, -32027)
(66, -28, 101, 26847, 32621, -32027)
(-63, -41, 48, -2653, 6004, -32027)
(38, 77, 10, 27304, 2536, -32027)
(28, -11, 112, 16831, -14267, -32027)
(-60, 60, 116, 19659, -6973, -25454)
(-76, 52, 91, -4039, -374, -6682)
(-25, 26, -100, -4146, 6871, 12032)
(86, -100, 25, -12823, 1615, 19604)
(6, -70, -68, -4682, -2546, 26976)
(98, 34, -76, -16019, -774, -30348)
(58, 0, 65, -24022, 12461, -30788)
(-66, -72, 76, 1745, 7220, 28779)
(72, 28, 34, 32242, 7450, 21354)
(-62, -78, 31, -13015, -14741, -27449)
(-71, -19, 0, 5004, -28787, 23476)
(-52, -85, -51, -3138, -6392, -28682)
(-45, 13, -38, 19386, 5961, -32026)
(66, -68, 61, -96, 23563, 32038)
(3, -18, 12, 9089, 19461, 3841)
(119, -15, 88, 30553, 27170, 20515)
(-120, -116, -26, -9262, -600, 2811)
(-74, -50, 0, -27299, 20120, -19233)
(47, -46, -24, 11716, 7682, -32026)
(-87, -6, -22, -424, -260, 13338)
(-1, -58, -127, 15877, -21144, 27320)
(-60, -15, -90, -23654, 8558, 5865)
(-16, -32, -56, 5754, -19837, 6879)
(47, 0, 18, -2610, 32313, -11275)
(-13, 10, -42, 1149, -11319, -6304)
(-93, -25, 43, -16120, -20336, -36)
(-53, 39, -122, -18852, -24560, -8951)
(19, 69, -75, 3016, -6804, -30149)
(-16, -26, -75, -2390, -10380, -30113)
(3, 42, 54, 13696, -28115, 31250)
(-26, 125, -90, 8665, -14107, -32028)
(-127, -87, -95, 14654, -18265, -32028)
(82, -69, -88, 7977, -13356, -32028)
(-120, 91, 5, -6488, -21307, -25848)
(-121, 78, 50, -9191, 22856, -11037)
(123, 69, 43, -13428, 30699, 10332)
(87, 6, 116, 30980, 30699, 16827)
(37, 17, 69, 1230, 13757, -32028)
(-72, -38, 16, -7247, -18769, -32028)
(101, 85, -94, 12797, 30866, -21366)
(-127, -116, -79, -16265, -26631, -31855)
(27, 104, 12, -13070, 3793, -22803)
(-45, -78, -6, -29422, 21407, 30821)
(107, -76, -24, -19880, -16659, -31351)
(-52, -58, -82, -7546, 15276, -31939)
(-47, -15, -97, -32477, -12706, 20990)
(-106, -78, 77, 19597, -22190, 18337)
(14, 115, -55, 11608, -10736, 23357)
(-120, -108, -98, 15747, 12658, -27686)
(-48, 90, 72, 22093, 28549, -31632)
(-47, 110, 72, 15805, -29704, -32028)
(115, 0, -100, 19521, 30699, 5239)
(-74, 26, -58, -2125, 13107, 12377)
(107, 3, 73, 12911, -3964, -29506)
(-128, 89, 49, 8354, 1068, 27588)
(12, -7, 75, 2128, 17383, 14043)
(52, 48, -79, 9425, 30510, 4471)
(-124, 80, -30, 1792, 24605, -31690)
(96, 108, 12, 431, -14387, 29318)
(-74, -70, 105, 16301, -26755, 20627)
(13, -7, 119, 7107, -7945, -29872)
(-28, 59, -14, -32562, 23137, 23597)
(-40, -9, 65, -23471, -25300, -32030)
(9, -70, 126, 9827, 20253, -26982)
(69, -87, 76, 9747, -22437, 24472)
(94, 110, -24, 18430, 23625, 13765)
(102, 45, -99, 4699, -14567, 26472)
(-95, 41, 8, -2719, -9176, -9235)
(19, -61, 19, -30880, -8241, -31391)
(-90, 38, -85, 2149, -11915, 27789)
(88, 86, 111, 8030, -28303, -32030)
(-93, -55, -56, 17364, -23150, -32030)
(-62, 90, 108, 2607, -7234, -32030)
(106, 113, -122, -827, 5816, -29393)
(-124, 60, 11, 12012, -30558, -16209)
(-123, 55, 117, -9377, -4157, 21962)
(33, -72, -28, 2379, 18076, -27833)
(43, -60, 4, 16905, 30698, 25491)
(85, -93, 25, -9372, 2896, -32029)
(-68, -22, 121, 16816, 7696, -31985)
(-75, 99, 26, 24089, -25718, -25057)
(71, -66, -40, 9180, -14179, -19302)
(39, -93, 89, 5209, 7683, -7138)
(-10, 8, 16, -6484, 13425, 2554)
(19, -63, -46, -9655, -4320, 13696)
(25, 114, 27, -453, -12698, -31198)
(-103, 16, 80, -14974, 2749, -28112)
(55, 110, 108, -8662, 16135, -32027)
(-93, -55, -75, 1029, -28731, -32027)
(-31, 111, -64, -19857, 29505, -32027)
(-59, 33, 14, 17753, 8114, 16017)
(60, 39, -121, -7609, 13293, -30879)
(96, 103, 58, -7476, -11126, 21083)
(99, 61, 96, 11065, -909, 22302)
(11, 110, -42, -30521, -18725, -26738)
(-3, 55, 0, 4340, 27180, 25568)
(-60, -13, 118, 1921, 31868, -29380)
(66, -108, -13, -4132, 15435, -32027)
(-9, -125, -95, 14881, 25128, 29979)
(67, -55, 91, 28782, 19223, 21855)
(-53, 74, -40, 5542, -22550, 26460)
(-32, -62, 86, 14742, -2809, -32130)
(27, 16, 21, -15531, 9098, -19275)
(-22, -79, 90, 31860, 30697, 7761)
(58, -30, -102, -8566, 15552, 8930)
(-114, -60, -95, -7890, 9246, -2206)
(68, 22, 125, 7898, 19332, -5092)
(-109, -2, -16, 16116, 17365, -6246)
(-61, 95, 11, -9620, -7193, 1787)
(3, -108, -75, 21111, -6211, 13336)
(-37, -58, -98, -5946, -7908, 2817)
(94, -78, 64, 1074, -7235, -9494)
(27, -99, 45, -4829, 5088, -18765)
(-31, 67, 9, -5782, -3998, -22240)
(70, 63, 60, 3804, -21837, -17468)
(-4, 125, -41, 29870, -29751, 1920)
(22, -39, -29, -7885, 30813, -24680)
(29, 3, 97, -262, -31612, 26516)
(82, -15, 96, -3100, -9310, -32028)
(22, 68, -126, -2149, -820, -32028)
(103, 20, 103, -6861, 668, -21205)
(72, -88, 46, 14952, 31660, -19201)
(118, 62, 71, 5156, 32224, -26645)
(100, -53, -78, 18929, -14145, -26193)
(88, 106, 86, -2568, -4566, 30357)
(71, 48, 81, 31999, -16720, -32028)
(88, 75, 34, 14491, -5296, -10450)
(66, 82, 38, -1855, 19347, -3491)
(-8, 5, 59, -8040, 8346, 5840)
(123, -120, -26, -13212, -22805, 22390)
(99, -120, -30, 1181, -19134, -22929)
(31, -83, -119, -14078, -420, -32027)
(-12, 125, 26, -3705, 26585, -32027)
(-47, 95, 59, -7007, 21450, 31602)
(-58, 27, -114, 25271, 20320, -31392)
(61, -128, 83, -25166, -32494, -2229)
(24, 72, -51, 13027, 9090, -20115)
(-37, -59, 0, 18000, -20025, -32027)
(1, -60, -56, -32263, 30697, 26576)
(79, -4, 22, -10189, 30697, 22513)
(89, -1, -4, 22957, 30697, 20559)
(-113, 72, -73, -16271, -14932, -26232)
(107, -124, 27, -2642, 30053, -32027)
(-16, -82, -46, 24130, 28597, -32027)
(70, 65, 30, -30481, -15143, 21671)
(68, -32, -91, -9560, -12871, 21691)
(-88, -98, -113, -17714, 23608, 27842)
(48, 65, -98, 10297, -24767, -32027)
(107, -65, 32, 19149, 7908, -32027)
(-33, 91, 107, 20358, 5527, 22132)
(-36, 19, 4, 6549, 30698, 19883)
(27, 104, -92, -26094, -3635, -18811)
(89, 89, 83, -4225, 15708, -20583)
(-60, -88, -47, 6350, 27784, -26551)
(-121, -36, 121, -11938, 1401, -21360)
(19, 76, -122, 3958, -14973, 3910)
(-70, 0, 16, -4917, -7808, 11654)
(87, 112, -62, 19952, -5859, 9116)
(-23, -58, 65, 11364, 410, 13207)
(-123, 75, 100, 10994, 13418, 19975)
(-46, -13, -100, 14045, 18024, 6835)
(-49, -11, 87, -7598, 8006, -9316)
(-32, 20, -60, -6457, -17354, -15044)
(-22, 116, -57, 693, 20439, -14225)
(63, -38, -109, 9565, -23163, -15778)
(-30, 68, -41, -14765, -25293, 24943)
(123, 127, 27, 1131, -28071, -32028)
(-120, -92, -71, 4306, -16157, -32028)
(-50, 111, 125, -6558, -16294, -32028)
(95, -19, 99, 21709, 22022, -12142)
(74, 53, 126, 4128, 30699, 3571)
(-22, 54, -118, 10568, -24796, -22569)
(-119, -81, 123, -11813, -3282, 25664)
(-37, -99, -24, 11924, -13704, -32028)
(124, -91, 48, -10093, -16412, -32028)
(110, -84, -106, 6638, 5039, -4450)
(-100, -31, -68, -15236, -20189, 24447)
(113, 72, -26, -24241, -9882, -22015)
(-83, 119, -78, -1789, 1486, -31739)
(-104, 118, -67, 28996, 12679, -32027)
(-84, -29, -12, -23465, 28474, -32027)
(32, -1, 71, -8576, -30245, 29130)
(-42, -21, -126, -8632, -3760, -32412)
(-17, 50, 83, 29495, 32019, 23235)
(68, -81, -60, 11119, 13563, -28399)
(16, 9, -30, 2670, 29338, -32028)
(-24, -109, -79, -19099, -29678, 15562)
(50, -89, 0, 23751, 30698, 16400)
(14, 58, -126, 18610, 6906, 19266)
(92, 99, 27, -19438, -22334, -24716)
(103, -120, -82, 25451, 30304, -32409)
(-123, -101, -71, 23109, -27934, -7503)
(-17, -77, 73, -26304, 21470, -13407)
(55, -16, -1, -4116, -21006, 20950)
(22, -5, 5, -10885, 26819, -32028)
(112, -90, -127, 13073, 27156, -27265)
(11, 99, 57, 12550, 30698, -29689)
(115, -86, 114, -26374, 13182, -1515)
(54, 65, -50, -10770, 15368, -29893)
(101, -104, -56, -8106, -11266, 26023)
(75, 10, 68, 1773, -16632, -32029)
(88, 5, -109, -131, -30552, -32029)
(124, 31, 116, 14549, -16573, -32029)
(62, 28, 115, 18677, -7559, -32029)
(89, 72, -75, -8602, -4054, -32029)
(60, 35, -62, 13653, -27575, -11741)
(-97, -112, -84, 6082, 31610, -26127)
(73, -66, -36, -5724, 28013, 27824)
(58, 69, -85, 27437, 30697, 7861)
(86, 55, 56, -14538, 10509, 32510)
(28, 7, -17, 7316, 31561, -32029)
(54, 11, 55, -487, -29244, -32029)
(83, -34, 64, 20249, -8805, 6119)
(77, -40, -21, -28580, -21673, -29764)
(-126, -84, -112, -31871, -17147, -26101)
(107, -74, -103, 1914, -23145, -32029)
(82, -104, -40, -20884, -30651, -32029)
(85, -19, -125, 28257, -6542, 9600)
(30, -16, 36, -12035, -1496, -1714)
(-74, 9, -52, 7134, 17922, -17633)
(59, -127, -61, 30595, 19008, -32029)
(-20, -70, 23, -7169, 13408, 27975)
(-28, -44, 75, 104, -6714, 4706)
(-101, -68, 99, 19991, 30768, -13026)
(78, -35, 70, 22771, -10107, -16022)
(43, 17, 120, -25903, -12280, 18099)
(-92, 25, 25, -15533, 30696, 32471)
(51, 114, 118, 911, 17985, -32626)
(-87, 114, 54, -7891, -30603, -32292)
(51, -55, 82, 2655, 30696, 10830)
(124, -13, 29, -30397, 24699, -24248)
(76, -9, 25, -27542, 28383, -32028)
(-46, -17, -128, 25366, 21211, -32028)
(-121, -96, 67, -771, -21709, 7982)
(78, 74, 102, -31571, -10193, 9249)
(39, 0, -38, 31793, -19031, -32028)
(-83, -12, 125, -30346, -32412, -18049)
(116, -22, -20, 11122, -3129, 28849)
(36, 50, 103, -17183, 9204, 1784)
(101, 1, 95, 1244, 30696, 22920)
(28, 126, -90, -18684, -7762, 11784)
(68, 80, 81, 25900, -10909, -32144)
(-36, -108, 38, -10192, -21009, -32028)
(-101, -23, 85, 2282, -7989, -21231)
(-24, -37, 66, -7292, 29853, -21311)
(111, -81, 85, -4140, -9440, -23975)
(97, 95, -101, -2990, -4557, 31670)
(-45, 59, -79, 5771, -10500, -28340)
(27, 99, 4, 4207, 693, -24841)
(-21, 48, 63, 10661, -16659, 5345)
(-38, -56, 103, 30725, -19546, 22941)
(88, -36, -105, 16539, -29696, -32154)
(-104, -97, -83, 4378, -2819, -13980)
(23, -34, 3, -11856, 15581, 9907)
(-3, -6, -92, -21921, 27329, 29969)
(0, 88, 26, -11983, -3558, -28960)
(-100, 7, -119, -18554, 21301, -30797)
(-31, -81, 16, -22228, -25271, -32028)
(-75, 74, 94, 582, 13109, -32028)
(39, -84, 61, 3142, 58, -32028)
(-109, 4, 26, 5488, 21212, -32028)
(-83, 100, -58, -1867, 8578, -32028)
(-120, -58, 13, 32003, -7112, 30628)
(5, -120, -11, 4971, 17309, 32300)
(107, 58, 13, 13533, 5775, 18885)
(17, -24, 98, 4043, 9210, 22676)
(-82, -73, -43, -11018, 20576, 24563)
(-69, -124, 99, 17535, 24606, 14830)
(83, -116, -45, 974, 31217, 14801)
(102, 49, -7, -6977, 30586, 24800)
(46, -66, -70, -21187, -3056, 26888)
(-70, 16, 0, 12396, -30546, 14524)
(9, -108, 26, 32291, -22170, 5572)
(121, 36, -51, -10975, -2003, -32233)
(71, -89, 86, -4800, 25593, -29111)
(69, 96, 114, 20852, 16852, -32484)
(-101, 51, 38, 7339, 9164, -7922)
(-117, 58, 111, -17976, 31009, 6189)
(-63, 78, 99, 32129, 22880, -4344)
(-87, 122, -85, -8255, 30697, 12243)
(-8, 29, -15, 2058, -16606, -3972)
(38, 47, -39, -11754, 9630, 17639)
(118, 58, -115, -5248, -10309, -32027)
(74, -105, 29, -5324, -18281, -32027)
(70, 7, 64, 8559, -27133, -30272)
(110, -113, 72, 1654, 24757, -1085)
(-57, -11, 61, 16938, 30697, -21179)
(-9, 100, -105, -982, 8124, 26390)
(28, 111, -109, 8013, 19306, -32027)
(56, -100, -26, -16573, 27703, -29894)
(23, -5, -118, 25378, -11500, -18212)
(-47, -32, 112, 6059, -14782, -2816)
(-118, -118, -97, 4417, -4063, 1244)
(-74, -20, 107, -7017, 7019, 16875)
(121, -15, 42, -8124, 12138, 22831)
(92, -101, -103, -9544, 5240, 20380)
(-124, -43, 7, -4117, -13247, 2919)
(46, 64, -117, 8662, -26961, 10833)
(36, -116, 61, -1528, -23103, 23572)
(42, 105, 97, -8594, 9223, -24809)
(61, -82, -66, 1140, 20048, -32027)
(38, 57, -88, 22306, -30239, -15600)
(32, -21, 2, -9579, 11864, 2212)
(-105, 46, -34, 3201, -3333, 3384)
(-112, 67, -22, -3020, -1235, 2926)
(-66, 94, -100, -419, -621, 3083)
(-32, 121, -98, -3941, -1064, 6460)
(-12, -16, 118, -7370, -1121, 9412)
(-93, 69, 26, 3553, 9281, 16688)
(-89, 35, 31, 502, 9108, 31343)
(-42, 28, -14, -5899, -32164, 31132)
(89, 44, -87, 21942, 3114, -4357)
(-107, 96, 12, 15638, 17689, 8223)
(-44, -127, 77, 16343, 26019, 21724)
(-104, 37, 105, 14279, -29897, -1962)
(-25, 127, 115, 31167, 30697, -32026)
(96, -17, -20, 225, -2070, -32026)
(12, 22, -110, 13671, -5899, -32026)
(-105, 34, 116, 1671, 20087, 10840)
(80, 91, -85, -12531, 14936, 22598)
(17, -56, -28, -10410, 11235, 13526)
(14, -15, -119, -32701, 15908, -11627)
(-94, -110, -127, 5329, 8823, 30147)
(-10, -23, 103, 15060, 18376, -19023)
(-4, -59, -1, 1474, 1914, -14425)
(-12, 96, 51, -29137, 15540, 1049)
(3, -33, -102, 14501, -11227, 5047)
(-98, -100, -8, -3379, 14931, 4225)
(-46, -73, 23, 4434, 30698, 29466)
(-24, 43, -32, -24679, -18233, 9989)
(98, -75, 6, 8897, -11982, 10958)
(-92, -57, -50, -24587, -12682, -32111)
(-5, -4, 49, 5880, 26000, -32027)
(-94, 121, 2, 21163, -2623, -32027)
(39, 63, -71, 13413, -30314, -23372)
(-63, 66, -53, 928, -23794, -9208)
(-71, 92, 89, -20256, -22778, -17460)
(58, -67, 85, 26836, 24592, -3379)
(105, -106, -110, 23398, 30698, 30150)
(1, 55, 69, -27548, 9081, 28161)
(-37, 16, -64, -440, -16710, -32028)
(109, 21, 94, 24295, 17395, -32028)
(-64, -19, -34, 11680, -20604, 3000)
(68, -54, -61, -8859, -22814, 12752)
(-120, -27, 37, -22623, -4922, -29992)
(-119, -85, 114, -19629, -20713, -28057)
(108, -45, -40, 9900, -32210, -32028)
(-54, -76, -81, -1422, -24683, -32028)
(-48, 16, 110, -21283, -28592, 18392)
(-52, 17, -83, 19870, 2260, -15930)
(-106, -2, 65, 2854, 22686, -26049)
(-5, -38, -49, -15908, 18799, 20876)
(-9, -88, 30, 23079, 9046, 10425)
(-90, 96, -113, -17045, 4156, 10268)
(-89, 33, 87, -11400, -22927, -21100)
(75, 18, 85, 2857, 9045, -32029)
(-37, -19, -26, 3802, 20373, -32029)
(76, 95, 113, 284, 17728, 15510)
(-4, -92, -89, 21401, 16179, -30301)
(-78, 69, -122, -9111, 15409, 23331)
(-86, -11, -27, 23882, -27430, 30142)
(-90, -26, 98, 22804, -26375, 3151)
(-31, 0, 110, 15347, -27304, -32028)
(119, -64, -86, -20912, 23607, -22020)
(119, 63, -48, 31989, 6755, -20911)
(102, 47, -2, 12240, 15552, -25924)
(91, 36, -47, -4394, 28549, -22626)
(122, -112, 21, 8506, -20686, 19451)
(-92, 23, 78, -17752, 3696, -32029)
(99, -102, -85, 8861, -20751, -32029)
(126, 115, -25, 14218, 20959, -32029)
(76, 35, -85, 6124, -28741, -32029)
(-37, -15, 78, -16595, -9599, -25415)
(82, 66, -60, 3317, -22468, -4365)
(-22, -112, 65, -31265, 23544, 23551)
(126, 11, 86, 8096, -2990, -32029)
(8, 81, -111, 10536, -29991, -32029)
(56, -96, -2, 25785, 17972, -32029)
(-43, -35, -12, -25532, 1454, -6643)
(2, -103, -119, -7249, 10623, -16025)
(-100, 35, 41, 25754, -2083, -29262)
(-59, 101, -55, -10868, -8461, -32029)
(46, -72, 59, -13027, -8269, -32029)
(-40, -7, -118, 30717, -4741, 24864)
(14, 104, -80, -25576, 8693, 10792)
(-88, 1, -50, 1189, 7632, -23497)
(49, 22, -109, 9245, 9647, -32029)
(-2, 42, 97, -7251, 2555, 15907)
(-15, 109, 118, -6309, -15038, -146)
(-107, 1, 55, -13419, 25495, 14468)
(-36, -82, -80, 24126, -26572, -21293)
(114, -111, -68, -8024, 30697, 24373)
(98, -52, -63, -28578, 17044, -28985)
(28, -46, -8, -26716, -28865, -32029)
(-47, 30, -50, -30630, 24507, -32029)
(-86, -42, 121, -12065, -25652, -809)
(77, 25, -44, 9768, 30697, -8733)
(69, 24, -107, 13178, 10621, 18632)
(-48, -118, -12, -28985, 4622, 6497)
(-33, -51, 113, -22804, 30697, -32258)
(96, 35, 56, -1963, -4854, 21313)
(61, 40, -66, 31193, -921, -17705)
(75, 32, 89, -12557, -19817, 19912)
(52, 119, -63, -1384, -17820, -32029)
(-106, 83, -73, -8782, -22886, -32029)
(28, 121, -35, 4084, -23007, -32029)
(-73, 19, -64, 5636, -9295, -32029)
(-127, -126, 2, 1197, -1891, -32029)
(112, -110, -85, 1481, -7623, -16334)
(-119, -121, -13, -15346, 16786, 22149)
(104, -2, -60, -22504, 30697, -6789)
(-65, -56, -14, 5639, -19816, -24626)
(102, 37, -17, 6643, -1557, 26036)
(-90, 17, -50, -2363, -14835, -32028)
(94, 113, 82, 29660, 4032, -4506)
(92, 101, -67, -5616, -27570, 13656)
(-50, 125, -43, -17588, 23775, -28094)
(106, 31, 10, -21527, -3879, -28513)
(22, -77, 53, -3456, -13245, -32028)
(86, 61, 58, -14895, -14995, -32028)
(-11, 116, 125, -5857, -2496, 24728)
(41, -65, 64, 16436, 12161, 1416)
(51, 17, -85, 32068, 14454, 27200)
(-82, 49, 97, 11470, 14905, -30076)
(59, 21, -88, 25000, -1622, 25256)
(9, 8, 108, -6506, -14788, 19314)
(2, -37, 43, -30031, 2264, 13983)
(117, -84, -128, -25315, -18965, -23590)
(-107, 20, -50, -5217, 12764, -32030)
(-50, 86, -105, 25069, 8814, 25650)
(-104, -67, -65, -1157, 21537, -20497)
(-59, 92, -37, 32338, -28688, -26692)
(-122, -21, -102, -13084, 2455, 7721)
(33, 74, -44, -8945, -26729, 21816)
(-55, -47, -39, -25548, -19580, 8001)
(-103, -30, 54, 23048, -31323, -32030)
(-31, -7, -20, 5864, -3927, 5275)
(58, 48, -104, -28619, 3154, 13834)
(94, -88, -72, 5279, -10573, 922)
(-22, 65, 94, -28319, 17002, -9447)
(105, 46, 32, -13221, 30696, -6156)
(3, -98, 28, -24009, 940, 20432)
(51, 71, 53, -13191, 9444, -32030)
(100, -51, -111, 2627, -432, -32030)
(124, -90, -26, 2727, -29986, -32030)
(-19, 59, 106, 12061, 28982, -4515)
(-43, 20, 28, -22872, -21087, -8434)
(-20, 80, -24, -24441, 25467, -20455)
(85, 126, -110, 10631, -20098, 18726)
(43, 19, 54, 244, 11498, -32030)
(14, 89, 39, 6080, -19157, -32030)
(-7, 12, 46, -18916, -12158, -32030)
(-21, -112, -106, -5230, -4694, 13045)
(99, -80, -2, -18577, 7531, 30336)
(105, 52, 113, -30399, -7392, -25167)
(-18, -110, 16, -7195, -15758, -31995)
(-60, 62, 119, -1766, 6968, -32030)
(-28, -90, -98, 11966, -1786, -32030)
(123, 107, 115, -11944, -19023, 18663)
(-20, 82, 84, -27446, 15288, 16479)
(9, 79, 81, 11796, -22622, 28815)
(89, 2, -1, 27386, -9763, 29541)
(91, -6, 91, 7139, 6848, -32152)
(-7, 31, -78, -22079, 30988, 32294)
(-112, -85, -19, -24788, -30067, -31318)
(25, -105, 60, 1390, 1169, 26002)
(-84, -82, -9, -6323, -15048, 29925)
(-120, -81, 47, -15209, -381, -30004)
(-45, -69, -60, 20546, -18304, 26987)
(124, 97, 24, 8996, 30697, -16754)
(-20, 89, -118, -14002, -2070, -26710)
(48, 77, 99, -6441, 30697, 12044)
(-19, -70, 40, -14842, -12453, -28722)
(7, 0, -119, 27650, 3928, -21881)
(42, -38, 32, -11464, -14962, -24292)
(94, -78, -120, 18390, -17526, 26996)
(72, 43, -41, -23020, 5056, -32146)
(93, 46, -52, 11551, -12053, -32031)
(84, 95, -6, 16359, 29796, -32031)
(97, -6, -2, 5604, -23675, -32031)
(-101, 77, 12, -15345, -5490, -14388)
(-128, 66, -76, 15486, -28799, -15112)
(40, -13, 102, 18422, 27630, 25905)
(34, -67, 44, 12728, 3105, -31829)
(-13, -112, 114, 4968, 9313, -32099)
(-38, -66, 57, 16966, -27825, -32032)
(-37, 88, 12, 17666, -21021, -26354)
(117, -101, 122, 1697, 3512, 11292)
(35, -35, -108, -17894, -8491, 29746)
(5, -8, -70, -27829, -59, -28991)
(-65, -119, 70, -5645, -13322, -30662)
(-11, 106, 44, -11840, 22505, -32032)
(-1, -13, 58, -20091, 16203, -32032)
(30, -80, 119, 11260, 10774, 14604)
(-84, 69, 48, -8998, -8492, 21895)
(4, -82, 1, 83, 10886, -26063)
(50, 68, -127, -16606, 17846, 29604)
(98, -70, -125, -14920, -16726, 13969)
(126, 95, -99, 17531, -29863, -1247)
(-19, 94, -53, -21998, -8464, -18134)
(-111, 45, -51, -20008, 30697, -32032)
(-29, 58, -102, -1192, 8305, -32032)
(-61, 26, -77, 30268, -19757, 27628)
(61, -120, 51, 18772, 26163, 31838)
(-38, -114, -64, -7862, 16871, 6421)
(-17, -1, 67, 25093, 4849, -13725)
(58, -70, 120, 11459, 13317, 19622)
(46, -22, -19, -10250, 8332, -8069)
(-121, 1, -60, -19585, 11686, -647)
(-6, -30, 106, -2241, -24634, 28915)
(-99, -18, -103, -26480, -4504, 9630)
(-27, 22, -48, -7408, -25432, 31228)
(-126, 43, 41, 1167, -2199, 26889)
(-59, -103, 14, -15234, -3653, -32033)
(-103, 37, -77, 11277, -22480, -32033)
(-74, -128, 121, 22307, 21647, -32033)
(78, 23, 112, -10170, -12423, -32033)
(79, -90, -96, 8014, -11952, -5186)
(16, -111, -2, -26516, 1482, 21063)
(-87, -106, 109, -23645, 32478, 29167)
(94, 0, 1, 15047, -23108, 28054)
(-8, 111, 38, -716, 12903, -32034)
(56, 92, -28, 7820, 31122, -32034)
(-17, 46, -96, 16122, -23683, -32034)
(-45, -87, 12, 25193, 9007, -14449)
(97, 51, -63, -23866, 25437, -20745)
(-92, -28, -56, -14439, -24358, 12187)
(-32, 49, 31, -6816, -14171, -24448)
(15, -60, 78, -10861, -26298, -31616)
(-43, -115, 19, -20451, -29473, -32034)
(83, -78, -48, 27972, 22471, -32034)
(-39, -30, 120, 7808, 6290, 3608)
(109, -7, 83, 10314, -19435, 31713)
(0, -50, 111, 2667, -3592, -28117)
(-53, -31, -83, -1268, 22171, -32034)
(-38, 11, 116, -30364, 13428, 11471)
(-57, 70, 124, -27809, 21299, -15245)
(-123, 88, -98, -29566, -28804, -13338)
(66, 110, -111, -5599, 2609, -32034)
(31, -32, -34, 11667, -17336, -32034)
(-79, -47, -64, -18814, -15710, -32034)
(48, -58, 22, 13229, 30695, -9302)
(-34, -113, -9, 12543, 30695, 15003)
(-29, -103, -61, 9826, -1029, -11898)
(-13, -58, -69, -14520, 30348, -8537)
(-61, 35, -110, -22569, -1029, -16998)
(-26, 60, 109, -32703, 26087, 8372)
(-14, -115, 42, 9526, -29639, 10641)
(-15, -65, 90, -3806, -18704, -32260)
(92, 29, -86, -10788, 13599, -32034)
(-62, -72, 2, 2329, -14025, -32034)
(109, 24, 94, 20843, 29560, -32034)
(20, -81, 66, 11292, -21931, -19408)
(13, -69, -71, -21429, -24224, 13275)
(30, -124, -82, 13483, 32027, 3939)
(-32, 85, 95, 2140, 28444, -28658)
(91, -76, 55, 12254, -12798, 26546)
(38, 19, -54, 13193, 22396, -32034)
(-116, 27, 44, -9425, -23602, -32034)
(94, 105, -82, 20421, 9207, -31279)
(23, -105, 37, 21228, -26153, -10245)
(35, -51, 67, -6389, 19264, 31980)
(-19, 59, 32, -21757, 31075, 22052)
(-71, -74, -68, -3407, -30233, -25223)
(29, 13, -75, -12588, 4645, -32033)
(-37, -70, -78, -17828, 29764, -32033)
(-103, 70, -55, 13753, 4004, 25025)
(-85, -117, 48, -23030, 4678, 10731)
(-6, -112, -24, 9737, -6746, 31716)
(108, -76, 54, 10744, 7234, -28594)
(80, -102, -120, 2529, 26440, 27327)
(-4, 25, -69, -2762, 21276, 9498)
(-97, -85, 53, 27843, -5050, -8073)
(83, 45, 79, -227, 28839, -24415)
(-17, 53, -89, 4338, -29687, -28989)
(11, 47, 112, -6168, 19444, -32034)
(10, 82, -42, 6172, -31354, -32034)
(-126, -87, 102, -17675, 18475, -18193)
(-97, 29, 120, 236, -23459, -30836)
(-44, 98, -91, 11411, 24972, -18388)
(59, 44, -86, -14414, 21679, 3929)
(2, 15, -116, -23330, -23985, -12075)
(119, 13, -68, 11490, 27904, 20105)
(-89, 88, -45, -9489, -22046, -26577)
(64, 109, 6, -3763, -1137, -16004)
(103, 47, 77, 4962, -7270, 25202)
(-100, -61, 37, 27314, -29721, -32033)
(38, -116, 110, 19024, 28594, -32033)
(-10, 49, -74, -2432, -29389, -32033)
(-59, -94, -97, 11230, -23325, -21453)
(-70, -117, 35, -10954, -32551, -8712)
(-81, 22, 87, 10027, 28396, 24554)
(-50, 28, -123, -18659, -23483, -32033)
(12, -4, 83, 941, 31810, -32033)
(-101, -89, 25, -25212, -25553, -32033)
(92, 23, -42, 23204, -2640, 5799)
(32, -110, 106, 16335, 4076, 20309)
(52, -4, -22, -27080, 26333, -30918)
(92, -70, -120, -3776, -20402, -28699)
(107, 91, 16, 7955, 9233, 25990)
(-87, 74, -65, 4056, 14715, 26193)
(-35, -103, 110, 24805, 14752, 18905)
(49, 125, -111, 5060, -20104, 12056)
(105, 54, -121, 24384, 11435, 26706)
(-23, 22, -21, -20393, 20503, 17634)
(-74, -125, -121, -13822, -1473, 30829)
(77, -14, -92, -31305, -6489, -32504)
(111, -44, -4, 10227, -22498, -30793)
(83, 124, -58, 9353, 18052, -13302)
(-88, -64, -38, 32544, -30130, -16430)
(28, 0, 40, -11795, -8665, -5988)
(-112, -44, 85, 14938, -23861, -18868)
(92, 64, 33, -27991, 16440, -32032)
(83, -114, -102, -19041, -22572, -32032)
(-80, -63, -67, -31453, 25862, -17444)
(83, 88, -93, -26767, 15129, 17719)
(75, 98, -41, 235, 25086, -18985)
(-33, 35, 12, -32534, 3698, 8238)
(-71, -55, 43, -14914, 8184, -17345)
(30, -95, 52, -585, 30694, -30963)
(-117, 23, -46, 30425, 30694, -22455)
(-57, -72, 0, 12589, 19143, -11572)
(109, 68, 35, -21837, 17026, 21980)
(1, -89, -26, 4655, 5533, -32032)
(37, -5, 57, 11804, -20554, -32032)
(52, -25, -47, 24653, -30920, -32032)
(-104, -32, -68, 2766, -15401, -16489)
(11, 117, -51, -13146, -11679, 30545)
(93, 55, 117, 7421, -21935, -26480)
(-67, -55, 69, 15553, 27096, -20944)
(-4, -98, 59, 4989, -9169, 14334)
(-11, -73, -44, -3967, -23408, -5965)
(-6, 1, -93, -25419, -6554, -15780)
(-61, -102, 18, 6087, 11116, 23312)
(52, -67, -16, -15814, 31536, -31430)
(-120, 69, 70, 20947, 23121, -21474)
(-11, 13, 89, 1039, 30387, 15599)
(11, 54, -120, -17954, -11348, -16336)
(127, -5, 38, -539, 11975, -32031)
(41, -48, 100, 3337, 28608, -32031)
(-29, 117, 103, 31490, 20907, 31897)
(-72, -73, 35, 17739, -12319, 4593)
(-41, -7, -10, 4313, -13173, 10924)
(83, -64, -16, 6492, 11511, 25433)
(-89, -109, 104, -3901, 15851, 15048)
(43, 45, -32, -1975, -4262, 19971)
(-128, -48, 7, 10504, -16489, 26056)
(-57, -96, 90, 15010, 7730, 17592)
(-43, -14, 33, -22118, -21851, 1870)
(10, 2, 4, 18306, 31209, -28155)
(-93, 75, 52, 18688, 3356, -26608)
(-80, 113, 26, 19051, -31731, -19072)
(-108, 2, -65, 8512, 12807, -29338)
(48, 118, 124, -22348, -29122, 8479)
(73, 32, 96, 23488, -32112, -16409)
(-42, 63, 107, 10806, 8306, 14658)
(123, -18, 34, -26295, 20673, -29014)
(-43, -91, -7, 22089, -29342, -29026)
(127, 6, -107, -20730, -16266, -17969)
(-113, 115, 67, -12094, 19792, 25641)
(102, 43, 127, 27991, -22742, 30933)
(-128, 37, 62, -25253, 30694, -32031)
(-70, -23, -91, 1941, 11390, -13857)
(35, -100, -58, 2537, -16967, -7472)
(113, -58, 31, -24490, -15527, 7776)
(-112, 98, 107, 2229, -20144, 16205)
(-25, 92, -116, 6898, -19553, 7336)
(62, -79, -10, 5970, -9756, -2115)
(10, 15, -41, -3540, -13086, -17265)
(-117, -109, 4, -2215, -7859, -15803)
(-122, 46, 39, 5296, -16904, 28753)
(-19, -22, -127, 15065, -23744, 32118)
(46, -88, 34, 13246, -20225, -32032)
(60, -12, 66, 13357, -14344, -32032)
(120, 95, -88, 1152, -6771, -32032)
(15, 123, 25, -541, 32248, -11509)
(28, 48, -16, 24168, 26027, -1337)
(63, 32, 106, -264, 30692, -30545)
(43, 80, -17, 7948, 2028, 28837)
(-39, -74, 101, 6633, 18547, -32033)
(111, -103, -58, -15081, -23970, -32033)
(-48, -81, -17, -31778, -18949, 6877)
(22, -21, 123, -17025, 584, 22049)
(53, -11, 52, -16303, -16772, 31840)
(-122, 24, -56, -18394, -6408, -28007)
(14, -74, -96, -16464, -1134, -32033)
(125, -59, -23, -29180, 1565, -32033)
(83, 127, -74, 26846, -13321, -726)
(67, 71, 117, 7831, 3733, -23344)
(-33, -95, 69, -1391, 19812, -31127)
(-40, -70, 73, 13500, 22566, 28315)
(25, 73, 58, -20322, -7133, 18669)
(118, 40, -10, -1694, -27244, 863)
(1, -14, 121, 30212, -1995, -1664)
(69, -103, 42, -25344, -15903, 21438)
(-1, -50, 19, -1185, 28328, -21677)
(-86, 81, 112, 16452, 4212, -10528)
(-27, 66, -85, 20306, -2961, -32034)
(-42, 2, 98, -7478, -27786, -32034)
(-109, -112, -29, 32291, -32450, 2252)
(87, -67, -45, 6591, 30691, 260)
(98, -45, 74, -28049, -30269, -6380)
(-46, 24, -42, 23650, -31636, 5783)
(39, -23, -45, -11153, 1353, -22400)
(122, -100, 67, 28495, 28306, -14929)
(103, 63, 12, -19, 14057, -20664)
(97, -64, 32, -2468, -8434, -13353)
(-99, -109, 73, -6087, 16159, 16685)
(47, -44, 108, 291, 29841, 17165)
(38, -95, -44, -2623, 30692, -9270)
(-100, 95, 60, 2280, 432, -28253)
(-41, -52, -15, -23671, 10190, 27183)
(-116, -123, -69, 6047, -2161, -32035)
(-9, 2, 82, 18122, -15391, -32035)
(-35, -118, -71, 4910, -13761, -25658)
(67, -123, -59, -1879, -16303, -3273)
(62, -47, 117, -1866, 32649, -19019)
(55, -50, -2, 15615, 26747, -18697)
(-83, -17, -70, 6009, -14755, -31190)
(102, -62, -93, 4231, 14126, 30875)
(-61, -51, 100, 13118, 26686, -32035)
(76, -65, 13, 8124, -32481, -31522)
(-126, -64, -72, 15361, 3367, -14800)
(80, -87, -50, 12678, -4231, 7304)
(25, 26, -115, -9261, -14944, 5948)
(38, -18, -126, -28826, -6145, -27623)
(-114, 15, -33, -25606, -6981, -28476)
(102, -1, -5, -30140, 13318, -32035)
(62, -92, -107, 30725, -17860, -32035)
(-71, 113, 114, -14809, 18141, 8236)
(44, -85, -1, 4779, 21515, -23614)
(45, -37, 94, 16227, -31422, -32035)
(-28, -57, 48, 2833, 26633, -32035)
(16, -98, 84, -6966, -6930, 25911)
(7, -18, 71, 15055, -8329, 1268)
(-117, -21, 63, -20655, 17811, 30573)
(48, -65, -96, -20198, -24725, 4011)
(126, 20, -108, 17963, 30694, 11470)
(109, 85, 75, 24563, -26936, -20265)
(107, 119, -121, 5653, -21600, -31431)
(34, -11, 80, 8407, 24099, -32035)
(100, -121, 85, -28999, -24699, -2004)
(46, -92, 43, 3307, 30694, -5156)
(-45, -61, -3, 15183, -19093, 8560)
(-53, -14, -128, -22581, -13184, 11574)
(101, -39, 115, -11054, -1125, 25006)
(79, 121, 30, -29739, 12469, -12947)
(32, 27, 3, 17554, 20110, 30925)
(-98, 77, 58, 32204, 27248, -17098)
(-95, -46, 88, -4513, -8779, 27947)
(53, 100, 69, -368, 3347, -32037)
(118, 13, 66, 27771, -18360, -32037)
(-102, 83, 57, 15137, -30344, -26220)
(112, -42, -121, 10349, 25625, 24857)
(10, -126, 19, -29216, 30692, 13935)
(59, -88, 86, -9230, -16973, 11638)
(33, -15, -80, -59, -27375, -32037)
(-73, 5, -99, -23910, -28397, -32037)
(122, -121, 125, 32054, -17307, -10347)
(34, 99, -126, 5252, -15003, 5390)
(-34, 56, -19, -7101, 18489, -29769)
(-86, -18, -93, -15321, 17121, -30892)
(26, 108, 72, -27859, 11882, -30684)
(-105, 66, -106, -17643, 4951, -32037)
(24, -31, 27, 3248, -12312, 31387)
(-82, -108, -124, -6764, -8484, 10267)
(101, -122, -97, 25169, 27311, 13869)
(14, 2, 75, 661, 5809, -22835)
(27, 111, -36, -3856, -31936, -32037)
(-33, 103, -34, -31244, -29784, 27859)
(-54, -99, 110, 5429, 30693, -30157)
(119, 41, -119, 5642, 30693, -32037)
(-67, -81, -59, 23991, -2074, -32037)
(40, 15, -101, 31759, -2076, 7914)
(-128, -119, -77, -32538, 30693, 31105)
(50, -32, -88, -18353, 21898, -27879)
(-81, -64, 100, -26344, 26246, -20615)
(62, 17, -34, 5708, -30089, 14278)
(-78, 32, 2, 9327, -31019, -5142)
(91, -14, -37, -11537, 26876, -28378)
(-31, -123, -101, 32485, -24602, -21603)
(-52, -85, -118, -12642, -14378, -15615)
(-66, 111, -106, -10321, -7172, -2827)
(-107, -81, 96, -2548, -17380, 21296)
(-69, 47, -20, -3521, -20571, -32037)
(45, 72, -19, 7135, -22907, -32037)
(-65, -103, 108, -6894, -27965, -32037)
(-78, -37, 106, 8411, 26167, -17272)
(-100, -38, 68, -18262, 30691, -19370)
(124, -8, -33, -32678, 17231, 27637)
(-116, 100, -43, -27861, -19436, -32037)
(-40, 103, -99, -15279, 22806, -32037)
(-49, -119, -114, -14530, -14905, -28329)
(-117, 117, 56, -27284, 7202, -4220)
(2, -11, 18, 1336, -21325, -32548)
(88, -118, -117, -14924, -7386, -31454)
(10, 24, -80, -19644, 1395, -32037)
(108, -95, 5, -27316, 15800, -32037)
(62, -33, -63, 9440, -7803, 26496)
(-55, -55, -98, -2822, 26225, 6108)
(126, -5, 51, 12879, 9858, -14847)
(-90, -67, -43, -14741, -25372, -32037)
(50, -106, -48, -3135, 12395, -32037)
(-114, 77, -19, -5277, -9684, -32037)
(109, -120, 91, 6944, -16830, -27292)
(-25, 96, -87, -17518, -25442, -11676)
(-71, 24, 83, 20541, -30947, 30795)
(-3, -81, 5, 26228, 30693, -23865)
(13, -110, 31, -32538, -2074, 21100)
(-37, 68, 51, -18383, 30693, -27904)
(-43, -110, -120, 7382, -8786, 18430)
(77, 99, -115, -622, 16504, -26776)
(-17, 121, 93, -17796, 20935, 22498)
(-46, 87, -37, -32538, 15905, -32037)
(-55, 92, 8, 14945, 23280, -32037)
(94, 27, -36, -11793, 2874, 11942)
(-118, -55, 0, -8320, 30693, -13929)
(-41, -64, 104, -5132, 30693, 2748)
(-2, -61, 3, -23076, 18784, 10983)
(-47, -24, -84, -23541, 5656, -32036)
(28, -124, 3, 21471, 3321, -32036)
(-17, -73, 10, 31767, -18325, -25320)
(-54, 122, -45, 13687, 18786, 26724)
(79, -14, 75, 29264, 30694, -1700)
(101, 43, -81, -646, -29494, 16612)
(18, 107, 8, -8852, 14159, -32035)
(118, 29, -87, -13222, -19002, -32035)
(58, 107, 95, -28580, 9102, -32035)
(-39, -108, 67, -14096, 15776, -23529)
(-125, -65, 17, -15441, 3856, 21311)
(-79, -42, -72, -19055, -22618, -27335)
(-119, 1, -90, -8790, -1960, -31348)
(113, -121, -95, -17023, -5723, -32034)
(97, -74, 53, 11096, 18453, -32034)
(117, 102, 19, 29405, 3428, -7876)
(4, -1, 25, 13542, -27983, 22385)
(124, 124, -102, -23870, 11307, -23731)
(62, 67, -3, -16161, 16802, -32034)
(19, 60, 60, 9357, 2640, 12058)
(29, 41, 9, -18932, 31761, 10149)
(110, 105, 114, -3830, -31032, -21867)
(47, -27, 52, 31377, 30696, 9603)
(-11, 26, 92, -24575, 24322, -24067)
(107, 99, 121, -9582, 53, 32258)
(-15, 7, -22, -24467, 30696, -31618)
(87, -123, -81, 25778, -2488, -32033)
(120, 50, 119, 16461, 10010, 736)
(-77, -43, 0, -161, 30808, -32033)
(-126, -32, 99, -11909, -30137, -32033)
(108, 74, -52, 230, 20998, -32033)
(49, -108, 21, -5849, 12827, -12063)
(27, 87, 107, 27435, 26808, 22315)
(80, 54, 91, 4650, 30696, 1407)
(-39, -15, 120, -29324, 2278, 21944)
(-64, -27, 52, 23580, 8279, 31382)
(104, 21, 67, 19840, -23313, -32033)
(90, -97, -95, -8798, -14094, -26778)
(111, -20, 121, 31881, 20444, 15295)
(-44, -42, -32, -26610, 30695, 7086)
(77, -21, 98, -6558, -15198, 15011)
(-89, 3, -78, -2082, -29401, -32033)
(84, -83, 86, 15260, -27915, -32033)
(8, 0, -4, 10857, -31289, -24518)
(-30, -22, 124, 6543, 12244, 19641)
(31, -126, -39, -26814, -12568, 22600)
(-85, -76, 10, -23235, -22241, -24412)
(19, 97, -88, 3834, 28513, -31727)
(91, 121, -14, 32094, -8682, -32032)
(60, 42, 123, 8864, -2975, 6276)
(-121, -88, 118, -3432, -19805, -11600)
(28, 68, -34, 8938, -13698, 24945)
(124, -50, -120, -20982, 9367, -23159)
(-39, -44, -47, 32119, 12086, -32032)
(2, -24, -17, 32097, 21370, -32032)
(91, 61, 35, -22340, 30360, -8363)
(-88, -58, 89, -29380, -32475, -18077)
(16, 24, 54, 2325, 2006, -32032)
(-57, 63, 44, 20226, 23684, -32032)
(-49, 56, -100, 24565, 26745, -99)
(-118, -88, -40, 2865, 28546, -26911)
(99, -45, -44, 17674, 32463, 24609)
(19, -3, 76, 28214, -22307, -32032)
(84, -6, -66, -6053, 15594, -11)
(-84, -89, 9, 1531, 30694, 24404)
(34, -103, 14, 4964, 2246, 15128)
(50, -45, -88, -10978, -20282, -6865)
(-71, 112, 127, -337, -27479, -19279)
(-105, 26, -73, -14716, 7506, 23883)
(-95, -17, 108, -8046, -4671, -32031)
(-11, 114, -115, 4618, -31941, -32031)
(-45, -99, -60, 12177, -24490, -32031)
(76, -59, 50, -3206, -6473, -32031)
(107, 31, 29, 2307, -23987, -32031)
(-15, 46, 20, 12866, 30996, -23634)
(-26, 34, -54, 12707, -26571, -18735)
(110, 54, 45, 23328, -1690, -26324)
(125, -125, -124, 10120, 12230, 29815)
(93, 109, -90, -6891, -21846, -32031)
(96, 64, 90, -10224, 10909, -9895)
(103, -123, -4, 11248, 759, 19051)
(114, 71, -4, -16249, -28357, -31791)
(49, 118, -25, -27890, -5942, -27684)
(-28, -4, 120, -813, -2862, -32031)
(17, 111, -48, -14184, -11584, -32031)
(-12, 90, 62, 9015, 19933, 12266)
(-72, -117, -16, -18127, -7682, 1548)
(124, 5, -42, 770, -28223, 13785)
(33, 99, 58, 16447, -8502, -24596)
(-17, 108, -120, -5287, 22843, -30872)
(-86, -39, 2, 4596, 23528, 26380)
(63, -29, -21, -17531, 15343, 1038)
(-51, 111, 57, -26081, -28620, -22940)
(72, 82, 33, 28334, 30959, -10686)
(74, 105, 110, 29704, 30699, -32408)
(-74, 15, -29, 15738, -28055, 13839)
(-23, -30, -126, 16425, 29810, 30987)
(-108, 127, 79, 3534, 1112, -28436)
(62, -75, 19, 20854, -20684, 24608)
(108, -84, -59, -16981, 12574, 21782)
(3, -107, -13, -4636, -19138, 2214)
(118, 122, -105, 12876, -18251, 612)
(-67, -6, -109, -10203, -6399, -20388)
(0, -69, 31, 13884, 22614, -16196)
(79, -105, -121, 1608, 17364, -23016)
(-103, 121, 16, -20502, -1052, -9882)
(-122, -5, -4, -1897, -30614, -11217)
(113, -98, -46, 15511, 22734, 2903)
(-47, -2, -66, -20932, -30802, -21368)
(-82, -12, 39, -401, 14042, -31638)
(-54, -116, -17, 19281, 10977, 30522)
(-93, 105, 9, 28505, -1241, -32032)
(-32, 78, 88, -5565, -6721, -20758)
(-122, 47, -54, 12592, -9430, 2339)
(-78, 125, -72, -3072, -7437, -3945)
(45, 17, 73, -1819, -857, -976)
(25, -45, 11, 12085, -255, 417)
(105, 6, -22, -17766, -11064, -660)
(-125, 106, -92, 4214, -13027, 15974)
(-22, -22, 25, -1426, -9803, 21070)
(50, 14, 0, -14439, 5660, 22753)
(-67, -112, -16, 10532, 16773, 483)
(-45, 88, 74, 10569, 4582, -9671)
(48, -56, -68, -13770, 4573, -3496)
(120, -15, -60, -7723, -16307, -3816)
(-123, 73, -37, -10453, 17824, -24090)
(75, -63, -18, 17068, 30695, -11670)
(99, -75, -121, 27579, -32586, -17300)
(-78, -88, -19, 6953, -22018, -30269)
(-65, 59, -39, 5901, -123, 30253)
(125, 119, 39, 9782, 19209, -32032)
(116, -76, 34, -12613, -24450, -31780)
(98, 39, -97, 7325, 11833, -9487)
(124, 4, -88, 8365, -24585, 9001)
(86, 2, 123, -31505, 27664, -31543)
(-65, -117, 40, -12893, 12260, -26670)
(-32, 56, -56, -11897, -4580, -32032)
(57, -107, -52, 26709, 893, 15960)
(-111, 105, -101, 3460, 29499, 4261)
(9, 22, -4, 23084, 25386, 23899)
(35, 11, 124, 29334, -11230, -24932)
