(119, -14, -39, 15761, -27250, -32079)
(37, 119, 45, -29332, 25290, 25838)
(-44, -100, -107, -25121, -13576, -29540)
(31, -113, 36, -24306, -7558, -32079)
(-82, 81, 23, -32761, -25630, -10646)
(32, -72, -69, -12554, 22110, 22690)
(123, 20, 1, -979, 28715, 31024)
(-10, -72, 95, 23269, 13495, -13104)
(60, -43, -106, -9909, -7703, 27132)
(33, -64, -126, 24320, 11686, -32079)
(-51, 7, -45, -32443, 2243, -32079)
(6, -5, -90, -32443, -658, -29235)
(101, 19, 93, -32443, -24323, -25881)
(66, -128, -36, 324, 28035, -267)
(60, -96, -72, -32443, 28506, 2186)
(-90, 29, -108, -32443, 30748, 7443)
(33, 121, -15, -32443, 30748, 25231)
(-114, 29, 51, -15183, 30748, 9392)
(126, -4, -39, -16351, 30748, 1298)
(-6, -61, 126, 3607, 13623, -3828)
(-98, -38, 96, -17259, 31992, -23419)
(-108, -120, 61, 18998, -30592, -11411)
(-25, -71, 74, -18630, 843, 9020)
(-60, -25, -23, 30733, 1398, -5658)
(-60, -67, 69, -9811, 4918, -3991)
(-128, 33, 21, -15159, 7744, 4858)
(-43, -50, 16, -16359, 12443, 16642)
(-74, -29, -40, 22992, 7810, 25847)
(-85, -55, -21, -29076, 12489, -31787)
(-38, -98, -115, -32443, 11126, -30124)
(-28, -1, 92, 4503, 3777, -32078)
(80, -7, 24, 22437, -5498, -32078)
(123, 16, 45, -23004, 7142, -32078)
(-119, -81, 116, -26064, 17107, -32078)
(19, 25, 85, 21707, 14409, -32078)
(-23, -117, 35, -28647, 6415, -32078)
(67, -103, 18, 327, 30748, -12336)
(68, -111, 110, -32442, 10871, 21792)
(35, 56, -89, -10991, -21463, 9891)
(21, -20, -32, 30590, 14866, -9439)
(35, 40, -57, -25491, -10804, -9475)
(-63, 113, -80, 15405, -13513, -3039)
(-89, 119, -92, -29117, -24534, 4340)
(-126, 125, 31, -27418, -12366, 3437)
(-68, -99, -67, -4160, -1757, 4484)
(-53, 52, 97, -7387, 22633, -16027)
(-119, -126, -11, -11644, -25946, 22113)
(-9, 56, -31, 8760, 28672, -32078)
(113, 81, -105, -11953, 31440, -32078)
(50, 93, 65, -9610, 16313, -32078)
(-18, -53, -112, -844, 24589, -32078)
(114, -73, -102, -11917, 491, -32078)
(33, 14, -25, 29446, 14819, -32078)
(110, 14, 61, -24015, 14173, -32078)
(-73, -13, 44, -8656, 23738, -32078)
(54, -49, -110, 6608, -3920, -19262)
(22, -128, -103, 21187, -9283, -6801)
(-10, -114, -29, -12752, -25748, -7025)
(-1, 35, -82, -22770, 22734, -10345)
(-84, 117, 92, -15006, 30746, 6072)
(-92, -35, -73, -29189, 30746, 10213)
(-108, -50, -108, -32443, 30746, 27710)
(32, 79, -42, -32443, 30746, 30936)
(-100, 92, 28, 2794, 30746, 17762)
(72, -66, 22, 10425, 30746, 12189)
(30, 124, -54, -6735, 17332, -6737)
(111, 111, 88, -9893, -22886, -16536)
(46, -86, 69, 3184, 6413, -4525)
(63, -105, 71, -2693, -24418, 13344)
(22, -17, -93, -13100, -1748, -18196)
(-71, -102, -73, -31097, 12104, -24931)
(96, 71, 1, -26058, 14584, -7827)
(15, -97, 9, -32443, 7758, 5774)
(-116, -110, 103, -32443, 1080, 10070)
(47, 78, 108, -32443, 3093, 15955)
(27, -46, -57, 29290, 375, 26386)
(-97, -116, 127, -31176, -2067, -28137)
(117, 116, -123, 17975, 8533, -31461)
(24, -114, 65, -4187, 26565, -32077)
(-88, 65, -66, -18338, 14026, -32077)
(95, 123, -11, -6029, 11166, -32077)
(55, 53, -51, 22822, 6988, -32077)
(-105, 89, 119, -2828, 4464, -32077)
(-37, 22, 47, -31187, -7560, -25362)
(63, -106, 95, 21752, -1211, 20299)
(-94, -96, -110, -32443, 25117, -32077)
(-85, -94, 37, -32443, 28719, 12496)
(-69, -94, 60, 324, -3738, 9042)
(44, 74, -52, -32443, 6901, -8540)
(-109, -75, 88, -32527, 26794, -24194)
(-113, 112, -23, -25390, 25520, 31519)
(-11, 8, 53, 8472, 9267, 31667)
(5, -16, 125, 25673, -26453, -32077)
(111, -98, -71, -6343, 7870, -32077)
(-69, -110, -48, 6562, 13523, -32077)
(62, 57, -90, -855, 5278, -32077)
(-68, -88, -92, 18367, 4723, -32077)
(-64, 53, -112, -18744, -3604, -32077)
(-96, -43, 95, 2873, 4664, -32077)
(-61, -12, -74, 10526, -1149, -32077)
(-44, -37, 56, 28395, -19616, -11237)
(48, -39, 58, 28129, -22164, -5313)
(-45, -86, 36, -18087, -31262, -9087)
(24, 61, 113, -4462, 26957, 23479)
(62, 70, 101, -32444, 30746, -27046)
(-42, 18, -6, -21432, 30746, 1599)
(-82, 85, 3, -14270, 30746, 752)
(-46, -30, 105, 18239, 30746, 12577)
(-82, 80, 44, -26947, 30746, 23541)
(91, -94, -123, -25267, -25480, -14088)
(35, 42, -122, 10798, 20506, -13261)
(-73, 56, -63, -5210, -12224, 8396)
(80, -78, 120, -4372, -6981, 5176)
(36, -31, 91, 11585, -8055, 1515)
(51, -71, -88, -22127, -5282, -6528)
(-85, 24, -81, 18396, 19671, -20698)
(-50, 38, 91, -80, 13974, -4507)
(-82, 30, -109, -23628, -4553, 88)
(39, 106, -66, -30309, 16266, -5747)
(-81, 59, -96, -32444, 1077, 6547)
(49, 78, 84, -32444, 14393, 22552)
(41, 78, 103, 12801, 28950, 31986)
(127, 124, -26, -25681, -17296, -28670)
(127, -76, 54, 2383, 21814, -32076)
(42, 89, -26, 22856, 5309, -32076)
(-80, -1, -66, -32177, 18804, 26152)
(-73, 75, -80, 11835, 8494, 24362)
(-43, 113, -2, -4282, -14100, -28232)
(88, -20, 119, 3655, -3032, 26000)
(-10, -62, -31, -17613, 26158, 9802)
(-59, -10, 10, 31519, -20442, 1798)
(-126, -84, 101, -11308, 12737, -16755)
(106, -54, 19, 11382, 12332, -5835)
(19, -60, 10, -12086, 8691, -4632)
(-47, 111, 90, -9923, 8010, -16805)
(61, 18, 81, -23809, 22268, 23919)
(-52, 119, 10, 22423, 31856, -32078)
(-43, -66, -9, 20508, 26093, -32078)
(6, 56, 14, 6180, 11013, -32078)
(-27, -34, 30, -11037, 5452, -32078)
(22, -32, 44, -1596, -7651, -32078)
(84, 117, 56, -22639, -9772, -32078)
(31, -84, 15, -22975, 3103, -32078)
(-94, -74, -39, 27177, -22527, -21722)
(-6, -13, -60, -26968, -16672, -11893)
(-124, 33, -53, 31949, -29945, -2802)
(-59, 55, -40, 18866, 26023, 3473)
(121, -20, 39, 20483, 30744, -1238)
(-17, 16, 1, 14522, 30744, -1709)
(-32, -50, 112, -23933, 30744, 4248)
(75, 56, 95, 23947, 30744, -26725)
(21, -83, 65, 26779, -20885, -4872)
(31, -50, -119, -1783, 13108, -17445)
(-117, 12, 74, 11153, 30837, -15650)
(123, -71, -67, -21523, 8367, 1194)
(-7, 75, -95, -13384, 2451, -7954)
(88, 112, 67, -18893, 30247, -7594)
(-74, -79, -123, -31656, -30466, 2680)
(-50, 2, 106, -32445, 30745, 8479)
(-81, 7, -84, -32445, 11675, 29688)
(106, 63, -106, -32445, 17550, -26150)
(21, 34, -65, -32445, 22355, -32076)
(-7, 67, -107, 15302, 29117, -32076)
(99, -93, 33, -5206, 26943, -32076)
(-93, 9, -118, -10421, -12023, -32076)
(9, -37, -122, 18600, -10018, -32076)
(-62, 46, 71, 20452, -31933, -1946)
(-80, 3, 28, -19341, -219, -21307)
(-83, 106, 112, -6859, 15410, -22891)
(-82, 56, -128, 13640, 3020, -15728)
(-38, 62, -32, 28044, -5359, -143)
(19, -39, -62, 23862, -1008, -4157)
(-4, -40, -6, 7601, -4485, -26028)
(36, 111, -85, -9551, 16182, 32087)
(94, 6, -14, -11609, 12213, 31724)
(59, -12, -64, -4082, 7257, -32076)
(-82, 37, -45, 26816, 6511, -32076)
(-57, -80, -74, 31523, -2814, -32076)
(-59, -126, 54, 8633, -6718, -32076)
(-69, 6, 32, 1399, -22996, -32076)
(-7, 53, 37, 7140, -15121, -32076)
(-31, 113, -58, -29856, 29147, -32076)
(98, 28, 125, 25696, -25175, -32076)
(-110, -63, 15, -32446, 12203, -20193)
(109, -107, -123, -8738, 27637, -12346)
(105, 10, -34, -25016, 26102, 10348)
(5, -44, 126, -4144, 30743, -3858)
(42, 28, -77, -28740, 30743, 3164)
(-19, -11, -22, -2680, 30743, -12532)
(-114, 92, 111, -19339, 30743, -5338)
(121, 42, -61, 30098, -32415, 16380)
(80, 107, -24, 6488, 12859, 16702)
(-9, -15, -48, 24537, 27880, -21661)
(122, 75, 18, 19843, 5726, -3499)
(0, 104, -50, -29098, -18703, 6374)
(50, -77, -75, 22929, 2508, -3206)
(89, 89, 95, -31072, -1945, -2939)
(-78, -88, 93, -29203, -1485, -8870)
(-120, 72, -92, -32444, 9053, 1367)
(27, 108, -11, -32444, 10802, -6923)
(117, -64, -69, 4311, -2667, -7650)
(-41, -84, -95, 6265, 2553, 8972)
(-124, -43, 41, -20304, 13766, -24721)
(-55, -20, 56, -32444, -1378, -29571)
(-93, -66, 37, -32444, 31257, -32076)
(-114, -110, 34, -4473, 7341, -32076)
(-111, -7, -67, -9574, -23179, 18322)
(-54, 111, 75, -14049, 19060, 9979)
(98, 116, -82, -10092, -2023, 25247)
(126, -23, -104, 14719, 12264, -29421)
(-87, 83, -53, -19316, -5463, -11598)
(-79, 115, -75, -5405, 8832, -2861)
(112, 93, -53, 14306, 6984, 15065)
(13, 57, 69, -23488, 10492, 6058)
(88, 64, -43, -30864, 11935, -22107)
(53, 35, 45, 29086, 23136, 23700)
(-20, 82, -78, 27352, 31639, -32075)
(109, -10, -85, 25379, 12494, -32075)
(-128, -80, -88, -13238, 22091, -32075)
(-68, -36, 81, -2273, -6328, -32075)
(-97, 31, 106, 18864, -19591, -32075)
(106, -23, 59, -6735, -16020, -32075)
(118, -113, -73, 16566, -11855, -32075)
(-22, 124, 116, -32443, -10784, -32075)
(120, -116, -107, 28165, 19084, -20933)
(91, 53, 109, 13289, 30747, 1713)
(-35, -82, 22, -26443, 30747, 284)
(34, 104, 60, 2840, 30747, 4669)
(-64, -37, 119, 13271, 30747, 26947)
(49, -17, -2, -451, 30747, -27454)
(-57, 36, 113, 2729, 8401, 24746)
(-36, -63, -79, -19771, -28801, -23504)
(20, 113, -102, 4527, 14426, -12083)
(-26, -110, -103, 6316, -9970, 6667)
(-41, 29, -25, 17990, -4917, 5560)
(-41, -59, -30, -15322, 1402, -12425)
(43, 87, 37, 16760, 9054, -7889)
(127, 43, 62, 20889, 18894, -6866)
(-123, -66, -17, 24242, 26467, -10919)
(-109, 21, -30, 15418, 14687, -8877)
(61, 62, 6, -24673, 11353, 1013)
(49, 106, 115, -32440, 4423, 14951)
(121, -1, 19, -32440, 27076, 20992)
(-60, -20, 116, -32440, 20199, -27848)
(117, 57, 49, 26565, 23765, -30751)
(112, -73, -119, -23125, -40, 23825)
(-115, 109, 75, 5681, 6414, 23967)
(44, 83, 84, -16813, 19123, 30992)
(51, -119, 106, -32440, 16813, 26557)
(-66, 99, 19, 3070, 4010, -30045)
(72, -90, 96, 26749, -12416, -31738)
(-64, -119, 64, -6008, 28473, 23245)
(116, -121, 91, 4172, -13423, -15967)
(-4, 16, -65, -17432, 15081, -20723)
(111, 4, 99, 22034, 13830, -31926)
(26, 34, -11, -32441, 14963, 30464)
(-125, -68, -20, 7897, -26166, -32077)
(105, -34, -36, -13120, 18077, -32077)
(32, -90, -93, 13763, -15310, -32077)
(106, -5, 1, -17320, -12385, -32077)
(27, 101, 69, 25345, -21550, -32077)
(94, -6, 27, 9487, -2095, -32077)
(19, -111, 53, 32191, -6446, -32077)
(-40, -30, -125, -21750, -4491, -16757)
(94, -104, -34, 10258, -7737, -15782)
(105, 120, 33, 19031, -7427, 31966)
(96, 27, -76, 32453, 16983, -13683)
(-79, -38, -77, -32441, 30750, -13375)
(120, 50, 0, 326, 30750, -15348)
(85, 95, -59, -32441, 30750, 15349)
(50, -11, -92, 32299, 30750, -13081)
(108, 14, 47, 3498, -30345, 20092)
(-97, 123, -14, 18717, 10267, -19547)
(24, -115, 90, -29365, -5052, -10799)
(-105, 24, 11, -28602, -9283, 11242)
(16, -33, -57, -13659, -15046, -1457)
(39, -95, 63, 23627, 12696, -25581)
(-5, -122, -124, 25165, 28062, -29583)
(-5, 82, 90, 29996, 26202, -11989)
(-75, 44, 103, 29595, 15238, 3035)
(52, 127, -48, -30237, -11633, 10077)
(120, 92, -85, -32439, 7213, 21744)
(-128, 13, -63, -32439, 15440, 30259)
(-57, -30, 26, 3527, 17194, 28331)
(-98, -78, -92, 29804, 18140, -29061)
(24, 111, -98, 8501, 15507, 27778)
(109, 118, -49, 64, 5234, 7800)
(-23, -16, 117, -18209, 14969, -32077)
(-29, -18, 68, -32439, 13992, -31259)
(80, 85, 53, 7892, -782, 20764)
(38, 94, -19, 252, 23714, 3605)
(-95, 92, 118, 17679, 12746, -24107)
(48, -75, -56, -32634, 11790, -23386)
(85, -9, -34, -10676, 12104, -24076)
(-124, -51, -120, -640, 27353, 28741)
(-96, -45, 31, -12729, 29104, -32078)
(70, -66, -56, -22117, 3084, -32078)
(-83, 64, 3, -14037, 13429, -32078)
(-76, 113, 102, 23545, -19573, -32078)
(34, -57, 47, 23842, -19436, -32078)
(94, -5, -2, 15276, -11122, -32078)
(86, -47, -108, -8320, -24120, -32078)
(108, -127, -22, 19002, 30142, -32078)
(-76, 60, -67, -32440, -12408, -9641)
(-24, -14, -19, -32440, 22551, -18119)
(12, 80, 125, 327, 30747, 8616)
(28, 83, -38, -32440, 30747, 17790)
(-83, -107, 26, -21587, 30747, 20608)
(110, 71, 110, 17165, 30747, -7577)
(-121, 81, -71, -28974, 30747, -29916)
(-63, 41, -28, -17234, -2777, 15597)
(-6, 114, 53, 30024, -29530, -28561)
(11, 100, -46, 14297, 7652, -8572)
(72, -15, -16, -9670, -16937, 9748)
(-8, 119, 21, 15977, 8736, -4832)
(20, -95, -33, -28304, -4973, 1819)
(125, -124, 26, -14453, -16510, -27859)
(-25, 112, -8, -30586, 26100, -12341)
(29, 121, 99, -27503, 2615, -11197)
(28, -7, -87, -32440, 8147, -1767)
(-75, 101, 25, 8038, -1048, 5541)
(84, -115, 27, 26314, -8269, 17089)
(-69, 46, -116, -27396, 18815, 30044)
(125, -50, 63, -32440, 5328, -27369)
(-50, 84, -98, -32440, 26085, -32077)
(-101, 108, 79, -1574, 23998, -32077)
(119, -56, -72, 4275, -1261, 20137)
(-32, -121, -34, -18981, -17404, 29269)
(111, -44, 44, -32440, 18041, 30161)
(-16, -96, 41, -29679, 15826, -20687)
(-108, 80, 72, 21254, -799, -16102)
(47, 102, 52, -32440, 2797, -19426)
(-30, 44, -35, -4226, 19276, -7461)
(-93, -114, -33, -31220, -26100, -27060)
(-81, 106, -43, -25059, 26486, 28214)
(1, 3, -23, -21540, 12598, -32076)
(-72, -22, 13, 5586, 12590, -32076)
(104, -54, 8, -18801, 3475, -32076)
(121, 54, 78, -5502, 7247, -32076)
(58, 56, 80, -25754, 7991, -32076)
(-90, 78, -96, 28926, 4198, -32076)
(70, 13, 63, -31628, 9107, -32076)
(-21, -18, -58, 32579, -5323, -21450)
(97, -87, 33, -32441, -19507, -12896)
(-39, 69, -13, 326, 28213, 9469)
(-97, -7, -112, -32441, 28014, 20877)
(-94, 104, 115, 10915, 30748, 30447)
(-128, -95, -73, 152, 30748, 6142)
(53, 44, -28, 2894, 30748, 19000)
(110, -20, -84, 24483, 30748, -18315)
(-91, -63, 103, -15630, 31185, 11257)
(-10, 12, -127, -26847, -121, -19341)
(17, -70, -58, -6098, 7713, -943)
(-123, 116, -121, -29598, -13109, 10235)
(-73, 14, -107, 1081, -14871, 857)
(14, 94, -3, 4748, -1234, -3875)
(46, -107, 57, 3108, 12585, -15876)
(-109, -116, 126, 16027, 17123, -21867)
(-41, -114, -109, -29711, 21215, -21475)
(34, 46, 34, 28249, 15731, -15728)
(44, -8, -6, -29934, 12003, -6602)
(83, 67, -7, -32438, 6581, 1826)
(127, 24, 73, 14135, 8980, 17362)
(58, 50, -73, -26117, 29151, -28165)
(49, 70, 86, 5324, 15124, -29611)
(122, 44, -96, 17478, 3889, -32075)
(37, -72, -49, -30563, -29009, -32075)
(117, 79, 70, -23017, 21617, 31254)
(15, 21, -127, 331, 26116, 23275)
(0, 75, -7, -32438, -22321, -31577)
(-47, -94, 20, -32438, -30780, 12138)
(119, 103, -70, 329, 10296, -21592)
(-124, -101, -107, -32438, 11259, 6316)
(103, -22, 117, 17409, 7860, -19484)
(7, 26, 10, 18044, -5241, -9977)
(104, 8, 55, -18395, -11069, -2517)
(-88, -112, 118, 6749, -838, -25093)
(100, 117, 115, 17223, 8293, 31994)
(12, -54, -71, 4605, 18417, 31660)
(-82, 0, -22, 28351, 13697, -32076)
(-72, 113, 125, 8365, 20571, -32076)
(124, -117, -1, -15330, -10996, -32076)
(100, -26, -54, 4421, 327, -32076)
(119, -75, -26, -5543, -6411, -32076)
(115, 91, -62, 32745, -6017, -32076)
(31, -40, 23, 28383, -7336, -32076)
(88, -61, 63, -32437, -24628, -23140)
(-23, -13, 32, 5036, -22961, -3347)
(-5, 40, 0, -13459, -32760, 5105)
(-76, 57, 50, -32005, 27862, 12074)
(-23, -91, 102, -500, 30748, 16673)
(-77, 51, -71, -31651, 30748, 27086)
(-83, 69, 78, 3803, -2021, -141)
(-116, 21, 59, -27410, -25508, 30330)
(-112, -38, -5, -10332, -4530, -7799)
(15, 112, 108, 27196, 6469, -7247)
(-82, 126, -97, -9199, 5853, -1344)
(127, -118, 100, -4676, -10654, 2811)
(122, -91, 66, 2040, -6247, 1439)
(52, 80, 51, 27655, -3292, -10459)
(75, 110, -40, -25438, -368, -10501)
(20, 37, -103, 26522, -8252, -9581)
(-91, -118, -43, 13205, 11198, -17465)
(-57, 85, 4, -17784, 29562, -13747)
(-107, 23, 59, -32438, 25551, -10072)
(59, 107, -123, -32438, -31515, -21733)
(109, 5, 32, 15589, 30751, 331)
(75, 62, -105, 28012, 24538, -12409)
(125, -45, -85, 329, 26968, -32077)
(118, 5, -77, -32438, -5602, -32077)
(-64, -125, -64, 23397, -19885, -32077)
(68, 16, -77, -22683, -26705, 25465)
(-96, 49, 63, -27330, 1837, 27067)
(-112, 5, -95, -2934, 9235, -29059)
(66, -83, 97, 24646, 3142, 26185)
(57, -77, -4, -9512, -1892, -12656)
(22, -124, -116, -31762, 5006, 28673)
(72, -7, -93, 27161, 12194, 29885)
(83, -87, 44, -30847, 11269, -30880)
(-127, -15, 43, -14298, 639, -30092)
(47, 112, -80, 26957, -215, 32651)
(50, 29, 65, 25238, 20770, -32077)
(0, -126, -23, 24125, 4766, -32077)
(-40, -120, -68, -25920, -17575, -32077)
(121, 101, -74, -436, -4564, -32077)
(49, -56, 111, 24867, -14510, -32077)
(44, -1, 27, -25276, -17200, -32077)
(77, 83, 55, -17935, -9307, -32077)
(59, 121, 87, 24819, -26891, -31751)
(-25, 0, 96, -32438, -14938, -11483)
(101, 78, 67, -28139, 21953, -3321)
(-22, 110, 74, -1104, -19289, 5622)
(9, -36, 7, -32438, -7186, 7268)
(86, -51, 54, 17566, -2018, -3866)
(-10, 96, -27, -5416, 30749, 27627)
(-39, -24, -6, 331, 30749, -22533)
(95, 72, -65, -32145, -23354, 32048)
(26, 67, 126, -10374, 21893, -12039)
(-69, -64, -19, -14340, -15641, 5333)
(10, -24, 10, -32438, 24815, 10093)
(-31, -60, -31, -4294, 5598, 5130)
(73, -7, -94, 18539, 3501, 1114)
(-20, -51, 43, 3597, -4943, 566)
(-5, 111, 60, 9447, 6554, -13509)
(24, 31, -4, 32577, 9832, -14944)
(-79, 40, 117, 26519, 4363, -19804)
(90, -41, 84, 22397, 1326, -22038)
(114, -75, -64, -27671, 16516, -21326)
(-102, -5, 116, -32438, 22280, -10105)
(-34, 106, 76, 19860, 27256, 1437)
(-2, 77, -44, -28026, 14334, -24658)
(19, -93, -25, -32438, 29172, -28367)
(119, 74, 86, 16387, 7517, -32075)
(21, -31, -96, -10532, 601, -32075)
(-65, 41, -68, -8757, -15490, -32075)
(-50, -31, 55, -32438, 5908, -32075)
(83, -9, 25, 17508, -25479, 16274)
(-116, -26, -82, -24204, -13872, -14186)
(3, -76, -6, -2295, 9648, -25576)
(-93, 3, -72, 16650, 18106, -16878)
(-68, 120, 84, 2020, 16357, -28867)
(70, -25, 86, 11438, 22861, 29908)
(-100, 118, -22, -28066, 32492, -32075)
(-75, 49, 48, 17119, 31916, -32075)
(19, -35, 84, -8657, 5054, -32075)
(123, 21, 13, 25234, 6400, -32075)
(50, 16, 84, -2757, -19383, -32075)
(-105, -87, -89, -27572, 1901, -32075)
(-123, 100, 20, 3575, -6513, -32075)
(36, -44, -52, -30335, 13067, -32075)
(80, 28, -122, 32397, 19983, -28436)
(76, -98, -78, -14373, -4559, -6385)
(0, 39, -123, -28951, -2268, 1218)
(32, 56, -115, 1169, -13557, -10253)
(97, 97, -18, 10234, 23050, -247)
(-47, 33, -101, -28735, 29070, 5909)
(65, 111, -56, 9325, 30750, -16679)
(10, 74, -43, -23587, 30750, 4977)
(41, -21, 75, 10625, 30750, -14579)
(112, -66, 122, 25626, 30750, 22293)
(27, -27, 54, -20168, -24528, -5217)
(94, 7, 32, -26122, 981, 21098)
(-53, 35, -109, -14658, -4424, -28284)
(83, 15, -98, 26723, 2943, -549)
(57, 28, 76, -26794, -23036, 16558)
(125, -30, -82, -26827, -29361, 937)
(-118, -28, 102, 11483, -11960, -21776)
(-69, 19, 102, -18426, 1660, -6628)
(-49, 22, -93, -30386, -16588, -7960)
(89, 32, -64, 6893, -2545, -14729)
(7, -6, -124, 29263, 12400, -15630)
(39, -120, -114, -26695, -24185, -11316)
(-60, 85, -14, -32170, 31288, 3439)
(-121, -14, 15, -32436, 27443, 23445)
(12, -84, 114, -32436, 11965, -22852)
(-53, 69, 81, -26381, 1456, 26584)
(-112, -10, -126, 20160, 18063, 18988)
(114, -117, -61, 331, 22513, -31858)
(-102, -97, -33, -32436, 9235, 31442)
(33, 25, 8, 18034, -18302, -30804)
(105, 83, -20, 23987, -22433, 11194)
(10, -71, -56, 4335, 8611, -11975)
(30, -19, -67, 19785, 10741, -5123)
(112, -62, -115, 10918, -9279, -13422)
(7, 21, -29, -8253, -1226, -14681)
(-1, 76, 51, 14540, 9868, -25844)
(23, 27, 7, -3177, 18247, 28241)
(4, 57, -12, 30069, 13284, -32075)
(33, 37, -75, 8809, 13818, -32075)
(91, 23, 9, 27746, 10565, -32075)
(-81, 8, 101, -27213, 1157, -32075)
(-13, -57, 55, -30985, -28214, -32075)
(115, 126, 121, 28843, -13810, -32075)
(56, 45, -123, 22395, -25675, -32075)
(-16, -48, 80, 14693, -7756, -32075)
(48, 73, -35, -18206, -18039, -32075)
(73, -12, -15, -10336, -26022, -5943)
(-1, 20, -106, 14300, 350, -2646)
(-78, -19, 84, 4840, -17109, 5215)
(113, 5, 120, -28194, -32201, 10897)
(118, -89, -66, 15255, -31891, 6440)
(-47, -35, 76, 19513, 28330, 9036)
(-117, -116, 63, 16585, 30746, 51)
(-97, 14, -35, -32071, 30746, -7032)
(-13, 79, 106, -6733, -31871, -2302)
(35, -63, 67, -2436, 28095, 10881)
(3, -21, 15, -16339, 31614, 527)
(-67, -57, 71, -27278, -27426, 5452)
(40, 82, 127, 17093, -3968, -2504)
(35, 127, -122, -5994, -2447, 577)
(18, -121, 36, 9924, 3193, 1006)
(-3, 92, -29, 409, -11087, 7266)
(-93, 35, 49, 7643, 338, 4378)
(33, -8, -73, -18826, 13209, 15873)
(55, 49, -125, -32435, -7580, 20186)
(68, -110, -33, -32435, -28715, 5066)
(111, 102, 27, -32435, -7915, -9837)
(-96, -90, 13, -32435, 18222, -19156)
(-30, 56, 69, -32435, 10800, 15006)
(75, -124, 30, 25998, 5609, 32207)
(-18, -12, -88, -30068, 27757, -26973)
(-121, -69, -54, 7695, 24973, -32074)
(-109, -12, 28, -10532, 2259, -32074)
(-114, -77, -77, -8727, -5910, -32184)
(39, -119, -102, 17501, -5477, 17170)
(-95, -5, -72, -20658, -19621, -26632)
(-39, -48, 76, 334, -8512, 10328)
(-63, 127, 0, -32435, 28237, -24410)
(-10, 117, -24, -4471, 1725, -24368)
(-101, -9, 89, 28641, -9826, -21301)
(80, 36, -30, -6381, 16141, -11510)
(-22, -33, -59, 21927, 19874, -24164)
(53, -110, 73, -3508, 11358, 31329)
(-7, 99, -110, -32576, 13392, 32320)
(44, -114, -109, 30309, 13241, -32076)
(67, 62, -2, 31236, 11228, -32076)
(-5, 126, 50, -3798, -7220, -32076)
(26, -101, -40, -19386, -16412, -32076)
(-41, 115, -6, 651, -11876, -32076)
(38, -16, 45, 31843, -30592, -32076)
(-34, -75, -63, -26118, -12335, -20488)
(-29, -118, -28, 4173, -14266, -8428)
(-122, 103, 10, -22677, -7019, -2029)
(-57, 20, 97, -4834, -18501, 4833)
(-81, -61, -8, -9232, -26022, 6962)
(-67, 63, 15, 1187, 28279, 14997)
(58, -33, -8, -4772, 29524, 5831)
(33, -71, 70, -251, 30745, 5148)
(-115, -52, -11, 28388, 30745, -3522)
(71, 56, -24, 31771, 30745, -6559)
(85, 44, -99, -698, -24121, -1923)
(56, 108, -16, 30525, -25262, 12254)
(88, -106, 62, -32688, -31990, -8915)
(-56, 57, 32, -24028, -23704, -4951)
(98, -45, -117, -9739, -18123, 4618)
(-86, 115, -83, 11343, 14567, -5532)
(101, -25, 73, 2800, -5023, 3168)
(75, 6, 22, 389, -1011, 59)
(60, -17, -54, 5052, 1335, 647)
(20, 78, -92, 3699, -3912, -611)
(-4, 50, 47, 11589, 8956, -4548)
(-27, 92, 20, 3772, -10726, 940)
(-90, 111, -63, 4910, 4209, -5980)
(126, -43, -93, 7717, 4309, -8997)
(124, -70, -10, 16719, 413, -9306)
(19, 74, -24, 27485, 24304, -19246)
(121, 119, 23, -27286, 24886, -2090)
(-13, -45, 108, -32436, 15181, 12715)
(33, 116, 73, -32436, 1044, 14405)
(-28, 77, -8, -32436, 17834, 26853)
(60, -83, 18, 27773, 8812, 23465)
(97, 106, 85, -30661, 7917, -29975)
(-23, -103, 94, 18798, 2905, 32060)
(21, -31, -35, 13254, 4726, 26117)
(62, 127, -61, 8387, 18381, 30508)
(4, -42, 81, 20332, 5711, 20504)
(20, 29, 91, -24524, -17306, 11823)
(-66, -33, -46, -11457, -1478, -11606)
(-53, -111, 78, 21726, -1124, -22490)
(-5, -27, 40, -20845, 11785, -21172)
(122, 87, -40, -24452, 4114, -23477)
(-81, -51, 123, 11816, 16059, -30218)
(44, 20, 65, 8692, 11003, 31180)
(120, 107, -18, 11866, -6398, -32077)
(91, -6, 36, -2357, 2091, -32077)
(45, 89, -84, -30425, -10875, -32077)
(-128, 50, -34, -5753, -2422, -32077)
(92, -98, -63, -12410, 1756, -32077)
(-7, 90, -39, -15832, 1472, -32077)
(15, 19, 30, 24116, 6582, -32077)
(-111, -9, 79, -24570, -20511, -16873)
(55, 77, -76, -14590, -23932, 8551)
(-74, 101, -115, 18572, -23000, 2718)
(-102, 32, 54, 12987, 24345, 14029)
(-100, 57, -56, 13132, 30743, 17045)
(-68, -4, -66, -32349, 30743, 5085)
(-12, 114, -41, -29001, 30743, 21112)
(-117, -41, -46, -30746, -11774, 16212)
(-62, 79, 0, 24990, -4079, -1119)
(-34, -19, 7, -29252, 12795, -21476)
(69, -87, 103, 13808, 11559, -8289)
(-56, 96, -65, -16204, -15292, 10723)
(112, -79, -107, -23341, -20780, 5381)
(16, -47, 99, -15997, -7597, -14719)
(114, -19, -46, 3042, 2610, -16132)
(82, 106, 33, -29780, 29501, -12877)
(-24, 112, -75, -27224, 27118, -5978)
(-33, -124, 112, -32436, 13351, -6206)
(-110, 111, 27, -32436, 8296, 7003)
(-47, 100, -1, -32436, 3873, -24683)
(13, 16, -100, -32436, 23286, -29359)
(104, -127, 122, -2725, 1344, -32077)
(-93, -124, -84, -4446, 7985, -32077)
(-123, -80, 83, 15248, 15825, 27316)
(108, 18, 18, -25145, 12588, 23990)
(27, -90, -14, -31050, 6972, -28503)
(84, 61, 116, 27026, 21646, -23541)
(-111, -50, -69, 2357, -5861, -23173)
(11, 52, -91, -32436, 11529, -24637)
(-102, -102, -91, -18067, 4038, 2723)
(-105, -13, 13, -29651, 9071, 6605)
(-113, 70, -115, -28960, 4946, 3621)
(32, -118, -106, -30795, 4989, 4046)
(46, -55, -124, 29594, 1988, -1602)
(40, -99, -73, -9713, 2516, -9981)
(64, -87, 77, -15619, 2927, -24191)
(-28, 55, -124, 14870, 18242, 31139)
(42, -4, 10, 13973, 6798, 31938)
(-121, -107, 81, 14186, 11357, -32079)
(-99, -81, -36, -15615, -8627, -32079)
(26, 111, -39, 1407, -3764, -32079)
(-37, 70, -59, -16221, -13640, -32079)
(-117, -58, -67, -30221, -10003, -32079)
(-56, 76, 77, -9771, 31044, -21933)
(55, -118, -105, -23571, -14313, -10997)
(-105, 57, 23, 27153, -19333, -340)
(125, -92, -49, 9821, 4493, -1208)
(-110, -10, -34, -31654, -25759, 6357)
(82, -6, -4, -4706, 31190, 8710)
(78, -36, -50, -12027, 27842, 4968)
(-54, -15, -115, -24257, 30742, 7862)
(46, -79, -73, -23408, 30742, -8281)
(6, 29, 71, 28024, 30742, -16691)
(-65, 48, -70, -31209, 1872, 14702)
(90, 125, 14, -21922, -14249, -8626)
(56, -68, -38, -4494, -24523, 1196)
(74, -92, -1, 1289, -19827, -2665)
(46, 67, -99, 2124, 8687, -6910)
(63, -24, -53, 13013, -897, -3192)
(91, 95, -123, 5483, -6199, 6147)
(-89, -92, 75, 10129, -13570, -208)
(68, 81, 41, 16576, 1572, -13946)
(42, 51, -32, 6354, -5092, -12605)
(0, 58, -40, 30537, -3601, -12002)
(37, -71, -95, -27551, 2359, -11799)
(119, -29, 66, -32435, 6221, -9395)
(-80, 67, -52, -32435, 14592, -217)
(86, 115, 100, -32435, -1459, 11113)
(81, -67, -20, -32435, 12168, 16102)
(-41, 80, -51, -32435, 17230, 29317)
(23, -2, -44, 21413, -32100, 23551)
(-111, -119, 68, 5264, 28558, 19659)
(-41, 74, -15, -25144, 18388, 26588)
(-104, 113, -116, -14777, 4874, -27708)
(-117, -56, -68, -30675, 675, -32077)
(-118, -96, 87, 6429, -28773, -32077)
(113, 45, 32, 9224, 22281, -32364)
(-46, 126, 66, -32435, -25380, -30354)
(108, -68, -73, -17840, 31754, -3347)
(102, -19, -13, -22694, -25255, -1706)
(59, 122, -59, -32348, 30742, -24232)
(-111, 99, 72, 10263, 7822, -24756)
(68, 14, -112, -19050, 12276, -29473)
(17, -38, -51, -221, 15925, 30944)
(-68, 83, -124, 24698, 19429, -32079)
(-19, -16, -34, 5237, 12500, -32079)
(91, 120, 85, 14790, 998, -32079)
(-38, 120, 85, -27567, -4204, -32079)
(51, -34, -74, -11353, -2680, -32079)
(120, -128, -54, 30111, 3530, -32079)
(-25, 103, 92, -22483, 8715, -32079)
(11, 82, 126, 28994, -28822, -23932)
(96, -24, -33, -32437, -5923, -10587)
(29, -127, 125, 330, 24725, 6504)
(64, -83, -14, -32437, 28556, 12851)
(96, -20, -68, -32437, 30741, 28084)
(57, -117, 64, -6021, 30741, 29141)
(86, -109, 92, -19397, 30741, 14645)
(27, -86, -28, -32312, 30741, -31557)
(-36, -18, 71, 1082, 11732, 18046)
(64, 62, -73, 897, -5041, -2702)
(-109, 92, -2, 27991, 19906, -29683)
(69, 82, 7, -25163, -12384, 1539)
(-101, 93, -47, 7054, -20202, -828)
(65, 87, 44, 8237, -6881, -8993)
(31, 10, 55, 12910, -1305, -20701)
(-118, -99, -45, -31706, 14329, -22784)
(-33, 97, 124, -28386, 22622, -17079)
(67, 34, 124, -32437, 12576, -9859)
(-117, -41, 112, -32437, 16377, 20172)
(3, 86, 31, -32437, 21406, -29319)
(16, -38, 27, 30324, 21512, -28961)
(6, -62, -93, -24857, 4775, -32078)
(80, 49, 114, -31511, -23329, 31584)
(-106, -124, -106, -26204, -9034, 31973)
(120, 82, -119, -32437, -14383, -31375)
(125, 33, -19, 332, 8448, 17212)
(-3, -11, -47, -32437, 11205, -24281)
(-41, -83, 84, -32437, -29860, -8826)
(118, -56, -42, 330, 516, 11439)
(120, 31, 28, -32437, 6135, -8008)
(34, 60, -105, -28647, -6361, -7993)
(-41, -23, -2, 17207, 6046, -22358)
(-122, -60, -75, 7607, 24164, 26000)
(-14, -110, -68, -19887, 19735, -32078)
(-51, 19, -109, -24969, 9757, -32078)
(39, 22, -110, 24058, 9868, -32078)
(19, -87, -126, 3270, -10131, -32078)
(108, 93, 77, 13976, -11036, -32078)
(87, -38, 58, -24069, -10097, -32078)
(-55, 90, -47, 22966, -10091, -32078)
(-87, 114, -86, -32438, 12373, -32078)
(86, -55, 81, -32438, -29865, -31487)
(113, 62, 20, 329, 22475, 16526)
(-97, 43, -95, -32438, 30741, 8876)
(-82, 106, -74, -32438, -16465, 25880)
(92, -101, 87, 16996, 24631, 24569)
(93, -48, 115, -19662, 30741, 19715)
(-82, -128, -30, 5143, 30741, 24321)
(-97, -118, 123, -23028, -28130, 26086)
(28, -14, -69, -6525, 22513, -11321)
(-37, 43, -28, -9354, 15119, -25713)
(121, 68, 12, -32438, 7443, -5183)
(103, -83, 31, -20011, -29401, 15564)
(84, -15, -85, 24327, 28930, -805)
(17, 108, -89, 17602, -19645, -23864)
(-39, -103, 70, 17133, 5467, -32285)
(55, -109, -86, -17133, -31816, -26415)
(101, -99, 117, -32438, -29989, -17915)
(50, 1, -70, -32438, 28694, 4344)
(105, -105, -63, 12476, 31424, 30837)
(66, -36, -101, 22105, 29984, -24957)
(-35, 19, 73, -14328, 4364, -32078)
(96, 20, 2, -29989, 24186, -32078)
(-20, 12, -106, -27324, 24963, 25326)
(-126, 92, -68, 331, -2028, 3401)
(-90, 104, 16, -32438, 30741, -22744)
(-25, -38, 116, -32438, -23810, -4198)
(60, -24, -80, 21451, 13326, 7803)
(66, 6, 27, 20384, 10090, -1743)
(16, 35, 64, 8655, 7044, -8213)
(-101, 94, -53, 32766, 5335, -5001)
(-54, -46, -13, 10947, 9995, -15960)
(0, -8, 56, 30892, 18745, 29242)
(69, 42, 83, 8390, 5966, 31582)
(59, -25, 79, -2503, 19315, -32078)
(-79, -96, 25, 21815, 9674, -32078)
(33, -70, -1, 3736, -23913, -32078)
(-54, -26, -19, 3142, -17723, -32078)
(-86, 75, 58, 456, -20025, -32078)
(-54, 115, 76, -25649, -14578, -32078)
(-106, -4, 69, 25121, -8772, -32078)
(-12, 100, -46, -32437, -21293, -20010)
(64, -11, 25, -779, -18948, 2161)
(-66, 50, 5, -17631, -22763, 14333)
(25, -98, 89, -29968, -25526, 16618)
(72, 53, -38, 25193, 25416, 20727)
(72, 91, 33, -16656, 30741, 16399)
(-94, 37, 119, -29538, 30741, -29547)
(2, 34, -9, -30647, 30741, 3431)
(-74, 39, -72, -7267, 15503, -10676)
(-65, 112, 105, -11899, 10800, -25387)
(-43, -85, 90, 20837, 8180, -26328)
(58, 78, -19, -28349, -6810, 2504)
(95, -94, -74, -6483, 31107, 3800)
(48, -91, -62, -8346, -22979, -5094)
(-47, -93, -30, 21347, -239, -6838)
(-79, -113, -22, -22448, 6003, -3679)
(-76, -77, 91, -32436, 13187, -1432)
(-43, 110, -16, -32436, 16421, 7761)
(-66, -114, 1, 22867, -32592, 23063)
(-90, 27, -46, 9497, 28225, 27644)
(106, -65, -44, -4497, 24162, 30306)
(72, -127, -102, 1658, 18495, -31183)
(-78, -107, 44, -27510, -2688, -31500)
(82, -104, 97, 23673, -21357, -32076)
(-109, -47, 94, 9130, 19607, -32076)
(-31, -10, 105, -14936, 30741, 2113)
(105, 56, -53, 14939, -7802, -25237)
(-98, 99, 57, 26755, 23524, -20591)
(-124, 121, 44, -25365, 30401, -11570)
(33, 66, 28, 25343, 12550, -5956)
(-112, -1, -95, -15936, -7706, -1620)
(67, 35, 52, -21472, -9478, -3242)
(15, 41, -33, -13354, -2810, -4329)
(-1, -73, 88, -854, 5735, -7476)
(-14, 118, 100, 3523, 7592, -10518)
(-36, 32, 23, 7425, 8246, -12361)
(7, -75, -39, 8004, 7832, -10481)
(109, 27, -71, 5967, 3134, -6506)
(-120, 49, -9, -3635, -903, -4915)
(-97, -91, -2, -4410, -2648, -1320)
(96, 82, 6, -4522, -3634, -7555)
(-113, -108, 108, -5479, -376, -17152)
(27, 50, -17, -23892, 11342, -21769)
(16, 57, -123, -838, 9537, -32047)
(-29, 124, 47, 2544, 3632, -32580)
(-47, -88, -39, 2102, 1324, -32638)
(-87, -89, 107, -25500, -4206, -32076)
(-107, 74, 73, -4351, -5696, -32076)
(63, -60, -64, -6579, -808, -32076)
(108, -15, 105, -15252, -2355, -32076)
(87, -128, 83, 27158, 9194, -32076)
(-119, -124, 55, -25689, 9296, -32076)
(127, -74, 60, -6257, -23258, -6189)
(-106, 8, -89, 23478, -28926, 925)
(30, -94, -84, 326, 28746, 4142)
(-21, -35, -43, -10587, 29535, 17870)
(-9, 71, -10, -32434, 30741, 17365)
(2, 16, -25, 31849, 30741, 16838)
(23, 90, -79, 31069, 30741, -14020)
(-94, 5, -51, 18194, 30741, 10762)
(-35, 93, 16, 19445, 4723, -1530)
(-39, 25, 18, 8233, -15200, -15883)
(47, 21, -16, 16751, 30741, -13062)
(87, 103, -4, -22623, 6747, 12419)
(67, 20, -12, -30364, -11364, -1921)
(105, 57, -51, 4498, -13365, -6798)
(-81, -28, -126, 31351, -12575, 6334)
(-9, 24, 15, 26364, -19760, 8070)
(54, 84, 23, -28152, -15977, -1934)
(-77, 7, -51, 21541, -9762, -4562)
(-40, 127, 124, -28581, -1347, 11005)
(-42, -59, -101, 26118, -8134, 21357)
(-30, -40, -2, 10224, -7938, 18995)
(107, -26, -115, -4476, 6413, 20969)
(-29, 122, -101, -30131, 11505, 16087)
(73, -117, 33, 17056, 18896, 13844)
(-89, 93, -121, 26268, 18157, 15096)
(7, 118, 90, 19915, 16548, 19260)
(-60, 114, -38, 12984, 12077, 23881)
(-117, -51, -60, -25978, 5743, -31068)
(102, -42, -122, -31694, -3695, -30483)
(-94, -113, 126, 5884, -12204, 19707)
(-107, 8, 112, -25542, -21044, -3941)
(4, 65, 12, -2677, -7825, -15121)
(23, 122, 113, 6770, 5489, -14007)
(-112, 98, -39, 18971, 12539, -17494)
(94, -110, 75, 8147, 9784, -26685)
(26, 52, 60, 7483, 13847, 28931)
(-122, -97, 92, 13877, 11538, -32077)
(-117, -91, 37, 10161, 10606, -32077)
(70, 36, -109, -862, -584, -32077)
(-97, 57, 18, 10226, -14343, -32077)
(24, -125, -21, -24215, -12315, -32077)
(-127, 23, -17, 31136, -1046, -32077)
(76, 97, 102, 29415, -10522, -32077)
(71, 76, -111, 26407, -12639, -32077)
(4, 20, 33, -22497, -429, -13607)
(111, 18, 113, 5973, -30271, 9005)
(-126, -3, -41, -5420, 32319, 14432)
(-31, -65, -50, 559, 28006, 9161)
(79, -76, -2, -27129, 30742, 20501)
(-75, -108, -48, -28461, 30742, 25277)
(-3, 43, -13, 16650, -17802, -31969)
(25, -79, -43, 32204, 28147, 23054)
(11, -57, -25, 3704, 13314, -16017)
(64, 69, -114, -1613, 25052, -31854)
(102, -76, -80, -14217, 19833, -15828)
(-2, -78, -42, 2501, -12789, -6673)
(-62, -89, -97, 17357, -12908, -8157)
(-33, 5, -80, 27441, -11248, -9581)
(63, -111, -103, -27663, -3038, 2606)
(-10, 25, -107, -32434, -11513, 17226)
(-104, -66, -49, -32434, 378, 23082)
(-39, -20, 27, -32434, 6225, 30481)
(20, -2, 32, 28105, 5542, -29280)
(61, 69, -16, 14911, -3194, 27133)
(69, 114, -26, -14803, 10485, 27894)
(-15, -25, -37, -6606, 29145, 20152)
(116, 55, 91, -13142, 9805, -26782)
(24, -13, 108, -32435, 16162, -32077)
(-22, -18, -125, 12828, -14168, -6314)
(28, 66, -51, -7947, -10854, 29296)
(-100, 43, 127, 2192, 12284, 29500)
(104, -107, 58, -15520, 10762, -28587)
(-115, -76, 53, -18056, 7288, 32166)
(-108, 0, 62, -8804, 26750, -32078)
(-45, -61, -45, 5724, 5189, -32078)
(-70, 28, 63, -13431, 12696, -32078)
(35, -94, 60, -13864, 4503, -32078)
(40, -112, -98, 23693, -19596, -32078)
(-85, -30, -29, -16045, 30702, -32078)
(19, -38, 26, 19877, -18420, -32078)
(6, -127, -20, 32394, -14190, -32078)
(52, 11, 57, 12339, 22892, 4971)
(36, 97, -17, 1301, 30318, 13859)
(42, -115, -97, -15889, 30744, 26039)
(-57, 34, 123, 23443, 30744, 20388)
(5, -123, -66, -23120, 30744, 14478)
(-90, -64, 45, -15069, 30744, 14789)
(59, -27, -99, 31536, 30744, 13161)
(-66, -73, 48, 20010, 13649, 6834)
(-56, -73, 111, 2223, -18172, 21118)
(44, -34, -64, -17365, 7395, -14625)
(-50, 27, -128, -5511, 30770, -3249)
(78, -9, -87, -24718, -16084, -16071)
(51, -85, 109, -23520, -7183, -20092)
(-62, 19, -8, 32688, 1698, -19703)
(-66, -15, 62, -30670, 6872, -6589)
(93, 15, 121, -32435, 4669, 2628)
(16, -21, -121, -32435, 27231, 10649)
(27, -89, 49, 21527, -29225, 24863)
(11, -94, 92, 11690, 30746, -27736)
(68, -69, -39, 13334, 23729, -31070)
(-36, 54, 126, 22722, -6773, -32076)
(-110, -109, -31, 23974, -2219, 25960)
(48, -49, 57, -19915, -19373, -30448)
(11, -120, -116, 20492, -2021, 18868)
(46, 20, 60, 26381, -18186, -19103)
(-15, -19, 71, -32436, 25094, -17432)
(-75, -7, -34, 2000, 17152, 16584)
(-35, 71, -6, -16804, 14517, 8263)
(56, 59, 30, 11647, -2021, 2048)
(120, 109, -100, 26499, -2124, 6179)
(-77, 25, -103, 13166, -4744, 8797)
(124, -57, -75, -6307, -9790, 7020)
(-62, -8, -127, 28051, -21023, 3612)
(-37, 120, -77, -20155, -20203, 1821)
(7, 95, 44, -3702, -20272, -2150)
(-6, 16, -103, -20982, -6160, -6263)
(-64, 60, -5, 3644, 13183, -18614)
(92, 106, -37, 21171, 28221, 32579)
(-94, 125, 124, -30135, -29694, 30717)
(-6, 88, 72, 3355, 15430, -32076)
(55, 120, -2, 30886, -9144, -32076)
(8, 120, 43, -32740, 437, -32076)
(-61, -71, -50, 31063, 12733, -32076)
(-26, -75, 49, -5213, 14383, -32076)
(-50, -80, 41, 24025, -104, -32076)
(89, 41, 32, -32437, -31903, -21544)
(-10, -4, -39, -32437, -2257, -4156)
(-62, -80, 102, -32437, 14978, -8401)
(-58, -119, -25, 330, 29134, 15856)
(-35, -34, 27, -32437, 30746, -31279)
(106, 109, -77, 28527, 30746, 23633)
(53, -110, -92, -30913, 30746, 17400)
(61, -37, 100, -13071, 30746, 31348)
(-108, -60, 56, 8479, -2214, 20214)
(-83, -57, 97, 6969, -5307, -7497)
(-2, 125, -39, 12073, -7223, -25170)
(30, -12, -78, 32414, 3689, -20591)
(-2, 33, -53, 8923, 18279, -16421)
(-85, 125, 0, 31318, 23967, -969)
(38, 66, -83, -31698, 8347, 18962)
(115, -29, -107, -31439, -649, -22928)
(-12, 31, 77, -32435, -21288, -31298)
(59, 98, 34, -2133, -32275, -32075)
(-51, -88, -21, -20691, 20757, -2458)
(80, 72, 79, -32435, -3492, 12141)
(-6, -102, 115, 334, -19123, 11791)
(66, 76, -115, -255, 1101, -14959)
(60, 41, 9, -3654, 6682, 17383)
(-97, 7, 4, -16435, -8977, 19180)
(57, 25, -82, -83, -230, 4908)
(117, 93, -9, -8145, -2056, 1765)
(-86, 65, -17, -2526, -8575, 6931)
(-113, 99, 49, 8619, -11616, 11166)
(61, 13, 22, 1848, -14219, 7485)
(31, 120, -69, -8434, -15360, 2804)
(63, 111, -97, -28520, -31263, -8838)
(17, 102, 26, -17626, -27750, -9684)
(-110, 120, -19, -6578, -24182, -1458)
(123, 18, 102, 334, -21213, -4603)
(-45, -51, -114, 31896, 14522, -26622)
(-109, -38, -25, -817, 30496, 27008)
(-14, 9, 104, 27662, 22518, -32076)
(80, -50, 89, -14196, 7340, -32076)
(-20, -62, 99, 23548, 24487, -32076)
(21, 84, 56, 31181, 11825, -32076)
(26, -124, -33, -15433, 25433, -32076)
(-77, 106, 69, 31106, 24416, -32076)
(-122, 110, -62, 31165, 6151, -32076)
(25, 105, -125, -32435, -15615, -23062)
(-113, -116, -109, -32435, -436, -14804)
(-85, 28, 85, -32435, 12295, -31709)
(98, 49, -16, 332, 15745, 1737)
(35, 47, -9, -32435, 28720, 4503)
(7, -57, 8, -28174, 30748, -15943)
(-47, 103, -49, 2686, 30748, 30480)
(-99, -13, -41, -15489, 30748, -32453)
(-100, -128, 66, -32435, 30748, -18556)
(65, -59, 101, -32435, -29299, -24356)
(-82, -54, -83, 16821, -31485, -26848)
(77, 85, -13, -1889, 5989, -21697)
(-55, -6, 121, -14545, -251, 5470)
(73, -58, -98, -29482, -6633, 9218)
(110, 123, -61, 11521, -18381, 5208)
(-8, 51, 126, -15524, -20182, -7157)
(-7, 68, 104, 9667, 465, -16245)
(58, -96, -28, -30457, 21291, -21463)
(-3, -21, -11, -28351, 28541, -15201)
(126, 49, -1, -32434, 28515, 4618)
(64, -120, 126, -32434, 17263, -30482)
(10, -83, -93, 3346, -4036, -26643)
(71, 9, -97, 24573, -5580, -32076)
(103, -80, 8, -26285, -11136, -32076)
(4, 64, 77, -32434, -11687, -32076)
(39, -22, -85, -32434, 18616, -32076)
(65, -107, 57, 335, -3537, 10907)
(53, -65, 113, -32434, -5419, 31118)
(96, -62, -45, -32434, 25492, 10099)
(-95, -119, 18, 17686, 27679, 16094)
(96, 112, 44, -16373, 2930, -16004)
(42, 93, -124, -21329, -13217, -15527)
(-67, -74, -7, -14291, 16736, -11925)
(-1, -15, -27, -32434, 19707, -15578)
(-54, -125, -117, -14967, -1088, 30153)
(66, -72, 6, -1394, 16522, 31628)
(102, -47, -30, 12443, 19128, -32076)
(76, -79, -32, 11817, 7977, -32076)
(-73, -113, -103, 25308, 11515, -32076)
(-37, 45, -48, -2993, -25499, -32076)
(-49, 34, -73, 3337, -6751, -32076)
(-89, -3, 82, 24612, -1340, -32076)
(-59, -126, -26, 29889, -27929, -32076)
(-107, -13, 1, -32434, 16467, -32076)
(-35, -6, -128, -32434, 4261, -19375)
(-69, 8, -52, 3073, -29036, -12625)
(58, 105, -26, 27896, -25018, -8855)
(-78, -115, -70, -23722, 24411, -3823)
(-78, -96, -96, 31344, 30747, -17921)
(-76, -89, 122, -31848, 30747, -21619)
(29, 40, -14, 19437, 30747, -25632)
(-33, -36, 125, -27879, 30747, -23207)
(113, 109, -23, -32434, -32252, -3702)
(-66, 7, 121, -13866, 16326, -13898)
(-19, 22, 62, 15991, -7224, 16479)
(77, -88, 6, 26194, -1603, -19086)
(-67, -120, 77, -19209, -18676, -4970)
(-72, -9, 75, 8357, 28049, 2086)
(15, -64, 67, 8723, -11880, -7549)
(-65, -35, 92, -11421, -12362, -4240)
(-81, 91, -99, 18802, -17751, -10433)
(107, -110, -2, 16791, -111, -14318)
(-121, 46, -58, -26714, -1211, -13884)
(-65, 121, -78, -28887, -4414, -7360)
(18, 42, 58, -32433, 2991, 20)
(-128, 0, 106, -32433, 9001, 5252)
(-28, -69, -104, 23348, 19072, 17438)
(54, 123, 18, 26697, 27063, 25655)
(51, -9, -96, -32613, -31272, 32014)
(101, -47, -80, -31300, 30871, 14979)
(-70, 29, 11, 336, 27185, -1695)
(-64, 51, -115, -32433, 31935, -32176)
(-72, 101, 73, 334, -30513, -4350)
(90, -108, 69, 336, -19551, -42)
(30, -51, 39, -32433, 9889, -8812)
(-84, 17, 72, -4711, 3753, 8549)
(105, 38, -40, -30752, -11449, 1668)
(19, -37, 13, -20832, -5196, 384)
(16, 29, -102, 6764, -2517, -1129)
(84, -15, -74, 8147, 1753, -10266)
(-11, 98, -5, -1073, 4473, -13471)
(-86, 20, 126, -22896, 26739, -31572)
(-115, -19, 56, -13477, -30563, 29833)
(99, 102, -74, -27245, 31328, -32075)
(18, 102, 92, -26313, 30748, -32075)
(10, -78, 31, -23538, 22939, -32075)
(-62, 15, 36, -21222, 11871, -32075)
(-42, -77, -8, 17840, 16869, -32075)
(30, 2, -38, -7409, 2472, -32075)
(107, 46, 87, 20733, 1520, -32075)
(-90, 58, 41, 32091, -30275, -32075)
(-22, 23, 69, -6832, 8884, -15195)
(22, 17, -120, -21576, 19481, 588)
(-20, -30, 105, 18436, 5979, -4796)
(-101, -52, 33, -12057, -16523, -71)
(61, 43, -37, -15254, -22201, 14739)
(38, 85, 84, -32432, 28210, 8068)
(-21, 1, 0, -32432, 28691, 10101)
(5, 15, -10, -32432, 30747, 11630)
(-10, -58, 6, 30959, 30747, 12262)
(-103, -85, -13, -31717, 30747, 17663)
(-78, 99, 98, -32432, 30747, -23200)
(-77, -95, 49, -32432, 16354, -32073)
(-121, 27, 124, 31254, -611, 21951)
(-58, 79, -50, 23501, -2902, 26378)
(-73, 66, -53, 15149, 7105, -1707)
(-126, 32, -29, -24652, -13315, -3463)
(-118, 52, -15, 26083, 31973, 7828)
(-69, 70, -77, 11287, 1934, -9429)
(57, -69, 29, -23263, -8559, -11351)
(38, -124, -124, -16769, -4777, -17685)
(-74, 5, -19, -2216, 8426, -18495)
(-48, 93, 105, -27987, 20002, -13845)
(4, -85, 36, -27310, 13296, -517)
(-53, -105, 76, -32430, 9453, 11768)
(65, 109, -88, -32430, 19904, 20009)
(38, -79, -95, -32430, 22504, 20844)
(-69, -29, 90, -3101, 30860, 22861)
(-30, -61, 76, -31370, 28890, 10650)
(80, -58, -43, -6915, 28727, -27741)
(-52, 64, 61, -32430, -13793, -30322)
(87, 10, -3, -32430, 22508, 25915)
(-13, -103, 92, 339, -25397, 29440)
(117, 112, 85, -32430, -4916, -2614)
(32, -110, -98, -2733, -10360, -6921)
(-113, -91, -126, -24282, -7437, 1297)
(-106, 31, 80, 1167, 6541, -264)
(46, 114, 94, 15298, -2886, -3887)
(-10, 121, -123, 7940, -494, -10652)
(100, 127, 100, -22707, 31289, -14225)
(62, 9, -6, -31490, 29998, -28945)
(-50, 99, -3, -25505, 1741, 29366)
(-16, 35, -101, 19876, -16175, -28750)
(-74, 25, 81, 32617, 18141, -18910)
(34, -106, 99, -21344, 24451, -31983)
(-63, 44, -16, -6191, 18441, -26788)
(18, 45, 63, -22242, 13703, 31162)
(-37, 1, 6, -1642, -2373, -26348)
(-124, 121, 43, -3356, -3191, -25378)
(-54, -93, 11, -17130, -1323, -31751)
(51, 62, -76, -2604, -224, -32744)
(71, -125, 98, -12012, -800, -32205)
(-71, 4, 47, 3906, -329, -32074)
(38, 119, -13, -15393, 4678, -30341)
(48, 42, 100, 24043, 1703, -18654)
(20, -118, -41, -22876, -13560, -15690)
(83, -48, -9, -2378, -8163, -8988)
(-93, -49, -68, 28341, -1075, -3851)
(117, 60, -2, -14533, -6438, -4419)
(109, 58, 55, 21527, -8081, 2558)
(80, 121, 63, -1649, -13435, 3027)
(-105, 107, -95, 17401, -19503, 7610)
(-97, -122, 50, 1720, -24030, 9628)
(-37, 85, -46, 1532, -23953, 7674)
(-37, 67, 43, 31884, 28025, 14263)
(-38, -59, 3, -23348, -22097, 14663)
(-83, 113, -124, -31626, -4984, 17604)
(60, 126, -6, 11265, -10407, 20166)
(-14, 53, -125, -352, 25706, 12665)
(99, 112, 46, 7239, 28446, 10407)
(-28, 52, 44, -29663, 30747, 3646)
(-43, 14, 42, 1438, 12554, -17232)
(102, -117, -18, 13721, 24243, -19753)
(-38, 28, 46, 6539, -10937, -788)
(65, -52, 15, -4468, -6338, 5087)
(-42, 127, -17, -9366, -10453, 862)
(-101, -97, -44, 5503, 343, 3099)
(-27, 19, -98, 12435, -970, 3325)
(-41, 25, -118, 13416, 1156, -514)
(-30, 43, -86, -13663, -7266, 285)
(45, -106, 53, -13505, -20320, -3286)
(-119, -61, 49, 2946, -18539, -15218)
(-83, 74, -27, 30196, 14908, -13028)
(-6, -4, -98, -25678, 8671, -8671)
(-40, -30, 59, -32432, -2661, -244)
(-44, -59, -95, -32432, -8103, 19630)
(-56, -3, 35, -32432, -13456, 28927)
(44, 20, 49, 24209, -1888, 24238)
(11, 78, -120, 20964, 11642, 24720)
(17, -71, 73, 13875, 2910, 27354)
(-106, -92, -113, 11088, 542, 22443)
(47, 93, -92, 10864, 2753, 17420)
(-5, 56, 40, 21003, 9868, 5161)
(-10, 36, -52, 22332, 6228, 7256)
(79, -93, -88, -30843, 3251, 9882)
(-99, 91, -106, 24111, 765, 2715)
(-75, 13, 93, -20413, -5094, -3392)
(-39, -5, 56, -6084, -2184, -5151)
(-67, -54, 37, 8259, 3053, -5744)
(91, 49, 72, 1710, 3844, -8453)
(111, -125, 37, 5499, 4375, -11520)
(-74, 100, -20, 883, 5141, -13445)
(-38, 112, 74, 3731, 5187, -12023)
(-22, -51, -36, 1802, 4081, -11347)
(77, -26, 84, -500, 2506, -10423)
(-24, -23, 46, -2859, 2978, -14740)
(-128, 94, -52, 15558, 4578, -25709)
(117, 21, 74, 20440, 8110, 32445)
(19, 59, -12, 236, -3714, -29886)
(124, 6, -73, 16652, -3089, 32271)
(-33, -60, -29, -25123, -10994, -29873)
(-63, 83, -5, -2825, -16942, -29110)
(-27, 102, 86, -30028, -6156, -22077)
(11, -18, -46, -26014, -18564, -23213)
(-92, -12, 27, -17783, -5244, -32224)
(106, 48, -113, -19545, 5280, -27783)
(-67, 56, 46, -12400, 15487, -30212)
(-17, 13, -70, -9888, 17353, -25461)
(46, -22, 80, -15391, -999, -22620)
(-29, 115, 73, -8059, 5191, -12804)
(12, 44, 112, -11083, -11071, -9195)
(85, 86, -124, -7351, -4213, -3702)
(-49, -12, 83, -2279, -10200, 10337)
(-61, -10, 72, 1896, -10791, 15622)
(-101, -102, 126, 7636, 3258, 9356)
(-46, -29, 125, 105, 24343, 15941)
(-108, 48, -50, 9302, 28330, 8392)
(-74, -23, 51, -25755, 30392, 12115)
(73, 73, 123, 22444, 30744, 6827)
(-58, 71, 96, -16380, 30744, -1043)
(-120, -99, -88, 15313, 9040, -31147)
(64, 28, 76, 7258, 545, -30457)
(-24, 30, 58, -24822, 3412, -20726)
(114, 52, 9, -8128, -13124, -74)
(25, -4, 103, -17889, -21917, 4668)
(-26, -108, -36, -1447, -19242, -7688)
(70, -75, 9, 31292, -6486, -3164)
(-99, -127, 84, 8005, -24197, -7017)
(116, -69, -89, 24629, -2891, -8174)
(-106, 107, -83, -30495, 3327, -6923)
(29, 92, -56, -30965, -7706, 1391)
(117, 22, -30, -32430, 13507, 7100)
(42, 40, -43, -32433, -3519, 14658)
(-50, -115, 69, 26644, 9659, 27719)
(33, -46, 37, -23253, 7332, 23453)
(-2, 10, -76, -12930, 4461, 15001)
(-41, -5, -90, -32433, 9424, -4079)
(-17, -102, -77, -32433, 22013, -3999)
(105, -121, 21, -32433, 14786, -4469)
(34, 38, 50, 336, -3623, -1588)
(102, 61, -64, -32433, -4441, -8295)
(90, -99, 120, 11400, 7160, -4973)
(-59, 90, -54, -27731, 6336, -5280)
(-85, 80, 114, -26147, 15931, -18900)
(24, 62, 106, -1778, 9937, -20242)
(118, 124, -1, 31812, 12145, -24577)
(-36, 84, -30, 18987, 100, -30868)
(12, 35, 38, 29516, 5000, 31470)
(-105, 51, 92, -32737, 6248, -32068)
(36, -120, 33, -26267, 25067, -32068)
(16, 101, 58, 27408, 12910, -32068)
(-12, 15, -98, -23451, 8860, -32068)
(-95, -65, 44, 2314, 20209, -32068)
(2, 3, -109, -1743, 6421, -32068)
(53, -107, -82, -19845, -5637, -32068)
(86, 42, 76, 23809, -1507, -25609)
(-47, -120, 26, -23535, -12849, -18918)
(57, -61, -73, -2634, -9756, 9279)
(34, 47, 89, -32435, 31336, -4662)
(102, -46, 52, 334, 26333, 2876)
(-128, 41, -28, 19969, 30746, 11958)
(-42, 5, 8, -17136, 30746, 15340)
(48, -88, 88, -32435, 30746, -24586)
(32, -81, 93, 28917, -31958, -31144)
(-120, 85, 92, 14224, -1480, 17555)
(42, -31, 46, 11266, 9402, -18274)
(125, -108, 34, -11409, -28626, -32627)
(-11, -106, 68, 22288, -1786, 4330)
(57, 110, 91, -2293, -11431, 6514)
(44, -127, -87, -20986, -17654, -10891)
(104, -65, 6, -7892, -9419, -8132)
(-118, 102, 3, -455, 484, -3788)
(118, 1, 125, 31177, 7906, 5042)
(-113, 94, 9, -25691, 4370, 17765)
(-50, -45, -49, -32433, 8814, -28511)
(-95, 47, 111, 26206, 1891, -29744)
(10, 3, 106, -6765, 424, -32068)
(117, -92, 11, -18378, 19354, -32068)
(17, 85, -79, 32765, -8878, -32068)
(54, 25, -2, -10015, -26723, 5233)
(126, -36, -21, 19455, -27627, -18209)
(-116, 84, 0, -1536, -10528, -22141)
(-74, 28, -115, -727, 7680, -15889)
(10, 107, -111, -4378, 21520, -11570)
(31, -121, 82, -19706, 7022, -6119)
(94, 48, 103, 23896, -32217, 6700)
(-120, -36, -75, -32435, -11074, 5925)
(-1, 114, 107, 23163, 9177, -86)
(127, -19, -41, -18200, -2436, 2531)
(-42, -71, -90, -30733, 4501, -2943)
(86, -120, 96, -20653, 8239, -12196)
(47, -60, 37, 25599, -22604, -11729)
(-73, -88, -21, -22440, 30746, 26958)
(125, 17, 60, -13965, 30617, 32069)
(-81, 51, 41, 22376, 30789, -32070)
(112, -58, 39, 2536, 30746, -32070)
(-124, 118, 35, -10359, -2059, -32070)
(-88, -15, -86, 27051, -456, -32070)
(-83, -39, 118, 30485, 16251, -32070)
(-2, 103, -58, -32434, 11206, -32070)
(117, 94, -73, 22850, -25835, -3235)
(47, -20, -34, -18095, -27600, 3778)
(66, 123, -115, -32434, -28153, 16739)
(40, -76, 111, -12081, 26549, 13984)
(-68, -90, -7, -17807, 30746, -42)
(5, 61, 10, -32290, 30746, -22948)
(114, 29, -124, -4025, 30746, 30427)
(95, 13, -113, -6200, -3140, 26794)
(-39, -13, 99, 17189, -401, -30351)
(99, -126, 60, 26061, 3025, -23711)
(113, 66, 71, 13448, 1089, 3646)
(52, 30, 62, -14910, -13183, 11926)
(-115, 19, 87, 2249, -6247, -261)
(-72, 0, -66, 12658, -542, 2852)
(-97, -13, -109, -21600, -15873, 3532)
(32, -62, -26, -25791, -15352, -7717)
(21, 89, -56, 6112, -7038, -17218)
(-66, -58, -72, 24413, 1784, -10929)
(-80, 107, -16, 275, -8243, -7252)
(81, -1, -114, -31015, 4934, 266)
(31, 51, 121, -28269, -15856, 11770)
(13, 111, -31, -32433, -27144, 15872)
(55, 119, -57, -32433, 1839, -28836)
(-18, -21, 20, -32433, 14409, -29719)
(-60, -110, 63, -2111, -6652, -32069)
(-103, -79, 64, -1754, -24359, -129)
(26, -79, 40, 16483, -11124, -27214)
(-41, 125, 30, -29099, 8333, -21581)
(93, -51, 75, -29972, 14040, -14093)
(-35, 75, 5, 16210, 14829, -9192)
(-20, 33, 68, 25427, -5574, 5528)
(55, 108, 24, 26617, -10987, 618)
(107, -104, 115, -6311, 12376, -8087)
(62, -84, 20, -24194, 14510, -3105)
(-118, -38, 118, -24159, 3187, -3423)
(-68, 102, -97, -21975, 4921, 3711)
(-49, 72, 117, -15682, 17073, -9615)
(79, -89, -68, 8224, 17764, -12686)
(-16, -48, -41, 18149, -29794, -16189)
(13, -66, 30, 12016, 17106, -20974)
(94, 109, -20, -2963, 9179, -23809)
(-20, -95, -54, 33, 18533, -22969)
(-12, -20, 100, 3130, 10826, -20626)
(-102, 54, -107, -8592, 21519, -29971)
(-37, 77, 48, 11336, 822, -32553)
(54, 80, -36, -12623, 11481, -32739)
(27, -56, 22, -6775, 4173, -32070)
(105, 28, 96, 29861, 21838, -32070)
(-90, 62, 53, 4307, 29760, -32070)
(-54, -59, 127, -6655, 17157, -32070)
(22, 32, -107, -25307, -12243, -32070)
(-46, 116, 53, 26381, 8645, 2801)
(-64, 13, 8, -32435, 14532, -17249)
(-7, 17, 9, 332, 30521, 829)
(33, -75, -104, -32435, -15970, 4059)
(87, -22, -85, -32435, 21932, 9784)
(-53, 33, -85, 11017, 30747, 18266)
(57, -100, -111, 31357, 30747, 6476)
(126, 44, -119, -22119, 30747, 662)
(-89, 113, -87, 13987, 30747, -17079)
(116, -127, 101, -4219, -9035, 5773)
(-61, -123, -1, -14821, 26466, 19929)
(-16, 119, 111, -18656, 352, -17603)
(-103, -22, 125, -32452, -18558, 11771)
(-82, -61, -128, 1114, -15071, 5942)
(26, -14, 56, -5990, -10257, -5283)
(-4, 61, -114, -4355, -10901, 1603)
(40, -126, -9, -30348, -13839, -7799)
(-2, -101, 13, -1328, -8827, -12705)
(-29, -33, -117, -1823, -1064, -17960)
(103, -54, 33, 26702, 19038, -20062)
(124, -49, -60, -24138, 22388, -10183)
(64, -69, 124, -32435, 19242, 833)
(73, 67, -57, -32435, 25660, 20947)
(121, 31, -124, -32435, 11943, 26785)
(10, 106, 63, -32435, -29366, -29416)
(30, -104, 98, 22206, 1430, -31055)
(3, -47, 8, 3965, 2374, -32067)
(61, -56, -87, -12607, -9014, 16508)
(115, -122, 12, -6278, -23815, -9126)
(15, -104, 93, -32436, -14906, -16826)
(-33, -60, -63, 16969, -4712, -4815)
(27, 60, -20, -27059, 18705, -11958)
(57, -60, -90, 333, 402, -16176)
(80, 62, 50, -15844, -2343, -14450)
(-106, 47, 17, 7666, -32102, -24071)
(56, -51, -18, -17648, -30494, 27852)
(16, -51, 10, 18678, 11778, -32068)
(-56, 92, 80, -22048, 10467, -32068)
(-65, -40, -101, 2548, -6658, -32068)
(-44, 105, -69, -7936, 10011, -32068)
(85, -36, -47, -4101, -21484, -32068)
(-57, 88, -2, -27274, 1039, -32068)
(61, 110, 47, 26734, -3740, -32068)
(44, 50, -127, -21391, 17160, -32068)
(-103, -39, -39, -29448, 1199, -32068)
(30, 62, -45, -12664, 9279, -12896)
(-32, -113, -50, 29694, 7001, -383)
(-29, 29, 54, -28079, -3511, -9054)
(-112, 22, 110, -10297, -12089, 9528)
(-100, -111, -14, 21197, -26556, -397)
(97, 15, -99, 31543, -24700, 5154)
(110, 7, 3, -30273, 24982, 2572)
(10, 40, 51, -32437, 30746, 741)
(74, -60, -102, 29093, 30746, -3212)
(-122, 119, 45, -9257, 30746, 23307)
(-21, 62, 69, 29884, 14407, 28108)
(69, -93, 76, -24750, 7164, 21040)
(101, 51, -93, -3432, 15314, -18822)
(64, -34, 52, -29147, -9926, 14587)
(39, -1, 121, -21134, -16285, 12013)
(-116, 115, 71, -9179, -9409, 1249)
(-88, 82, 87, 12752, 838, 4244)
(114, 104, 122, 2167, 569, -355)
(-108, -31, 94, 3051, 967, 894)
(116, 70, 15, -14040, -2474, -2397)
(-87, 84, 36, 7175, -3302, 2136)
(54, -59, 73, -17109, -7643, -2122)
(57, 50, -69, -20031, -5088, -3183)
(-121, 94, -28, -12175, -142, -7754)
(-86, -49, 87, -4134, -3174, -17784)
(47, -116, -69, -1725, 18254, -221)
(-30, 2, -18, -21469, 21694, -4002)
(18, -53, 65, -29978, 7430, 2410)
(-106, -35, -90, -32437, -8032, -31353)
(33, 105, -84, -32437, -3956, -26759)
(12, -106, -32, 17965, 23491, -32067)
(-51, -58, 60, -29449, -26717, -32067)
(27, 14, 39, -15591, 30685, -32067)
(23, -87, 32, -28115, -3822, 23492)
(-46, -79, -53, -32437, 12428, -8649)
(88, 50, -55, 32610, 29772, -17623)
(56, 30, 33, -1579, -30788, -25091)
(-45, -29, 25, 11945, -1750, -8602)
(-57, 110, -9, 19548, -24715, -25192)
(126, -13, 31, -16999, 32062, 27914)
(-45, 78, -127, -32733, 19754, -32069)
(27, 89, 48, 23167, -4916, -32069)
(-123, 32, -79, 2408, 16449, -32069)
(3, 75, -120, 13783, 10362, -32069)
(-31, 58, 49, -21139, -967, -32069)
(-66, 101, 52, -7062, 1817, -32069)
(4, -28, -92, -24970, 5646, -32069)
(-109, 7, 62, 26625, 10892, -32069)
(107, 35, -112, -32439, 10037, -21759)
(-106, -61, -96, -27195, 11623, -2457)
(-33, 8, -86, -1420, 19645, 8498)
(96, 109, -114, -32439, -30558, 4864)
(98, 77, -101, -32439, 28027, 10738)
(-69, 101, -13, -32439, 30745, 16974)
(-18, 115, 21, 14479, 30745, -27696)
(-128, 4, -11, 15570, 30745, 21434)
(-96, 115, -76, -2162, -22738, 28628)
(25, 21, 62, -12801, 13263, -3896)
(71, -66, -60, 10031, -1821, -20214)
(123, -32, 54, -5525, -9940, 7282)
(-47, 106, -81, 3222, -1955, 311)
(-34, -10, -24, 3556, -3456, 7807)
(46, -100, -10, -2177, -2421, 42)
(80, 101, -70, 4456, 4365, -1491)
(-110, 94, -86, -1278, -848, 2731)
(103, -104, -2, -2414, -1353, -2754)
(-61, 48, -92, 21295, 5547, -105)
(19, 44, -84, 9030, 3320, -4036)
(82, -91, -110, 1557, 5600, -9847)
(73, 115, -71, -29622, 8786, -18297)
(-30, -44, 73, -28621, 13848, -9679)
(-15, -8, 22, 27812, 16905, 7888)
(108, -75, 103, -30676, 2167, 28381)
(5, 95, -107, -32438, -14415, -25043)
(63, -113, 1, -32438, 8006, -32070)
(91, 107, -95, 15109, 30352, -32070)
(-88, -74, -106, -10140, 31803, -32070)
(60, 25, -89, -8745, 1767, -32070)
(21, 75, -53, 23071, -17169, 24221)
(6, -23, 27, 22144, -15787, -9281)
(-118, -98, 12, 25169, -10742, -18367)
(-52, 6, 14, -3051, -8343, -11706)
(22, 60, 98, -3040, 8601, -10672)
(7, 38, -41, 11527, 9893, -10680)
(82, 51, -126, -21246, -1614, -16257)
(39, 103, -123, 31360, -5585, -23180)
(25, -58, 120, 9785, 10934, -23106)
(-92, -121, 41, -32188, 24321, 32562)
(9, -102, -50, 27591, 15593, 32141)
(-28, -17, -104, -18718, 4458, -32079)
(80, 73, -42, -13601, -3158, -32071)
(109, -100, -50, -9500, 5225, -32071)
(-80, 77, 33, 4977, -1835, -32071)
(-55, 57, -66, -21326, -3418, -32071)
(86, -58, -108, -16489, -7705, -32071)
(73, -34, 50, -27713, -7431, -32071)
(-76, 103, 83, -18705, -13708, -19765)
(-59, -8, 2, -13692, -13680, -7425)
(-60, -17, -66, 18427, -17749, 4349)
(-13, 47, 104, -2460, -26298, 8469)
(16, -113, -87, -6469, -30169, 7616)
(23, -111, -29, -6276, 27227, 8395)
(16, 102, 20, 3716, 30746, -3728)
(6, -23, -66, -16208, 30746, -1238)
(85, -59, 17, 26365, 30746, 18188)
(-122, 35, 112, 19902, 20007, 23062)
(27, 67, 21, -16487, 10554, 25175)
(-43, 58, -102, -17213, -5456, -21756)
(-1, -3, -126, -9591, -5122, 10407)
(80, -108, -115, 26901, -24441, 6986)
(53, -62, 3, 8274, -12444, 2435)
(-112, -19, 122, 18753, -7229, -46)
(96, 114, 114, 6531, -3580, -6555)
(-31, -32, -69, 13788, 317, -11990)
(-57, 18, 76, -29145, 7177, -10771)
(-83, 112, -2, -30033, 4980, -2475)
(6, -95, 38, -32441, -293, 13345)
(-66, -87, -81, -32441, 9310, 17057)
(90, 81, 30, -32441, 16401, 29313)
(15, 67, 120, 15011, -25994, 15382)
(55, 66, -110, -1602, 30747, -29325)
(-97, 2, 70, -18866, 28573, -30458)
(-6, -13, 78, -4547, -12442, 25751)
(-110, -8, -97, 12876, -24128, 17177)
(-32, -94, -23, -9866, -4467, -6608)
(-82, -115, -75, -29043, 5417, -8087)
(-12, 11, -93, 4271, 6255, -4326)
(72, 30, 94, -6052, -4167, -7778)
(84, -81, -50, -7821, -9729, -8237)
(-57, -30, -112, -30538, -11760, -8399)
(12, -74, 55, -11977, -3616, -10313)
(20, 71, 8, 606, -568, -12167)
(126, -42, 32, -5772, -4286, -14812)
(-69, -109, 60, 7296, -4200, -17488)
(19, -11, 120, -4315, -4735, -21789)
(-53, -11, 87, -1287, 877, -23614)
(28, 120, 47, 6065, 5231, -26839)
(-117, -42, -48, 9683, 8549, -25313)
(81, -126, -59, 9400, 3713, 32713)
(-23, -35, -96, 14614, 3241, 32586)
(72, 49, -118, -7979, -5743, -32075)
(113, -47, 98, 5305, -1863, -32075)
(-21, 88, 87, -19179, -13778, -32075)
(83, 73, -13, 3996, -6642, -32075)
(117, 117, 33, -31196, -10549, -32075)
(58, -96, 119, 4259, -98, -32075)
(94, 49, -63, -18235, -10472, -22841)
(109, -61, 63, -7654, -11404, -13161)
(83, 20, -51, -24966, -14175, -3417)
(-61, 66, 20, -4758, -10270, 7074)
(93, 39, 13, -9146, -30543, 16541)
(-21, 55, -43, -6918, 30717, 12515)
(10, -83, -17, -8063, 28971, 11404)
(28, 7, -98, -30384, 30746, 5144)
(-20, -121, -105, -26284, 30746, 17485)
(75, 59, 33, -32440, 30746, -31771)
(8, -74, 76, -8061, -7073, -28947)
(46, -46, 88, -8756, -310, -25500)
(-76, -4, -119, -5506, 10919, 22517)
(-31, -95, 27, -13399, 4113, -5805)
(-63, 62, -46, -29227, -25076, 7288)
(67, 34, -102, -1690, -22677, 4043)
(66, 77, -94, -16582, -18211, -6941)
(41, -39, -91, 17416, 3749, -16606)
(-31, -79, -72, -25398, 12758, -12303)
(89, 7, -26, -30521, 16107, 59)
(40, 5, -100, -32441, 21449, 14055)
(73, 102, -119, -32729, 27925, -25283)
(86, 15, -35, -32345, 25925, -30096)
(-19, 65, 18, -32441, -32199, -32073)
(-7, 84, -74, -32441, 30747, -32073)
(-118, -124, -12, -32441, -11594, -32073)
(107, -59, 59, 328, 12093, -32073)
(-98, 108, 79, -32441, -7023, 5903)
(69, 40, 91, -9525, 15874, -10393)
(123, 76, -92, -29158, 29379, -10338)
(-39, -8, 112, 862, 7799, -20235)
(-76, 33, -25, 3006, -955, -18725)
(110, -23, 79, 750, -31649, 974)
(117, 6, -63, 15645, -3678, -768)
(121, 105, 100, -29886, -25912, 18595)
(115, -126, 96, -527, -31110, -32073)
(-71, -28, 75, -32442, 19504, -32073)
(-105, 75, 3, 908, 482, -32073)
(-66, -128, 85, 19892, 19933, -32073)
(-75, -46, -120, -13973, 5383, -32073)
(91, 51, -94, 1994, -810, -32073)
(-47, 124, -7, -30383, 1534, -32073)
(-15, -98, -101, -7734, 4434, -32073)
(117, -84, 115, -9403, 5300, -32073)
(-111, -14, -36, 22019, -16408, -14169)
(-80, -60, 10, -32443, 6322, -5021)
(122, 57, 15, 16378, 28904, 5346)
(20, 86, 80, -15949, 25376, 11188)
(86, 48, 84, -32443, 30743, 10313)
(-43, -60, 93, 24124, 30743, 815)
(-56, 88, -102, 24139, 30743, -3011)
(4, 13, 8, -28462, 30743, 1369)
(101, -59, -48, -32443, -27875, -15668)
(-17, -104, 62, 16664, 773, 29882)
(5, 122, -73, -17511, 6567, -16379)
(81, -2, 113, 20630, 6225, 27823)
(102, -10, 29, -24282, 1960, -9614)
(111, -108, 25, -12575, -14175, 413)
(-86, -111, 65, 23343, -4026, -3891)
(99, -106, 28, -12325, -129, -12785)
(43, -122, 45, 6909, 9539, -12327)
(-123, 78, 104, -30941, 25122, -2592)
(9, -120, -82, -28037, 14567, 11855)
(102, 90, -60, -32442, 7723, -26752)
(-77, 76, 40, -32442, 12017, -29277)
(-105, 57, -74, -32442, -25168, -32072)
(62, -68, -123, 14137, 13685, -32072)
(-23, 84, 82, -26123, 31154, 22357)
(-93, -47, 107, -32442, 14470, 24206)
(-39, 123, 117, 327, 6900, -10021)
(-104, 46, 97, -32442, 29774, -19533)
(71, 80, 65, -32442, -7854, -15005)
(86, 33, -15, -1411, -7114, 4624)
(12, 116, -35, -7107, 6705, -610)
(-39, -125, 28, -26682, -113, -2743)
(-67, 48, -124, -27403, 12568, -19051)
(84, 39, -39, 19328, 12757, -27715)
(-19, 50, -12, 19855, 18074, 29010)
(4, -54, 90, 7482, 8259, -32109)
(-89, -106, -77, 7029, 18778, -32073)
(63, -48, -86, -21288, 4873, -32073)
(27, 93, 0, 10287, 5951, -32073)
(58, -99, 78, -24129, 6885, -32073)
(41, 94, -62, 9625, -6792, -32073)
(62, -121, -108, 25582, -408, -32073)
(8, 55, 13, -22299, 8201, -32073)
(78, 77, 95, 28667, 7339, -32073)
(-69, -65, -115, -32443, 16384, -12486)
(-106, -62, -60, -28365, -14961, 2123)
(-92, -76, 72, 4874, -23667, -7125)
(100, 0, -49, -24875, 23465, 8131)
(18, 75, -80, 25751, 30317, -2654)
(33, -83, 47, -29436, 30747, 9243)
(16, 28, 37, -32442, 30747, 4632)
(23, -114, -27, -32442, 30747, 3126)
(3, 108, -21, -32442, 30747, -19901)
(-15, -34, 97, -30215, 30747, 29845)
(-90, 8, -27, -7596, 11099, -18685)
(97, -60, 2, 14243, 7808, -26474)
(-25, 90, -13, 18381, 5526, -5770)
(-11, -103, 26, -619, -6896, 1579)
(-110, -64, -75, 3693, -8069, 3502)
(84, -103, 46, 12300, -6552, -1851)
(-127, -63, 12, 12010, 4652, -4703)
(119, 13, -20, 17040, 14110, -2140)
(-98, 61, 62, -23438, 13267, 13335)
(-128, 5, 102, -32442, -1923, 29280)
(80, 5, -121, -32442, 13337, -26441)
(127, 42, -95, -32442, -11846, -32072)
(42, -109, -64, 327, -17520, -32072)
(-43, 107, -43, 325, -12807, 26184)
(112, 67, -80, -24016, 12090, 3149)
(-81, -68, -77, 19363, 15934, -19631)
(61, -31, 58, -30437, -5635, 1319)
(39, 39, 54, -22188, 5645, -3468)
(-46, 0, 57, -21412, 3425, 10900)
(-81, 83, 104, 29933, 5765, 10921)
(80, -29, -104, 27843, 2282, 16720)
(-83, -55, -128, -216, -14221, 19772)
(46, -80, 30, 7718, -14830, 10020)
(-54, -102, 83, -19016, -13073, -10031)
(91, 56, -58, 11518, -27018, -7872)
(-6, -71, 43, 1806, 3585, -18971)
(52, -108, 49, 14593, 22479, -30397)
(-67, 38, 59, 21770, 23017, 30007)
(6, 30, -72, -1709, 15616, -32071)
(102, -120, -109, 22062, 22155, -32071)
(32, 127, 118, -30461, 11865, -32071)
(82, 0, -28, 16363, 8457, -32071)
(87, 115, 51, -24375, 1517, -32071)
(4, -85, -23, 957, 7107, -32071)
(8, 40, 97, -30484, -3168, -32071)
(26, 79, 111, 27721, 4608, -32071)
(98, 14, -73, -32442, -13206, -15850)
(61, -70, -75, 1377, -10712, 1539)
(71, 86, -81, -10948, -31543, 17602)
(24, 105, -112, -32442, 25485, 7009)
(-12, -120, -21, -32442, 30744, -7235)
(20, -35, -5, -32442, 30744, 23924)
(75, 76, 13, 1714, 30744, 1175)
(37, 126, 15, 31723, 30744, 3758)
(-48, -30, -78, 25857, 30744, 32632)
(-84, -93, -33, 3639, -11702, 10542)
(-66, 65, 21, 25280, 16177, -25955)
(-97, 84, 34, -25191, 11112, -21445)
(72, -64, 62, 27514, -12067, 8468)
(28, -88, -90, 21633, -18798, 16942)
(-43, -37, 53, -18125, -24690, 5383)
(-94, 62, 44, 21517, -17280, -11152)
(100, 72, 126, 16795, 10151, -14434)
(-103, -31, 18, -20868, 17244, -13039)
(-26, 118, 106, -30944, 9815, -2325)
(123, 87, -73, -32441, 14281, 15214)
(-38, -65, -34, -32441, 19053, 29232)
(-94, -112, -113, -32441, 30018, 27709)
(-9, -120, 9, -8925, -32264, -28281)
(-54, -99, -10, 28766, -27019, 20226)
(118, -36, -97, -4484, -19980, 24654)
(-120, 35, -113, 6622, -24438, -15178)
(27, 99, 55, 9153, 10970, -23746)
(80, 41, -82, -32440, -22278, -586)
(105, 11, 72, -32440, -13694, 493)
(-115, -58, 79, 647, 374, 5232)
(55, -53, 36, 14842, 9693, 4064)
(51, -124, -92, 20051, 6656, 637)
(-10, 47, -63, 6559, -5824, 1742)
(26, 81, -54, 9218, 2104, 987)
(-5, -1, -77, -20556, 17821, 6889)
(-49, 12, -122, 18768, -16052, -13109)
(13, 103, 52, 31006, 11900, -28342)
(-69, 12, -37, -22871, -22278, 28072)
(106, -5, -12, 1205, 5504, -32075)
(-121, -53, 19, -2216, 8697, -32070)
(-61, 62, 83, 31200, 12025, -32070)
(32, -49, 93, -3058, 3538, -32070)
(107, -78, -73, -20860, 7047, -32070)
(124, 38, 1, 1122, -14828, -32070)
(-13, -15, -95, -30575, 4499, -32070)
(-89, 70, -102, 32473, 19119, -32070)
(98, 57, -4, -32441, 16068, -13618)
(58, 105, 10, 326, -28237, 5091)
(7, 73, 58, 28661, -16295, -5198)
(8, 83, -96, -30963, 21084, 19710)
(1, 32, -86, -32441, 30744, 401)
(105, -40, -74, 32667, 30744, -7418)
(-40, 89, -38, -21399, 30744, -29838)
(-101, 40, 109, -6947, 30744, 8577)
(-56, 90, 6, -32441, 30744, 30882)
(16, -74, -90, -2526, -4031, -25411)
(111, -110, 101, -8428, 6489, -5183)
(-29, 13, 11, 6083, -3564, -32717)
(-11, -124, 65, 11410, 2857, -4896)
(-27, -24, -5, 9852, -8431, 6656)
(89, -56, 48, 1144, -4203, 5111)
(-70, 34, -103, -7856, -2000, -2807)
(5, -3, -4, 6359, 3332, -4564)
(87, 70, -65, -3215, 3305, -8414)
(-72, -35, 92, -9107, 7996, -19625)
(35, 52, 62, 25628, 25821, -17754)
(86, -8, 36, -23361, -29060, -5248)
(-28, -32, -47, -32442, 22174, 16436)
(-54, 86, -57, -32442, -372, -28093)
(-121, 24, -6, -32442, -10788, -29134)
(3, -87, -106, -32442, 17027, -32068)
(-94, 41, -119, 327, 5001, -32068)
(-116, 24, 53, -32442, 19261, 4999)
(-115, -85, -61, 325, 11439, -26022)
(6, -49, 9, -32442, -31458, -9234)
(28, -60, 59, 17469, -9801, -6099)
(19, 42, -109, 27380, -20119, -11154)
(-17, 25, 66, -32442, -7526, -9437)
(-20, -78, 10, -15847, 3031, -1807)
(-42, 66, 92, 25653, -705, 3781)
(-77, 109, -89, 4704, -1744, 1283)
(-26, 96, -59, 24508, 7797, 1046)
(-48, -98, 36, 13205, 2673, -1586)
(-95, -27, 108, -7534, -498, -2176)
(-85, -42, -13, 16784, 111, 1210)
(-104, 12, -19, -1924, -3756, 65)
(-106, 13, -25, -1796, 554, -1585)
(115, 111, -57, 15175, 6114, -4978)
(44, 46, 33, 7294, 12920, -13403)
(-18, -106, 70, 30337, 27026, 31540)
(105, -27, 19, 20587, 27353, 30457)
(-6, -109, -87, -5363, 16851, -32069)
(40, -23, 3, -3977, 15176, -32069)
(90, 27, 98, 8639, 8413, -32069)
(95, 97, -31, 6055, 777, -32069)
(-82, -95, 40, 20282, -6083, -32069)
(-53, -49, 61, -12005, -7526, -32069)
(-73, 92, -89, -17323, -73, -32069)
(55, 111, 30, -5751, 5183, -32069)
(49, -23, -40, 23125, -4835, -18002)
(8, 45, 62, -9896, -17291, -2747)
(-80, -103, 81, -15276, -24516, 256)
(59, 4, -94, -7984, -21801, 8712)
(37, 104, 43, -32441, 24023, 16284)
(-44, -7, -126, 3759, 30744, 15906)
(-105, 111, 95, 29199, 30744, 24875)
(-64, 1, -5, -6793, 30744, 3963)
(-70, 98, 92, -17627, 30744, 31086)
(106, 103, 124, 25390, -25552, 28011)
(20, -56, -98, -29903, -29455, 6071)
(90, 110, 2, 16024, -21586, -30345)
(27, 50, 43, 16665, 10844, -5821)
(120, -50, 8, 1275, -5374, 10347)
(16, -43, 16, -10651, -12997, 5627)
(68, 75, -110, 2748, -989, -3097)
(-102, 44, -71, 784, -1886, -2310)
(-95, -27, -98, 9112, 1763, -2999)
(-64, -72, -60, -844, -4134, -412)
(-102, -104, -60, 2355, -1709, -1957)
(-89, -61, -47, -2009, -3041, -90)
(-113, -2, -68, -2165, -1370, -1839)
(-95, 34, -79, 327, -3536, 3918)
(118, 7, -91, 2463, -3870, 3324)
(85, -1, -53, 607, -1040, -128)
(110, 1, -60, 1617, -1320, 1820)
(-122, -48, -73, 4031, 180, 1119)
(-107, -50, -46, -546, -3723, 3570)
(123, -39, -70, 3367, -802, 650)
(-93, -90, -43, 1767, -459, 87)
(-89, -75, -36, -621, -1114, 60)
(-47, -88, -47, 4115, 1148, -77)
(-22, -121, -44, 1852, -1588, 463)
(-17, -56, -48, 274, 1023, -2765)
(33, 13, -97, 2965, 4331, -8019)
(-13, -108, -109, 5262, 18648, -17348)
(48, 118, 42, 923, 23601, -13659)
(-78, 75, 108, 7107, 25931, 1046)
(-35, 77, -25, -24582, -6160, 11048)
(-71, -83, -106, -30445, -12338, 19288)
(98, -51, -105, -32439, -19311, -22779)
(106, -1, 99, -32439, -2135, -32069)
(51, 58, -11, -22249, 6391, -32069)
(85, -74, -31, -29083, -32293, 27252)
(76, -122, -17, -5563, -30851, 6579)
(-85, 26, 62, 330, 18529, -23040)
(118, -96, 76, -32439, -10781, -11324)
(19, 60, -33, 328, -14459, -2706)
(-1, -29, 17, -32439, 17839, -23102)
(120, -97, 105, 26669, -23780, -26177)
(44, -66, 59, -11840, 30744, -25930)
(-26, -58, -30, -31310, 9862, 29942)
(36, -106, -25, 24643, -4599, -32069)
(109, -60, -59, -24141, 11484, -32069)
(-68, -5, -46, -8983, -24587, -32069)
(-10, -52, 67, 22240, -1530, -32069)
(-88, 5, 59, -18380, -15854, -32069)
(-65, -49, 92, -32546, -3980, -32069)
(-80, 56, -74, 14949, 6653, -26063)
(56, -105, -15, 18434, -13592, -4599)
(-92, 92, 38, -28933, -27074, -2495)
(9, 20, 46, 24363, -25048, -8145)
(-108, -56, -38, -12411, 25169, 5134)
(68, 92, 19, -28196, 30744, 8065)
(-45, 110, 13, -32441, 30744, 14604)
(-5, -46, -77, 22376, 30744, 11782)
(-38, 77, -9, -28868, 30744, 22100)
(-127, 111, -65, 15589, -14303, -24655)
(-6, -99, 82, -18778, 18010, -16423)
(12, 38, 91, 11402, -2551, -30027)
(-11, -60, -10, 27926, 1488, 7415)
(92, -74, 25, -15514, -8480, 6095)
(-21, 20, 118, 1016, -3129, -924)
(14, 112, 25, 1996, -6381, -1463)
(70, 126, -76, -7185, -1196, -12895)
(47, -36, -27, 3727, 12519, -15770)
(98, -120, 25, -25186, -24332, -8279)
(-123, -81, -121, -29515, 20223, 8929)
(73, -47, -71, -32443, -5218, -30792)
(-48, 84, -55, -32443, 12280, 23744)
(-18, 89, 38, 11238, -24239, 25901)
(27, 38, -53, 16792, 25615, 18670)
(-97, 71, 113, 32026, 513, 24301)
(-55, 95, -13, 3845, 14274, 13798)
(-112, -123, -66, -15528, 3898, 13236)
(-107, 112, 38, 9055, 990, 12829)
(-67, -88, -56, -8421, 1601, 9799)
(-126, -45, -124, 1007, 1554, 9276)
(40, -12, -42, 3197, -2948, 7489)
(-40, 12, -22, -766, -3271, 4405)
(-110, 29, -71, -3894, -5195, 1580)
(-113, 54, -110, 232, -3048, -490)
(-91, 52, -109, -1607, 444, -1796)
(-24, 96, -120, -10750, -1678, -1450)
(0, -55, 31, 21, 29, -1806)
(64, -76, 26, 3918, 994, -4188)
(-119, -89, 86, -5901, 339, -2002)
(-22, 62, 107, -4094, 2385, -2547)
(-20, 106, 115, -977, 632, -4266)
(14, -111, -122, 5605, 1604, -3738)
(115, -118, 82, 6985, 2064, -4812)
(-125, 117, -90, 775, 6067, -11800)
(94, 98, 118, -23522, -29975, -26097)
(7, 23, -96, 5319, 11939, 32349)
(-19, -78, -70, 18615, 16100, -32502)
(-43, -25, -17, 20707, 9486, -32449)
(91, -72, -106, 466, -3582, -32074)
(-118, 66, 3, 1508, -6763, -32074)
(-67, -87, -56, 8285, -14924, -32074)
(-35, -6, 52, -442, -28945, -32074)
(-8, 116, 21, -22846, -19158, -32074)
(-81, -118, -27, -13497, -10462, -15568)
(75, 50, 117, 32285, -2281, -5984)
(-99, -34, 16, -16276, -32372, 2995)
(-35, 32, 20, -25462, -19982, -312)
(-82, -37, -4, 1479, 23941, 11131)
(-7, 98, 124, 6045, 30741, 11499)
(-30, 113, -48, 11626, 30741, 7041)
(121, -118, -124, -20157, 30741, 16920)
(-45, -80, -71, -15850, 30741, 9959)
(82, 1, -60, 1096, -14771, 15049)
(-14, 98, 30, -6002, 5654, -3486)
(-10, 99, 19, 25044, 814, -15052)
(-81, 69, 50, 6512, -11181, 2612)
(40, 40, 96, -17424, -20966, 4123)
(-116, -72, -30, -1569, -5181, -12186)
(-17, 50, -94, 18939, 11770, -13565)
(120, -48, 86, -26584, 10966, -6956)
(-100, 73, 96, -30775, 5359, 121)
(-82, 122, -52, -32446, 7014, 21415)
(104, -108, 20, -32446, 23643, 31904)
(-61, -102, -17, -32446, 26645, -30977)
(94, 19, 79, 25561, 22400, -31150)
(99, -1, 116, -29937, 26870, 25278)
(125, -101, 30, -32446, 7256, 14603)
(-9, 84, 116, -26697, -2855, 5794)
(-115, 23, -12, 26905, 1584, 9553)
(-86, 39, -56, -2982, -3787, 1357)
(-99, 80, -126, -21219, -10652, -7525)
(44, -16, -122, -22995, -11260, -13039)
(55, 97, -28, -15853, -9186, -11238)
(108, -9, 43, -8907, -3521, -2195)
(62, 108, -114, 25761, -18510, 16949)
(-89, -127, -115, -26726, -11738, 2032)
(93, -41, 41, 8848, 4833, -5653)
(-54, -55, -98, 25102, -1689, 5800)
(44, -89, -83, 21167, -1723, 7404)
(-78, 31, 77, -2644, -5149, -1641)
(95, -55, -125, -12897, -10761, -172)
(-1, -105, 111, -11885, 1117, -11096)
(117, 127, 17, 6776, 6076, -12544)
(-38, 49, 14, 11030, 7009, -15560)
(-3, 98, 82, 16216, 11244, -20566)
(-21, -47, 98, 15310, 9376, -14155)
(-40, -21, -105, 6454, 10628, -6959)
(-21, 44, -93, 7225, 6558, -2135)
(21, -39, 91, 5044, 3093, -3188)
(-87, 118, 118, -2010, 115, -8429)
(-16, 75, 85, 9096, 4464, -14505)
(-49, -111, -74, 1977, 7951, -25835)
(-68, -113, -5, 7389, 11086, -25543)
(-21, -76, 116, 14806, 13002, -31228)
(-59, 110, -106, -5625, 4336, 31845)
(-108, -123, -88, -6154, -2249, -32078)
(3, -93, -60, -670, -2927, -32078)
(102, -12, 111, -31872, -6947, -32078)
(-52, -53, 67, -12695, -1403, -32078)
(-30, -49, 104, 24744, -1344, -32078)
(67, -36, -11, -32443, -6069, -25245)
(-82, 57, 85, 9599, -15816, -7629)
(95, -59, -31, -13690, -31300, 9338)
(-65, 122, 16, 27103, -32114, 10771)
(46, -5, -113, 20503, 28197, 9374)
(-119, -59, 105, -25545, 30740, 4386)
(8, -78, 56, -24195, 30740, -17208)
(-53, 51, 65, -28137, 30740, 21590)
(-111, -123, -121, -16943, 18808, 10267)
(108, -116, -47, -9779, -93, -17506)
(-14, 19, -29, -27781, 9970, -12670)
(69, 83, 35, -12851, -10916, 10696)
(113, -102, -6, -3127, -10932, 3313)
(20, -41, -56, -2905, -8617, -2448)
(-93, -126, -85, -2495, -7176, -5845)
(57, -109, -122, -5005, -6058, -8163)
(-80, 70, 61, 4957, 6925, -18191)
(57, 23, 58, 21194, 13144, -18064)
(-76, 48, -100, -30794, 29748, -17064)
(-17, 124, 85, -29939, 22531, -305)
(-22, -21, -102, -32443, 9773, -30436)
(-44, 115, 66, -32443, 3614, -26072)
(56, 107, -117, 31902, 10672, 31479)
(92, 0, -38, -2182, 12662, -31419)
(37, -28, 118, -581, 15784, 23979)
(66, -101, 88, 24945, 10472, -32686)
(-56, -1, 84, -24665, 18713, -30823)
(-117, -109, -108, -32443, -14761, -32078)
(-17, 10, -18, 31600, 32652, 5226)
(102, -37, -13, -10100, 15365, -23527)
(-121, 127, -38, 326, 4030, -14417)
(-99, -34, -55, -32443, -10553, -18867)
(98, -119, 124, -17563, -4306, -6682)
(55, 97, 47, 3982, 9325, 2980)
(40, -9, 53, -26449, 16934, 6979)
(111, 123, 126, 6189, 6539, -1992)
(-58, -74, -99, 10977, -3132, -6770)
(-87, 124, 66, 5680, -1237, -12313)
(-84, -112, -114, 31428, 3244, -23041)
(-97, 80, 32, 26966, -4415, 28262)
(92, -18, -93, 18562, 11313, -32595)
(91, -108, -56, 30846, -16809, -32080)
(63, 55, -124, 21641, -12627, -32080)
(-87, -98, 69, 21013, 8421, -32080)
(70, 52, 100, 18803, 2045, -32080)
(98, -92, -34, -25495, -1130, -32080)
(61, 55, 77, -25407, 2616, -32080)
(38, 83, -43, -16561, -831, -32080)
(97, -97, -27, 26065, -8342, -28808)
(-102, -68, 90, -31797, -19440, -9791)
(-72, 33, 59, 17464, -17944, -664)
(121, -29, -83, -32672, -29062, -1707)
(100, 123, -60, -29066, 25846, 25720)
(123, 106, 103, 15343, -28634, 2165)
(-95, -41, -27, -16472, 28686, -32028)
(-29, -101, -29, -5633, 30740, 8093)
(21, -99, -43, -13346, 30740, 20240)
(97, 2, 10, 25791, 30740, 10176)
(-82, 76, 76, 1926, 29037, 597)
(-79, -27, -92, 2610, 8814, -30081)
(64, 102, 55, 9876, 15841, -21178)
(28, -81, 46, 2596, 6285, -14219)
(35, 54, 52, 9136, 4045, -13299)
(-120, 13, 83, 24918, 8863, -9623)
(72, 100, -35, 25351, 2005, -5839)
(-55, 99, -122, -27527, -2964, 8943)
(66, -90, 72, -32442, 2553, 31224)
(54, -23, -102, -32442, 12901, -30547)
(-10, 36, -96, 18029, 13944, -30701)
(-128, -100, 0, -12312, 26774, 30394)
(-4, -119, 17, -3978, 27776, -31053)
(-27, 75, 77, -17679, -18086, -32454)
(-67, -117, -57, -31377, -20664, 12942)
(-57, -30, -100, -32442, 7322, -10267)
(84, -7, 51, 327, -16730, -12563)
(-16, -54, 10, -32442, -1793, 28977)
(126, -28, 11, 25361, 865, -8548)
(-100, -96, 4, 16700, 10778, -1300)
(-126, 83, 72, 15802, 7188, -7534)
(-64, 30, -38, 2084, 11871, -17595)
(107, 57, -20, 22442, 25160, 32573)
(107, 14, 3, 19003, 11727, 30746)
(111, 39, 61, 7068, 5277, -32080)
(75, -86, 38, -2243, 14405, -32080)
(35, 71, -65, 27134, 4288, -32080)
(76, -123, -45, -17260, 19038, -32080)
(42, -113, -2, -13275, -22031, -32080)
(-8, 26, 26, 327, -6817, -32080)
(-58, 125, 114, -32442, -732, -32080)
(16, 42, -121, -32442, -30853, -31871)
(-42, -9, -12, -8272, 312, 194)
(127, 46, 74, -13131, -19944, -14)
(126, -3, 14, -8336, 24169, -9401)
(-9, -85, -111, 15986, 28928, -6203)
(40, -83, -24, 28723, 30741, -3669)
(-2, -81, -79, -27483, 30741, 2063)
(-95, -59, 4, -32442, 30741, 29677)
(-61, -53, -57, 24383, 30741, 14220)
(-126, -23, 21, -12851, 2563, 21397)
(-118, 63, -24, 5639, 1985, -1351)
(-4, -2, 124, 31906, 8818, -11597)
(-41, -33, -5, 3731, -10600, -6056)
(9, 110, 80, 2895, -14948, -3694)
(55, 105, 50, -841, -12178, -3411)
(-86, 17, 22, -3666, -8686, -19839)
