(-24, 65, -92, 28, -1409, 822)
(-21, 62, -97, 1561, -545, 382)
(-39, 82, -83, 911, -211, -225)
(-50, 95, -74, 412, -2295, 1453)
(-35, 81, -88, -103, -2244, 1236)
(-12, 72, -108, 1628, -1578, 436)
(-4, 87, -106, 952, -948, 342)
(-6, 106, -99, 716, -926, 725)
(-8, 102, -96, 1130, -1713, 945)
(-16, -104, -94, 992, -928, 822)
(-17, -117, -92, 1084, -954, 135)
(-17, -101, -90, 758, -1948, 684)
(-2, -99, -97, 317, -1533, 1205)
(-2, -111, -102, 984, -1109, 575)
(-46, -83, -87, 3778, 7365, -5562)
(24, -43, -14, -16282, -11145, -17609)
(107, -125, 83, -4005, -20943, 32637)
(24, 102, -15, 25552, -8038, 30600)
(-52, 79, -86, 18770, -6290, -32035)
(14, 10, -21, 28919, -15768, -32035)
(-120, -24, -30, 32022, -23699, -32035)
(123, 84, -97, 16784, -25346, -30236)
(109, -122, 127, 28043, -32575, -1894)
(-45, 18, -113, 24129, 2065, 2606)
(10, 0, -89, 26239, -1972, -24609)
(89, 58, -99, -32541, -8433, -28574)
(-12, -73, 0, -31788, -3261, -32034)
(45, -124, 17, 502, 20372, -32034)
(-46, -101, -111, 14081, 7188, 21167)
(100, -5, 39, 9413, -2227, -32655)
(19, 56, -107, 22856, -10239, 31439)
(-5, -11, -101, -27028, 11161, -32034)
(94, 52, 15, -31878, -29342, -32034)
(-65, 1, 74, -22423, 2873, 25577)
(-126, 23, -95, 18700, -14919, -18470)
(81, 31, -88, -31062, -29531, -32034)
(-40, 55, -122, -29138, 19910, -32034)
(72, 96, -104, -1072, -10535, 9443)
(-61, 54, 41, -29081, 19329, -11549)
(-110, 3, -23, 19607, -10617, 18425)
(-13, 47, -91, 11640, 22932, -32034)
(-121, -59, 29, -21636, 28077, -32034)
(-45, -58, 9, -32541, -29986, -32034)
(104, 4, -74, 11662, -26896, -31780)
(-32, 108, 27, -4845, -22714, -22453)
(-113, 1, -95, -13057, -15474, 22724)
(-83, 62, 1, -11756, 1919, 29376)
(126, 86, -113, 27348, -22682, -26177)
(76, 112, -32, 23547, 32618, -32033)
(52, -58, 63, 22093, -4541, -32033)
(21, -15, -75, 29894, -22831, -32033)
(-33, -79, 2, -30337, 19727, -31335)
(-104, -60, 48, 3224, 30826, 5072)
(-108, -73, -64, -846, 24130, 17417)
(74, 24, 5, 8292, 21763, -31851)
(-126, 104, 20, -21664, -27460, 674)
(117, -25, 92, -12596, -2764, 17134)
(60, 112, -66, -14583, -18271, 13158)
(12, -6, 89, 26648, 29936, 4710)
(16, 2, 26, 25585, 26810, -8897)
(-60, 25, 99, 5562, -24425, 18042)
(84, 28, -57, -21467, 16447, 5833)
(94, -89, 85, 4884, -20284, 515)
(107, -65, 114, 13077, 26372, 24070)
(18, 124, -46, 4013, 32176, -8650)
(20, 49, 70, -1321, 30725, 27178)
(19, -111, 92, -6947, -21232, -25080)
(67, 126, 98, 5746, -18328, -26059)
(7, 44, -23, -30557, -30658, 13037)
(-75, -120, -19, 13124, 15022, 13697)
(108, 2, 90, 20143, -933, -16023)
(-7, 34, -34, 25474, -32386, -8101)
(-42, -15, -97, -25745, 23318, 23590)
(93, -101, 127, 22150, 3332, 18570)
(-43, -93, -28, -19164, -24339, 12525)
(-117, 38, -18, 229, 18551, 18083)
(4, -92, -96, 5149, -4669, -24160)
(-126, -30, 94, 7309, 871, -31577)
(103, -45, -57, 18171, 17050, -32032)
(93, 44, -118, 8490, 13176, -32032)
(59, -3, 35, 16681, 11773, 20760)
(10, -64, -68, 9668, -23788, -22952)
(-47, 111, 26, 11098, -13534, -11798)
(20, 120, 14, 228, 30727, 737)
(-115, -100, -93, 22479, -24908, 20293)
(-77, 20, 31, 3736, 16505, 31882)
(62, -13, 76, 228, 21046, 15691)
(-101, -43, -33, -32539, 12110, 15840)
(85, 71, -39, 24577, -21910, -30003)
(92, -122, -93, 3036, 13436, -21401)
(-116, -6, -70, 1403, 11913, 29780)
(-111, -73, -77, 21683, -19428, -28405)
(-55, -114, -70, -32539, 17655, -32031)
(81, 103, -99, 7882, 15702, -32031)
(110, 71, -114, -13245, -25862, 738)
(45, 89, 37, 230, 22134, -32031)
(-92, -95, 104, 228, 1161, -32031)
(-78, 24, -35, -32539, -32054, -32031)
(52, -71, 66, 31558, 3969, -32031)
(-116, 77, -90, -10214, 30728, 27773)
(88, -32, 114, -17125, 30728, 8488)
(-85, -16, -112, -5671, -1620, 30468)
(36, 101, -44, -32357, 26267, -357)
(-79, -65, -126, 28168, -28820, -11724)
(-114, 47, -7, -6982, 13655, -32032)
(-12, 71, 50, 4072, -3616, -32032)
(-120, -46, -37, -32256, -22614, -32032)
(-113, -86, 24, -26723, -25455, 19662)
(-102, 101, -65, 232, -30504, 9132)
(-71, -62, -39, -7998, -26326, 10399)
(-43, 77, -64, -28301, 16642, 735)
(71, 96, 53, 21954, 16865, 31765)
(-29, -9, 24, -10714, -13820, -9477)
(122, 8, -75, 16641, -21196, -3910)
(-44, -120, 38, 1125, -22510, -14423)
(-55, -97, -98, -14018, -4119, -9980)
(-19, 93, -22, -21678, -23013, 15114)
(15, -68, -116, -29345, -32039, 17727)
(-89, 59, 33, 233, 15208, 10364)
(-21, -25, -45, -16466, 27161, -23948)
(-44, -78, -67, 27644, -31896, 30642)
(-11, 10, 84, -18184, 26959, -30761)
(-73, -10, 8, -29328, 7144, 15747)
(-77, -27, 75, -21429, -14504, 22619)
(-64, 77, -75, 7502, 27533, 28182)
(68, -62, -21, 25891, 31251, -32033)
(-107, -84, 52, -11433, 6943, -32033)
(34, 112, -41, -30320, 23846, -11973)
(122, -78, -17, 233, -4801, 3845)
(3, -32, 46, -23028, 4330, 31126)
(74, -33, 21, 370, 14062, 31589)
(-7, 20, 0, -5925, 31345, 9316)
(-64, -115, 122, 17695, 2100, 3600)
(-120, -25, 17, -12608, 32301, 13377)
(3, -101, 12, -6411, -31772, -20997)
(102, -39, -111, 233, -2040, 32444)
(123, 52, -34, -12459, -10446, -9836)
(104, 25, -51, -28306, -7018, 5984)
(-75, 57, 65, 784, -14895, 31753)
(-97, -56, -89, -30509, -171, -32034)
(93, -19, 81, -29633, -20493, -32034)
(97, 115, -39, 3307, -24202, -19587)
(117, -20, 127, 10130, 23898, 24845)
(49, 30, 54, -32536, 6325, -24588)
(9, 47, 53, -32536, -22560, -30375)
(102, -102, 117, -32536, 18839, -32034)
(-96, 100, -68, -32536, -22515, -32034)
(78, 116, 57, 231, -31577, 735)
(-24, 46, -43, 18577, 30438, -32034)
(93, -26, 61, 25136, 634, -32034)
(-10, 33, -38, -6467, -11442, -32034)
(126, 99, 60, -32536, 18112, -8469)
(66, -14, 120, 9496, 30727, -15298)
(-10, 12, -84, 17884, -30049, -30034)
(-29, -71, 75, 18927, 29141, 8168)
(117, -95, 50, 7474, -2042, -13800)
(-105, 55, -108, -32536, 30727, -32034)
(27, 96, -117, -24970, -21586, -32034)
(10, 61, -28, -2291, -12633, 23815)
(25, -27, 80, -32536, -11736, -28805)
(4, -59, -50, 11521, 18868, 14826)
(-82, -41, -26, 1267, 9978, -3765)
(58, -74, -68, -19572, -3691, 22514)
(-50, 85, -123, 233, 24517, 363)
(47, -62, -3, 3500, -9282, 27700)
(86, -80, -119, 31179, 2337, -932)
(-111, -97, 13, -15564, -19508, -27194)
(35, 53, -56, -30530, -6340, -6863)
(23, -21, 2, -31828, 8543, 5157)
(63, -41, -16, -11537, 17066, 10644)
(72, -100, -80, 29948, 26733, 29955)
(116, 66, -90, 28044, -30413, 28683)
(19, 124, -10, 26851, -5318, -28585)
(-53, 69, -2, -19564, -7312, -986)
(-22, -115, 112, 31478, 22747, -9929)
(-94, 46, 68, 13655, 24879, -2009)
(45, 123, -80, 31926, -13886, -7315)
(-110, 1, -54, 12384, -25524, 2840)
(79, 93, 16, 21052, -21314, 3083)
(30, -100, 118, 31563, -4270, -12953)
(-128, -55, -25, 32659, -14519, -26010)
(-96, 84, -125, 3946, -11827, -8037)
(32, -56, -20, -5789, 8337, 16195)
(-17, 69, -79, -7548, 13565, 24925)
(9, -57, 81, 6037, 16042, -24723)
(-104, 75, -75, 6882, 24291, -32034)
(2, 7, -60, -18741, 16606, 24073)
(-15, 76, -43, 25357, 30548, 3878)
(2, -113, -52, -18345, -32627, -32034)
(71, -93, 12, -4196, -23756, 5703)
(104, -125, -15, 32308, 16123, -1125)
(-87, -110, 26, -577, -19959, -31449)
(54, -127, 124, -19674, 12829, 28475)
(86, -124, -44, -32536, 21426, -27662)
(-54, 7, -22, -16929, -21918, 3750)
(-25, 13, 103, -7995, 1919, 24474)
(23, 80, -48, -19706, 20095, -23830)
(115, 108, -64, -23312, 30518, 18780)
(27, -103, -5, 26993, -31081, 16941)
(-38, 90, -120, 230, 7847, 20647)
(117, -76, 79, -61, -5716, -18188)
(-97, -100, 21, 11629, 9159, 25342)
(-42, 70, 6, -9990, -5085, -5859)
(11, 41, 82, 11209, -5064, -4649)
(-13, 41, -95, -31033, -2365, -7746)
(68, 113, 83, -3860, 304, 6313)
(81, -66, -101, -27197, -4412, 293)
(108, 56, -121, 28991, -1463, -14945)
(111, -24, -77, 16103, -21248, -28175)
(37, -51, -4, 6544, 31712, -31383)
(-60, 60, -42, 6868, 27073, 31610)
(2, 47, 15, -12698, 30728, -32036)
(-126, -120, 71, 30556, 30728, -30144)
(-51, 70, 103, 22560, -11019, -29523)
(11, 111, 18, 28008, -19770, -316)
(-94, 101, 99, -32538, -31542, -32036)
(81, -4, 121, -16411, 11805, -32036)
(-63, -22, -70, -5146, -32340, 25619)
(-50, -69, -47, -32538, 22650, 25097)
(45, -19, 6, -32538, -27908, 20956)
(18, -59, 103, 6907, 11571, -15548)
(20, 78, 122, -11494, 14443, 26165)
(46, 39, 8, 23038, 31634, 2714)
(98, -90, 40, -12942, 17938, 15887)
(-125, -70, -48, -145, -2981, 7590)
(76, 28, -34, -5067, -2493, 26306)
(100, 52, -42, 31699, -24814, -2707)
(36, 27, -20, -8965, -10894, 4578)
(-47, 79, -73, -516, 1279, 12236)
(-32, -123, -55, -21058, -3304, 8753)
(-36, 49, -109, -19073, 9535, 24609)
(108, -14, -58, 7009, 2056, 23810)
(57, 61, -79, 160, 23059, 6701)
(-84, -46, 57, 10607, 20791, 1650)
(27, -26, 14, 6046, 12508, -4198)
(-107, -56, -54, 8751, 16602, 7611)
(-55, -95, -98, -15532, 19789, -2797)
(31, 44, 63, -13146, 7373, 1067)
(10, 24, -28, -9405, -1320, 12293)
(-12, 6, -53, 11725, 4051, -4654)
(18, -81, 70, 13553, -4624, -4025)
(1, -57, -122, -4504, 8698, -3344)
(69, 111, 90, -26084, -5574, -12959)
(-116, 36, 41, 26576, -17476, 811)
(-82, 118, -61, -24308, 713, -2933)
(23, 44, -62, 303, 16927, -27624)
(8, -89, -122, 18181, 17659, -27452)
(35, -70, -13, 12633, 17842, -32340)
(95, 0, 109, -14818, -11772, -11887)
(13, -5, -122, 19663, 20199, 25231)
(0, -124, 55, -19589, -25811, 30385)
(-7, -74, 121, -25932, 31000, -13598)
(69, -78, -79, 22871, 19715, -22771)
(55, -100, -68, -27740, -5539, 21079)
(63, 2, 1, -25731, -619, -32038)
(106, 108, -98, -32538, -30114, -32038)
(-8, -82, 72, -32538, 31486, -23071)
(76, 119, -4, 231, 16981, 24015)
(-13, -1, -47, -32538, 10046, -19622)
(105, -122, 127, -32538, -2110, -31815)
(-90, -116, -36, -27508, 19218, -32038)
(2, -45, -120, 31322, 2111, -32038)
(-37, 85, 45, -32538, 24085, 3438)
(-117, -14, -24, 229, 1260, 14200)
(48, 3, -11, -32538, -21525, 32349)
(-81, 49, -107, -12977, -26082, -32038)
(31, -28, -69, 23496, -23331, -32038)
(-87, 67, -46, -24263, 24939, -23194)
(-101, 87, -53, -32538, -29177, -1992)
(73, 13, -27, 31425, -23935, -20227)
(119, 51, 75, -23727, 4927, 3139)
(-17, 70, -97, -15618, 16067, -13531)
(-27, -70, -27, 25223, -16831, 9909)
(114, 3, -113, 6499, 21817, -24175)
(16, -9, -36, -12784, -13364, -32038)
(19, 86, -69, -2232, -28542, -32038)
(-91, -91, -68, -26447, -31485, 12107)
(-55, 118, 49, 2113, 2549, 29706)
(41, -46, -60, 17994, 7354, -32038)
(69, 57, 72, -16617, -9032, 729)
(-123, -96, 124, 8235, -32477, -32038)
(-58, 124, -6, -6253, -23764, 16810)
(-118, -110, -52, 23345, -24856, 11607)
(-25, 58, -50, -27175, 22543, -11473)
(-28, -47, -117, -23406, -6158, -20206)
(117, -77, -10, -32540, 18402, 24645)
(-91, 74, 67, -32540, 18455, -32038)
(-37, -115, -19, -6550, 13133, -32038)
(-24, -91, 26, 13411, -26263, -8477)
(120, -53, -54, -32540, -52, -28970)
(-16, 106, 35, -19980, -16348, -32038)
(-10, 50, 12, -3959, 17404, 21702)
(38, 56, 23, -31013, 22861, 15748)
(39, 63, -68, 28729, -15505, 29803)
(95, 22, -39, 15717, -24503, -32038)
(-59, -62, 21, -25221, -30421, 2846)
(12, -88, 52, -26408, -16386, -12749)
(-55, 61, -5, -2395, 9109, 19490)
(111, 5, 34, 30975, 6865, 3750)
(24, -90, -64, 5052, 4102, -25060)
(-110, 82, -83, 24744, 11695, -29708)
(31, 93, -88, 12432, 15267, 22950)
(86, -14, -88, -29904, 19906, 7536)
(90, 27, 93, 24487, -13578, 14717)
(119, 4, -83, 228, -17865, -19420)
(-115, 87, 21, 230, 25913, 6986)
(54, -68, 12, -14891, 21412, 29194)
(27, -70, 63, -27500, 30729, 30692)
(-74, -40, 101, -32539, 439, -30157)
(34, -16, -17, -6110, -16709, 30915)
(-40, -65, 1, 27913, 1915, -15689)
(-105, 113, 113, -26500, 19403, 13102)
(113, -119, -42, 230, 15111, 5539)
(-49, 72, -44, -31541, 10432, 13805)
(10, -45, -70, 32665, 11215, 16393)
(93, -45, -58, 10120, 30765, 26332)
(-15, 92, 10, 20442, -31589, 21931)
(-43, 27, 50, 32443, 30729, -26327)
(-103, 17, -76, -32539, -2038, -32036)
(-40, 13, 64, -26153, 30729, -21831)
(89, 122, -98, -23746, 29849, 19176)
(-29, 15, 81, 16639, -7237, -32036)
(-42, -1, 111, -27087, 20450, -32036)
(-6, 81, 33, -32539, 8391, -28685)
(-8, -88, -65, -20, 30216, 1031)
(-128, 58, -64, -15863, 30729, -25290)
(-127, 32, -113, -4793, -28751, 29062)
(67, 126, 38, -13292, 8541, -8558)
(47, 103, 58, -32540, 15607, -32484)
(-32, -29, -7, 229, -3263, -23633)
(38, -115, -34, -32540, 14136, -32036)
(120, -98, -14, 7764, -22281, 13596)
(46, 100, -27, -13207, -26922, -25402)
(-62, -32, -62, -32540, -4530, 29805)
(-102, -120, 1, 1226, -2198, 24109)
(71, -105, 62, -1708, -13147, 7490)
(-21, -98, -5, -17442, -19737, 32427)
(-109, 8, -10, -29865, -18313, -32037)
(-115, -56, -40, 4302, -3804, -26285)
(-39, 37, -27, 15189, 31583, -23032)
(34, 53, -114, -21088, 10547, 9838)
(-53, -3, 101, 22452, 29871, -14936)
(-83, 6, 45, -16210, 28206, 1294)
(-61, 85, 0, 28541, -12868, 4502)
(125, -121, 7, -27226, 19173, -1140)
(-114, -122, -24, 4687, 8557, 14852)
(65, 102, -86, 16633, 30120, -27507)
(97, -82, -61, -18732, 5513, 26978)
(-32, -43, 48, 25777, -2868, 27033)
(66, -57, 125, -20746, 17504, 7928)
(54, 10, 50, 24451, -25584, 14028)
(-13, 37, -108, 2799, 4458, 32260)
(84, -91, -69, 29499, -12114, -2491)
(32, 59, 30, 9260, 21039, 1424)
(-44, -60, -25, 22966, -3175, 6107)
(-101, -97, 68, 9444, 18027, 3374)
(-117, 79, 85, -16776, 30228, -16912)
(18, -35, -103, 28020, 21209, -32035)
(-67, 3, -126, -6704, 18840, -32035)
(66, -52, -117, -31785, 1394, -32035)
(101, -77, 4, 8176, 25146, -4649)
(-33, 104, 40, -22967, -7235, 29736)
(-73, 25, -4, -10263, 30729, 28073)
(50, -28, 122, -32540, -2038, -30245)
(-82, 110, -37, -32540, 30729, -398)
(-113, -44, 108, 26683, 30729, 17470)
(-105, 114, 92, -22957, 30729, 30809)
(99, -117, -23, -27752, -6712, -13332)
(118, -127, -101, 8200, 23010, -7452)
(14, -67, 107, 18483, -29642, -31617)
(99, 47, 52, -24492, 28395, -9293)
(94, 118, -40, 29202, -3702, -19471)
(-2, 83, 62, -32541, -20767, -28258)
(36, 42, -27, -32541, 19103, -32035)
(61, -52, -51, 226, 5515, -32035)
(100, 47, 25, -32541, 15602, 734)
(-115, -73, 86, 228, 9446, -32035)
(46, -55, 95, -9589, -2576, -32035)
(-8, 89, 21, -29270, 32534, -32035)
(-5, -10, -16, 228, 19265, -28102)
(-33, 123, 11, 226, 30729, -20688)
(31, -126, -71, 6602, 30729, -13372)
(12, 105, 5, 30871, 15046, -14177)
(-103, -97, 122, -32212, -18657, -32035)
(-93, -11, 58, -1019, 19074, -32035)
(-11, -39, 113, -4076, -13809, 23962)
(-124, -1, -85, -12776, -14617, 15176)
(-18, -15, -114, 28443, 3911, 12357)
(22, -109, -97, 15405, 30278, -28132)
(85, 26, 25, -18891, 27953, -17225)
(99, 22, 53, 228, -2994, -8148)
(112, -70, 57, 226, 28798, 22883)
(0, 76, 51, 4794, -9288, 731)
(-111, 20, 88, -1296, -23248, -15948)
(-17, 26, -81, 228, 17459, 20511)
(-98, 47, -71, -2445, 8451, 1300)
(79, -118, -2, -27685, -31902, -7902)
(78, 67, 101, -26582, -1070, -18226)
(-6, 59, 119, -32541, 3636, 24130)
(-81, -113, -112, 14675, 12808, -23949)
(83, -93, -116, 3474, 18808, 7690)
(51, 57, 66, -12776, 28035, 25075)
(-45, -55, 110, 19442, -31324, 25790)
(27, -84, -84, 15087, 21997, 28464)
(30, 24, -15, -23852, 28610, -29601)
(84, 105, 102, -30888, 8347, -32448)
(-43, -38, 57, -13091, 29484, 30117)
(53, 43, -14, -24872, 22897, -32038)
(23, 33, 92, -16447, 30730, -6776)
(-66, 110, -75, 8105, -18229, 1118)
(4, 12, -16, 25757, -15061, -13129)
(-106, -65, -70, 8232, -32307, -32038)
(-124, -7, 97, -32541, 30730, -32038)
(73, 107, 10, 17015, -11767, -32038)
(79, 89, -39, -16292, -9534, -32038)
(-20, -127, 61, 18055, 17256, -32363)
(-100, -109, 28, -32664, -2423, -10085)
(43, -19, 6, 1929, 30729, 731)
(-51, -68, -12, -31285, 30729, -28422)
(111, -7, -114, 8689, -15105, -22321)
(-25, 88, -98, 11831, 13240, -19629)
(-16, 98, -47, -22540, -25519, 21200)
(34, -5, 96, -27329, -379, -25119)
(-87, -49, -77, -24467, 12444, 9064)
(57, -33, -113, -32541, -9898, 5263)
(-84, 22, 110, -30515, 25556, -6180)
(18, -27, 20, -8535, 21225, 17119)
(-6, 120, -37, 21128, -293, 787)
(-121, -9, -97, 20329, -22558, 30073)
(101, 84, 98, 27844, 23279, -25973)
(83, 113, -126, 28839, 2878, 23343)
(51, 95, 11, -3847, -18171, 4891)
(8, 56, -98, -31208, 6922, 11397)
(26, 93, -120, 31197, -14621, -32036)
(-127, -1, -11, 27265, -18535, -32036)
(-51, 109, -13, -23148, 21303, -29778)
(-53, -96, -22, 4113, 30730, -8590)
(106, -31, -100, 30201, 30730, -10079)
(93, 111, -126, 23625, 30730, -11089)
(-53, 108, -102, -20755, -10006, -32586)
(125, 4, -15, 229, -24359, -24369)
(37, -6, 70, -26408, -30122, -32035)
(11, 120, -105, -21705, -14605, 8309)
(29, -120, 47, -10483, -26366, -7724)
(-82, -19, 47, -30401, -21199, 2424)
(105, -82, 44, -30963, 23742, -32563)
(-106, 89, 18, -16374, 30581, 21009)
(93, -64, -103, -31671, -11720, 11288)
(-106, -61, 121, 511, 1074, 16368)
(79, 78, -22, -32540, -16259, 11946)
(22, 120, -128, -19082, -7880, 733)
(63, 78, 122, -4259, 26201, -32034)
(64, -22, 48, -28828, 6364, -10450)
(118, -2, 93, 20837, 4672, -15513)
(-84, 18, 49, 17106, -26276, -24260)
(103, 9, -114, -16321, 27486, 31140)
(-125, -33, -126, -32540, -18840, -2192)
(27, -40, -55, 6044, -16131, 23101)
(112, -26, 66, -15733, 23750, 6528)
(-85, 46, 12, -4439, -30241, 27469)
(-51, -14, 82, 19119, 32720, -28981)
(-122, -16, -92, -32540, 7488, -30169)
(-23, -98, -5, 227, 28225, 32433)
(5, -51, 29, 229, 7881, -27647)
(-110, 10, -84, -21168, -1939, -5868)
(-7, 1, -82, 7360, -3266, -26124)
(61, 29, 123, -32540, 22549, 27264)
(95, -65, -91, 20182, 31672, -13584)
(48, 88, -61, -30030, -11155, 12715)
(57, -31, 0, -28313, 19715, 32706)
(-63, 78, 65, 229, -22983, -26500)
(-51, 58, -39, -32540, 10550, -32033)
(-120, -17, 124, -14432, -11083, -32033)
(49, 6, 23, -5809, -29620, -32033)
(43, 38, -108, -3801, -28630, 32430)
(88, -127, -24, -20275, 2448, 1093)
(-12, 58, 19, -32540, 16820, -28165)
(-71, -86, -119, 31158, 15635, 32213)
(-60, 49, 19, 22687, 13917, -16259)
(89, 23, 2, -31038, 30730, -20126)
(14, -122, -32, -273, -6106, 13331)
(-45, 23, 36, -184, -17931, 31038)
(-86, 8, 33, 4354, -25809, -32033)
(94, 40, 78, -19306, 17589, -32033)
(54, -108, -34, -1619, -13951, 5506)
(27, -2, 122, -5111, 16335, 20566)
(102, 119, -34, 20474, 15565, 30800)
(-48, -25, 125, 31765, 15340, 19927)
(16, -74, 49, -22246, 29371, -25979)
(-122, -19, 100, -23509, 25911, -32033)
(-54, 80, 117, -28276, -32150, -32033)
(91, 56, -64, -23933, -16191, 28608)
(-47, -89, 69, -5928, 13606, 9607)
(87, 77, -46, -9911, 19519, -29722)
(17, -68, -71, 22370, -17610, 24646)
(-101, -97, -30, -13094, -24966, -32034)
(-16, -116, -93, -19606, -29768, -32034)
(121, -77, -88, -9127, 26653, -11592)
(-20, 120, 116, -8533, 30732, 29381)
(-65, 16, 120, 14357, 30732, 32605)
(67, -118, 119, -20106, 32051, -32034)
(42, -11, -78, -32538, -11144, -32034)
(12, 49, 5, -31778, -26411, -32034)
(72, -61, 33, 31894, 19680, 15086)
(-84, -67, 115, 29641, -22022, -14973)
(-83, -10, 104, -30117, 20214, -32034)
(81, -108, -115, 5540, 13772, 29996)
(-47, 40, -21, -12732, -208, -30866)
(-96, -11, 24, -32538, -14776, -32034)
(56, 79, 93, -32538, 2002, -12833)
(126, 104, -42, 231, 11038, 23106)
(45, 70, 35, 15005, -7068, 9348)
(-32, 70, -9, -23402, 10772, 733)
(-119, 122, -76, 26001, 22765, -32034)
(33, -62, -43, -26402, 7848, -32034)
(-20, 2, 34, 4014, -18794, -10015)
(44, 99, -52, -29833, -25106, -23569)
(-12, 93, 79, -22660, -20400, -32600)
(-113, -4, -98, -26914, -10825, 30721)
(107, -67, 49, 231, 1082, -28097)
(-115, 10, 17, -19367, -14763, 5049)
(41, -101, 8, 2010, -3565, 5847)
(34, -28, 85, 12737, 28263, 23786)
(39, 8, -93, -32538, 16235, 23958)
(-51, 57, -35, -32538, 15782, 9359)
(28, -49, -47, -32538, 16480, 31948)
(23, 53, 121, 31952, -13578, 20545)
(92, 86, 115, -25382, 5176, 13743)
(-40, -77, -59, 23968, 12486, 5854)
(-90, 98, -103, 16473, 32106, -6765)
(25, 111, -70, -11234, 2083, 26780)
(-19, -10, -88, -8899, 17001, -23985)
(-71, -118, -13, -17690, 9188, 29888)
(11, -73, 82, 10618, -1285, 23694)
(-21, -23, 40, 27752, -28640, -7629)
(-4, -26, 23, 18037, -23921, 1496)
(72, -10, -17, -25238, 32565, 16378)
(-29, 21, -43, 16675, -26624, -31693)
(-68, 102, 61, 5672, 6634, -19900)
(29, 2, 6, -1071, 27845, -3353)
(22, -100, -99, 18864, 30734, 18707)
(28, 49, -34, 5088, -11460, 27508)
(63, -119, 22, 230, 6732, -32037)
(-94, 66, -46, -32537, -10240, -32037)
(20, 25, 73, -32537, -17873, -29173)
(-120, -115, -61, -26871, 4320, 24017)
(23, 106, 95, 20188, 22614, 20993)
(46, -5, 24, -32537, 20953, -23280)
(-96, 31, 123, -32537, 19637, -32037)
(21, -23, 0, -32537, -14904, 32741)
(-99, -35, -44, 230, -17693, -31785)
(39, 28, -106, 232, -2033, -18081)
(-78, 89, -103, -14574, 13471, 26796)
(-89, 89, 80, -27603, -1427, 8696)
(-7, -76, 8, -7823, 14246, -32038)
(-65, -69, -48, 26368, -26900, -32038)
(-14, -99, 49, -25793, 28100, -28160)
(50, 84, 7, 3881, 30734, -21832)
(-85, 60, 32, -8831, 30734, -14953)
(-2, 61, 116, -23445, -21732, 3164)
(-109, 122, -110, 2926, 15283, 19036)
(47, 106, 69, -32538, -20182, -20980)
(117, -31, 102, -26259, 27408, -32037)
(21, 97, -77, 10438, 14608, -11374)
(-44, -22, 13, 30370, 5337, 19260)
(-91, 37, -112, -32333, -21974, 11000)
(103, -80, 87, 7700, -3782, -7192)
(-13, 1, 3, 18674, -410, -31928)
(-117, 35, -93, -24710, 14789, 2016)
(47, 29, -57, 23777, 3566, 20400)
(12, 1, -72, -28717, -28111, -2888)
(53, -42, -6, -20692, 16090, 8984)
(117, -71, 33, -21056, 11309, -30954)
(-121, 67, 38, 15395, 27288, -8460)
(76, 98, 114, 22555, 31057, -22752)
(53, 27, 70, -24170, -26241, -23537)
(46, 34, 73, -16495, -1966, -22908)
(47, 102, 34, 2584, -17118, -22273)
(8, 50, -28, 9693, -24664, -16932)
(3, -59, -11, 27919, 9511, 24920)
(-23, 48, -62, 28096, -19038, -20483)
(18, -80, -112, -32538, 30734, -32039)
(-13, -121, -107, -32538, 24807, -32039)
(7, 55, -98, 12315, 18306, -2469)
(0, 46, 74, 24208, -14162, -29444)
(-49, 48, 42, -23670, -7642, 22598)
(116, 38, -65, 14746, 6919, 7504)
(89, 3, 82, -24436, -4538, -27789)
(-33, 38, -7, 21403, -22380, 8123)
(64, 102, 77, 229, 32072, 7410)
(-23, 25, -97, 231, -2033, 25803)
(-29, -83, -87, 229, -1143, -4890)
(13, -121, 47, -29836, -15943, 10855)
(-15, -127, -48, -18043, -5950, 30340)
(-29, -62, -125, -8543, 15279, -32041)
(-40, -57, 42, 8827, -7052, -21715)
(-17, 0, 49, 2214, -1495, -11555)
(-56, 52, 92, -23076, 23967, 15386)
(66, 19, 81, -26887, 20368, 17949)
(-16, 76, 112, 27861, 3826, 23054)
(-40, -66, -126, -32538, -6981, -25244)
(-18, 69, -36, -32538, -29571, -32040)
(115, 102, 105, -1534, 9816, -32040)
(-45, 110, 110, -10105, -14233, 21044)
(14, 90, 24, -6875, 18116, -19962)
(-2, -9, 77, 5673, -12025, 27213)
(-23, 74, 85, -19000, -29722, -32040)
(63, -34, -10, 11722, 26512, -18991)
(-67, -59, -84, -9980, 30735, -22217)
(12, -26, 48, 11198, 30735, -14503)
(-89, -16, -100, -27184, 11065, -26252)
(42, 91, -15, 2723, 28628, 29728)
(-68, -15, -127, -32538, -28273, -28610)
(46, -110, 20, -32538, -3655, -32039)
(-123, -82, 82, -12165, -6397, 8873)
(-58, -62, -24, -6562, -17553, 23438)
(16, 64, -21, 17123, -4536, -31858)
(5, -74, -118, 685, -28030, 1156)
(-31, -91, 102, -20004, 4312, -21732)
(58, -127, -54, -32538, 15406, 9280)
(52, -67, 127, -13510, -18104, 138)
(23, 4, 66, 77, 30053, 2525)
(113, 18, 121, -20639, 28070, 19353)
(-47, 42, -61, 23489, 16983, -9039)
(-6, -34, 13, -28657, -29271, 24816)
(-66, 2, -21, -14637, 19940, 31303)
(-92, 72, 99, -28016, 30735, -12016)
(-45, 113, -46, -32539, 30735, 4229)
(-58, -86, -55, -6171, 16412, -7754)
(114, 63, -105, -20505, 23737, -2063)
(19, -79, 63, 22416, -27323, 2278)
(60, 58, -127, -3734, -9609, -30108)
(62, 19, 72, 32035, 15401, 7936)
(48, 83, 116, -21452, 22873, 2255)
(112, 60, 110, -9072, 5108, -8038)
(-81, -71, -46, 3066, 317, 21285)
(-66, 120, -23, 15812, 94, 14694)
(76, 23, -121, -16986, 15881, -11561)
(-26, -20, 68, -26406, 7862, -6231)
(63, -60, -45, 11296, -9562, 8138)
(85, 105, 80, 30826, -12315, -2849)
(38, -84, -10, -5313, -1622, -6380)
(51, -86, -120, -133, -5387, -161)
(103, -104, 67, -3868, 305, 1292)
(59, 74, 76, -2236, -866, -1060)
(-84, 101, -127, -7911, 79, 3324)
(-31, -55, 107, 9232, -2810, 6934)
(-82, -65, 37, 21633, 15033, 24594)
(-67, -9, -37, -17858, -26125, 23317)
(62, -61, -58, -17121, -5775, 26891)
(-15, 39, -65, 250, -9988, 30197)
(110, 117, -125, 18324, -17588, -22823)
(-95, -90, 107, -21417, -12794, -12429)
(30, -87, 47, 31690, 4769, 734)
(50, -102, -40, 22513, 28466, -24806)
(-124, 88, 71, -1507, -3109, -187)
(62, 47, 103, 12954, -23381, 14800)
(59, -34, 95, -3817, 11786, -32035)
(94, -31, -19, -32537, -3, -32035)
(47, 78, 11, 3222, -4544, -7595)
(117, -70, 88, 15999, 20266, 24073)
(-128, 106, -30, 9207, 12099, 23387)
(53, 116, 40, -32537, 1219, -31840)
(36, 32, 104, -32537, 5718, -29714)
(-46, 43, -125, 14698, -26060, -32034)
(27, 47, -67, 17254, 32035, -32034)
(15, -12, 39, -32537, 16819, -32034)
(53, -87, -71, -8686, 24450, 2129)
(25, -60, -88, -29565, 14545, -12075)
(-67, -68, 35, 2121, -27843, 19413)
(82, -70, 125, -22327, 22932, -32034)
(-45, 16, 45, -10665, -20988, -29961)
(-71, -98, 45, -321, 26130, -7196)
(73, 50, 92, -30880, 30734, -20674)
(-86, -4, 72, 10412, 30734, 26879)
(-70, -123, 25, -16677, -1634, -12566)
(36, 78, -87, 232, -11517, 27012)
(96, 97, -118, -32537, -25017, 732)
(-68, -19, -125, -20222, 24041, -32035)
(91, 31, 40, -3875, 16186, -32035)
(-97, -33, -59, -14301, -2944, -32035)
(38, -103, -78, 23839, -8789, -32035)
(-65, 44, -63, 29562, -4032, 6417)
(123, -38, 23, -8996, 4997, 9762)
(0, -27, -90, 32405, -21044, -32035)
(-20, -18, -96, -6676, 1360, -32035)
(121, 73, 125, -5718, 2557, 4486)
(-111, -125, -121, -1249, -1856, 31835)
(22, -24, 12, -16773, 28484, -3648)
(94, 65, 1, 21084, -377, 281)
(-28, 80, -48, -2026, -8128, -12662)
(107, 9, -120, -8778, -6960, -7582)
(-7, 110, -77, 18489, -11038, -13525)
(-7, -50, -69, -32538, -12601, -10947)
(-61, 123, 22, -32538, 4992, -25516)
(45, -57, 90, -1147, -2100, -26766)
(7, -34, -104, -10234, 32537, -32036)
(-63, 14, 119, 231, -30017, 6020)
(127, -46, 24, -15564, -1589, 2077)
(108, -10, -109, -5429, 14136, -3835)
(118, 81, -45, -26935, -3834, -3973)
(-126, 16, -51, -19083, 31345, -3414)
(-6, -17, 11, -20759, 25970, 12478)
(30, 19, 53, -7633, 22213, 15897)
(18, 39, 37, -26151, 4785, 11904)
(-19, -58, 86, 3034, -2367, 14145)
(-94, 64, 14, 22638, -876, 6071)
(95, 75, -52, 25358, -17057, -31288)
(41, 90, 118, -19476, 14910, -28128)
(-84, 54, 22, 20159, 5077, 28082)
(26, -55, 47, -8211, -21159, -31430)
(-128, 69, -60, 23483, 19480, 1133)
(-41, 24, -51, -21887, -31428, -32036)
(106, -15, -26, -32539, 25266, -32036)
(-19, 20, -92, 230, 10335, -32036)
(-42, -86, -103, 228, 30733, -3756)
(-52, -72, 72, -2156, -19056, 5458)
(62, -59, 98, 11282, -9620, -10980)
(-111, 16, 78, 8982, -12374, 14583)
(122, -121, -2, 18588, 32064, -21504)
(-44, -107, -119, -31521, -31143, 25244)
(99, -34, 92, -13126, 7361, 11667)
(25, 107, -87, 23740, -16059, 6771)
(-128, 8, 66, 10903, -26818, 12395)
(10, -87, -36, 16347, -31360, 730)
(-93, 37, -87, 11875, 4207, -3463)
(-121, -63, 98, -24096, 28654, 18522)
(-123, -23, 120, -24431, -12392, -14758)
(14, -6, -41, 4653, -929, 19850)
(60, 19, -29, 983, -24874, -32037)
(-114, 114, -98, -18719, -29999, -32037)
(-62, -76, 11, 19954, 26498, -15151)
(-37, 91, 118, -1272, 30733, 32739)
(-122, -49, 75, -588, 30733, -22634)
(37, -92, -94, -17054, -22282, 29824)
(29, -11, 6, -7241, 26560, -32037)
(119, -46, -3, 4706, 27119, 1052)
(-75, -16, -14, 14131, -22676, -20454)
(-95, -116, 76, -32539, -30569, -28652)
(13, 98, 108, -2897, -19053, 14467)
(-6, 45, -35, -14259, 16339, -25693)
(91, 0, -104, 21670, -23615, -4346)
(44, -1, 109, -28251, 23775, -2381)
(-49, -92, 68, 231, 21371, -15872)
(38, -21, 88, 6992, 25214, 732)
(-111, 100, -114, 24093, -17462, 730)
(58, -24, -77, 16900, 17863, -32037)
(11, 88, -80, -16724, 26906, -21233)
(-79, 85, -123, 231, 2289, 27640)
(-103, -12, 29, -13783, -16237, 30611)
(-88, -96, -25, -27868, 17389, -32037)
(86, 75, -52, -14343, 30734, -697)
(-88, 93, 13, 11329, 31057, 6102)
(93, 48, 43, -20208, 24586, 26698)
(74, 49, 119, 22125, -21866, -24246)
(102, 69, -4, -32184, -19840, -13844)
(53, 115, 65, -21735, 14825, 11060)
(-39, -68, -10, 230, -23924, -23638)
(87, -39, 104, 29915, 15888, 17147)
(64, -106, -9, -20590, 26719, -15003)
(-80, -31, 27, 6222, -26739, 4670)
(-72, -108, -33, 26753, -7470, 20932)
(-43, 27, -50, -18265, 15321, 11063)
(-1, 33, -102, 30436, 8475, 23302)
(113, 84, 56, 30992, -1710, 28520)
(-44, 125, 82, 13884, 13879, -32158)
(73, -29, -128, 10615, 1206, 18283)
(57, 43, -104, -10719, 12031, -13163)
(-107, -8, -52, -14381, -32460, -23627)
(-31, 38, -7, 28299, 1794, 25575)
(-34, 121, -91, 28280, 5710, 22789)
(-21, 42, 97, -17220, 9833, -17542)
(86, -1, 44, -15955, -13933, -32035)
(-109, 0, -24, 12540, -3835, 3848)
(82, 105, -127, -1166, -12977, 32463)
(87, -34, 23, -22213, 9456, -32035)
(-32, 95, 91, 10175, -15423, -30023)
(117, -47, 62, -2794, -31492, 1663)
(117, -39, 65, -602, -23042, -1960)
(-18, -109, 52, 12266, 12577, -26308)
(-104, 52, -60, -20263, 15111, 23875)
(-121, 103, 1, -23166, 29714, 21674)
(13, -88, -90, -13474, 14045, 9748)
(-62, 103, -125, 21960, -17486, -11701)
(-63, -93, 123, -25874, -16454, 15819)
(37, -44, -82, -32472, 30737, -20036)
(-57, 29, -35, 24953, 18510, -32035)
(110, 10, -9, 26721, 2045, -32035)
(-107, -68, -94, 13245, -17594, 29371)
(-58, -67, -82, 21510, -7767, -8184)
(54, 39, -4, -17787, -11368, 15087)
(29, 54, 29, 31722, 12005, -32035)
(-80, 91, -84, -14906, -31820, -32035)
(-115, -16, 83, 26058, -27079, -7109)
(103, -93, -111, -25064, 20553, 1716)
(112, 86, 59, 30160, -29536, -21727)
(33, -51, -25, 18437, -20577, 25392)
(-122, 117, -42, 26581, -28157, -32035)
(120, -91, -10, -27926, 30981, -32035)
(-33, 59, 65, -32539, 29327, -11834)
(19, 41, 84, 12187, 30737, -28037)
(-32, -19, 14, -30656, 7153, 19013)
(-88, 125, 96, 23759, 17117, -17475)
(67, -39, -96, -32539, 4171, -32034)
(42, 21, -22, -32539, 4040, -32034)
(-8, -66, 0, 15104, 1365, -32034)
(-53, 6, 45, 21257, -7160, 17633)
(-118, -122, 70, 23856, -28794, 16138)
(19, -119, 60, -26312, -9532, 8286)
(-108, -113, -120, 21582, 4090, 3467)
(13, -110, -9, -28734, 14171, 21669)
(23, -68, -42, 21543, 22708, 20647)
(-61, -26, -46, 7865, 18668, 29493)
(8, -72, 2, -27360, -5002, 24651)
(-66, -15, -102, 24134, 17894, -28266)
(-94, -107, -44, 12653, -31139, -6222)
(76, 53, -47, 22305, 28941, -29011)
(-100, 36, -73, 3921, -29716, -30197)
(85, 63, 126, -10817, -11209, 11032)
(-102, -105, -114, 8779, -9847, 6655)
(-90, -6, -96, 14506, -13161, -20554)
(38, -95, -93, -7292, 19374, 29796)
(81, 116, 32, 24580, -31014, 23442)
(-28, 107, -93, -32540, 30735, 28806)
(44, 91, -13, -17725, -27891, 31448)
(62, 76, 80, -26556, -24223, 18555)
(111, 12, -72, 229, 27987, 27462)
(-105, 69, 84, -9629, 18853, -28177)
(108, -40, -58, -25080, 2787, 30729)
(-80, -100, -116, -26650, -9623, 1869)
(28, 40, 113, 9392, 10796, -27023)
(-45, -53, -119, -24672, -4801, -22575)
(35, 30, 105, 229, -27222, 27358)
(-71, -61, 62, -29714, -12104, 733)
(-78, 8, -48, 17659, 13179, -32034)
(126, 7, 109, -16820, 1672, 9390)
(69, -60, 57, 28192, -25551, 30617)
(8, -42, -84, -30258, -3283, -32034)
(126, -120, -88, -25486, 26337, -32034)
(-35, -5, 8, 11489, -17443, 18758)
(17, 63, 10, -29052, 14216, 27214)
(-6, -78, 54, -20895, 13134, -28484)
(-49, -96, -128, 28309, 4281, -30759)
(71, 41, 6, -32067, 360, 27223)
(121, 1, 85, -29053, -20648, -29941)
(81, 45, 17, 9935, 10921, 22727)
(53, -25, 59, 8613, 32177, -28443)
(84, -11, -107, -13492, 5435, -11299)
(-101, 39, 97, 12617, -27235, 16280)
(53, 91, -33, -29249, -30491, -32238)
(44, -16, -118, -25719, 5094, -32034)
(-121, 68, 110, -15751, -24988, -16089)
(-92, 64, -87, 5141, 22575, -25883)
(-83, -107, -39, 9071, 30735, 30871)
(-128, 84, -35, 24744, 30735, -32431)
(-30, -95, -57, 20551, 30735, -32034)
(-28, -102, -102, -26022, -17674, -18093)
(49, -109, 126, 229, 19393, -9214)
(105, 69, 7, -32540, 20376, -8422)
(22, 51, -23, -32540, 4407, -32034)
(-124, 116, -103, 32278, 601, -32034)
(105, -117, 106, 8529, -1968, -6116)
(10, 63, -46, 13792, -5536, 22001)
(16, -15, 1, -22180, -28559, -9589)
(33, 95, 45, 6346, -26831, -19630)
(60, 96, 16, -30058, -3354, -22074)
(-76, 78, 53, -24588, 4383, 13542)
(-34, 27, -30, 18723, -18879, 16162)
(9, 7, 25, -13025, 5686, -20764)
(-72, -110, -34, -22284, 31023, -27130)
(121, 46, 22, -12007, -3715, -27663)
(-107, -96, 112, -7726, -7858, -16527)
(32, -58, 97, -17292, 17168, -15952)
(-64, -52, 10, 28493, 30090, 31517)
(75, 62, 83, 14725, -21241, -23180)
(-55, -2, -74, -16857, -2993, -4926)
(-71, -88, -90, 913, 6479, 2901)
(10, 108, 119, -25991, 24098, 19994)
(-15, -117, -34, 25554, 27725, -21634)
(-95, 47, -104, -9257, 2064, -32036)
(-82, -3, -116, 23337, 18381, 12329)
(-40, -119, 51, 13828, 23758, 14484)
(-86, 103, -25, -20456, 5773, -1966)
(70, 96, -66, 27707, 13939, 29883)
(89, 80, 117, 7761, 6603, 9602)
(-29, 105, 67, -21629, 8793, -5321)
(-112, 73, 26, -5314, 8523, -30814)
(-21, 122, -108, -29900, 10738, 17488)
(6, -67, -88, -32414, 26231, 1713)
(-117, 91, 95, 9443, -5535, 17247)
(121, 99, -31, 26397, 991, -8777)
(115, -43, 16, -23063, -2001, 16906)
(70, -40, -10, 27804, -19058, -12028)
(9, 8, 95, 23282, 9150, 19679)
(49, 22, 0, 20079, 27167, -26170)
(-87, -105, -70, -6027, -28257, -29261)
(-86, -115, -90, 12622, -13143, 11087)
(8, 79, 0, -26510, -10894, 26918)
(-77, 72, 35, -3681, -19807, -30407)
(-21, 95, 62, 16645, -15867, -32607)
(-126, 19, 71, -27236, -1591, 22423)
(69, 115, 9, 23679, -6449, 5072)
(117, -106, 90, -26768, 30039, -14323)
(46, 45, -104, -23447, 27347, -17115)
(39, -45, 45, -30376, -15098, -7691)
(104, 106, -11, 12361, -23887, -1690)
(53, 116, -126, 5355, -1985, -20926)
(-106, 50, -93, 12613, -17422, -15563)
(77, 96, 34, -5514, 27228, -9784)
(66, -68, -11, -20237, 32010, -1278)
(-48, -121, 118, -27466, 2309, 18559)
(-117, -104, -13, 28937, 19347, -9016)
(-18, -128, 19, -30872, 9008, -19824)
(89, -23, -7, -22904, 6700, -30121)
(-17, -61, -22, 30330, 7376, -32036)
(101, -67, 32, 27248, 3140, 30381)
(-58, -87, 120, -2654, -1884, 17919)
(125, 76, -3, -12359, 26505, 23727)
(-74, -65, 119, -32540, 5387, -29827)
(3, 20, -87, -32540, 15861, -5539)
(64, -120, 79, -13051, -22948, -8442)
(22, -18, 7, 15578, -7519, 24035)
(37, -51, -128, -32540, 20324, -85)
(118, -76, 127, 26355, -6591, 18656)
(83, 19, 61, -20368, 16658, 21561)
(109, -31, 36, 24165, -22322, 24184)
(56, -24, 9, -16431, 15533, -27055)
(13, 114, 7, -3632, 14829, 27506)
(-119, 28, 3, -12424, -24229, 26534)
(26, -97, 119, 9946, 28282, -16083)
(-1, -79, 101, 14961, 16586, 18256)
(36, -74, 97, -23925, -13620, -32036)
(-1, -49, 66, 229, 15034, 18444)
(-39, 86, -111, -32540, 9748, 16674)
(-40, -1, 110, 227, 30735, -11555)
(50, 19, -73, -32540, 30735, 4829)
(116, -23, 57, 2847, 30735, -32035)
(-62, -83, 71, 10922, -24878, -32035)
(15, -42, -53, -14551, 28279, 18950)
(108, -77, -97, 229, 15017, 5443)
(-115, 118, -28, 32623, -650, -1141)
(-30, 62, -83, 30429, 26138, -22723)
(59, 95, 54, 30708, -16106, -29668)
(37, -117, -116, 80, 17964, 22391)
(48, 25, 122, 24295, 18585, 30570)
(103, 25, 39, 21583, 7451, 12252)
(71, 18, 68, 800, -24534, 28684)
(-25, -64, 123, 20397, -6318, 11131)
(70, 52, 23, 30770, -15837, 32042)
(-27, 68, 13, -2231, 4534, -21317)
(59, -62, 63, 12229, -24200, -16858)
(-64, -23, -58, -14990, -5702, -27259)
(80, 92, -76, -28924, 17914, 26579)
(18, -128, -70, -27076, -10103, -2973)
(-58, 109, -89, 7342, 14532, -5660)
(21, 51, 82, -22624, 29550, 5750)
(65, -119, 28, 31871, -29882, -29703)
(-86, 106, 116, 29578, 30734, -27426)
(122, -19, -32, 12743, 30734, -32036)
(106, 86, 13, -16235, -22116, 29808)
(13, -67, -38, -11290, 3261, -8013)
(-56, -103, -50, 14134, -6841, -18539)
(-97, 99, 81, 11486, 980, -20865)
(-59, -104, 105, 30630, 353, -17179)
(52, -16, 88, 31147, 25043, -28224)
(45, -28, 111, -24427, -27778, -32036)
(0, 89, 63, -27462, 24196, -32036)
(66, -66, -20, -12270, -8408, -32036)
(-109, 116, 7, 30576, -31977, 13436)
(96, -6, -91, 2211, 23462, 7421)
(-105, 32, -34, -19244, 21771, -25527)
(-109, -43, -107, -32541, -20892, 31331)
(47, -122, 56, 228, -2033, -32036)
(-122, 20, 53, -4429, 30734, 731)
(-104, -128, -106, 15114, -26051, -32036)
(84, 28, 112, 28550, 17141, -29524)
(-127, 115, -107, 26784, -5460, 21741)
(19, -53, -100, -19549, 3505, -32036)
(-115, -124, -24, -32541, -31482, -32036)
(122, -113, 64, -5726, -12894, -32036)
(-34, -69, 110, -23440, 14510, 12055)
(95, -64, -63, 1838, -423, -2816)
(118, -66, -114, -7104, 12054, 10994)
(109, -124, 81, -23616, 12740, 14011)
(62, -46, 69, 31210, 8543, 15036)
(-95, 9, 119, 30877, 26696, -22211)
(30, 29, -78, -32553, -9838, 15419)
(-90, -90, 4, -32542, -7954, -26009)
(-16, -84, -67, 225, 3072, -11037)
(107, 35, 11, 12301, -30738, -30045)
(-123, -3, -7, 15951, 12808, 26863)
(41, 78, -43, -17280, -8394, -32036)
(23, 73, 20, -15176, -13988, -29633)
(-128, 116, -30, 18025, -5726, 4662)
(108, -50, 107, -23128, -28318, 1086)
(-19, -124, 83, -2082, -15637, 23481)
(-20, -115, 91, 31268, -1580, -3522)
(126, -52, 48, 1826, 16786, 16138)
(24, 74, 121, -12160, 30735, -32036)
(-124, -81, -95, 13888, 30735, -32036)
(45, 30, 118, -19748, 30735, -18302)
(-41, -103, -107, 18714, -14116, 2899)
(87, -121, 92, 26829, 5437, 30930)
(-90, -37, -114, -32544, 8108, -24648)
(106, 76, 6, -27779, -21574, -32036)
(107, -80, 11, 25924, -10136, -29115)
(1, -115, -38, -21339, -21533, 8336)
(-21, 121, -97, 10549, -26174, -28979)
(-67, 63, -105, 8483, 2132, 22816)
(-58, 81, 67, -4327, 25326, 20731)
(-23, 16, -43, -15380, 2547, -23711)
(-74, -78, -7, 10137, 1128, -32036)
(-6, 73, -25, -9648, -7598, 30380)
(21, 99, -109, 16571, -30590, -2200)
(-106, -107, 31, 31419, 1113, 27109)
(-13, 3, 64, -28069, 16589, 28790)
(-53, 7, -43, 14916, 10888, -32036)
(77, -118, 88, -26520, 9010, -32036)
(-58, 32, -87, 1669, -27241, -9533)
(11, 8, 113, -180, -17540, 4118)
(-58, 79, 91, -9750, -16816, 18606)
(-101, 112, 91, 19866, -22919, 20431)
(92, 33, -10, -14582, -173, 15453)
(-124, 3, 85, 28894, 8839, 5166)
(-120, 126, 52, -28242, 20021, -19694)
(-66, 79, -70, 17926, -29435, -32036)
(7, 32, -106, -17423, 24486, -15961)
(-48, 77, -123, -17352, 26062, -5555)
(113, 36, -29, -1527, 6578, -17702)
(-35, -123, -87, 13912, 461, 10448)
(-121, 73, -89, -13846, 14040, 16171)
(-11, 54, -51, 7024, 7219, 10291)
(-79, 43, 36, -10775, 20861, 21822)
(114, 115, -26, 15807, 8437, 25730)
(95, 55, -95, -25832, -31819, 14966)
(106, -120, -78, -17692, -6257, 24110)
(54, -114, 38, 28946, -11149, 28955)
(-65, 109, -37, -22935, 9579, 29929)
(-68, 34, 68, -32547, -21640, 3069)
(-51, 111, -93, 222, 1029, -32035)
(-39, 91, -98, 220, -11995, 732)
(75, 16, 12, -32099, 30187, -32035)
(-117, 103, -127, 21918, 13026, 734)
(-72, -56, 41, 18770, -9893, -32035)
(-36, -72, 86, -16885, -1279, -32035)
(113, -105, 127, 26652, 9744, -32035)
(4, -62, 99, 17139, -10575, -4580)
(-12, -31, -103, -1522, -966, 13369)
(-94, -11, 74, -13804, 10657, 21161)
(-42, 32, -69, -26435, 10204, 23302)
(-29, 121, 122, 26729, 1495, 21010)
(-100, -68, 19, -21370, 4316, -25741)
(127, 27, 83, 12166, -27860, 26903)
(-35, -22, 31, 17221, -13167, -29835)
(13, 82, -53, 94, -16495, 5184)
(18, 54, 111, 30048, -6676, -11513)
(-74, 92, -25, -28358, 18121, 32348)
(1, 120, -122, 32388, -9551, -24421)
(-42, 60, 65, 28514, -18333, -19633)
(9, -102, -55, 9957, -3092, 6970)
(67, 78, -85, 2055, -28489, -10942)
(43, 77, -19, 5731, -31262, 27801)
(24, -32, -9, -25720, -21461, 31532)
(12, -59, 103, 17006, 25139, -28564)
(-9, -81, -89, 28280, 30881, -18757)
(-21, 37, 118, -28926, -18986, -1930)
(-65, 62, 32, 222, -12991, -1330)
(-5, -70, -7, -19789, -10926, -27600)
(16, 24, -15, 28737, -637, -32483)
(-10, -108, -62, -20716, 32442, -30301)
(108, -15, 79, 29046, -29460, -18312)
(57, -2, -120, 5627, -3504, -65)
(87, 97, 57, -12504, -26819, 9033)
(50, 127, -89, -32547, 6180, -793)
(-27, 96, -16, 26039, 13783, 32489)
(-114, 2, 21, -13720, -11955, -26347)
(-60, 51, 29, -13851, -3468, -27888)
(-16, -65, 70, -9158, 32373, 21203)
(3, -106, 36, -17950, -31679, -32030)
(20, -52, 13, -32546, 27802, -32030)
(-23, 112, -51, 26880, 4286, -6759)
(3, 106, 4, 15364, -8846, 15946)
(-108, -43, 109, 9878, -13976, -18062)
(32, 87, -19, -25275, 6752, 8159)
(-94, -59, -41, -19973, 32604, -23581)
(2, 113, -1, -7364, 20750, -32030)
(12, -34, 59, 25013, -13428, 19574)
(-74, -9, 83, 7489, 25910, 23009)
(-126, 8, -69, -20720, 16677, -23325)
(-55, 48, 17, 16802, 11550, 27272)
(27, -98, -48, -5304, -12540, 31537)
(-62, -119, -112, 224, -20569, 228)
(2, 114, 102, -32545, 11350, -27324)
(67, 45, -19, -32545, -747, -26261)
(109, 41, 54, 13010, -12107, -32030)
(-78, -111, -101, -14963, -31297, -32030)
(34, 26, 100, 14319, -29790, 21728)
(29, 27, -67, 31172, 1763, 11108)
(-79, 88, -83, 14141, 20567, 4996)
(-83, 47, 122, -15660, -4250, 13167)
(-90, -115, 89, -32545, 29102, -14327)
(43, -20, 76, 224, -1904, 27605)
(-103, -43, -116, 7330, 22681, -29615)
(-7, 79, -11, -13069, 29396, -68)
(102, 70, 71, 5287, 30736, 17489)
(118, 107, -74, 8053, 12395, -3376)
(104, 35, -57, -28126, 15261, 27137)
(-24, -119, 33, 19060, 22402, 7893)
(-117, -16, -120, -13906, -28409, -21221)
(85, 0, -84, 6506, 15660, -32030)
(-51, 30, -128, -6143, 1437, 32379)
(48, 25, -12, -16951, 26362, 1114)
(-82, -29, -48, 23126, -7683, 25034)
(-48, -107, 33, 222, 30736, -17063)
(127, 62, -21, -27657, -2031, -12604)
(63, 82, -9, -20744, 30736, -9516)
(22, -93, 120, -23539, -29385, -32031)
(-40, -117, 62, 32225, 28931, 7172)
(94, -60, 11, 160, -23151, 31361)
(-29, 12, 55, -27204, -30679, -32031)
(-67, 75, 18, -27490, -22853, -32031)
(80, 39, 58, 4544, 25865, -15193)
(-66, -103, -89, 4541, 30736, -3345)
(121, -79, -74, 27490, 5043, -10696)
(-43, -28, 83, 30544, -31468, -32031)
(-20, 9, 68, -32545, -29416, -32031)
(43, -127, -25, -6328, -25006, -9214)
(120, 113, -87, -8517, -28353, 27389)
(-34, -26, 24, 3915, 8646, 18325)
(-120, -37, -103, -4906, -899, 31651)
(-101, 92, 82, 21149, -18214, 5683)
(-50, -59, 33, -23310, 3796, -23925)
(61, -68, -32, -32545, 14151, -3561)
(0, -115, 12, -26115, 17723, 20618)
(-43, 24, -60, 31409, 17538, 736)
(-102, -13, 103, 11402, -3830, -32031)
(-18, 74, -126, -15702, -17598, 26257)
(28, 13, 104, -7320, 19986, -14890)
(111, 28, 98, 16336, 30399, -32273)
(80, -12, -12, -15250, 16215, 28309)
(-87, 126, 39, -27684, -31476, 14928)
(-59, -21, -99, 225, -30654, -13586)
(114, -65, 91, 20775, 3781, 31890)
(92, -40, 122, -22976, -25815, 12045)
(-37, -68, 62, -3872, 30736, -22321)
(-117, 71, 58, 20397, 30736, 31459)
(49, -86, -32, -32544, -27056, 7203)
(119, 12, 30, -25771, -16321, 21771)
(58, 108, 91, -23880, -6979, -13379)
(3, -16, 108, 32637, 3570, -26335)
(-46, 60, 49, -16453, -15810, -31125)
(-122, 5, -8, 9772, 4956, 5481)
(-23, -70, -119, 19653, 6768, 20701)
(-106, -113, 125, -19061, -1033, 13132)
(-28, -85, -71, -16087, 3344, 4376)
(-6, 51, 107, 20096, 1747, -2589)
(58, -70, -104, 10794, -13946, 2315)
(13, -62, 82, 532, -2216, -2197)
(40, 21, 74, 1518, -3674, -1639)
(76, 0, 82, -3796, -5215, 8512)
(-22, -43, -16, -10416, 2612, 4412)
(7, -41, -62, -8053, 3887, 4992)
(66, -25, -53, 7353, 1756, -568)
(113, -52, 68, 7302, -4884, -4537)
(-71, 44, 87, -1287, -3488, -2506)
(-67, 96, 22, -2346, -15, 754)
(-115, -125, 25, -367, -3057, 7519)
(87, 64, 14, -7553, -4464, 7766)
(53, -19, -87, -3548, 7383, 2299)
(-125, -15, 40, 10842, 7656, -3342)
(-57, 102, 65, 8483, -8199, -9757)
(-57, 22, -69, -2879, -5158, -1586)
(-48, 30, 70, 727, 2051, 5536)
(-16, -49, -84, 1554, 1728, 5469)
(-37, 87, -4, -8346, -2613, 4206)
(-47, 43, -86, 5120, 1379, 1502)
(-55, 33, 43, 10539, -544, 2145)
(-99, 98, 78, 1593, -3868, 2152)
(-100, 76, 7, 3833, -3715, 7350)
(-110, 13, 32, 5598, -1228, 3499)
(-94, 102, 81, 4019, -9730, -8776)
(18, -19, -24, 5751, -5923, -4310)
(100, 73, -30, 5928, 4289, -243)
(46, 78, 92, -1953, 2795, 2075)
(-52, 10, -121, -10579, -5349, 5044)
(-75, -115, 18, -501, -3085, 4746)
(-83, 80, 8, 4777, -396, -931)
(-87, -97, 63, -2669, -8834, -5884)
(-61, -4, -75, -1613, -8684, -1584)
(-68, 37, 49, 4031, -1730, 1126)
(-83, 11, 113, -4094, -5718, 596)
(-83, 30, 74, -4142, -2960, -1420)
(-128, 99, 42, 1693, -2073, -5003)
(75, -76, -3, 5332, -5773, 51)
(76, -115, -42, 3287, -2996, 1980)
(91, 113, -1, -6254, -5556, 5425)
(112, 75, -43, 2604, 746, 4137)
(101, 56, 22, -9311, -2290, 852)
(101, 85, -14, 2847, 764, 4892)
(121, -31, 35, 1247, 671, 1606)
(-125, -38, 82, 2717, -2851, 339)
(114, -36, 54, 3858, -6479, 568)
(93, -27, 1, 2137, -4943, 3299)
(110, -94, -6, -616, -689, 3817)
(126, -115, 32, 2350, -1201, 213)
(-110, -120, 66, 4364, -2763, -1207)
(-99, -99, 80, 1472, -869, 1061)
(-71, -124, -125, -2331, 1058, 4205)
(-123, -113, -112, -3098, -1765, 408)
(125, -53, 113, 994, -4328, -798)
(-49, -30, 125, -3625, 5311, -2908)
(48, 75, 54, -4171, 13090, -7750)
(-125, 88, 14, -18730, -5481, -21125)
(-80, 97, -69, -10033, -9384, 1633)
(-55, -58, -25, 1558, 399, -8681)
(87, 8, -66, -19420, -18502, -30306)
(10, 85, -5, -31543, 18044, 32656)
(-63, -34, 127, -12105, -3012, -29685)
(-82, 56, 112, -24037, -11813, 29806)
(-64, -90, -14, -5264, -16403, -32399)
(-95, -125, 96, -32542, 13451, 23111)
(-116, 22, 76, 18239, 30165, -14870)
(69, -75, 114, -5779, 22217, 7474)
(-112, 117, -69, 22267, 25778, -20284)
(-98, -99, 0, -32390, -7835, 31001)
(-11, 80, -85, -24119, -11026, 31355)
(113, -109, -123, 227, 12287, -30535)
(87, -102, -62, 225, -9475, -439)
(-32, 108, 29, 227, -12908, -18027)
(-18, 42, 2, -1067, 29480, -31774)
(-108, 69, -7, -23306, -245, -32034)
(4, -106, -41, 4573, 10621, 25325)
(87, -17, -46, 9143, 7182, 25306)
(15, 112, -110, -13670, -20062, -32034)
(120, 60, 26, 15006, 21156, -32034)
(-67, 78, 31, -26546, -31940, -32034)
(52, 111, 114, 9666, 29780, -16569)
(-46, 18, -90, 18480, 30734, 28469)
(62, -100, -104, 20629, -9093, 21256)
(-76, -62, -94, 28670, 12611, -24325)
(-118, 73, 36, 5288, -20695, -32034)
(-56, -121, -105, 31507, 9680, -32034)
(43, -34, -47, 11136, -10847, -32034)
(63, 62, -107, -22852, 27231, -32034)
(-66, -119, 65, -32542, -9403, 7980)
(72, -48, -58, 227, -26571, 122)
(8, 22, 85, -8421, 15265, 21979)
(-74, 0, -89, 11231, -12936, 733)
(59, 89, 43, 23866, -32549, -32034)
(32, 24, 31, -20858, -30850, 24598)
(-60, -97, 43, 29652, 26504, 31707)
(44, -83, -16, 7974, -16052, -6338)
(-11, -53, -13, 2755, 2896, -6915)
(33, 115, 49, -8147, 988, -2022)
(59, -118, -19, -24085, 22431, 19831)
(93, -49, -98, -18285, 5286, 21686)
(108, -96, -50, -8626, 23003, 32483)
(-97, -114, 1, -4083, 23998, 12064)
(-12, -108, -78, 19347, 15798, 1711)
(-44, 80, -84, 32706, -31748, -28357)
(121, -105, 100, 3133, -13949, 5656)
(-108, 76, -98, -805, 25784, 3837)
(88, 56, -127, 22942, -25635, -25024)
(-49, 116, 61, 30424, 30734, -29117)
(-80, -28, -40, -32543, 12675, -32035)
(27, 63, 33, 23473, -24000, -32035)
(90, 65, -103, -18448, -14792, -32035)
(-99, -109, -84, 20844, 19892, 734)
(91, 94, -56, 4275, -2035, 8611)
(-38, -120, 45, 224, -2646, 19953)
(-106, 123, 81, 20039, 9093, -28125)
(30, -33, -35, 7528, 30734, -28295)
(-49, -44, 40, 21021, 30734, 15455)
(-122, 70, 0, -25876, -3647, 29247)
(-5, 110, -65, 30813, -22508, -32035)
(-78, -24, -34, -30937, 17527, -10522)
(-112, 36, 101, 16743, -27895, 9180)
(-102, 79, 87, -10932, 22838, 31516)
(-85, -102, -75, -12581, 10523, 31002)
(109, 94, -43, 23327, 5618, 11807)
(0, 33, -33, -26297, -23819, -23835)
(87, -42, 56, 11205, -29742, -27982)
(46, -3, 107, 739, -20189, -11540)
(-31, -9, -15, -11106, -10419, 23832)
(120, 72, 72, -4437, 28876, 25803)
(-46, -117, 120, -16658, 27634, -32034)
(-32, -125, -112, -11833, -17990, -32034)
(-101, 81, -59, -32542, 25128, -32034)
(35, -52, -73, -2733, 30732, -21085)
(-128, -128, -76, 1599, 30732, -25801)
(45, -125, 11, 15595, -23830, -9844)
(120, -93, -38, 22080, 379, 15670)
(101, -109, -85, 29246, 20711, -17999)
(39, 7, 6, -32543, 1608, -32034)
(-26, 18, -56, -14724, 10988, -32034)
(-1, 77, -32, -27561, 2163, -32034)
(-62, -62, 39, 13302, -19357, 22322)
(37, 81, 51, 28532, 22327, 9546)
(78, -80, -106, 11886, -1464, -17103)
(-73, -113, 20, -24676, 19524, 27960)
(21, 24, -30, -25131, -2037, 733)
(34, -15, 113, -32543, 6664, -22555)
(-52, -109, 119, 22237, 3994, 20942)
(-109, -67, -93, -7113, 18839, -29421)
(113, -47, 123, 4163, 2905, 15879)
(-26, 43, 91, -21888, 5705, 5628)
(29, -121, 57, -18860, 23108, -32537)
(-49, 9, -62, 24676, 26655, -28021)
(-116, -34, -59, 22172, -30930, -32034)
(-116, 124, -102, -21756, 30558, 14194)
(119, 66, 48, -19646, 12876, 24961)
(-42, 19, -55, -27134, 6381, 15547)
(-31, 6, 27, -25180, 30256, 16501)
(47, -118, -28, -25504, 2735, -15124)
(-83, 77, -52, 21799, -13824, -6552)
(-105, 77, -36, 15846, -22515, 2978)
(-84, 41, 101, -15905, -16704, 243)
(-106, 29, -8, 26518, 8313, -20847)
(-14, 43, 97, 21695, 11413, 477)
(-91, 37, -20, 11993, 13285, 6047)
(-101, -120, -89, 2709, -636, -27094)
(85, -93, 118, 8185, 13265, -28531)
(-85, -65, -37, 9967, 12723, 23903)
(-81, 30, -102, -32531, -18733, -10624)
(-3, -57, 9, 26323, -15158, 16510)
(-62, -63, 1, 224, 30734, 18182)
(61, -109, 33, 226, -2033, 16764)
(31, -13, -29, -27075, 30734, -972)
(-118, -80, -40, -24806, -5850, 22588)
(-17, 125, -41, -21464, -22100, -20803)
(-99, 42, 72, -14240, -17590, 32112)
(-120, -77, 87, -32543, -11020, -25927)
(-68, -50, -44, -32543, 20068, -8921)
(-57, -65, -87, -32543, 10513, 20036)
(-4, -67, -38, 226, 30575, 15144)
(-47, -105, -109, -6869, 24105, -21966)
(-34, -125, -74, -24952, 20508, 13398)
(126, 26, 123, 27610, 21182, 31757)
(-12, 7, 39, -11536, -2223, -18783)
(116, -47, 10, -28623, -800, -11429)
(-90, 32, -23, -669, -13618, -19325)
(48, -115, -110, 3044, 29733, -9927)
(-16, 58, -47, -31936, -4694, 2626)
(-123, 100, -55, -28171, -5684, 27865)
(87, -21, 53, 16354, -4320, -4275)
(20, 80, -80, 14232, 1275, 22210)
(-112, 34, 14, 4913, 19314, 11893)
(-14, -65, -109, 25045, 8510, -4742)
(35, -95, -75, 29550, 13439, 2164)
(2, 116, -41, 224, -9216, -17810)
(-83, -68, -26, 1785, -12725, 13373)
(-127, 83, 71, 11112, 30397, -13214)
(87, 6, -47, -8073, -32378, -7406)
(-32, 18, -94, -20442, -15453, 21138)
(16, 111, -94, -30009, -18359, -26124)
(124, -102, 108, 26920, -29371, -13581)
(35, -12, 6, 61, -8461, 11279)
(103, 99, 92, 19159, 20315, -15971)
(-27, 71, 119, -32543, -27843, -32032)
(46, -98, -49, -25280, -15297, 6262)
(109, 67, 69, -14016, 2184, 31701)
(87, 90, 112, 25928, 166, 26210)
(46, 75, -8, 11690, -17990, -21601)
(-100, 87, -33, 28170, 7710, 11420)
(-123, -89, -127, -16134, 6705, 24208)
(-103, 37, 26, -22114, -27768, 913)
(-110, -108, 70, -7902, 3089, 26030)
(126, 104, -88, -25742, 7194, -24941)
(-47, -30, -107, 23491, -22913, -32032)
(6, -117, 111, -26473, -29339, 9976)
(-4, 0, -9, -30769, 10137, 8579)
(68, -111, -49, 226, -22042, -10630)
(40, -52, -28, 224, 25001, 26370)
(41, -53, -119, -32543, -3400, 28156)
(97, 67, -2, 226, 16864, 13442)
(107, -108, -51, -20188, -22079, -31510)
(-66, 92, -123, -25739, -31670, 23570)
(-78, 43, -116, 21600, -2510, -1496)
(-86, -18, -35, -14904, -18971, 2356)
(14, -89, 112, -30355, 2550, 25799)
(-30, 25, 21, -22904, -1663, 8826)
(18, -9, -27, -21681, -18286, 18289)
(82, -127, 24, 27107, 17224, -23347)
(-32, -5, -52, 8209, -11480, -7658)
(-54, 88, 7, -23505, 18970, -20061)
(76, -121, -58, 27252, 16887, -31449)
(-28, -33, 59, -27673, -29573, 27112)
(43, -98, -70, -21939, 31541, 16408)
(-7, -37, 111, -2232, 17022, 25574)
(-80, -45, -127, 22012, -744, 13915)
(-37, 97, -85, 14147, -31480, -6190)
(-54, 33, -25, 22960, 25405, 16673)
(-2, 62, -76, -4182, -2934, 5579)
(58, 77, 43, 228, 16063, -8787)
(-36, 18, 96, -32541, 24702, 30776)
(35, 5, -69, -26228, -666, -19906)
(-56, -109, 68, -499, -29992, 21156)
(15, -55, 71, 24511, -15596, -32034)
(-31, -112, -117, -25011, 21429, -32034)
(-80, 75, -128, 22410, 6161, -18259)
(11, 92, 118, 1647, -4749, 12397)
(122, -59, 127, -11327, 14187, 11969)
(-98, -101, 18, 26389, 12449, 16011)
(-52, -57, -93, 30491, 8437, 22856)
(-2, 122, 68, -17965, -6746, -27606)
(-8, 49, 54, -10111, -20583, -31208)
(-112, 51, -66, 23899, -14927, -32032)
(-95, -75, 59, -11243, 29412, -32032)
(37, -83, 27, -8064, 704, 29267)
(1, -112, -39, 14768, -26514, 23994)
(42, 9, 80, -5439, -15845, -32032)
(-101, 79, 25, 28879, -17290, -32032)
(22, 85, 58, -12835, 21980, -32032)
(-60, 92, -50, -4912, 30734, -32032)
(34, -62, -44, 17185, 30734, -32032)
(52, 57, -41, 17416, -25433, -32032)
(89, 114, -83, -23545, 11494, -13489)
(98, -12, -28, -32542, 16353, -22833)
(-10, 63, -8, 227, -31950, 26889)
(50, 81, 12, -29704, -18818, 8438)
(5, -70, 116, 32048, 15782, -19870)
(-85, -26, 101, -32515, -27589, -32031)
(-86, 27, -113, -32551, 1476, 29603)
(-37, 41, -3, 27161, -2772, -30731)
(-116, -61, -50, -19676, 2434, 16149)
(101, 60, 7, 14314, 26341, -5549)
(-15, -40, 85, 22861, 8409, 24421)
(-90, -126, 119, -27089, -9476, -334)
(112, 79, -5, 112, -4237, 21968)
(-51, 33, -41, -24949, 6813, 23859)
(55, -47, -117, -954, -10273, 17112)
(-36, 34, -106, 32229, 27635, -12933)
(-18, -53, -99, -25964, -20331, 3344)
(1, -67, -79, 4649, -8799, -7179)
(-8, -53, -88, 2589, 3096, 2119)
(-110, 19, -79, -10434, 28008, 29097)
(65, 40, -14, 23367, -28371, -32604)
(-20, 73, 57, 31581, 30734, -30158)
(94, 91, -27, -16780, 26553, 4630)
(4, -85, -84, -26875, 19868, -27193)
(-20, -11, 98, -1354, 15516, 8266)
(-128, 90, -51, 14464, 24848, -700)
(24, 71, 110, -25292, 16830, 15017)
(-39, -100, -71, 30267, 6208, 30646)
(-5, -119, -49, -21052, -18575, -27156)
(86, -43, 48, 13352, -14989, -32031)
(52, -10, 58, -16349, -19780, -1141)
(-74, 114, -57, 2091, 16347, 12286)
(23, 71, 1, 23370, -5046, -32031)
(-3, -55, -120, 17618, -18598, -21814)
(-20, -41, -10, 7566, -2034, 9947)
(62, -2, -83, -30044, 30733, -21673)
(-70, -17, 13, 7599, -18256, 12591)
(9, -123, -45, 9820, -18910, 29554)
(47, -35, -72, -28898, -8575, -32031)
(36, 12, -113, -9323, -22539, -32031)
(-91, -48, 107, -22943, -24334, -31757)
(102, 14, 72, -24818, -29967, -301)
(-100, 3, 110, -32073, 30734, 2895)
(45, -73, -113, 6976, 30734, -16868)
(-11, -2, 115, 19144, 6789, -32031)
(50, 96, -10, -32543, 27754, -32031)
(70, -68, -116, -30576, 23466, -32031)
(59, 112, -127, -431, 22284, 3474)
(-22, 42, 107, -1534, 11706, 32593)
(102, -30, -47, 1690, -26652, -32031)
(1, 85, 35, -18273, -17908, -32031)
(-12, -30, -12, 32108, 24198, -18793)
(-73, -36, 1, -32248, 30734, -18948)
(63, 37, 96, -32543, -30957, -3244)
(90, 70, -33, -29790, -26064, 14615)
(-124, 20, 19, -30152, -1918, 5276)
(-126, 63, 67, -24098, 27940, 6127)
(9, 3, -1, -32374, 27649, 29086)
(1, -24, -55, 753, 25050, 32003)
(1, -99, -69, 30269, -15117, 6760)
(-5, 72, -21, 29762, -26155, -22275)
(29, -94, -71, 223, 526, -32030)
(71, 19, 90, 225, 30735, -32030)
(9, 39, 81, 29940, -20997, -32030)
(-98, 34, 92, -20605, -28480, 739)
(-29, -95, 4, 225, -2032, -32030)
(-69, -32, -75, 95, -11971, -32030)
(64, -52, 74, -32502, -24204, -24549)
(34, -60, -82, -32544, 24666, -4257)
(106, -91, 47, 31973, 22645, 23632)
(91, 122, 72, 22410, -21182, -21179)
(75, 81, 79, -17701, -535, 21061)
(66, -78, -76, -4724, -24793, 30990)
(99, -50, -26, -32544, 24190, 12447)
(72, 66, -42, 4148, -25290, 19204)
(-27, -127, 21, 7420, 1456, -10844)
(-40, -3, -66, 29259, -5347, 21790)
(68, -14, -1, -8009, 16018, 5783)
(112, -111, 76, -11773, 19681, 8628)
(48, 41, 17, 1831, 21366, 18461)
(11, -22, 1, -3304, 21695, 25894)
(-101, 88, -73, -28008, -2014, 20395)
(1, 109, 22, 26497, -22272, 19142)
(-123, -115, -9, -10318, 30736, 7607)
(25, 89, 93, -7185, 15238, 29300)
(60, 90, 125, -12521, 8823, -23198)
(92, 74, 118, 27405, -29940, 32123)
(-111, 17, -92, -9870, -635, 705)
(15, 49, 10, 6082, -25663, -17603)
(-33, -95, 56, 12506, -9864, -11616)
(119, 0, 12, -22500, -29284, 7279)
(-66, 76, -116, 225, -32034, 20021)
(126, -38, -25, -1942, -8175, 12541)
(6, 119, 43, 22792, 32503, 8590)
(110, 14, -123, 223, 22245, -20287)
(-127, 90, 93, -9707, -5105, -9967)
(-26, -115, 10, 15037, 22776, -780)
(53, -9, -16, 30, -28282, 28683)
(65, 8, 93, 17788, 20274, 29611)
(-75, 111, -108, -2184, 30735, -32030)
(-17, -118, 95, 27680, 30735, -32030)
(75, 55, 95, -26302, -30797, -15198)
(-80, -20, -68, 10953, 30970, -15227)
(24, 92, 123, -18085, -7095, -7658)
(13, 56, -73, 26981, -3444, -31722)
(87, -8, 95, 3587, -17231, -32030)
(-99, -115, -118, 20949, 4502, 11655)
(-82, 12, -2, 223, 23390, 14024)
(81, 106, -1, -22163, 27979, 6863)
(16, -2, 28, -26938, -22522, 20165)
(-101, -5, -44, -1366, 26126, -25886)
(26, 20, 36, -19671, 6536, 30616)
(47, 105, -84, 26022, 25417, -18907)
(51, -120, 31, 22378, 17555, 6536)
(16, -66, -124, 14701, -13178, -24644)
(-92, -20, -111, 30091, 30059, 19989)
(30, 123, -55, 7910, -16127, -7418)
(-58, 31, 69, 6929, -11906, 2285)
(-82, -76, 108, -5583, 9781, 18681)
(-96, -122, 111, -9667, -20308, 22437)
(-116, 25, -83, 20078, 30736, -24963)
(-117, -110, -42, -14760, 29620, -32031)
(-47, -25, 54, -17456, -9431, -11092)
(114, -10, -66, -28627, -13164, 1160)
(102, -7, -103, 24705, 28173, 25043)
(45, 1, 32, -20686, -27566, -3411)
(18, 23, 50, -12834, 20388, 18140)
(-68, 3, -15, -11282, 17639, -21912)
(46, -53, -110, -12434, -13594, 12740)
(111, -59, -21, -25282, 30673, 7659)
(-71, -84, -80, -27481, -29242, -32031)
(-104, 108, -127, 224, -355, -32031)
(-54, -127, 21, -7388, 30176, -21038)
(50, 57, -88, -10319, 6416, 14393)
(-1, 101, 110, 1061, -30409, -11113)
(52, 80, -85, 450, -23864, 18540)
(45, -78, 20, 18692, 11018, -12093)
(-100, 98, -12, -20528, 14780, 641)
(-90, -80, -13, -32546, 24669, 17079)
(35, 31, -89, 676, 11357, 9717)
(39, -19, -114, 21981, 3522, 30183)
(-65, -128, -64, 26872, -8358, 25709)
(10, -29, -23, 29921, 5785, -5)
(84, 74, -40, -102, -20826, 25177)
(-31, 21, 107, 222, -10325, 14381)
(-28, -82, -1, -32547, 11654, -26683)
(33, -99, 104, 220, 28759, 20817)
(116, -84, -37, 29221, 18918, 15050)
(81, -49, -10, 1478, 27612, -32030)
(62, -107, -32, 23567, -30333, -32030)
(-66, -60, 44, -18484, 29245, -32030)
(66, 94, 63, 10840, 30734, -32030)
(-125, -35, -48, -25164, 27279, -27649)
(-90, -28, 51, 222, 23044, -1720)
(73, -82, 0, -11452, -11445, -17134)
(-7, -37, 38, -12182, -15581, 12251)
(-2, -44, -67, 23857, 16266, -24945)
(-47, 71, 52, 3894, 12893, -13591)
(44, -61, 34, 10826, -3389, -31171)
(-72, -19, -8, 24762, -13985, -27084)
(-17, 67, 92, -28592, 3269, 28701)
(-118, 109, -110, 5005, -7341, -1195)
(48, -80, 122, 16805, 17177, 12839)
(-99, 26, 126, 28463, 10748, -4335)
(-12, -111, -82, -28160, -11847, 12314)
(15, 67, -57, -27650, 30532, -14897)
(-15, 60, 9, -18923, 3299, 15079)
(-49, 45, 75, -28274, -1298, 1472)
(-123, 110, 73, -29199, 30768, 27291)
(72, -52, 14, -25759, 24624, 29857)
(-45, 96, -3, 21494, -31029, -32031)
(20, 72, -37, -28540, -32553, -32031)
(2, 71, -8, 2323, -4096, 18384)
(34, 91, -36, -3953, -10669, 28981)
(29, 21, -48, 1381, 30524, -29345)
(-34, -87, -90, -32546, -28482, 30461)
(-53, -21, 124, -7002, 17680, -30557)
(86, 41, -90, 24476, 20183, -7990)
(46, -36, -96, -25818, -1838, -28544)
(-90, -126, -118, 25239, 22209, -28583)
(-64, -5, -50, -19788, 788, 28065)
(38, 2, -41, 25490, 21984, 20233)
(106, 28, -63, 3395, -1415, 32562)
(70, -65, -123, -24016, -27109, -17360)
(20, -60, 81, 6781, 19565, -20757)
(-45, 67, -43, 25720, -28219, 24698)
(-93, -38, 103, 5907, 5141, -14463)
(44, -97, -89, 1704, 7054, -20633)
(-102, -124, 53, -6251, -31266, 18125)
(-7, 16, -4, 21814, 9785, 27473)
(112, -16, -85, -29553, 21543, 5031)
(-78, 14, -55, 21789, -13502, -7850)
(-58, 119, -58, 6920, 32191, 19301)
(-124, 36, 0, -31399, 10285, 11147)
(-44, 67, -108, 25088, -9874, 16558)
(45, -10, -73, -21653, -31483, -22630)
(62, 79, 111, -25256, -30442, -32031)
(15, -109, 86, 222, -29933, 7253)
(-127, -42, 95, -32725, -27470, -12113)
(-10, -45, -72, 23019, -19962, 25112)
(-100, 27, -85, 3217, -4546, 31421)
(-48, -2, -39, -20296, -15087, -32031)
(123, 91, -49, 8248, 20004, -29814)
(40, -18, 124, -20377, 30733, 32766)
(22, 5, 64, 16056, 30733, -32031)
(43, 93, 29, 31634, 30733, -31663)
(22, 36, -80, -27932, 30733, 1398)
(-73, -9, -100, 222, 30125, -32299)
(-91, -10, -110, -32547, 15348, -24747)
(115, 94, 38, -32547, 1506, -32031)
(118, 45, -82, 220, 11604, 25657)
(30, 49, 36, 9668, 11734, -29415)
(-69, 104, 38, 1199, -12024, 28182)
(-11, 15, -116, 20674, -21093, -14463)
(111, -103, -125, -24047, 28335, 17320)
(1, 37, -80, -5190, -17152, -22938)
(-89, -33, 62, -6932, 5815, 30476)
(84, 13, 123, -5716, 4379, 32069)
(109, 97, -81, 23974, -26611, -383)
(34, 76, -4, -31093, -8800, 15493)
(-64, 53, 28, -18973, -4736, -17994)
(-2, -41, -123, -4700, 20697, 19070)
(-51, 122, 73, 10711, 15956, 28785)
(56, -7, -77, 17907, -26668, -32531)
(-20, 41, 71, 2950, 26782, 19646)
(-108, 50, 28, -23272, -18493, -24507)
(-30, 80, 18, -28812, 4138, -29669)
(60, 53, -92, 221, -31333, -15682)
(47, -82, 4, -30149, 6150, -2676)
(-31, 90, -6, -27779, -16306, 11646)
(46, -17, -13, 25102, -21863, 13403)
(122, 120, -8, -19615, 17988, 24045)
(97, 74, 113, 23724, 29458, 2568)
(-2, -43, 0, -1342, 25360, -31400)
(119, -125, -106, -9468, 10377, -30203)
(71, 43, -62, 12123, -16077, -2431)
(-18, -32, 51, -17622, 4585, 17451)
(-28, 125, 76, -11055, -20011, 32013)
(-64, 90, -38, 222, 13470, -25085)
(-14, -30, 9, -25555, 25787, -8047)
(102, 38, 119, -14025, 30659, -28794)
(-79, -3, 127, 2390, -2505, 29510)
(43, 90, 104, 21811, 5814, -29854)
(38, -45, 1, -24980, 16779, -2942)
(-46, -24, 115, -32547, -24939, 9106)
(120, -89, -37, 222, 2276, -13439)
(-82, -68, -24, -29181, 5214, 3882)
(1, 69, 63, -8527, 3982, -15185)
(-52, 108, -28, 30053, 27470, -32026)
(26, 27, 92, 31175, -29492, 4215)
(-20, -86, -90, -15114, -3036, 27937)
(97, -49, -28, -31595, 16507, 27701)
(39, 26, -26, -32559, 30732, -32026)
(-62, -87, -109, -10235, -31073, -32026)
(-44, 2, 43, -32546, 29489, -20255)
(102, 23, -40, -14901, 30732, -10594)
(101, -11, -19, 29022, -26620, -2172)
(-103, 15, -43, 6261, -28323, -32454)
(-42, -112, -6, 11347, 26030, 20753)
(-94, -86, 54, -32546, 7710, 26436)
(-105, -128, 103, -32546, -5687, -25066)
(-99, -67, 62, -18092, -20544, -32025)
(-13, -84, 56, 28172, 17267, -32025)
(117, -54, 95, 221, -30321, 32074)
(-54, 11, -98, -1503, 8976, 21475)
(22, -10, -125, 8080, -30947, 29148)
(39, 34, 76, -30160, 25691, -16969)
(-113, -2, 76, -29297, 8758, -32614)
(-90, -22, 59, 223, -17429, -27304)
(-56, -59, -39, -21318, 15381, 30335)
(-116, -75, -88, -12759, -26619, -19985)
(-58, 109, -61, 11489, -18680, -26211)
(12, -81, 29, 11316, -18218, 14872)
(71, -47, 46, 17074, -27923, 4280)
(51, 20, 76, 1561, -8021, 16220)
(39, 3, 39, 4514, 10911, 7556)
(-43, 19, 104, -12529, 27740, 19626)
(-17, -79, -3, 25932, -29171, 27844)
(-44, -8, -93, 26, 30734, 24288)
(68, -95, -70, -31489, 15308, 2611)
(-38, -122, 113, 8834, 21132, -4135)
(-12, -72, 91, -5236, 25169, -790)
(-67, 13, -21, -14087, 12848, 3750)
(76, -80, 114, -10462, -4392, 22439)
(-21, -122, -66, 2520, -11547, 12828)
(-89, -107, 73, 16339, -16415, -8648)
(106, -12, 65, 13451, -15236, -1601)
(29, 75, -99, 31153, -3093, -11119)
(-26, -62, 111, 24970, -9185, 32559)
(106, -82, -63, 9857, -17645, -5454)
(109, -40, 76, 25530, 505, 14981)
(20, -33, -122, 29819, 10233, 5563)
(-89, 109, 80, 8871, 14483, 26251)
(-46, -8, 54, -3793, 24660, 26797)
(-43, 82, -111, -12086, 15740, 15760)
(-67, 119, -111, 32543, -5721, -243)
(-2, 18, 54, -30954, -20405, -16717)
(95, 31, -66, -23416, 30732, -10709)
(-38, -44, 107, 224, -2035, 741)
(59, -35, 16, -23302, 30732, 31677)
(73, 56, 108, -2859, 29629, 12273)
(-8, -27, -30, -28770, 9255, -32028)
(-61, -88, -40, -13101, 10241, -32028)
(-47, -2, -22, -32164, 24557, -32028)
(111, 60, -87, 15427, 21488, 4616)
(-28, 5, -120, -5821, 13737, 24218)
(-119, 15, 105, -32520, -4792, -22081)
(16, 79, 17, 29451, -32431, -32028)
(-123, 8, -123, -23460, -16073, -32028)
(-79, 21, 85, 8118, 17297, 28475)
(-67, -36, 78, -2851, 25848, 5462)
(112, -94, -7, -9676, 7434, 17930)
(107, -8, -9, -32545, 28703, -32028)
(-29, -9, -84, 10620, 30731, -32028)
(-73, 88, 45, 11619, 30731, -32028)
(-10, 34, 105, 27510, 30731, -7350)
(110, 5, 23, -18831, 30731, 2661)
(57, 70, 21, 18341, -14639, -15177)
(-104, -79, -103, 11424, 28114, 21380)
(100, -46, -46, -32545, -25251, -27807)
(67, 86, -60, -30424, 20535, 15967)
(-17, -99, -123, -14645, 32084, -28877)
(80, 38, -80, 13915, -13383, 31199)
(-119, 40, -121, -7536, 9157, 19305)
(37, 100, 66, 31213, -2353, 21160)
(57, 25, 44, 5820, -21032, -26652)
(27, -6, 5, -21495, 20606, 30102)
(-11, 60, -48, 1241, 15647, -19253)
(-30, 42, 103, -14855, 24188, 18607)
(-77, 114, -40, 26473, -7916, 4001)
(-15, -38, -71, 15716, -31334, 20345)
(19, -11, 84, -23897, -28993, 7214)
(-109, -62, -85, 10797, 7374, -479)
(-123, 65, 60, -31536, 25743, 17556)
(-106, -2, -128, 16823, -199, 24839)
(21, -50, 115, 13607, -22017, 30166)
(118, 64, -121, -9429, 3358, -29944)
(36, -52, 93, -29326, -15591, -14630)
(74, 111, -4, 17970, 3952, -26192)
(-96, 89, 109, 26007, 7685, 2083)
(-7, -12, 57, -15431, 7663, -245)
(-51, -47, 109, -18403, 1690, -8525)
(73, 35, 100, -1170, -3566, -5532)
(-104, -42, 48, -5579, -11133, -5478)
(69, -28, 95, -6506, -3626, -6430)
(107, 81, -6, 30491, -6454, 4821)
(9, 35, 89, 4943, 4973, -15858)
(-39, -97, 60, 26348, -21517, -32028)
(75, 1, 23, 8916, 31208, -32028)
(-72, -73, -68, -32584, 7126, -32028)
(117, 63, 3, -1415, 16189, -32028)
(53, -11, -7, -10154, 29865, 741)
(-64, -104, -33, -32545, -5161, 739)
(88, 81, 88, 3229, -3633, 741)
(79, 110, -118, -21327, -22990, -27334)
(106, -102, 76, -11133, 22206, -825)
(-116, -87, 35, 12987, 30735, -32028)
(104, -85, 35, -26756, -14668, 6244)
(75, 101, -46, 31359, -10706, -22940)
(115, 74, 12, -22196, 31388, -32028)
(-38, 11, -123, 3681, 30735, -32028)
(-40, -30, -16, -27861, -2708, -32730)
(-101, -25, 1, 22651, -15534, 975)
(13, 31, 74, -25278, -6477, -26731)
(108, -41, 43, -30394, -16019, 31743)
(-42, -83, 16, 224, 20419, -9815)
(-24, 103, 77, -9317, 23250, -6664)
(-53, 95, -4, -14122, 30734, -32027)
(108, 27, 79, -18533, -15807, -26112)
(-18, -94, 102, -10202, -25518, 20615)
(2, -7, 41, 566, 25529, -32027)
(120, -97, -126, 14514, 30734, -32027)
(-121, -75, 71, -31976, 30734, -27725)
(49, 35, 81, -31549, -25770, 2959)
(-118, -113, 117, -21682, 2567, -25944)
(125, 125, 116, 26049, -15494, -27179)
(-112, 75, -100, -32546, 25391, -32027)
(-121, -107, 46, 30639, -22034, -3313)
(-56, 37, -13, -20840, -14098, -1866)
(108, -73, -115, 223, -13797, 3796)
(123, 8, -78, 26608, 26802, 15829)
(-19, -20, -82, 25156, -16312, -32305)
(-83, 88, -123, -25585, -7847, -5750)
(59, -12, 46, -32546, 18628, 7185)
(-15, -58, 90, 29997, -28755, 14295)
(70, 3, -59, 391, 30005, 30813)
(94, -34, -14, -31671, 9043, -3432)
(88, 43, 59, 3005, -1842, 3977)
(-114, -5, 36, 9009, -31421, -11834)
(3, -68, 102, -18414, 26806, -2492)
(103, 124, -7, -1233, -16366, -9046)
(-83, 25, 9, -18356, -15836, -9890)
(-100, 102, 48, -5690, -27193, 9110)
(-51, 69, -88, -818, 594, 30529)
(36, 59, -5, 18112, -19596, 22415)
(49, 115, 112, -11861, 32055, -30088)
(-97, 4, 61, 5319, -6340, 6071)
(-115, -22, 119, -8647, -23642, -28319)
(-66, 125, -51, -23094, 1818, 25117)
(-114, 105, 104, -28043, 15587, -29660)
(-115, -39, -44, 25482, 2252, 16145)
(26, -86, -40, -15913, 31494, 24573)
(40, 35, 28, -15797, 22031, 19335)
(41, 50, -28, -15312, 21771, -24842)
(98, -44, 3, -22162, 6528, -32025)
(-21, 111, -67, 14763, -15260, -32025)
(27, 51, 69, 32552, 16470, -19750)
(-100, -86, -119, 22578, -20418, 18497)
(15, -112, -61, -27380, 17958, -32025)
(37, 14, 114, 222, -29699, 23204)
(111, 100, 123, -32547, 22635, -15547)
(95, 81, 38, 32580, -16765, -29470)
(-16, -108, 92, -6202, 24679, -3392)
(9, -57, -32, 28399, -23869, -23651)
(-59, -71, -87, 7335, 18724, 19125)
(-6, 30, 1, -4590, 13266, -26562)
(29, -56, -56, 6424, -6385, 27180)
(-88, 52, 92, -12692, -5609, -31793)
(-103, 120, 17, -15633, 18250, 22529)
(97, -104, 102, 16979, -27343, -9118)
(-119, 93, -72, -4935, -26732, 23528)
(64, -7, -46, 222, 14137, -9985)
(30, 89, -101, -24520, 25340, -14260)
(72, 77, 122, -2455, 30731, -29471)
(44, 48, -42, 28702, 30731, 26237)
(106, 51, 1, 1651, 30731, 25016)
(-92, 83, 7, -32547, 31904, -32023)
(-52, 55, -112, 220, 656, -32023)
(-23, 81, -69, -32547, 18781, -24925)
(32, -55, 127, -29273, 20790, -18866)
(-87, 99, 118, 20976, -19013, -26275)
(100, 66, -19, -32547, -26005, -32023)
(77, -126, -119, -32547, -23224, -32023)
(52, 15, -120, 220, -27730, 29509)
(72, 32, 29, 8951, -1338, 29199)
(-112, -99, 9, 28864, 17303, 28087)
(-63, 68, -66, -28502, 30836, -27099)
(-111, -24, -83, 3969, -12659, 29041)
(-72, 81, 39, -23378, 18612, -32025)
(31, 40, -4, -31262, 22721, -13591)
(-93, -2, 116, 25484, -29140, -10341)
(7, 78, 10, 12465, -24598, 6804)
(-102, 27, 34, 13100, -6997, -31855)
(-87, -7, 63, 1588, -3467, -12476)
(-34, -63, 48, -23891, -29963, 945)
(69, 106, -9, 23790, 10331, 31165)
(-1, -20, 42, -12120, 15401, -24940)
(51, 95, 63, 26180, -24495, -32026)
(94, -86, 51, -25522, 2905, -32026)
(-92, -1, -128, -23967, -22126, 28213)
(60, 9, 40, -5206, 5112, 24354)
(-12, -116, -84, -19816, -5633, -17704)
(-31, 27, 68, 18853, -29572, 7648)
(56, 124, 84, 26778, 13832, 13649)
(102, -51, 72, -31828, -7340, -21095)
(-50, -93, 116, 11291, -17690, 18554)
(-12, -109, -85, -14474, 8150, 14608)
(11, -117, 3, -31471, 13107, 3530)
(108, -53, 41, 9279, 12628, 22236)
(-103, -123, -58, 4730, 11365, -32692)
(-78, -123, 101, 11927, 6513, 22527)
(-63, 109, -54, -4594, -20705, -31583)
(-76, -121, -128, 16692, -13891, -17608)
(-55, 108, -20, 219, 30734, 21345)
(-112, 11, 103, 221, -2033, 13058)
(-55, -99, 92, -8004, 30734, 740)
(-77, 49, -97, -823, -9509, -12871)
(-17, 28, -108, 12405, 22303, 16202)
(53, 108, 51, -4002, 28557, -24845)
(49, -43, -52, -31141, 22273, -15936)
(33, -108, 110, 19816, -15927, -8615)
(-95, 100, -56, 25316, 8224, 14518)
(-21, 3, 8, -23180, 20952, 17092)
(112, -66, -76, 22711, 7207, 3463)
(6, -6, -70, -10436, 10156, 14609)
(-26, 106, -30, -10578, -24469, 31935)
(-69, -49, -115, 24920, 15887, -29764)
(58, 16, -28, 32418, 2916, -31409)
(30, 18, 16, 219, -8027, 18560)
(64, 56, 70, -32548, -13590, 27571)
(101, -53, 83, -16767, -25032, -32026)
(42, -91, -62, -15963, -1763, -32026)
(-115, -22, -114, 30914, 17520, -32026)
(-74, -14, 33, -957, 30734, -28364)
(-77, -123, 25, -3320, 30734, -20365)
(3, 0, 42, -9794, 30734, -32157)
(-16, -105, 25, -12971, 4650, 13936)
(90, -20, -19, 221, 1887, 17729)
(76, -3, -20, -32548, -19567, 742)
(-10, -15, -102, -32548, 22818, 24272)
(-75, -53, 27, 219, -29774, -28946)
(33, 82, -113, -13634, -21946, -32025)
(24, 37, 19, 22891, 498, 12370)
(61, -66, 57, 31783, -10480, 9296)
(-62, -106, -5, -29298, 16635, -19647)
(10, -118, 86, 11330, -31524, 13372)
(-92, 38, 101, 30269, 11600, 20644)
(-58, -121, 72, -25681, -20329, -17478)
(-96, -82, 18, -2180, -7572, 18350)
(103, -73, -105, 220, -22032, -21518)
(27, -57, -71, 26722, -2032, -23214)
(-57, -122, 90, -19539, 30735, 6722)
(-39, -122, 10, -17793, -9164, 7334)
(84, 114, -32, 1050, 21498, 10152)
(-38, -108, -29, -29922, -23648, -30730)
(10, 33, -40, 26618, 30735, 25169)
(80, -14, 88, 16851, 17208, 23212)
(-31, 29, -126, -27179, -15185, 6447)
(115, 115, 30, -30209, -28826, -29284)
(78, -48, 116, -8456, -4764, -11803)
(50, -23, -81, -20024, 14381, 15131)
(-17, -46, 11, -18227, 17640, 10171)
(-22, -118, -8, -14588, 20337, -27681)
(-101, -30, -37, -8351, 5527, -29333)
(-105, 35, -109, -5719, -3770, -32022)
(87, 112, 52, 2868, -18923, -32022)
(78, 36, 42, 20483, -28611, 27283)
(4, 0, -110, -22794, 4410, 2824)
(94, -126, -30, -32549, -17039, -21745)
(-54, -5, -5, 220, -14564, 8243)
(24, 70, -51, 22731, 13067, 745)
(-79, 71, -52, -18208, 6873, 4966)
(-7, 40, 15, 220, 16843, 10263)
(-35, 22, -46, -32549, -29693, -32022)
(-97, -66, 49, 218, -25582, -26847)
(-128, 83, -103, 3546, 27804, -12832)
(52, -101, -101, -12809, 3874, -16248)
(-50, -85, 104, 5168, 12062, 25216)
(-38, -68, 47, -10464, 11803, -29461)
(21, -78, 82, 25517, -17264, -30449)
(-107, 23, 17, -4160, 27676, -31590)
(-75, 90, -96, 23524, 10330, -25451)
(-113, 56, 100, -32549, -29290, 29944)
(103, -69, -74, 218, -58, 24397)
(109, 88, 74, -32549, 31121, 28211)
(80, -36, 71, 4865, 29324, -32022)
(68, -9, -25, -23219, -21920, -32022)
(7, 82, 125, 20218, 26032, -15210)
(46, -25, 121, -5594, 30732, -14283)
(119, 68, -85, 2289, 30732, -408)
(21, -48, -70, 5253, -31445, 8177)
(73, 86, 31, 14462, -7937, -936)
(30, -92, 41, -32549, 2003, 19247)
(-104, -84, -105, -19082, -24665, -21771)
(6, -71, -95, 4383, -32386, -32020)
(-67, -110, -61, 32255, -27625, 10474)
(-80, 107, -113, -4141, 20778, 21627)
(-3, -117, -48, -11166, 12056, 6345)
(-113, 108, -22, -2006, 636, 4591)
(108, -16, -124, 20127, 27725, -12452)
(-65, -120, -86, -22739, 8503, -25144)
(78, 101, 18, 220, 7840, 21267)
(59, 112, -51, -11200, -30574, 13547)
(0, -41, 20, -6565, 20318, 747)
(-114, 119, -64, 23162, 17790, 22751)
(-75, 51, -29, -12644, 13421, 9798)
(-101, -91, -121, 24114, 28412, 5328)
(-116, -121, 91, -21197, 23423, 9194)
(40, 65, 19, 2809, -3674, -6138)
(-111, 66, -59, 1333, 1649, 4451)
(52, 87, 127, 24, 17349, 28924)
(-126, 100, -33, -15231, 20032, 28389)
(42, 90, -104, -4286, 19941, -28526)
(-68, 115, 32, 27804, 22701, 9777)
(13, 91, -59, -24317, -2570, -23781)
(14, -9, -8, 3497, -4862, -25185)
(-13, 74, -120, -13762, 7825, -536)
(3, 56, -43, 354, 10803, 4066)
(4, 56, -128, -24988, 14745, 5915)
(10, 72, -23, -19065, 12455, 23876)
(-99, -13, 94, 19684, 10420, -23898)
(-120, -25, 95, 2391, 26003, 26828)
(101, -79, 78, -24174, 31689, 16799)
(123, -82, 51, -19727, 6801, 23955)
(126, -122, 50, 6838, -31027, 5228)
(-39, -27, 42, -18150, 29406, 11941)
(62, 81, -123, -9762, -4715, -32021)
(22, -127, 18, 19678, -8515, -32021)
(-30, 60, -42, -7077, 11052, 18484)
(-93, 14, -68, -17717, 30736, -16089)
(-118, -65, -74, 219, -25711, 27662)
(43, 97, -42, 3972, 4183, -25043)
(-103, -76, -59, 23022, -1336, 201)
(-113, -42, 124, 11218, 17603, 20736)
(-74, -97, 44, 24196, 32016, -21819)
(-105, -38, -89, -13323, -31884, -32021)
(94, 47, 60, -11353, 9627, -32021)
(11, 7, -53, 8589, -684, -32021)
(-90, 20, -5, -17268, -28172, -17041)
(-111, -65, 108, -6637, 21878, 17600)
(98, 72, -85, -19343, -2033, -32021)
(-119, -18, 29, -32550, 30736, -32021)
(110, -71, -22, 20735, 5969, 8458)
(-75, 116, 65, -6621, 28070, -12747)
(-31, -104, 20, 7952, -7723, -32021)
(69, 77, -43, -13639, -2383, -940)
(-69, 40, 31, -32386, 1698, 12233)
(-27, -99, -108, -25561, -15050, -32021)
(-23, -81, 107, 6022, -25806, -32021)
(62, -66, 40, -13688, -26029, -32021)
(-6, -105, -34, -32550, 25459, 1528)
(100, 66, -22, 219, 25411, -10437)
(-128, -87, 82, -2346, -29477, 12573)
(34, 51, -37, 13479, 6816, 22745)
(-31, 5, 76, 3450, 12372, 1003)
(-40, -116, 22, 23346, 6799, 21016)
(10, 76, 58, 11787, -4481, 16986)
(-66, -99, 60, -18212, -4939, 19546)
(91, 63, -55, -11590, 14617, 15582)
(-17, 125, -46, -29224, -13059, 29551)
(-5, 12, -29, -29701, -29839, 5794)
(44, 17, 46, -24905, 27880, -16388)
(-7, 100, -50, -32551, -15730, 20918)
(36, 23, -18, 7161, -5407, -32024)
(106, -16, -110, 8826, -25930, -1343)
(35, -121, -45, 23252, 18240, -28068)
(-107, 114, 105, 29514, 18199, -3984)
(107, -89, -76, -16455, 3616, 22135)
(-93, 82, -89, -2825, 29673, 22558)
(93, -42, -93, -27249, -29957, 15810)
(-33, -50, 37, -14447, -288, -9056)
(-125, 27, -5, -6449, 8776, 12845)
(75, 99, -94, -27019, 18634, -2025)
(90, -33, -73, 18652, -27178, -21036)
(-88, 35, -97, 27784, 30736, 27921)
(-62, -76, 114, -25026, 27752, -18188)
(-81, -69, 119, -23502, -30606, 1043)
(-58, -74, 18, -25483, 16505, 22202)
(9, -70, 11, 217, 31807, -21151)
(-82, 109, 9, 13747, 14584, 3133)
(44, 101, -43, -18618, 3699, 19750)
(100, 58, -53, 23195, -4709, 14483)
(-7, -83, 46, -9500, -13372, -29163)
(120, 25, 45, 31266, -17519, 17700)
(69, 64, 65, -23619, 31606, -6235)
(31, -57, -37, -8819, -14223, 4074)
(-69, 59, -10, -25376, -7973, -3228)
(-108, -64, 70, 4341, -747, 9981)
(93, -100, -42, -825, -5866, 12437)
(12, 44, 59, 31163, -1179, -155)
(123, -21, 41, 20602, 18258, 2314)
(45, -7, -23, -18774, 29401, -68)
(112, 75, -19, -1410, 10921, -13017)
(-91, 71, 38, -4780, -28118, 31087)
(74, -9, 24, -5713, -14283, 30385)
(39, -22, 110, 29570, -13529, -32023)
(-104, -75, 88, 16755, 382, -7295)
(118, 70, -67, -24634, 13015, 262)
(-101, 19, 43, 27764, 6351, 8053)
(-30, -89, 88, 16308, 23338, 25874)
(-40, -91, 11, 27366, 11168, 11939)
(-21, 17, -39, -32443, 1314, 17960)
(-1, -25, -62, -63, 22243, -23606)
(21, -124, 115, -5951, 15442, -13432)
(-94, -99, -88, 20333, -6192, -16374)
(-108, -115, -101, -21208, 731, -17836)
(-74, 52, 118, -1976, -4080, -13494)
(79, -2, -78, -11238, 14549, 22121)
(-66, -21, -107, -3620, -24813, -32022)
(-11, -80, 81, -20352, -11458, -32022)
(-79, -107, -91, 7797, 21843, -19435)
(111, -113, 127, 4260, 30734, -29713)
(-48, -106, -123, -3059, 30734, -24876)
(121, 44, -46, 1990, -6923, 10210)
(92, 51, -113, -16842, -6919, 13719)
(-16, -56, -20, 217, -2863, 8295)
(88, -84, 119, 6150, -19570, 20094)
(108, 96, -87, 27149, 22377, -25008)
(77, -59, 31, 30629, -24429, -31472)
(103, 96, -26, -32552, -948, 15379)
