(120, 55, -66, -22128, -30075, -17516)
(-96, -79, 6, -25960, 27164, -8105)
(-10, 12, -7, 29789, 21598, 7308)
(-10, 67, 23, -32441, 7042, 26471)
(70, -86, -80, -23423, 4629, -24265)
(50, 122, -7, -1749, -9517, -32074)
(-44, -34, -85, 21244, -29379, -32074)
(-104, -36, -1, -3330, -13115, -32074)
(-48, -77, -15, -20024, -20949, -32074)
(37, 110, -104, -31297, 22935, -32074)
(123, 111, -34, 328, 15866, 17209)
(-33, -26, -36, 326, -30261, -21972)
(-40, 21, -106, 18726, -9177, -25399)
(-92, -119, -26, -6995, 30735, -30465)
(-72, -78, -98, -24081, 25588, -30288)
(8, -2, -12, -17339, 13995, -32073)
(-14, -80, 70, -21682, 16166, -32073)
(-69, -77, 29, 26366, 30222, -32073)
(122, -52, -98, 11505, 21523, -27239)
(94, 30, 22, -1165, 1863, 20930)
(60, -110, -52, -10100, -31093, -324)
(37, -90, 100, -32442, -30412, -7151)
(-88, 74, 12, -30208, 28860, -17484)
(-69, -19, -47, -17720, -22397, 24655)
(-78, 114, -109, -30316, 26601, -32073)
(-46, -23, -59, -16189, 30735, -27160)
(98, 54, 107, -8433, 30735, -17178)
(-112, 40, 99, 28920, 30735, 794)
(83, -94, 52, -11075, 30735, 10835)
(-10, 123, -99, 4898, 30735, -32030)
(-115, -21, 14, -17267, 30735, 27262)
(-7, 77, 109, -32443, 30735, 22277)
(28, -49, 83, 16279, 30848, -13150)
(7, 41, -74, -27169, -24548, -11034)
(-61, -51, -4, 4872, -26002, 11505)
(97, -49, -61, 17951, -15972, 2405)
(31, -40, 75, 1288, 29566, -4227)
(114, -32, 20, 20683, -26033, 19241)
(-97, 0, -26, -23864, 30736, -23722)
(26, -54, -69, 13427, 30736, 17056)
(89, -77, -50, 6880, 30736, -26887)
(80, 46, -67, 323, 30736, -31892)
(-117, -53, -50, 22770, 30736, -25175)
(20, 92, 9, -26039, 30736, -6668)
(95, 22, -69, -4305, -19813, 29642)
(-65, -87, -119, 16995, -17951, 30448)
(-58, -39, 108, -20858, 30736, -14660)
(-19, -100, -88, -20484, 30736, -9243)
(54, -89, 74, 27202, 30736, 9163)
(97, -48, -41, -32443, 30403, 25340)
(-2, 117, -101, -25259, 12727, -24082)
(107, -92, 76, 1421, -28760, -32071)
(99, 86, -120, 21007, -5839, -32071)
(-59, 22, 97, 16459, 10160, 9891)
(-14, 94, -113, -15976, 30736, 8642)
(-100, 56, -20, -32443, 30736, 18363)
(38, -72, -113, -26837, 30736, -15222)
(22, 104, 71, -20854, 30736, -22779)
(36, -34, -79, 3121, 30736, 25817)
(23, 48, -128, -32443, 2006, -32072)
(-38, -31, 48, 11081, 16718, -32072)
(-53, 116, 11, 31463, 16683, -28079)
(-46, 20, -61, 28801, -28140, -8606)
(109, -74, -112, -32443, 30068, -1952)
(-18, -126, 102, -32443, 24402, 31575)
(-67, -37, -108, -32443, 27872, -31735)
(92, 110, -46, -259, 21161, -29756)
(90, 95, 56, 4376, 20398, -32072)
(96, 9, -9, -10643, -5288, -32072)
(-125, -99, 121, -26095, 6900, -32072)
(-55, 58, -28, 22132, 20790, -32072)
(107, 110, 116, 31662, 903, -32072)
(93, 65, -64, 26807, 26138, -15751)
(63, 38, 11, 324, 26603, 22903)
(97, -119, -84, -15503, 8520, 32172)
(-9, -50, 107, -16245, 30736, -32285)
(13, -38, 54, -32443, 30736, -32072)
(69, 44, -81, 12430, -14844, -32072)
(4, 15, 99, 9240, -9334, -32072)
(60, -20, 114, 16914, -13022, -28503)
(19, 1, -82, -12755, -21294, -8385)
(49, 32, 83, -26200, 22624, 11897)
(78, -104, -43, -26026, 30735, 20411)
(-19, -66, -102, -32444, 30735, -1921)
(122, 95, 114, -32444, 30735, -2053)
(36, -29, 89, 13667, 30735, 28700)
(-105, 65, -119, 18673, 30735, -15831)
(59, 65, -125, -3634, -27217, -5353)
(-96, 44, -102, -32444, 28207, -6151)
(-20, 107, -60, 30830, -24427, -5925)
(48, -77, 33, -31690, -14412, -2141)
(-43, -106, -125, 23018, 57, -2680)
(-10, -52, 46, -9552, 2521, -66)
(-110, 1, -20, 28768, -19231, 345)
(21, 97, 35, 7078, 30735, -3047)
(68, -83, 16, 8376, 30735, -3506)
(-16, 33, -1, -23791, 30735, -5703)
(110, -116, -58, -21885, 30735, -13030)
(-125, -124, -106, -1963, 30735, -19666)
(60, -118, -56, -23515, 27834, -29024)
(-59, 72, 56, 25973, 31702, -20945)
(-13, 57, 11, -8502, 30735, -11563)
(-7, -56, -13, 25112, 30735, -5818)
(69, 108, 116, -32444, 30735, 8253)
(-75, 75, -43, -32444, 23160, -24732)
(123, 59, -14, -32444, 24209, -31387)
(120, 48, 60, -19110, -26656, -31398)
(-125, -126, 54, -25967, 22070, -32072)
(7, 70, 84, 325, 9907, -32072)
(-33, 106, -87, 13176, 16419, -32072)
(31, -52, -22, 17886, 30394, 4964)
(-119, -24, 117, -32444, 30736, -32167)
(26, 107, -70, 323, 30736, 32525)
(42, 52, -112, -32444, 30736, -22521)
(47, 119, -102, 325, 30736, 29526)
(11, -104, 4, -7141, 30736, -32073)
(-60, -123, -68, 2813, -15642, -32073)
(83, 97, -78, -16983, -27121, -25384)
(72, -36, 69, -18721, 31586, -15519)
(47, 76, 30, 26800, 32530, 49)
(-57, 14, 29, -32444, 30736, 24230)
(50, -116, 68, -30288, 20560, -28615)
(13, 65, -41, 32374, 13677, -29980)
(96, 57, -15, -21799, -17136, -32072)
(-68, 20, -99, -27334, 18267, -32072)
(-22, -80, -101, -28034, 19788, -32072)
(-120, -43, 37, -25788, -18494, -32072)
(32, -61, 52, 938, -23276, 3238)
(116, 27, -62, -18229, -31946, 32617)
(-4, 2, -95, -4414, 26947, -10775)
(-125, 1, -69, 326, 30735, 11660)
(-127, 89, -51, 324, 30735, 16521)
(-4, -106, 52, 23884, 30735, -32072)
(56, -48, 98, -24629, 30735, -8258)
(-14, -84, -111, 20589, -178, 4645)
(-65, -75, -35, 324, -31154, 30565)
(4, 89, 68, -32443, 25673, 20628)
(121, 17, -81, 32626, 30735, 7736)
(95, -4, 94, 29340, 30735, 5045)
(80, -51, 72, -29343, 30735, -2651)
(10, 98, -111, 20812, -19936, -140)
(-63, -47, -80, 12314, -29679, 3508)
(-7, -127, 112, 3725, -1465, -6185)
(88, 73, -19, -24997, -575, 5192)
(40, 6, 30, 2980, 21295, 16201)
(-116, -118, -100, -14531, 28105, 28559)
(-120, -37, -48, 21878, 13463, 18242)
(-104, -58, 71, 31285, 6395, 29337)
(45, 85, -37, -10157, 14953, 23113)
(84, 101, 33, 7957, 20144, 3324)
(60, -95, 111, 12878, -28353, -7922)
(-89, 57, 29, 23104, 30737, -12203)
(63, -121, 28, 29592, 30737, -2642)
(100, 48, 23, -22913, 30737, -136)
(23, -64, -71, 29915, 30737, 11125)
(-74, -11, -110, -32444, 30737, 29463)
(103, -74, 124, -32444, 23552, -26307)
(-10, -64, -54, -32444, -7712, -32073)
(18, 12, 63, -32444, 11584, -32073)
(22, 65, -13, 19263, 30737, -32073)
(62, 26, -28, -32649, 30737, 17866)
(0, -54, -89, -6888, 30737, 26034)
(-104, 70, -8, 15987, 30737, 26750)
(-77, 89, 49, -19290, -23490, -32073)
(23, 24, -65, 14553, 9027, -32073)
(76, 48, -67, -23977, -31390, -32073)
(-30, -88, -57, 28689, 31124, -32073)
(-16, 52, 58, -32444, -28142, -27219)
(96, -17, -32, -32444, 28762, -14821)
(10, -115, -108, -32444, 16746, 3553)
(-88, -127, -75, -32444, -6744, 26885)
(42, 82, -59, -3705, -1502, -32291)
(58, -29, 50, -774, -5620, -29182)
(71, -84, -82, 9731, -16351, -32073)
(-39, -122, 15, 14452, 19422, -32073)
(116, -42, 122, 324, -12844, -32073)
(0, 2, 123, -32443, 7354, 24922)
(-90, -60, 58, 326, 1911, -20447)
(-110, 94, -55, 13132, 13984, 19615)
(-107, 34, 13, -14867, 30409, -27723)
(-115, -69, -1, 3948, 30736, -18562)
(-6, -19, -73, 12940, 30736, 28476)
(40, -103, -78, -22487, 30736, -32073)
(-90, -104, 125, -7188, 30736, -19101)
(-75, -83, -115, -15393, 30736, -12845)
(-13, -42, 0, 22384, 30736, -28349)
(33, 22, -118, -149, 30736, 469)
(-78, -124, -37, -7830, 30736, -6270)
(-83, 92, -32, 30031, 30736, 3423)
(-71, 57, -28, 14275, 30736, 7439)
(-83, -61, 125, 14922, 30736, -88)
(-25, 100, -76, -31556, 31206, -751)
(-83, -81, 58, -29816, -8578, 11729)
(90, -18, -113, -32442, -12696, 6332)
(108, 89, -102, 26537, 23088, 12628)
(22, -26, -127, 4449, -24761, 24849)
(-3, 104, 60, 28620, 30736, -25403)
(18, -93, -57, 29115, 30736, 4676)
(-109, -112, 94, 10078, 25837, 7774)
(71, -6, -43, 15174, 32369, -6688)
(111, -64, 24, -7013, 30736, -12481)
(-42, -67, 83, 4876, 30736, -15846)
(105, -112, 97, 591, 30736, -20137)
(-67, -105, -28, -18140, 30736, -24411)
(-40, -62, -24, 22695, 30736, -11469)
(-35, 82, 122, -32443, 30736, 10276)
(-43, 75, -78, -32443, 29665, 23008)
(67, 114, 4, -26506, 18395, -27672)
(-43, 59, 64, -24015, -2880, -30618)
(-17, -1, -56, -30436, 10585, -32071)
(-49, -43, 124, 4655, 30736, -32071)
(-97, -25, -26, -20068, 30736, 16968)
(35, -21, 43, 2798, 30736, 3207)
(94, -119, -22, -5483, 30736, 24509)
(90, -42, 15, -30508, 30736, 29501)
(-59, 83, 95, 24495, 30736, -32071)
(-30, -72, 35, -20016, -5556, -32071)
(-125, 65, -118, -24815, -7303, -32071)
(10, -9, 122, 28273, 26032, -32071)
(87, -70, 2, -32444, 30028, -17582)
(7, 9, 77, -32444, 31035, 5412)
(106, -27, -55, -32444, 20804, 15864)
(66, 66, -25, -19404, 11393, 23240)
(-89, -41, 76, 28746, -3096, -30731)
(125, -44, 59, -10092, 3123, -30038)
(-95, 99, -48, 17763, -6642, -32070)
(120, -115, -26, 10061, -7759, -32070)
(3, -106, -24, 19176, 8197, -32070)
(35, 90, -9, -28024, -12363, -32070)
(37, 52, -72, -3809, 16895, 25454)
(-78, 105, 118, 15527, 30735, 28882)
(99, -97, 46, -32445, 16106, 25485)
(120, 72, -33, 322, 29251, -18320)
(92, -125, -121, -32445, -15074, 26398)
(125, -86, -53, 3008, 22439, -14742)
(-49, -70, -22, -22418, 30735, 27690)
(-54, -101, -22, 27926, 30735, -28679)
(84, 59, 15, 4802, 30735, -13759)
(81, 103, 2, 3305, 30735, -15587)
(-46, -64, -5, 10802, 30735, -20505)
(-113, -28, 8, -18758, 30735, -14218)
(52, 99, 89, -32249, -23543, 24418)
(81, -28, 48, 19380, -19405, 187)
(-51, 11, -112, -6030, 24353, 8007)
(15, 0, 96, 28439, -15734, -2966)
(34, -19, 124, -26307, -8010, 2181)
(-62, 110, -26, -2002, 8054, 9763)
(-118, -43, 127, -26894, 29793, 14971)
(80, -68, -106, -10654, -29553, 23810)
(-2, -98, -89, -21244, 30736, -30136)
(104, 57, 0, 11721, 29876, 27967)
(11, 110, -118, 3265, 25095, 8823)
(122, -89, 35, -21901, 32711, 636)
(123, 61, -50, 1441, 30736, -7730)
(-8, 42, -52, -25590, 30736, -11537)
(19, 97, 54, 25989, 30736, -2476)
(-6, 112, 63, -32446, 30736, 8780)
(71, 125, 13, -32446, 30736, -32292)
(24, -76, -90, -22800, 10723, -27141)
(-55, 103, -40, 7464, -611, -32071)
(-75, -51, 43, -10173, -10319, -32071)
(-19, -123, 52, -31165, 29394, -32071)
(-56, 59, -111, 23870, -1239, -32071)
(4, -1, -42, 5269, -22136, -32071)
(35, -122, -95, -32445, -2589, 3923)
(6, 90, -5, 322, 29009, -23432)
(-113, 112, 104, -32445, 26793, -13055)
(84, -27, 34, 324, 30735, 32681)
(-95, -110, -115, 322, 30735, 31253)
(110, 5, -23, -32445, 31223, -32072)
(-13, 28, -17, 324, -20330, -16401)
(-94, 97, 67, -32445, -6526, 28241)
(104, -7, -66, -32445, 29342, -32072)
(-93, -95, -64, -32445, -27097, -23346)
(54, -115, -122, -32445, 29311, 12164)
(-79, -108, 96, -32445, 6183, 16451)
(-109, 118, -88, -8013, -26921, -25159)
(-110, 97, -63, 8238, 20890, -30590)
(-80, 73, -27, -29353, -396, -32071)
(-49, -92, 67, 26487, -6787, -32071)
(113, 113, -108, 8901, -28868, -32071)
(2, 40, -14, 31462, 4564, -15563)
(88, -75, 16, 322, -20502, 1136)
(109, 55, -61, -32445, 30574, 28576)
(49, 56, 111, 324, -16364, -14929)
(-7, -93, -100, 322, -18905, 26456)
(-38, 126, 47, -32445, 23030, -30004)
(113, -27, -15, 20760, 30735, -14130)
(70, -96, 46, -1499, -16597, -31424)
(31, 34, -39, -12264, 31756, -19113)
(48, -33, -32, -32445, 28372, 7064)
(-85, -93, -119, -1556, 30735, 5621)
(-108, -43, -85, 28655, 30735, -9249)
(-16, 8, -8, -18488, 30957, -25217)
(-78, 22, 33, -13427, 30661, -16988)
(-12, 23, 115, 17838, 30735, -12827)
(17, 20, 120, -19276, 30735, 7509)
(25, -5, -32, 12286, 30735, 4670)
(-28, 53, -113, -19965, -13240, -2641)
(-100, 15, -27, -16319, -6519, -860)
(-121, 85, 94, 18522, 10991, -7771)
(-119, -14, -2, -16089, 11478, -9338)
(-57, -77, -18, -24119, 8942, -14378)
(-89, -114, -21, 26254, 29658, -6719)
(13, 80, 45, -32445, 25935, -8305)
(103, 65, -34, -32445, 22575, -6757)
(-76, 86, 108, -32445, 18986, -6973)
(51, -122, -78, 6339, 20418, -11674)
(41, 66, -83, 20163, 16905, -537)
(102, 68, 98, -32445, 12399, 14947)
(-71, -86, -88, -32445, 5221, 29318)
(-96, 58, -105, -32445, -10333, -29488)
(-105, -52, 121, -32445, -21490, -31092)
(86, -36, -111, -32445, -14267, -32068)
(-86, -115, 57, -19611, -30205, -32068)
(26, 120, -123, -15251, -17973, -32068)
(-69, 66, 3, 4089, -14296, -32068)
(56, 68, 122, -32445, 14206, -660)
(-97, 106, 23, 21945, -12794, 12077)
(50, 10, -23, -17808, 23398, 1696)
(-15, -18, -92, 18457, 30734, -18746)
(77, 110, 101, -6921, 30734, 25276)
(-3, -128, 89, 9839, 30734, -32068)
(-81, -83, 41, 1710, 30734, -28879)
(-60, -72, 38, -7356, -1677, -21851)
(48, 120, 114, -15016, 5348, -23765)
(34, -126, 75, -7827, -22228, -30401)
(22, 78, 90, 21379, 31778, -5917)
(-54, 86, 59, -32446, 30735, -3708)
(-103, 108, -1, -32446, 30735, -22534)
(-121, 15, -69, -32446, 7866, -28514)
(74, 49, 111, -15738, 6021, -32068)
(25, 78, -107, 12514, 26651, -32068)
(35, -54, -125, 29911, 6394, 28595)
(-26, -56, 62, -15451, 29579, -30561)
(33, 25, 51, -29515, 32639, -18884)
(11, -82, 15, -32445, 30101, -11531)
(-105, -62, 67, -32445, 30735, -18371)
(-125, 102, -40, -32445, 30735, -22879)
(37, 20, 90, -4804, 30735, 500)
(31, -4, -63, -11830, 30735, -5904)
(45, -5, -6, 19508, 30735, -14263)
(-54, 55, 122, -12767, 30735, 26104)
(-92, -81, 73, -28082, -24086, 27465)
(-96, 10, 79, 324, -7476, -1401)
(-119, -56, 116, 322, 20437, -6059)
(-81, -110, -36, 16007, -22534, -5827)
(-23, -44, 125, -27974, -12077, -8272)
(-88, -36, 47, 124, -14921, 1461)
(84, 18, 37, -7156, -1823, 8900)
(-97, 42, 10, 3752, -1623, 11806)
(-88, 104, 115, 15394, 3401, 19019)
(41, -30, 6, 10189, 10037, 10454)
(-25, 9, 38, 2137, 14231, 7711)
(13, -17, -75, -15985, 1569, 8108)
(79, -63, -30, -14402, 18981, 18267)
(-33, -91, -65, 23176, -26591, 8557)
(-66, 33, -25, -32445, 30737, 18049)
(39, 18, -64, -32445, 30737, 20753)
(-90, -124, -4, -32445, 30737, -31309)
(4, 89, -36, -32445, 30723, -29913)
(36, 108, -79, -32445, 12577, -32066)
(117, 54, 77, -20802, 3337, -32066)
(62, -1, -1, -9567, -24310, -32066)
(46, 69, -97, 24172, 20034, -32066)
(-10, 64, -46, 322, 30736, -32066)
(-14, 78, 15, -26243, 30736, -32066)
(5, 92, 123, 20102, 30736, 8512)
(13, 112, -24, 322, 30736, -12599)
(108, -73, -54, 324, 30736, -22037)
(-46, 67, -27, -32445, 30736, 27675)
(42, -67, 31, 322, -17967, -32066)
(-82, -26, 37, 324, 12539, -32066)
(-75, -35, 14, -32445, 12818, -25725)
(57, -52, 39, -32445, -30385, -18564)
(-63, 61, -26, -32445, -32602, -2523)
(1, 19, -83, -32445, 22290, 18214)
(-51, 89, -107, -32445, 8870, -28814)
(-97, -53, -48, -32445, -2039, -29101)
(90, -41, -61, 7074, 14543, -32066)
(103, -27, -43, -15414, 22158, -32066)
(115, 89, 49, -13150, 23504, -32066)
(-77, 102, 90, -31311, -29753, -32066)
(-126, 79, -86, 324, -25682, 7255)
(-125, -90, -57, -25472, -28694, 31286)
(-102, 25, 66, -23847, 24293, -19632)
(43, 79, 95, 10158, 30734, 19460)
(-102, -13, -116, -2956, 30734, 20551)
(-44, -36, 125, -32445, 30734, -18004)
(93, 79, -13, 6896, 30734, 17370)
(-9, -1, -44, 25887, 30734, 31377)
(-33, -80, -1, 3831, 30734, -27998)
(61, -64, -127, -13640, 30734, -1447)
(52, 95, -59, 324, 32474, 9198)
(19, 59, -74, -2418, 30154, -10622)
(-102, -44, 2, -11606, -19265, -4801)
(-128, -30, -13, -25995, 29784, -5837)
(109, -83, -64, 13255, -10192, -6746)
(38, 5, 5, 2901, 1719, 8514)
(28, -75, 54, -12866, 10587, 8443)
(-46, -26, -40, -3858, 15752, 12608)
(96, 70, 71, -3785, 24364, 12063)
(63, 106, -48, -13530, 24001, 16235)
(63, -117, -76, -23559, 28175, 17763)
(-44, -60, -1, -21988, 23736, 17054)
(-1, -12, -14, -6416, 24129, 21035)
(88, -35, -19, 22514, 23238, 14430)
(-113, 108, -83, -32447, 17040, 11893)
(30, 25, 114, -32447, 24938, 14485)
(59, 113, 126, -32447, 24601, 19860)
(-46, -104, 57, -32447, 26320, 26857)
(-71, -72, -2, -32447, 20150, -27272)
(-125, -46, 90, -32447, 6884, -32065)
(-70, -85, 30, 20215, 4384, -32065)
(-1, 23, -78, 26763, -3316, -32065)
(-122, -116, 95, -5810, -28396, -32065)
(38, -32, 44, 22962, 29421, -32065)
(7, -75, -86, 18202, 28521, -32065)
(-50, 67, -108, -16563, 30733, -32065)
(-19, 120, 10, 322, 30733, 7339)
(117, -33, 45, 7537, 30733, 9414)
(59, 123, -34, 18641, 30733, -32065)
(-78, -34, 119, 11617, 31518, -32065)
(-77, 112, 89, -7541, 4535, -32065)
(-32, 117, 82, 24787, -31970, -32065)
(52, -100, -24, -32447, 31433, -21581)
(-37, -87, -121, -32447, 27793, -10042)
(-42, -38, 65, -32447, 13993, 13510)
(-84, 81, 103, -32447, 1851, 31399)
(20, -57, 110, -15671, 9751, -27945)
(-66, -56, 8, -14471, -16994, -31569)
(-123, -92, -114, -1828, 22021, -32064)
(82, 19, 11, -16166, -16748, -32064)
(64, -64, -112, 14211, 31821, -32064)
(44, -102, 84, 26681, 3925, 2621)
(34, -11, 61, 28963, -21535, -32291)
(96, -87, -22, 320, -30748, -18870)
(-59, -28, -26, -32447, 27908, 26853)
(-30, -2, 54, -22444, 30733, -32148)
(-94, -44, -94, -13936, 30733, -32064)
(-12, -85, 126, 23422, -25125, -18315)
(103, -68, -37, -6738, -24512, 6645)
(64, -8, 74, -27530, 26228, 4596)
(82, 0, 91, -29381, 30733, 20492)
(33, -63, 87, 6269, 30733, 31633)
(5, 60, 111, -16216, 30733, 4069)
(78, -21, -69, -27263, -23515, -17397)
(-74, -71, -85, -12329, 29290, -11152)
(105, -62, -7, -4772, -24945, -7740)
(38, 94, 64, -7291, -20577, -9510)
(-124, -69, 66, 4549, -10239, -6009)
(50, -47, 73, 12948, -12094, 1516)
(-13, 126, 99, 562, 3477, 18456)
(44, 15, -74, 25004, 25219, 17914)
(-18, 13, 75, -7469, -29000, 22230)
(-16, -111, -54, -9460, 22020, 21562)
(3, -8, -83, -16381, 24886, 11717)
(60, 119, 97, -27098, -31828, 5674)
(100, 115, -19, -29247, 30735, 2769)
(3, 26, -34, 30344, 30735, 15212)
(65, 36, 64, -32447, 30735, -31168)
(106, -97, -67, -32447, 30735, -28738)
(-119, -111, 39, 159, 30735, -32063)
(-102, 50, -79, 22221, 27282, -32063)
(127, 99, 116, -32447, 6038, -32063)
(18, 27, 100, 28972, 11861, -32063)
(-70, -37, -99, 25711, 28976, -11553)
(-9, -36, -56, -30106, 30735, -10040)
(113, -20, -32, 29412, 30735, -19537)
(-44, -13, -56, -21046, 30735, -20340)
(125, -74, 44, 321, 30735, -25511)
(-114, 43, -78, -32448, 30735, 29030)
(-106, -54, 51, 13448, -5215, -32064)
(-124, 9, 34, -17408, 7645, -32064)
(79, -32, -61, -24767, 10808, -32064)
(23, -3, -25, 27157, 19267, -22153)
(23, 101, 100, -32448, -27061, -5560)
(-117, 19, 117, -32448, 7527, 5984)
(114, 125, -25, -30628, 27192, 31333)
(22, -101, -119, -13012, 8007, 30332)
(38, -103, -105, 26408, -16364, -28914)
(-86, -40, -16, -23632, -19046, -32062)
(78, 11, 48, 32326, -17814, -32062)
(-48, 119, -88, -32647, -2391, -32062)
(115, -97, -23, 32648, -22516, -32062)
(106, 13, -90, 1624, 8367, 16948)
(118, 114, -103, -32447, -29637, 12982)
(-86, 21, 33, 320, -7055, 6771)
(-31, 73, -31, -32447, -3863, -23191)
(13, -97, -16, 322, 16237, -12475)
(98, -86, 62, 390, -26275, 24439)
(68, -53, -27, -10625, -30985, -31361)
(84, 52, -27, 8678, -6895, 3057)
(11, -66, -16, -24463, -28720, -1854)
(-123, 81, -119, 18179, 25358, -5538)
(21, -102, -94, 27992, 30733, -26777)
(-87, -84, -2, 19295, 30733, -29521)
(106, -32, -51, 18990, 30733, -21949)
(9, 104, 3, -23414, 30733, 875)
(-42, -38, -106, 25545, -3397, -831)
(-82, -98, 100, 8588, -31679, 5658)
(-120, -127, 20, 10898, -22002, 339)
(-101, -63, 19, -5570, 4178, -4388)
(84, -51, -74, 2284, -9834, -2271)
(-59, -102, -115, 14599, -14560, 3281)
(-113, -107, 28, -4405, -4444, -267)
(-103, 3, -35, -6642, -13940, 6187)
(63, -94, 53, 2152, -6603, 1823)
(-103, -51, -98, 11876, 335, 8488)
(-58, -54, 115, -22021, 16135, 3457)
(-85, 78, -118, -9134, 18327, 8779)
(-107, -68, -52, 23258, 27981, 7653)
(84, 45, -19, 32640, -31518, 14804)
(-76, -72, 90, -32449, 30791, 16033)
(115, -48, 54, -32449, 30735, 25243)
(-112, -45, 100, -32449, 30735, 31509)
(120, -48, 11, -32449, 26256, -29451)
(-30, 76, 82, -32449, 17138, -32058)
(104, -85, -95, -32449, -3685, -32058)
(-80, -54, -2, -15823, -10580, -32058)
(69, -51, -54, 31632, -29073, -32058)
(-82, -37, 32, -22889, 22374, -32058)
(-74, 96, 39, -32449, -2761, -32058)
(-11, -91, 12, 320, -32496, 21284)
(-16, 27, 85, -26939, -22168, 3750)
(-56, 20, -34, 10136, -16534, -15175)
(-105, 28, 84, -14489, 22499, 434)
(114, -46, -107, 2638, -8012, -7784)
(-47, 120, 99, -18999, -5276, -5366)
(127, 105, 43, -11791, -11807, -2580)
(-125, 9, 89, -2206, -9497, -1657)
(-74, -40, 37, -10045, -9096, -1384)
(-42, 52, 126, -13539, -7048, -2131)
(96, 8, 24, -31200, -4411, 250)
(6, -100, -45, -24270, -7564, -2198)
(-119, 31, -109, 8410, 863, -313)
(96, 51, 91, -5902, -2251, 334)
(106, -59, 114, 1929, -3726, 2149)
(124, -2, -53, -1782, -4596, 2843)
(-108, -2, -68, -791, -3169, 1674)
(-128, 50, 112, -14267, -7653, 1042)
(17, 74, 35, 21770, -20177, -10873)
(95, -82, -42, 7688, -23757, -30119)
(50, 126, -75, -13059, 30559, 28626)
(80, 121, -127, -32448, 28498, -32056)
(3, 2, 50, 12097, -30534, -32056)
(105, 55, -106, 13677, -6459, -32056)
(116, 115, 7, 30969, 27278, -32056)
(-61, -123, 71, -21655, -31944, -16381)
(6, 12, -79, 29491, 32706, -117)
(1, -71, 124, -32448, 30736, 14706)
(-95, -41, 73, -32448, 1781, -19629)
(-76, -29, -105, -32448, -13198, -31848)
(23, 78, -21, 2250, 13432, -32056)
(-73, 107, 18, -14945, -10888, -32056)
(44, -28, -51, -14515, -5365, -32056)
(24, -125, -126, -8889, -29927, 25980)
(122, -6, -34, 4852, 31449, 8537)
(-63, 14, -44, 31577, 28311, 25453)
(-4, 85, 126, 318, -18999, 31973)
(-55, 101, 74, -32449, 25469, -23023)
(-126, 9, -83, -32449, 30736, 30059)
(95, 13, 20, 29990, 30736, -32056)
(106, -99, 23, -11802, 30736, -31651)
(61, 90, 46, 22908, 23988, 13109)
(-92, -64, 24, 318, 11140, -1721)
(115, -43, 68, -32449, 30736, 9754)
(-106, 35, -97, 320, 1235, 23095)
(-21, 0, 117, 21977, 18725, -4696)
(73, 53, -118, 3238, -5161, -5377)
(45, 17, 71, -22443, 4340, -2399)
(-17, -32, -127, -17073, -14354, 7850)
(89, -55, 109, -9413, -13638, 11242)
(107, 84, -50, 18184, -24795, 21646)
(2, -118, 25, 28850, -15267, 16368)
(-40, 115, -111, 23716, 8462, 16206)
(11, 124, -98, 5697, 28041, 15536)
(20, -62, 53, 11107, -28770, -1320)
(-43, -57, 37, -32449, 30737, 79)
(77, -120, -4, -32449, 30737, 2391)
(-24, -3, 12, -32449, 30737, 12357)
(-95, 92, -115, -32449, 17240, 31222)
(-79, 125, 93, -32449, 4624, -27216)
(67, 112, 30, -7544, 438, -32058)
(-49, -112, 11, -28121, -2595, -32058)
(91, -62, -122, 10906, -6034, -32058)
(-5, 98, 103, 9951, 15430, -32058)
(17, -23, -12, -32274, 30737, 25687)
(-126, 52, -23, 12037, 30737, -20823)
(65, 47, 84, 30887, 30737, -20668)
(-26, 42, 10, 30609, 30737, 25081)
(103, 50, -111, -27613, -26226, -32058)
(-122, -115, 81, 25814, -19009, -32058)
(76, 78, 92, 26661, 7891, -32058)
(49, 84, -78, 28258, 12330, -24276)
(33, 112, 71, -32447, 32377, -18345)
(35, 74, -4, -32447, 15944, 433)
(84, -19, -125, -32447, 15292, 15320)
(-44, 28, -109, -32447, 19215, 25372)
(-80, 102, -10, -13857, 5097, -25103)
(8, 32, -115, -4515, 2305, -32058)
(-23, 80, -46, 26207, 9274, -32058)
(51, -47, -95, 31591, -8127, -32058)
(40, -20, -124, -4563, 1269, -32058)
(78, 86, 124, -7472, -5495, -11407)
(-82, 36, 49, 14384, 15186, 22094)
(61, 93, 121, 320, -25790, -31125)
(61, 43, -34, -32447, 27734, -25059)
(-38, 21, -15, -32447, 30737, -11889)
(121, -75, -108, -32447, -29742, -3824)
(18, -4, -14, -32447, -32383, 6625)
(-60, -82, 60, 3395, 29370, 30434)
(-109, -34, -51, -4230, 30737, -11310)
(-114, 82, 59, -20336, 30737, -11276)
(58, -73, -41, 6910, 30737, -4100)
(-101, -37, -8, -28151, 30737, -29552)
(-128, 27, 75, -1708, 30737, 20915)
(-71, -95, -40, 21076, -3308, -3116)
(4, -90, 34, 5411, -15026, 3813)
(113, 96, -19, 586, -10284, 3634)
(93, 33, 29, -3038, 2736, 12190)
(81, -24, -4, 9154, 1444, 7175)
(70, 114, -28, 11092, 5368, 19641)
(19, -40, 69, 19952, 8177, 8274)
(-54, -48, 98, 28451, -32213, 18183)
(95, 21, -7, 30923, -32346, 16544)
(111, -113, -50, 31618, 30970, 21982)
(65, 71, -108, -32445, 30738, 24575)
(-6, 126, 120, -26871, 30738, -32088)
(-68, -38, -40, 31233, 30738, -30313)
(98, -125, -99, -32445, 13978, -32057)
(120, 7, -63, -32445, -17249, -32057)
(96, -16, -123, 9279, 29449, -32057)
(36, 24, 116, -10587, 29681, -32057)
(-6, -91, -12, -11600, 10568, -32057)
(103, -46, -90, -32445, 15227, -32057)
(88, 42, -86, 324, 10695, -4402)
(66, 2, 61, -32445, 20992, 15355)
(26, 40, 89, 322, 28929, -32729)
(-48, -70, 9, -32445, 30736, -32057)
(-96, 127, 33, -32270, -23614, -32057)
(40, -27, 14, 23586, -12119, -32057)
(-116, -32, -112, 13796, -21920, -32057)
(-75, 25, -104, 32077, 2774, -32057)
(79, 61, -32, -32445, 24293, -26919)
(-88, 120, -92, -32445, 25383, 3289)
(92, -105, -2, -32445, 28830, 26935)
(-116, 110, -52, -32445, -15527, -27975)
(-5, 15, 9, -32445, -5340, -30421)
(90, 9, 53, 19877, -22568, -32056)
(-6, -63, 97, -14476, 7627, -32056)
(-100, -79, -16, -29611, -19165, -32056)
(-107, 94, -52, -4557, 12599, -32056)
(117, -72, -25, 20621, 11290, -8558)
(124, -31, -123, 26326, 32299, 15927)
(-104, -66, -86, 322, 31929, -12109)
(-120, 110, -120, -32445, 30167, 30401)
(115, 64, -8, 21012, 30737, 32245)
(32, -64, -70, -6574, -30591, -32057)
(-56, 114, 57, -32445, -23089, -19679)
(-85, 52, -2, 9010, 26367, -5503)
(-81, -51, 113, -20559, 30737, 5507)
(105, 20, 92, 29337, 30737, -19803)
(99, -37, -106, -2496, 30737, -16404)
(43, -116, 114, 324, 18943, 23589)
(54, 32, -61, -15867, 12823, -4500)
(62, -60, -96, 12282, -17632, -6831)
(9, 93, -125, 22434, 6359, 3719)
(-12, 53, -87, -23554, 20717, 7279)
(15, -49, 77, -32445, 31570, 17123)
(28, 3, -74, 14773, -32061, 30176)
(-40, -53, 74, -14470, 30736, -27566)
(1, 83, -20, -8305, 25153, -32056)
(-78, 21, 7, -12684, 3320, 2643)
(-72, -72, -118, -18745, 24701, -6445)
(16, -1, -25, -21519, 18470, -27065)
(-10, 6, -27, -30936, 22277, -27016)
(-18, -46, 2, -32673, -30032, -27984)
(-64, 89, 96, -22871, 30737, 32605)
(-99, 27, -118, 29543, 30737, -22178)
(-83, 94, -25, -32445, 30737, -21259)
(-78, 88, 74, -32445, 18962, 5695)
(-50, -44, 107, -32445, 6837, -27200)
(-36, 17, 98, -14701, 21927, -27476)
(107, 38, 78, 6793, -32025, -32056)
(-66, -4, -65, 29506, 28181, -32056)
(21, -109, -105, -3499, 30737, -32056)
(20, -88, 50, 324, 30737, -25142)
(29, -23, -21, -32445, 30737, -30410)
(50, 112, -65, 25503, 30737, 28523)
(6, 12, -83, -18994, -24195, -32056)
(-21, -64, 7, 324, -13953, -32056)
(-75, 16, -13, -22398, -6548, -32056)
(-100, -18, -78, 29742, 21643, -24212)
(-104, 109, -115, -32445, 31559, -13187)
(-111, 52, -125, -32445, -31769, -938)
(-90, -5, -1, -32445, 27913, 15653)
(-114, -103, -86, -32445, 31598, -22608)
(-75, -37, 61, -12748, 15226, -31001)
(3, -49, 83, 5654, 21476, -32055)
(116, -13, -110, 18203, -5646, -32055)
(27, -8, -72, -14405, -11828, -32055)
(-17, 40, -108, -5692, -312, -32055)
(116, -25, -22, 323, 27967, -17564)
(-41, 72, 110, -32446, 31825, 17729)
(-63, 40, 11, 321, 28885, -13513)
(59, -102, -65, -32446, -17275, 27301)
(27, -61, -98, 19757, -20785, -32055)
(-49, 10, -122, -6157, -17948, -32055)
(51, 71, 13, -32446, 22914, -32055)
(34, -108, 119, 323, 30737, -32055)
(-80, 73, -108, -28295, -31749, 7766)
(-48, 82, 4, -1062, -26248, 26242)
(78, 14, 83, -32446, 20266, 1717)
(40, -38, -112, 18467, 30737, 4912)
(89, 56, 61, 27042, 30737, 14757)
(-55, -100, 13, -14250, 30737, -32054)
(-34, -3, 25, -27589, -14382, 312)
(-48, -21, 67, -32446, 23932, 5148)
(-87, -99, 62, -32446, 30737, 16547)
(-82, 125, 38, -22266, -17732, 3698)
(-37, 104, -87, 24465, 20514, 15046)
(-111, 17, -53, 26850, -22366, 30550)
(32, 7, -58, 50, 30737, 16099)
(-8, 68, -78, -15923, 30737, 21269)
(106, 82, -20, 8999, 30737, 17758)
(-102, 103, -52, 3556, 30737, -4930)
(107, 29, 99, 15129, 30737, -11629)
(118, -12, -128, -32447, 30737, -10621)
(-9, 14, 2, -32447, 30737, -2421)
(21, -11, -42, -32447, 30737, 4777)
(-114, 66, -14, -32447, 30737, 23622)
(-113, -122, 41, -32447, 18888, 32252)
(6, -19, -4, -29484, 9411, -28777)
(-124, 127, 72, 19098, -4121, -32053)
(-67, 72, 17, 7890, -26707, -32053)
(-46, -45, -128, -25448, 21927, -32053)
(-125, -103, -81, -17257, 30737, -32053)
(89, 48, -36, 17826, -30393, -24660)
(-34, -16, 119, -7359, 29269, 27432)
(35, -91, 28, -29886, 30737, -22439)
(-112, -84, 58, 323, 30737, 29464)
(-30, 114, 115, 26987, -15474, -32053)
(47, 105, -22, -26413, -2331, -32053)
(-5, -125, -20, -15401, 10953, -32053)
(114, 47, -44, 25046, 31045, -23737)
(29, 58, 108, -30682, 19487, -12790)
(16, 84, -90, 32445, 20721, 1152)
(67, 61, -29, -32447, 12887, 18046)
(-59, 57, -112, -32447, 6656, -30010)
(31, 83, -42, -23454, 1661, -28880)
(-59, -4, -36, -15515, -23401, -32053)
(106, 75, 38, 11192, -14476, -32053)
(-3, 126, -85, 4019, 31445, -32053)
(-64, -128, -78, 29099, -23338, -5427)
(-114, 105, -38, 28505, 15993, 30108)
(-74, 94, 11, -8844, -21771, -25839)
(86, -62, -39, -29393, -8567, 29587)
(-89, -44, -75, 322, -31885, -32053)
(-17, 71, -92, -916, 26367, -32053)
(-16, -71, 28, -32035, -29544, -32053)
(44, -98, 115, -12534, 28984, -31127)
(-43, -30, -112, 27704, 30736, -27981)
(48, -7, 48, -5118, 30736, -21932)
(-77, -121, 35, -11240, 30736, -18522)
(-113, -121, -79, 20293, 30736, -12949)
(-26, -66, -50, 31245, 30736, -12593)
(-98, -111, -41, -11261, 30736, -25455)
(-113, -42, 3, -10906, 30736, -6889)
(61, 63, 67, 6203, -27537, -6374)
(49, 36, -86, -23270, -27382, 10124)
(93, 26, 46, -1579, -1915, 23485)
(75, -86, 55, -32476, 2929, 23265)
(55, -111, 0, -28586, 30232, 26248)
(41, -86, -114, -10797, 29985, 22978)
(21, -80, 123, -25637, 13007, 9872)
(61, 121, -24, 9953, 860, -10667)
(69, -90, 1, -6880, 1659, -18200)
(-23, 39, -124, 16505, 18389, -19067)
(5, 21, -120, -32447, 24204, -17006)
(64, -67, -78, -22725, -31681, -22053)
(21, -113, -41, -10476, 29986, -17097)
(-87, 96, -22, -29077, 31051, -11033)
(-38, -7, -32, 29166, 30791, -834)
(-61, 86, -46, -32446, 26786, 17824)
(77, 17, 10, -32446, 18206, 30835)
(-24, -53, -72, 11870, 12863, -28132)
(-82, 10, -34, -9550, 20837, -31769)
(-46, -100, 12, 20534, -23659, -32050)
(0, 39, -105, -11254, -17339, -32050)
(80, 43, -73, 28103, 4855, -32050)
(-106, 127, 5, 29199, 15428, -32050)
(-4, 101, 19, 5030, 8473, -32050)
(79, -75, -22, -30676, 30738, 28768)
(108, -29, 60, -15196, 30738, -28235)
(-3, -16, 90, 30515, 30738, 29098)
(71, 47, 21, 24685, 30738, -32050)
(-88, 69, 49, -6533, -30263, -32050)
(-106, -122, -24, -23254, 13949, -32050)
(-12, 33, 117, -28435, 12559, -21892)
(-47, -97, -43, -8885, 26783, -7414)
(-43, 16, -66, -32281, 20711, -549)
(40, -70, 22, -30278, 14831, 16772)
(-75, 98, -2, -10511, 23359, 26412)
(49, -121, 52, -14601, 26864, -28410)
(92, 84, -36, -15388, 27877, -31147)
(-45, 32, -40, -23128, 13370, -32048)
(-104, -61, -42, 27135, 3485, -32048)
(29, -123, -16, -12226, -2703, -32048)
(27, -5, -74, -28265, 30141, 12758)
(33, 2, 108, 322, 29911, -2831)
(113, -52, 85, -3036, 29093, 15130)
(82, -66, 60, -9483, 14132, -19306)
(-98, -56, 91, 322, 14428, -8388)
(3, -119, 86, 7776, -1488, 24185)
(102, -121, -74, -13087, -21480, -29673)
(51, 110, 53, 28258, -14514, -23979)
(19, 102, -48, -28215, 26878, 30533)
(-6, -4, -110, -16563, -29164, -32049)
(0, -75, -9, 12023, 28234, -27745)
(113, 112, 49, 15130, 30736, -29928)
(-125, -81, -89, -22051, -24865, -9571)
(-6, -111, 98, -25701, -22947, -235)
(-77, -20, -109, -25892, -12418, 5200)
(-116, -67, -62, 22657, -11420, -5713)
(3, -23, 45, -1683, -17574, -651)
(45, -63, -71, -5111, -12283, 1288)
(-109, -55, 77, 27026, -9918, 7572)
(-44, 2, -47, -3021, -11136, 164)
(-23, 58, -115, -2044, -8069, 5843)
(36, 107, -117, -12237, -8151, 1425)
(-94, 97, -66, -51, -3958, -3058)
(-78, 36, -93, -12869, -2250, 2066)
(71, -68, -42, -6514, 421, 9409)
(119, 45, -39, -6583, 4894, 15355)
(58, 46, -44, -7565, -3514, -30132)
(39, 70, -20, -14710, 3621, 18847)
(-58, 62, -14, -3105, -20411, 17471)
(65, -16, 38, -30012, 30739, 8717)
(2, 50, 102, 27897, 30739, 5835)
(0, -46, 117, -32446, 30739, 29261)
(-101, -106, 120, -32446, 6559, -26378)
(71, -20, 69, -32446, -3438, -32047)
(7, -100, -46, -32446, 12051, -32047)
(-125, 7, 98, -1464, 31188, -32047)
(-68, -58, 90, 19342, 30590, -10101)
(58, 14, -26, -6604, 30739, -9839)
(77, 94, 101, -17621, 30739, 28699)
(-25, -38, -57, 323, 30739, 5142)
(37, 117, 49, -17641, 28334, 20127)
(43, -41, 116, -22423, 12727, -32047)
(113, -70, -115, -25036, -24885, -31360)
(124, -74, -83, 3022, 30739, -21785)
(57, -79, -16, -16579, 24064, 29992)
(-15, -71, -47, 23401, 18589, -7330)
(30, 61, 10, -32446, -2092, -28648)
(48, 38, 62, -32446, 13290, -25004)
(-47, 24, -22, -13472, 32379, -32047)
(-25, -3, 48, -27849, -15071, -32047)
(74, 97, 40, 7095, 10924, -32047)
(71, -56, -1, 4883, 28821, 28729)
(-31, 29, 66, 21001, 22837, 24154)
(-75, -80, 98, -49, -26748, -29018)
(77, 50, -56, -32447, 28054, -31698)
(76, 45, 32, 14642, 30737, -26504)
(70, 65, 53, -26298, 30737, 31492)
(-113, 22, -35, 16190, 30737, -22719)
(4, -108, -111, 25268, 30737, -19762)
(-51, -120, 91, 24810, 30737, -881)
(67, -113, 109, -26899, 30737, -16743)
(35, -76, -101, -25598, 30737, 22207)
(-118, 59, -31, 321, -26087, 10529)
(-44, 125, 72, 319, 30871, -10265)
(100, -76, 112, 17365, -18181, 12823)
(-87, -53, -62, -22228, -809, -4523)
(52, 51, -116, 9554, -14132, 7843)
(8, 2, 62, -7008, -1466, -974)
(-105, -85, 75, -30774, 15912, 1072)
(101, -109, -1, 17098, 26963, 4610)
(-20, -45, -27, 13583, -31344, 9256)
(-107, 68, 120, 18412, 31219, 22145)
(-114, -52, 11, -24102, 30739, 31736)
(-8, 35, -69, 22003, 30739, -28746)
(-115, 17, 7, -32448, 3481, -32045)
(-41, -16, -71, 319, 10447, -2533)
(63, -40, -58, 31218, -25371, -22390)
(-57, 30, 94, -3190, -27393, -30699)
(11, -79, 27, -8764, 30739, -19286)
(-94, 107, -10, 20799, 30739, -18582)
(118, -67, 37, -32448, 30739, -8604)
(-79, -45, -69, -32448, 30739, -29776)
(-102, 25, -20, -21208, 30739, 32681)
(-94, -3, 92, 29342, 23635, 31090)
(-89, 34, 4, -32448, 30021, -30390)
(-102, -54, -70, -163, 20846, 21227)
(-44, -84, -8, -32288, 30739, -24150)
(94, 19, 106, -2400, 30739, 21303)
(-71, -2, 71, -20620, 30739, 26368)
(-26, 85, -75, 320, 30739, 14024)
(-37, 111, 109, -32449, 32622, -32042)
(-108, 70, -116, -32449, -24503, -32042)
(-51, -72, -52, -21629, 30739, -32042)
(-53, -8, -117, 29481, 11159, -16016)
(-54, 62, 63, -32449, -712, 181)
(61, 65, -46, -32449, 10406, 30697)
(-28, -114, -32, -6298, -2766, -24361)
(120, -30, 120, -19772, 13926, -32042)
(16, 4, -56, 279, -13744, -32042)
(61, -102, 114, 12519, -16454, -32042)
(36, -128, -74, 318, -22949, -32042)
(-31, 98, 109, 27686, 15868, -7072)
(-108, -37, 113, 23965, -21552, 14249)
(-116, -105, -119, 318, 26324, 3888)
(81, 122, -44, -32449, 30739, -16197)
(9, 95, 89, 320, 30739, 24221)
(96, -119, 110, 318, -14890, -20888)
(-83, 25, -36, -32449, -32583, 10976)
(70, -83, 111, -32449, 27790, -352)
(120, 117, 97, 24379, 30739, -11747)
(126, -43, -77, 21812, 30739, -16602)
(64, 127, -83, 29278, -19606, 5164)
(110, 22, 71, 26794, -29118, 6542)
(68, -12, 13, -32603, 27159, -8558)
(-57, 57, 8, -12138, 30739, 5540)
(-125, -2, 114, -17873, -22561, 12946)
(86, 66, 120, 27833, -15859, 16078)
(-120, -52, -28, 19295, 11086, 31883)
(0, 24, -1, -24718, 8309, -28881)
(112, -78, 2, 16203, 10358, 24038)
(-45, 38, 33, -27638, 26271, 15893)
(93, -34, 121, -30027, 27418, -20924)
(-57, -30, -105, -12736, 32742, -23340)
(125, -26, -90, 18120, 31013, -17092)
(6, -82, 79, -32563, 30741, -7463)
(1, -46, -28, -32450, 30741, 3784)
(-121, -49, 34, -32450, 30741, 18494)
(93, 84, 1, -32450, 30741, -23296)
(-70, -67, -109, 15793, 26109, -31370)
(-35, 81, 88, 17005, 6486, 30020)
(8, 53, -99, -2749, -2834, -30884)
(-23, -12, 62, -2694, -15386, -32042)
(11, 106, -61, 32340, 12470, -32042)
(36, -91, 114, -26801, -22017, -32042)
(125, -103, -19, 690, 29308, -14709)
(19, 88, 47, -32450, 20297, 16794)
(-22, 108, -126, -23163, 30741, -18080)
(-41, 64, -3, -24624, 30741, -23432)
(-34, 91, -50, 319, 30741, -8326)
(106, -99, -123, -32450, 30741, 16834)
(123, -11, -121, 317, 1558, -32042)
(122, -40, -49, -18841, 18624, -32042)
(64, 101, 111, 25637, 16339, -32042)
(98, -59, 4, -14080, 1053, -16469)
(53, -102, -39, 26073, -30609, -9333)
(-107, -2, 104, -32450, 14118, 14020)
(-110, -82, 48, -32450, 2923, -30014)
(-72, -17, 77, -7479, 13386, -27947)
(59, 63, 44, -8569, 4569, -32042)
(-84, -47, 105, -17038, -25909, -32042)
(114, 43, 59, -1376, -17694, -32042)
(69, 6, 37, -30722, 32661, -32042)
(5, 1, 63, 6246, -9701, 18981)
(6, 11, 45, 3236, 11454, 27410)
(-83, 25, 117, -11577, 30741, 13929)
(8, -59, -120, 8230, 30741, -14537)
(-115, -43, -116, 8605, -19723, 22552)
(54, 19, 37, -7718, 9048, -26204)
(-54, -71, 48, -29771, 14452, 31548)
(-78, -4, 11, -18332, 30741, -32042)
(75, 52, -75, 28773, -27719, -32042)
(49, -107, 44, 13601, -20437, -32042)
(111, -10, 112, 21099, -25063, -23093)
(99, 34, 43, 29121, 25641, 31111)
(69, -86, -64, 2937, 30742, -32242)
(-84, 109, -125, -29637, 30742, -32042)
(48, 40, -36, -26395, 30742, -12011)
(77, 4, 36, -32448, 30742, 1811)
(-69, -104, -69, 9691, -15748, -10024)
(-47, 60, -73, -19845, -8452, -7283)
(54, -62, 15, 24842, 19972, -8969)
(14, 55, 25, 10019, 28413, -7894)
(82, -67, 43, -6588, -30389, -1737)
(48, 1, -66, -4669, 30744, 1290)
(16, -32, -118, -29501, 30744, 10735)
(123, -68, -88, -11326, 30744, 12506)
(-35, 70, -109, -2561, 30744, -32623)
(18, 121, 54, 20131, 30744, 29090)
(-106, 40, -99, -32448, -7682, 7550)
(91, 127, -114, 32153, -21984, -3365)
(113, 65, -46, -17439, 30744, -13467)
(-69, 21, -49, 20908, 30744, 10060)
(37, 114, 91, -32448, 7963, 26068)
(-69, 43, -111, -32448, 15070, 27591)
(47, -81, -97, -12638, 26655, -27613)
(123, 55, 50, 6946, -19956, -32043)
(-123, -120, 38, -22295, -26171, -32043)
(40, -33, 97, -25527, -17820, 32548)
(32, 51, -13, 13632, 23319, -23936)
(-76, -65, 37, -21373, 30742, 3079)
(-104, 74, -17, -12998, 30742, -6953)
(37, 91, -15, 15895, 30742, -30340)
(15, 107, -34, 21084, -6193, 28337)
(-122, -33, -93, -18634, 22576, -32043)
(-48, 77, -8, 8747, 9573, -32043)
(22, 112, 36, -23349, 8841, -32043)
(16, 4, 99, 24306, 12423, -32043)
(20, -37, 81, -32448, 16616, -13047)
(-20, -67, -107, -32448, 810, 22767)
(71, -91, -103, 15260, 6976, -19656)
(-50, -39, -83, 10942, 9625, -32043)
(74, -7, -21, -27112, -314, -32043)
(-14, 113, -69, -28423, -4215, -32043)
(-47, 19, 41, 32130, -20582, -32043)
(-39, 83, -74, -2648, -27427, 22604)
(-64, 68, 35, 20375, 17598, 20149)
(-9, 22, 87, -24260, 32545, -25403)
(-40, -117, -12, -24255, 30139, -22472)
(-14, 127, 72, 2255, 30740, 29929)
(62, 110, -30, 17422, 30740, -32360)
(1, 14, -16, -23801, 30740, -27824)
(77, 108, 103, 9494, 30740, -12396)
(-57, 7, 8, 2799, 30740, -14959)
(60, 70, -68, 1583, 30740, 11634)
(-89, -120, 17, 32630, 30740, 2053)
(-46, -82, 33, 19256, 30740, -4777)
(-17, 77, 59, -5786, -28991, -5358)
(102, -12, 36, 24908, -31077, -5241)
(-98, 70, -124, -23894, -19679, 9496)
(-16, 110, 62, -26218, 19992, 9010)
(21, 52, -85, 3414, 5367, 8361)
(0, -58, 7, 23051, 31874, 15530)
(98, 64, 127, 18509, -30953, 25358)
(86, -58, -94, 8288, 30740, 20478)
(61, -42, 125, 2712, 20450, 7132)
(-105, -13, 34, -18097, 9196, 3952)
(-74, 68, -36, -29149, 10282, -245)
(-20, -20, 48, -30261, 29424, -3629)
(79, 72, -50, 13666, 29548, -1184)
(127, -18, -74, 21919, 28834, -8010)
(94, -34, 107, -28034, 31913, -2780)
(83, -22, 57, 22151, 30741, -6267)
(-102, -92, 95, -24009, 30741, 911)
(-66, 107, 4, 25365, 30741, 17553)
(-93, -126, 125, 32626, 28590, 30236)
(77, -69, -51, 20243, 7662, -27264)
(106, 20, 123, 32728, -16160, -32046)
(-6, 77, -62, -16733, 32597, -32046)
(18, 6, 42, -15414, 1596, -32046)
(8, 122, -21, -7745, 24900, -32499)
(10, 33, -65, 319, 28038, -21658)
(122, -8, 69, -32450, 31125, 21588)
(19, 98, 73, 317, 30611, 32680)
(43, -84, -109, 319, 30739, -30669)
(120, -2, 109, -22991, 30739, -32505)
(-70, -79, 50, -12150, -19926, -32046)
(-39, -62, 19, 27186, 25661, -32046)
(28, -24, -84, 32447, -23835, -17410)
(113, -36, -3, -24998, 30739, -12937)
(125, -67, 50, 30602, 30478, 8639)
(-68, 57, -28, -32450, 8542, 26832)
(-96, 113, -37, -22185, 5540, -24313)
(26, 101, 83, -26935, -10384, -32046)
(-126, 26, 122, 30108, -31641, -32046)
(94, -96, -89, 23492, -17014, -32046)
(-124, 8, 91, -18329, -10024, -32046)
(66, -122, -37, 15590, 31912, 28094)
(13, -118, 78, 27997, 19425, 24367)
(23, -22, -81, 318, -15457, -21444)
(26, -71, 87, 29119, 24291, -25581)
(97, 64, -37, 1642, -30267, 30157)
(27, 97, 25, 318, 7383, -642)
(91, 127, -98, -19490, 30738, 2945)
(82, 63, 41, 17845, 30738, 20681)
(83, -61, 59, -27885, 30738, 32708)
(78, 44, 15, 17511, 30738, 17913)
(26, 105, 68, 21542, 30738, -5524)
(-48, -90, -114, 13220, 31851, 979)
(-116, -46, -26, -2677, -23307, -621)
(35, 24, -27, 14900, -23153, 662)
(-92, -22, -96, 27999, -30381, 14952)
(103, -107, 81, 3403, -7061, 14940)
(56, -20, -27, -12789, -9029, 18968)
(-23, -14, 123, 27085, 10705, 26015)
(109, -55, 109, -12527, 16437, -29895)
(107, -102, -118, 17229, 22816, -32227)
(-91, 68, -120, 12417, 25532, 32551)
(27, 31, 79, -32631, 23102, 22460)
(-111, -79, -30, -15011, 23803, 22885)
(125, -111, -3, 4720, 17455, 15298)
(-81, -82, -89, 29674, 20051, 10568)
(46, -69, -82, -9924, 17643, 4943)
(23, -76, 101, -28206, -2615, -4773)
(5, 3, -3, -29273, 1610, -16166)
(71, -9, -68, 13340, 22361, 25281)
(45, -29, 14, -18888, -27304, 32715)
(-105, 110, 34, 2756, -926, -32047)
(20, -33, 29, -23520, -5343, -32047)
(-9, -57, 63, 30716, 14031, -32047)
(-48, -60, -94, -27880, -30141, -18844)
(20, 122, 41, 30660, -32766, 4682)
(97, 82, 34, -32449, 30668, 24218)
(-40, -43, -51, -32449, 8478, -22892)
(-15, 120, -33, -4226, -12465, -31952)
(-124, -94, -3, 24346, -22474, -32047)
(-94, 40, -62, -32671, -18289, -32047)
(15, -30, -40, -23672, -20995, 31005)
(33, -30, -85, -31435, 23258, -3354)
(-72, 76, 71, -6843, 30738, -15519)
(120, -74, 81, -11083, 30738, -15340)
(62, -16, 88, 3745, 30738, -20709)
(-51, 122, -21, -30598, 30738, 26492)
(5, 120, -42, -13838, -31193, -32048)
(-86, 101, 43, 4704, -2570, -32048)
(120, 121, 98, -32450, 25715, -21528)
(-8, 99, 96, -32450, 28138, -18193)
(11, -92, 103, -32450, 26377, 5213)
(-72, 114, -107, -32450, 22519, 18788)
(-48, 45, -84, -32450, 13317, -26011)
(-115, 57, 32, -12908, -2370, -30380)
(-57, -64, 50, -10557, -7459, -32047)
(-103, 33, 2, -8356, 8030, -32047)
(3, 71, -5, -15339, -21499, -32047)
(104, -42, -39, -1597, -17344, 4020)
(57, -122, 126, 12377, 13997, 15029)
(88, -97, -78, -10118, -15686, -16610)
(82, 79, 51, -28971, 24366, -23858)
(89, 61, 91, 320, 30737, -15437)
(-58, -34, -71, -3428, 30737, 26417)
(39, -90, -47, -31201, 30737, -32046)
(-76, 124, 16, 26618, 30737, -28468)
(-69, 25, -60, 2171, -13541, -16927)
(-118, -100, 127, 26322, -16562, -19650)
(2, 49, 76, -25246, -25795, -16557)
(22, 126, -67, 22549, 24922, 3809)
(123, -73, 110, -4821, 30737, -2679)
(56, -10, 64, -8892, 30737, 13298)
(-46, -77, -16, -32450, 30737, 11090)
(-113, 20, 2, -15175, -9080, -2176)
(107, 64, 106, -16363, 27464, 2489)
(44, -86, 99, 3211, 6419, 15955)
(-93, 113, -115, 6725, 19421, 13469)
(57, 42, -126, -6228, -32388, 22914)
(78, 47, 108, -5068, 20907, 15027)
(-46, -106, -118, 24957, 10293, -10686)
(-7, 104, -127, -30505, 27401, -12959)
(24, 6, 20, -12863, 32199, -11686)
(-11, -86, 125, 25811, 23686, -18532)
(-45, 82, 91, -23286, -32183, -19851)
(-71, 111, -92, 15559, 30738, -16037)
(-1, 103, -32, 28294, 30738, -18932)
(65, -12, -18, 28982, 30738, -4402)
(-91, -103, -19, -32451, 14091, 21150)
(-21, -120, -117, -32451, -633, -22632)
(-17, -58, -37, -17763, -1545, -31450)
(62, 28, -39, -4580, 2603, -32045)
(-89, 65, 30, -31675, 6297, -32045)
(-44, -108, -77, 21904, -22828, -32045)
(-63, -117, 29, 316, -3845, 27344)
(-76, -48, 50, 318, 16887, -23679)
(-38, -78, 47, -32451, 30739, 20463)
(3, -38, -51, 316, -5599, -2378)
(44, -35, 103, 318, 5352, -9831)
(4, -44, 16, -10486, -9570, 22790)
(10, -11, -2, -7005, -24849, -32045)
(-87, 54, 117, 318, 24893, -32045)
(-109, -40, -82, 13983, -6111, -15966)
(52, -100, -114, 18335, -26892, -11628)
(-56, 5, -127, -32693, 27854, 2784)
(-21, 91, -26, -32451, 554, 19278)
(16, 80, 123, -32451, 19041, -23637)
(3, -52, -116, -30034, -28708, -31236)
(-4, 71, -42, 32280, 6099, -32045)
(-9, -55, 62, -1471, 17830, -32045)
(32, -66, -114, 17702, 22999, -32045)
(127, 86, 11, -29525, -21386, 10446)
(-75, 117, 70, 3546, 16995, -27875)
(-67, -128, -125, -28559, 30739, 28980)
(42, 32, 115, -980, 30739, -17139)
(65, -107, 118, 319, 8036, 6189)
(-122, -73, -59, -32450, -20670, 18896)
(65, 13, -96, 317, 21271, -32045)
(-117, 18, 106, -32450, 30739, -32045)
(-22, -78, -89, 319, 4439, -23204)
(61, 87, 9, 10669, 2818, -9076)
(-69, 83, -115, -14056, -16705, 8765)
(50, 2, 126, 8428, 19076, 16433)
(-39, 92, -48, -24143, 30739, -1727)
(-3, 84, 71, -3353, -31210, -12430)
(-55, -53, -18, 319, 6487, 9746)
(32, -126, 104, -29337, 28129, -16572)
(11, -105, 122, 27150, -17920, 1905)
(19, 103, -94, -21562, 27799, 3049)
(122, -118, -2, 9934, -5511, 14344)
(-16, 8, -9, -22930, 8502, 27961)
(-110, -66, 72, -32450, -19863, -26286)
(76, -100, 36, 25162, 30739, 23218)
(-90, -91, -71, -30380, 6100, 26039)
(-36, 91, 120, 19126, 27796, -8696)
(113, 42, 56, -3462, -2556, -22333)
(36, 99, -112, 32281, 17806, -22144)
(-125, -91, -61, -22405, 31023, -23621)
(10, 15, -21, 86, -32086, -25856)
(25, -17, -27, -15489, 30738, -24947)
(-111, -66, 115, -18309, 30738, -17912)
(-47, -76, -24, -22012, 30738, -4446)
(74, 2, 20, 26920, 30738, 10028)
(-26, -19, 32, -32451, 21787, -28784)
(-110, 65, -102, -32451, 5645, -28121)
(-71, -114, 45, -20482, -31092, -32042)
(-92, -15, -48, -27957, -17296, -32042)
(106, 91, -85, -2511, 1865, -32042)
(-61, -119, -2, -32451, 25697, -18189)
(-49, 102, -20, 318, 27361, 2706)
(12, -56, -23, 27072, 30737, 25729)
(-61, 86, 84, -19525, 30737, -30730)
(-108, 81, 109, 318, 30737, -28861)
(124, -86, 93, -7941, -22137, 31954)
(77, 113, -16, -7854, -31836, -26987)
(50, 36, -73, -9154, 25860, 31809)
(-114, -123, 22, -7079, -32758, -20603)
(115, 43, 80, -17367, 24521, -2786)
(-85, 63, 14, 27928, 27392, 3774)
(-76, 76, 64, -26194, 32542, 16530)
(80, -34, 104, 30469, 26033, 32572)
(8, 118, 97, -32452, 18886, -27944)
(32, 112, 4, -24214, 13032, -32042)
(1, 66, 89, -21242, -3349, -32042)
(53, -59, -102, -4337, -17410, -32042)
(62, -20, -54, 317, -30146, -8938)
(63, -88, 53, -32452, -18039, -31106)
(106, 24, -39, 315, -7630, -1287)
(26, -15, -51, -32452, 21194, -17383)
(19, 23, 82, 317, 30091, -7664)
(-37, -105, -79, 29111, 5380, 22359)
(86, 37, 114, -25462, 17344, -32042)
(-113, -69, 24, -30700, 30738, -32042)
(92, -22, -35, -32452, 30738, -32042)
(108, 123, 79, 13339, -11899, -21957)
(-5, -118, -93, -24760, -11378, -13312)
(112, 118, -45, -31677, -14352, -3173)
(-88, -84, -86, 17089, -29216, -5201)
(80, 53, -52, 806, 25455, -13425)
(68, -97, 63, 2005, 30737, -12778)
(27, 98, -113, 6640, 30737, -5020)
(79, -2, -89, -18676, -30564, 10091)
(8, -26, 18, -32452, 29326, -23341)
(86, -67, -37, 6751, 16334, 25548)
(-71, -40, -39, -7162, 26425, 18942)
(7, -39, -108, -10711, 25500, 13137)
(-79, -81, -8, 10824, 23508, -2433)
(-7, 80, 9, 412, 30451, -7455)
(10, 67, 28, -25964, 32079, -15719)
(89, -105, 43, -20175, 30739, -12204)
(-127, -51, 73, 26363, 30739, -24237)
(-95, -11, -76, -32452, 30739, -17946)
(89, 75, 89, -28229, 30739, -9970)
(100, 116, 116, 31677, 30739, -2911)
(-19, -82, 5, -32452, 22957, 25151)
(-125, -92, 34, -32452, 19881, -24146)
(-99, 107, -105, 2254, -14871, -31540)
(8, 23, 62, -11253, -11171, -32042)
(31, -51, -48, 317, 1174, -32042)
(-101, 29, -33, -32452, -3100, -32042)
(42, -112, -11, -3096, 28018, -1107)
(-84, -43, -86, 1454, 26304, 2647)
(-65, -102, 64, -10060, 30740, 14853)
(20, -106, 43, -7149, 30740, -32042)
(101, -82, -52, 317, 30740, -20778)
(56, 69, 50, 315, -19950, 29740)
(24, -4, 36, 317, 18899, -32042)
(28, 59, -38, -32452, 22702, -32042)
(-66, -127, -13, -32452, -27710, -14691)
(-118, -41, -108, -32452, 30740, 7397)
(65, -124, 81, -32452, 13230, -25350)
(50, -19, -78, -32452, 10030, -28375)
(100, -82, 0, 4321, 18296, -32042)
(-66, 9, 88, -28383, -23536, -32042)
(-25, 72, 127, -10348, 8769, -32042)
(90, 124, -118, 2058, -27092, -32070)
(-126, 87, 29, -32451, -19188, 22581)
(68, 114, 126, 316, -21339, -4790)
(-94, 118, -54, 318, 24175, -22547)
(-94, 2, 97, 316, 30740, 27301)
(56, 70, -122, 9347, 30740, -32042)
(22, -7, 73, 8745, -13832, -32042)
(-57, 70, 109, -22278, -2445, 4147)
(122, -36, -53, -10264, -31126, 15229)
(79, 73, -70, -17828, 25145, 14420)
(-22, 92, 47, -29790, 30739, 3502)
(63, 28, 55, 15202, 30739, -5040)
(103, -12, 3, -18839, 30739, 624)
(-39, 63, -30, -5873, 30739, -13259)
(-25, 94, 99, -2506, -14244, 5709)
(-2, 87, -29, -14671, -527, 1600)
(-80, -37, 53, 2376, 3462, 13483)
(-2, -69, -118, -15589, 23864, 22657)
(3, 123, 12, -17980, 23104, 15562)
(23, 107, 45, 3135, 17023, 18693)
(67, 119, 32, 19144, 25232, 707)
(-24, 75, -55, 25407, -30879, -6994)
(-44, 72, 103, -7193, 30739, -19754)
(39, 122, -127, 20545, 30739, -16858)
(29, -88, 121, 32279, 30739, -6015)
(54, -65, 7, -32450, 30739, 26268)
(86, 121, -41, -31392, 30739, -28422)
(-44, 67, 26, -8184, 30739, -30068)
(-100, 87, -34, 24880, 10739, -32042)
(39, -123, 83, -32450, 19781, -32042)
(-17, -27, 72, -16572, -12843, -32042)
(116, 122, -67, -26942, -21483, 7170)
(-53, 49, 20, 6793, 23301, 7387)
(109, -36, 46, -16392, 30739, -760)
(107, -27, -54, 30801, 30739, -29732)
(-82, 80, 18, 1080, 30739, 26900)
(81, 116, 65, -32450, 30739, -32042)
(39, -94, -30, -22176, 14843, -32042)
(-48, 76, -115, 17944, 7189, -20681)
(122, 64, -11, 29710, -26559, -22071)
(49, -99, -33, -32450, 26649, 13201)
(-81, -17, 102, -32450, 32660, 28556)
(-78, -61, -108, -15102, 20159, -27975)
(-52, 101, 56, 27304, 1427, -31053)
(-64, -24, -108, -32450, -112, -32041)
(107, -95, -128, -13687, 14351, -32041)
(97, 76, 117, -27782, 14646, -32041)
(-88, 95, -38, 319, -23763, -1556)
(48, 9, 88, -32450, -3263, 12411)
(-38, -7, 66, 317, 16330, -5800)
(-89, 48, 82, -32719, -18349, 27262)
(-37, -68, 115, 22254, -7855, 32657)
(-115, -5, 47, 317, -32192, -32041)
(115, 72, -83, -32450, 26266, -32041)
(66, -77, -126, -32450, 30737, -32041)
(-55, -95, 84, 319, -17726, -32041)
(-100, 107, -20, -32450, 29932, -23960)
(-49, -119, -12, -32450, -30293, -17137)
(68, -120, -64, 317, 6847, 20029)
(47, -99, -127, -32450, -32387, 7348)
(-22, 20, 65, 13382, 29933, 13006)
(-107, 65, 16, 7251, 30737, 16405)
(-14, 16, -84, -5286, -9812, -9561)
(20, -44, 30, 3008, -27880, 6425)
(-58, 94, 41, -4788, 25655, 1558)
(-107, -60, 86, -3405, -25835, -2879)
(65, 33, -87, 17950, 6691, 19751)
(-43, -112, -96, -21374, -30156, 32496)
(84, 94, -28, 28239, -30367, 23038)
(-6, 3, 68, 12811, 30737, 29678)
(-4, 98, 68, -20038, 26628, 11207)
(77, 115, -104, -8200, 30982, -3916)
(-96, 15, 33, 24200, 31111, -17804)
(11, 90, -25, 32221, 30737, -15405)
(-89, -93, 56, -27910, 30737, -16404)
(-117, 76, 59, 3099, 30737, -9607)
(-111, 5, -113, 17937, 30737, -10955)
(101, -71, 22, -25034, 30737, -15097)
(84, -64, -104, 23645, 10770, 13492)
(77, -31, 49, -32449, -986, 26335)
(78, -36, -71, -32449, -10476, -25051)
(-119, -102, 121, 6913, -19031, -31962)
(-21, 109, 95, 21840, -20701, -32043)
(43, -55, 87, -22151, -10124, -32043)
(-73, -98, -33, 320, -2030, -9559)
(115, 41, -89, -32449, 30737, 15076)
(101, 14, -77, 318, 30737, -32043)
(-103, -104, 72, -32449, 30737, -32043)
(-112, 51, 44, 320, -27815, -8671)
(-81, 42, 111, 24215, -29789, 25703)
(122, 40, 70, 14199, -27055, -21510)
(82, 76, -118, -28705, 26844, -31330)
(-119, 24, -73, 31839, -30993, -18272)
(4, 81, -85, -32449, 30737, 1669)
(7, 35, 18, -32449, 30737, 23669)
(-104, -31, -19, -32449, 12110, -22153)
(75, 0, 71, -32449, 835, -32042)
(-39, 28, -40, 6644, 13975, -32042)
(-9, 71, -105, 17298, -3354, -32042)
(-43, 19, -58, 12161, -15134, -32042)
(-69, 48, 30, -32449, 30768, 727)
(-56, -108, 71, 318, 3057, -32042)
(-59, -35, 13, -32449, 30738, -27986)
(-31, -111, 127, 320, 30738, -25754)
(-36, 20, 118, 318, 30738, 30948)
(107, 65, 11, -32449, 30738, -32042)
(-35, -50, 40, 7601, -25258, -32042)
(38, -122, -109, 31609, -12652, -24753)
(-95, 61, 100, 10460, -14474, -12848)
(18, 53, 21, -12145, 21150, -1639)
(38, 87, -83, -29568, 30738, 10824)
(-34, 89, -3, -18229, 30738, -17799)
(15, -66, 92, -28144, 30738, -3091)
(-42, -39, -107, -234, -15841, 2692)
(101, -106, 123, 21740, -17634, -7925)
(117, -94, -10, -12840, -5282, -51)
(100, 16, -109, 9293, -10752, 5685)
(4, -104, 5, -93, -6637, -1305)
(84, -56, -13, 13648, -7092, 5421)
(-125, -39, 19, -3580, 14293, 7184)
(21, 48, -46, 14822, 20076, 11857)
(65, 109, -13, -30379, -27297, 8248)
(-8, 48, -65, -23409, 30740, 9598)
(118, 62, 24, -30743, 30740, 964)
(117, -29, 126, 30712, 30740, -9129)
(-32, 69, 10, -32474, 30740, -9848)
(86, 106, 111, -32452, 30740, -4909)
(26, 79, -122, -32452, 30740, 14753)
(-38, -46, 105, -32452, -4227, -29227)
(-37, 108, 28, -18497, 21309, -28705)
(-16, -106, 103, -14707, -25791, -32042)
(66, -76, 60, -1730, 28591, -32042)
(40, -13, -128, -193, 30469, -32042)
(-114, -73, -91, 15661, 23311, 1911)
(-109, -28, -12, -32452, 30741, -18177)
(-58, 93, -120, 315, 30741, -5721)
(-57, 29, -70, -27980, 30741, -16240)
(-5, -107, 79, 20671, 30741, 23963)
(28, 101, -63, -8837, 30741, -32044)
(-23, -34, 47, 3367, 3370, -24094)
(3, 71, -98, -32452, 30444, -31092)
(41, 1, -9, -22426, 26422, -18019)
(-15, 5, -105, 29742, 31267, -2240)
(-101, 86, -69, -32452, 30413, 16186)
(-43, -123, -28, -32452, 31203, 26221)
(111, 115, -8, -24769, -12612, -25347)
(-36, 115, -39, 8940, -11513, -32043)
(72, -120, -75, -17411, 6402, -32043)
(-52, -78, 31, -29262, -20381, -32043)
(90, 72, 14, 21440, 125, -29609)
(116, -4, -32, -17292, 23047, -1308)
(-26, -124, -43, -4739, -16151, -11955)
(94, -72, 124, -32453, 22876, -29167)
(105, 69, 44, 316, 30742, 28729)
(-56, -113, -62, 314, 30742, -32044)
(-44, -4, 78, -32453, 30742, -32044)
(-6, 97, -93, 22753, -10092, -26312)
(-65, 90, 40, 25604, -12276, -12574)
(-2, 36, -81, 19347, 2337, -15831)
(-28, -3, -92, -31675, -19058, 12805)
(-117, -116, 30, 5052, -23356, -6127)
(-30, 85, 116, -29125, -27094, -3662)
(-17, -110, 87, -5974, 26615, -1468)
(105, -21, -2, -28304, 30450, -1881)
(3, -99, 16, -30218, 30742, 3372)
(14, -64, -89, 29855, -31369, 9090)
(121, -2, -38, 13566, -25706, 21012)
(108, -13, -70, 13640, -6954, -30258)
(125, -64, 84, -20976, 11172, -29756)
(16, 17, 81, -32454, 14565, -32042)
(65, 123, 96, -22778, 27088, -32042)
(-81, -65, -41, -13834, 28712, -32042)
(36, 13, 102, -32454, -31131, 32139)
(-124, -108, 25, 2400, -10595, -26639)
(-122, 122, -88, 32387, 4343, 28203)
(-60, 63, -70, 10091, 31470, -32042)
(-7, -25, -70, 8045, 29314, -32042)
(28, 4, 92, -11149, 29777, -23922)
(19, 78, -72, -13891, 30057, -19890)
(31, -19, -40, 22502, 31319, -6078)
(75, -60, 111, -32454, 30744, 7173)
(109, 2, 114, -32454, 10542, -23012)
(84, 20, -99, -32454, -10737, -29629)
(76, 14, 14, 29228, -14034, -32040)
(-115, -121, -66, 17624, 18260, -32040)
(11, -44, 42, -23233, -2025, -32040)
(-65, -128, 2, 315, 15620, 10214)
(-3, 56, 85, -32454, -31768, 8489)
(-91, -73, 66, 313, 5931, -1816)
(103, -91, -29, 315, 30744, 45)
(113, -117, -91, -32454, 30744, 12161)
(-99, 70, -2, -32454, -20755, -32040)
(116, 117, -84, 313, -20003, -32040)
(114, -110, 75, -32454, 20281, -32040)
(33, -107, 97, -15929, -27256, -32040)
(-28, -104, -52, 16652, 5803, -32040)
(77, 97, -46, -32454, 25962, -15504)
(87, 91, 124, -21517, 31608, -9635)
(100, -50, 24, -27427, 29070, 3535)
(109, -23, 74, 30192, 32042, 14093)
(-75, -43, -12, -32454, 26200, 30981)
(-18, -88, -102, -32454, 10435, -27066)
(-106, -97, 67, -32454, -29904, -32039)
(-103, -100, 37, -6737, -2752, -32039)
(-101, 78, -58, -30104, -23360, -32039)
(63, -45, 3, 315, -30829, -15423)
(-12, -27, -121, -32454, 5579, 17036)
(-28, 11, -79, 313, 13208, -2131)
(-53, 60, -102, -32454, 30745, 32086)
(15, -71, 21, 315, 30745, 30643)
(59, 7, 120, 313, 11939, -32040)
(117, -64, -1, 25218, 15169, -32040)
(-7, -65, -108, -19144, 30745, -32040)
(-73, -119, 36, 32756, -3876, -18138)
(-9, -68, -63, 3413, -16639, 13528)
(-90, 48, 54, 13082, 21260, 13080)
(89, 23, -31, -1339, 30745, -12137)
(13, 50, -33, 24023, -17931, 1317)
(25, -119, 119, -587, -15389, -9675)
(125, -34, 11, 9505, -29019, -1661)
(118, -65, -59, -19689, -18051, 3517)
(87, -68, -17, 7731, -13730, 9457)
(30, 77, 100, -24003, -8744, 21553)
(-48, -49, 65, 2206, 25678, 27113)
(-20, 89, 6, -22162, 22998, 29883)
(-50, -48, -105, -7070, -30701, 29288)
(-120, -69, 70, -28978, 1153, 9144)
(-25, -5, -31, -25091, 6119, -10195)
(35, 48, 86, -15820, -7423, -16818)
(-104, -4, 64, -17991, 18433, -27657)
(43, 125, -17, -29154, -28167, -23416)
(-76, 15, -73, 26877, 31746, -20171)
(55, -3, 112, -32454, 30745, -17715)
(-6, -17, 20, -29277, 30745, -2884)
(-55, 4, -105, -20799, 30745, 811)
(-88, 36, 60, -1817, 30745, 10468)
(80, -79, -117, -37, 30745, 13576)
(-120, 81, -49, -31399, 30745, -32471)
(75, 63, 59, 2180, 20165, -28168)
(-116, 58, 17, 22137, 19388, -32039)
(27, -63, 27, 4771, 2939, -32039)
(-127, -47, -125, 13131, -2024, -32039)
(-63, 122, 18, -218, 26412, -32039)
(-46, -12, -72, -10433, -8243, 31467)
(-121, 70, -36, -211, 20193, 6336)
(66, -29, -10, -29692, 30259, 24595)
(25, -46, 78, -7831, 30744, 31063)
(-116, -103, -111, 315, 30744, -32039)
(27, -14, -44, -32454, 30744, -32039)
(85, 119, -2, -32454, -13070, -8786)
(-56, 101, -48, -32454, 14071, -5821)
(13, -105, -86, -32454, 24173, 11328)
(97, 76, 58, -32454, 30942, 28208)
(-100, -55, 63, -24956, 8458, -26499)
(56, 71, 52, 23663, 8724, -31683)
(28, 96, -29, 18535, -2048, -32039)
(102, -102, 28, 4586, -3761, -32039)
(69, -65, -33, 31544, 26030, -32039)
(71, 104, 86, 18523, -27801, -32039)
(-100, -61, 31, 6917, -1001, -32039)
(38, 70, -85, -32454, 28595, 730)
(110, 29, -121, 313, 9500, -13302)
(105, 83, -44, 315, 30743, -24875)
(-69, 56, -21, -32454, 30743, 29028)
(-45, -61, -63, 313, 31704, -32039)
(-115, -88, -98, -32454, -6484, -32039)
(-15, 118, 77, 315, -14090, -32039)
(-117, 82, 125, -32454, 28806, -32039)
(-61, -36, 90, 313, 18858, 6456)
(48, -81, -117, 26266, 26249, -4338)
(-81, 105, 101, -30182, 30743, -18907)
(16, -89, -19, 7508, 30743, 333)
(-92, 25, 17, -310, 30743, -4933)
(-11, -117, -43, 4267, 30743, -7239)
(4, -84, -84, 25130, 31099, -842)
(47, 105, 112, -25050, -12969, 9231)
(73, 25, -64, 27816, 15873, 13109)
(1, -73, 55, -18955, 11569, 21780)
(-48, -30, 33, 18477, -31288, 27139)
(-122, -18, -109, -30492, 20878, 21178)
(58, -77, 8, 19732, 13210, 17974)
(-68, 84, 127, -20365, 19654, 52)
(15, -4, 88, 4254, 27144, -4666)
(74, -97, 69, -20635, 24904, -10042)
(104, -44, -124, 23852, 23034, -10734)
(0, -98, 65, -32455, 26960, -9339)
(-103, 77, 114, -31246, 26627, -10406)
(-44, -107, 58, 32678, -32601, -7760)
(-13, -92, 88, -9818, 30745, 3273)
(103, 28, -59, -21628, 29504, 7763)
(-8, 126, -13, 26957, 23259, 24361)
(101, -89, -60, -32455, 17009, -28224)
(60, 76, -9, -32455, 2054, -30708)
(-62, -54, 0, -9005, -6293, -32037)
(-60, 97, -89, 18597, 28852, -32037)
(-12, 30, 47, -22817, 10536, -32037)
(-117, -71, -112, -4071, -24658, 31228)
(-115, -39, 58, -16603, 21784, -19686)
(-37, 96, -120, 28619, 30744, 18712)
(-74, -2, 89, -1373, 30744, -32037)
(-118, -83, 109, 10460, 30744, -32037)
(57, -117, 48, -1771, 30744, -32037)
(-45, 103, 24, 21728, 7201, -32037)
(-11, -99, 60, -32454, 19727, -32037)
(-103, 86, 96, -32454, -24863, -16398)
(10, -47, 98, -32454, 30744, -1380)
(-62, -28, -27, -32454, 16314, 23777)
(31, 84, 75, -32454, 10666, 27584)
(-111, -126, 85, -319, 1813, -26673)
(-29, 95, 32, -28459, -7010, -32037)
(41, 91, 96, 28180, -16762, -32037)
(8, 24, -74, -21768, 29141, -32037)
(115, 97, 89, -3249, -20074, -32037)
(-123, 119, -62, 31427, 7175, 15935)
(68, -47, 23, 866, 26346, 19158)
(-54, -89, -19, -21372, 26883, 29309)
(123, 81, -117, -25227, 30745, -32037)
(-105, -11, -8, 314, 30745, -32037)
(-53, 73, 60, -7953, 30745, -32037)
(124, 61, -1, 28610, -20988, -32037)
(126, 93, 127, 24568, 2179, -22678)
(11, -29, -10, -25085, -13648, -1059)
(-53, -98, 39, -22099, -23780, 3949)
(-120, -76, 74, 8556, 23186, -580)
(118, -49, -23, 8267, 30745, -16983)
(-4, 26, 17, -29955, 30745, -17257)
(-122, -99, -64, -29378, 30745, 4428)
(43, -80, -83, 30529, 30745, 9422)
(-15, -11, 50, -31605, 30745, 3155)
(34, -34, 16, 1417, 3201, 18186)
(74, -44, 79, 19989, 25418, 23720)
(15, 39, -13, -25824, -26315, 32182)
(43, -25, -71, 25361, 22975, 22592)
(115, -53, 69, -531, -2523, 13759)
(120, -29, 21, 18658, 19591, 12381)
(51, 45, 36, 1788, 29730, 372)
(-95, 114, -25, 13585, 19586, 1717)
(-108, 59, -111, -4624, 20206, -8448)
(-11, 43, -2, -13352, 2851, -8967)
(-32, -102, -1, -31375, 4545, -26944)
(118, -69, 113, -25845, -24355, 32390)
(79, 88, -53, -2584, 8055, 31940)
(-81, -60, -89, -23426, 21498, -32039)
(-66, 65, -91, -24516, -26690, -18080)
(79, 92, -82, 27111, 30744, -12393)
(-108, 35, 16, -32456, 30744, 3340)
(33, -106, -75, -32456, 30744, 14374)
(-97, 42, 72, -32456, 20433, -19633)
(2, -23, 45, -31353, 2606, -32019)
(-11, -85, 51, 32713, 18659, -32039)
(75, 118, -48, -32423, -22878, -32039)
(-95, 11, -82, 300, -23229, 12170)
(-42, 30, 77, -26235, 24936, 6377)
(34, -96, -110, -12685, 30019, -3393)
(47, 30, -118, -32456, 30743, 2792)
(-127, 112, 124, 313, 30743, -8646)
(-5, -87, 43, 311, 30743, -24765)
(-103, -43, -85, -21831, -14420, -10753)
(-6, -43, -37, 11946, -4207, -10107)
(20, 89, -70, 1027, 3582, -12612)
(115, -98, -86, -4527, 4356, -9746)
(-24, -101, 125, -14376, 5293, -6529)
(36, -80, -34, 267, 8810, -4163)
(120, -9, 7, -10945, -13043, -3595)
(62, -59, -59, -5673, -8244, -6230)
(-71, -3, -11, 10950, -9799, -693)
(-67, -101, 11, -21071, 6904, -20521)
(-2, 90, -69, -31756, 12335, -28058)
(47, 34, -34, -1278, 15698, -32284)
(-54, 21, 46, 27184, 28321, -27628)
(124, -116, 54, 31183, -31090, -20555)
(15, -49, 123, -32456, 30745, 11818)
(-124, 77, 81, -32456, -10267, -26320)
(20, 20, -99, -32456, -25575, 28095)
(99, -44, 30, 10443, 30168, -29020)
(-49, 116, -60, -2058, 27791, -32037)
(-121, 81, -78, -28254, -7428, -32037)
(-83, 29, 117, 27914, 22917, -32037)
(-62, 20, 34, 8600, -21082, -2504)
(-99, 45, -23, -11100, 26031, -23233)
(-62, -45, 23, -7367, 30744, 31400)
(-45, -16, -122, -32455, 30744, -27978)
(115, -1, -118, 314, 30744, 31285)
(105, -72, 26, 29300, -1019, -32037)
(54, 114, 126, 28106, 20005, -19791)
(-73, -42, 2, 28708, 11211, -14384)
(-127, -11, -125, -32341, 10438, -16737)
(-126, -51, 117, 24166, 29955, -15339)
(85, -33, -106, -32548, 30744, -27580)
(-53, 76, 70, -21605, 31532, 1253)
(-39, 69, -66, 314, -25123, -26319)
(115, 123, 94, 312, 7450, -7800)
(44, 69, 66, 10548, -1236, 4482)
(8, 85, 46, -7108, 13979, 8406)
(-77, 53, 9, 1779, -31812, 8381)
(35, 29, -48, -14839, -31546, 21323)
(46, 99, -10, 21532, 11074, -2039)
(-67, 91, 117, 16971, -1529, -3749)
(74, 18, -85, 27733, 24890, -8205)
(-25, -113, 14, 29374, 31341, -8916)
(107, 106, -67, -32454, 32635, -4139)
(-87, 68, -59, -32454, 30745, 3184)
(-106, -96, 41, -32454, 30745, 19470)
(95, 52, 88, -32454, 29594, -26459)
(59, 83, 6, -32454, -2343, -30495)
(17, -49, -107, -26806, -29115, -32037)
(37, -40, -97, -19382, -8692, -32037)
(73, -73, 15, 6252, -18834, -32037)
(9, 118, -118, 29980, -31601, 14248)
(-28, -114, 59, -20499, 26604, 24772)
(92, 95, -102, 314, 30744, 23955)
(-117, -70, 32, -7126, 30744, 5596)
(35, -95, -120, -20870, 30744, -32037)
(-90, 47, 0, 9277, -29806, -32037)
(-111, 117, 98, -8796, -8999, -32037)
(84, 63, 9, 28678, 6657, -28356)
(6, 102, -119, 30127, 14575, -19327)
(83, 117, 42, -32455, 25522, 1244)
(-11, -68, -83, -32455, 19524, 14326)
(-78, -117, -15, -27946, 18550, 30366)
(46, 56, -101, -6427, 17991, -27734)
(-32, 61, 123, -21410, 7223, -31667)
(-31, 90, -92, 26341, 17698, -32036)
(-47, -68, -5, -32455, -11786, -32036)
(-120, 60, -91, 312, -3888, -32036)
(18, 72, 95, -32455, -20805, -6393)
(-29, 17, 49, 314, 20863, -21108)
(-67, -51, 46, -17793, -31856, 23368)
(-126, 81, -16, -26420, 32638, -2685)
(88, -96, 71, 18283, -14331, 11574)
(-8, -64, 61, -26177, 23601, 23317)
(-108, 47, -32, -3777, 30741, 30962)
(82, 83, 122, 24881, 30741, -28751)
(93, 125, -31, 32496, 30741, 32405)
(116, -56, -64, -17634, -27649, -32036)
(33, -71, -87, 20014, 28359, 1692)
(26, 27, -69, -32455, -29604, -22483)
(-60, 15, -112, 312, 29010, 6683)
(91, -94, 95, -32455, 30740, 13247)
(118, 104, 14, -1467, -32513, -11191)
(-2, -100, -79, -15528, -11870, 6016)
(31, 102, -81, 11405, -8279, 6019)
(38, -98, 40, 18460, 3926, 8115)
(-97, -122, -90, 5989, 10605, 17235)
(32, 46, 33, 9255, 22979, 21126)
(-3, -38, -58, 12317, 17992, 16570)
(68, -5, -61, 9380, 11518, 6167)
(-65, 44, 18, -20868, 7740, -11373)
(79, -19, -26, -4110, 10882, -12712)
(-5, 7, -68, -23575, 21302, -15681)
(-96, -39, -79, -17654, 23021, -11268)
(-76, 98, 33, -30072, -30809, -12568)
(55, 23, 118, 29829, 30996, -5395)
(3, -107, -65, -32455, 29513, 3542)
(99, 22, 99, -32455, 28274, 18336)
(79, 86, 4, -32455, 2500, -21362)
(-76, 110, 97, -31214, -25093, -32036)
(-21, 59, -78, -30749, -11825, -32036)
(-88, 100, -81, -17778, -28409, -32036)
(96, 125, 83, 17474, -4836, -32036)
(36, 58, 76, -20466, -7229, -32036)
(-25, -50, 100, 25644, -29602, 23408)
(58, 12, -85, 24639, -7390, -6558)
(102, -98, 98, 313, 19565, -934)
(-79, -64, -91, 315, 30740, -30147)
(-95, 85, -63, -21780, -26354, 27382)
(-34, -128, -122, -3245, -13977, -32036)
(126, 13, -21, 20315, -7921, -32036)
(-18, 69, 94, -2046, -6536, -32036)
(-80, 89, -92, 24903, 15947, -32036)
(-76, 28, -19, -28498, 29664, -25976)
(-120, 48, -23, 31299, -32122, -5742)
(75, -8, -102, -32454, 18798, 15564)
(-58, 82, -41, -28212, 15478, 21917)
(32, 6, -62, -21785, 12750, 31869)
(-102, 103, -104, 29055, -562, -28677)
(-42, 81, 110, -32454, -28204, -32036)
(-70, -24, 17, -22295, -3739, -32036)
(-102, -89, -79, -24918, -2269, -32036)
(40, 92, 64, 315, -30328, -1167)
(44, -72, -27, -32454, 23356, 24747)
(-114, -62, 95, 313, -15503, 3852)
(-119, 42, 30, 32660, 24311, -8796)
(97, -116, 29, 22301, 31602, 21305)
(59, 3, -25, -6037, -29673, -32036)
(-40, 58, 26, -8492, -16657, -32036)
(-39, 67, 53, 17361, -23230, -32036)
(-42, -86, -12, -24466, -5105, -17196)
(73, -126, -108, 7115, -32678, 172)
(91, -57, 31, 15947, 26062, 2042)
(-62, -24, -123, -32454, 30741, -29331)
(-58, 89, 82, 21779, 30741, -21762)
(58, -81, 38, -17764, -15677, 10767)
(123, 57, 8, -882, -2498, -14324)
(100, 61, 67, -30786, 32471, -5573)
(-55, 2, -117, -87, -9644, -2087)
(-21, 122, -53, 17420, 4247, -1991)
(113, 68, -7, -23191, -20515, -1539)
(53, 33, -107, 1478, 4677, 2163)
(-1, 36, -3, 29828, 24535, 9957)
(51, 45, 56, 590, -27324, 23622)
(-12, -11, -87, 18154, 30741, -26552)
(-79, -32, -51, 31257, 22572, -31288)
(123, 6, 10, -32454, -30564, -32035)
(-10, 101, 91, 313, -17937, -32035)
(40, 90, -27, -32454, 8784, 734)
(-66, -21, 122, 3796, -26332, -8500)
(-21, 49, -22, -22692, -8549, 31908)
(-120, -69, -46, 315, -1441, 31417)
(102, -85, -47, -19607, 30886, -32035)
(-127, 121, -74, 18687, -29730, -32035)
(-24, -69, 21, -9842, 30742, -32035)
(-38, -70, 68, 24242, 30742, -17005)
(105, 27, 28, -32454, 29392, 12559)
(48, 83, 103, -32454, 21253, 20973)
(21, -56, -43, -32454, 6207, -31875)
(-14, 86, 1, 5426, -14819, -28892)
(76, 111, 115, 7410, -30521, -32034)
(39, 8, 27, 17546, 32553, -32034)
(18, 110, 98, 13761, 26730, -32034)
(79, 73, 84, 10179, 9338, -7541)
(-5, -7, 93, -32453, 30742, 14416)
(46, -97, -112, 314, 30742, -22918)
(20, 49, 56, 316, 30742, -20199)
(20, -75, -111, -8007, 30742, 28545)
(127, 14, 23, -18327, 17520, -32034)
(89, -57, 86, 23593, 3010, -32034)
(122, 26, -82, 21451, 16526, -29547)
(-92, -38, -6, 29909, 20910, -17242)
(110, -20, -1, -32453, -29589, -257)
(-19, 39, 112, -32453, 31158, 17668)
(124, -4, -111, -25707, 30743, -29677)
(53, 89, 99, -2809, 25553, -28790)
(-32, -51, 61, 22762, 2276, -32034)
(-14, -40, 104, -32556, -31562, -32034)
(-85, 114, 73, -798, -19094, -32034)
(85, 108, -29, -24150, -13119, 6617)
(83, -74, 101, 19517, 27235, 9696)
(77, 84, 102, 314, -12000, -3548)
(76, -50, 87, -21669, 22161, 24006)
(46, -95, -102, 1, 30742, -32035)
(-82, 88, -52, -15343, 30742, -32035)
(-126, 32, 4, 8141, 1076, -18548)
(-108, 102, -75, -23115, -7108, -4875)
(-109, 22, -107, 5971, -29376, -14796)
(102, 23, 88, -28172, 24532, -13161)
(0, -96, 124, 24517, 30742, -10866)
(-101, -104, 104, 2575, 30742, -32488)
(42, 31, -21, -11362, -22195, -4149)
(112, 113, -46, -32453, -23834, -6797)
(-34, 52, -26, 3945, -23489, 1103)
(-122, -54, -59, 14274, -24923, -12710)
(-104, -6, -47, -1283, -14097, -9994)
(112, -38, -2, -9639, -6813, -2784)
(6, -29, 79, -9020, 11172, 5390)
(-118, -119, -92, 28605, 29247, 10939)
(-10, -82, -91, 13353, -29834, 19874)
(-125, 97, -79, 4903, 30743, 16332)
(123, -78, -64, -21686, 30743, 26795)
(-17, -35, -92, 23309, 30743, -32367)
(-59, 110, 116, -29101, 1905, -32324)
(-74, -12, -17, -27995, -16153, -31329)
(42, -5, 47, -11797, 17786, 31391)
(-93, 80, 10, -29044, 12411, 17453)
(-11, 28, 123, -32454, -3070, -20412)
(76, -43, 95, -16883, -12144, -26223)
(-117, 13, -61, -20628, -7293, 27255)
(14, -125, -4, 25601, -2826, -32033)
(31, 29, -113, -21790, 13330, -32033)
(88, 118, 56, 22043, 28493, -32033)
(-74, 103, 41, -32454, -30161, -24419)
(15, -109, 36, -32454, 30742, -1161)
(-99, -29, 84, -32454, 13726, -19596)
(96, 79, -38, -32454, 14821, -28969)
(-108, -61, -64, -32454, 12669, -32033)
(-48, -58, 31, -32454, -4526, -32033)
(-102, 10, -128, 313, -2025, 7298)
(60, -97, -36, 9176, 30742, -32736)
(119, 60, 30, -26969, 30742, -8702)
(-94, -125, 120, 25483, 30742, 15853)
(-103, -78, 50, 15456, 30742, -32033)
(-40, -49, -9, -3798, 30742, -32033)
(-28, 8, -101, 315, -31178, -32033)
(-75, -14, -20, -32454, -25077, -30014)
(-57, -72, 67, -11503, 30742, 3755)
(66, -14, -9, 26099, 30742, -15818)
(23, -66, -36, -32454, 9008, -19294)
(124, 84, 121, -31357, 30028, -28509)
(-100, 70, -123, -30741, -14371, -32033)
(-87, -41, -71, 32390, -18873, -32033)
(-112, -113, 65, 26867, 11682, 3708)
(40, 68, -60, 13309, 26173, 32513)
(94, 9, -46, 313, -22574, -31959)
(24, -122, -6, -32454, 26668, -23709)
(-69, -13, 46, 315, -19995, -26914)
(117, -124, 89, 313, -20711, 30870)
(-120, 119, -83, -32454, 24404, -14173)
(-119, -49, 74, -32454, 30742, 6925)
(116, -77, -92, 23619, 30742, 18670)
(-68, -92, -39, -13474, 30742, -27325)
(-44, -126, -32, -32574, 30742, 2408)
(-68, -90, 16, -6442, -28438, -18334)
(101, 59, 44, 23434, 29016, -17164)
(9, -120, -41, 313, -18812, -17576)
(-61, 93, 42, -32454, -20518, 7132)
(-116, -101, -75, -31294, -22959, 1894)
(23, -45, 23, 31563, -27307, 18351)
(30, -19, 76, -1988, 4301, -24951)
(59, 109, -29, 22533, -31884, 21236)
(-23, 77, 14, -12299, -30960, 30647)
(-93, -58, 16, 9873, 25428, 14830)
(51, -39, -63, -4699, 32655, 25106)
(62, 77, 87, 4879, -6111, 2420)
(84, -55, -72, 18127, -6724, -9617)
(76, -6, -32, -22429, 7022, -10423)
(88, 113, 96, 12588, 11369, -6669)
(73, -64, -103, 18153, 3727, -10784)
(-57, -40, -124, -9661, 4634, -9000)
(-36, -84, 83, -3993, -1228, -20271)
(-3, -81, 66, -29182, 9201, -27097)
(84, 93, 72, 22445, -27841, -28467)
(6, -61, -33, -28463, -6159, -26047)
(98, 20, -115, 10665, -21913, 32186)
(119, -105, -108, -26659, 30743, -13494)
(-58, 52, -34, 30324, 30743, -322)
(-58, 30, 120, -32454, 30743, -11954)
(25, -49, -86, -32454, -26595, -32034)
(50, -82, 52, 28869, 28651, -32034)
(18, 8, 56, 12641, 5044, 15950)
(89, 9, -90, 313, 30743, 32147)
(109, 61, -32, 27513, 30743, -17142)
(-115, 118, -45, -8753, 30743, -27310)
(50, -59, 23, 32607, 30743, -25538)
(-116, -67, 41, 24306, -22248, 29944)
(-41, -125, 2, 32420, -17422, -32035)
(11, -81, 86, -32454, -12430, -22082)
(-72, 89, 96, -32454, 31817, 11823)
(93, 71, 41, -29812, 30744, -28190)
(127, -72, -111, 32202, 26122, -27636)
(21, 126, -54, -148, 14885, -32035)
(-125, -67, -11, -16039, -14677, -32035)
(86, 87, -112, 24021, -17720, -32035)
(-67, -7, -7, -15461, -14156, -32035)
(98, -10, 6, 23998, 12943, -7757)
(-103, 97, -126, 26941, 30744, -24038)
(116, 13, -15, 313, 30744, -13898)
(-51, -53, 87, -32454, 30744, 24454)
(-120, -20, 61, 11348, 30744, -32035)
(-62, -109, -31, -3364, 30744, -32035)
(74, 118, 88, 11950, -30326, -31039)
(-12, 51, 50, -73, -12908, -12082)
(-33, 44, -24, 24488, 22954, 13851)
(98, -112, -56, -25123, 30744, -2038)
(-53, 96, 36, -18356, 30744, -14957)
(-27, -57, 119, 17461, 30744, -12954)
(127, -117, -65, 5240, -25714, -20651)
(61, -102, 50, 27707, -27762, -13528)
(-29, -21, -51, 29335, -26225, -7436)
(74, 100, -36, 9989, -10596, -5955)
(109, 63, -47, -18480, -12891, 5714)
(-1, -83, 113, 26573, 16358, 24746)
(-96, -54, 8, 15824, -25856, 22192)
(107, -69, 19, -20319, 29825, 25209)
(76, 72, -77, 8478, 14412, 19611)
(-60, 103, 67, -12121, 7881, 12866)
(21, -18, -18, -7661, 24025, 6684)
(35, -26, 15, -12633, 25802, -477)
(64, -3, -5, -24784, 30604, -4768)
(-91, 127, 39, -31055, 31943, -4884)
(-69, 45, -92, 30567, 30746, -3627)
(31, -1, 46, -9840, 30746, 15272)
(-81, -10, -98, -29069, 26175, 29872)
(81, -7, -5, 316, 5104, 14943)
(-4, -69, -48, -32453, 18727, 31906)
(37, -123, -10, 12208, -28972, -26428)
(-34, -27, -74, 26511, 21035, -32037)
(29, 36, -35, -10280, -2023, -32037)
(-88, -16, 41, 5334, -51, -15542)
(34, -5, -53, 15288, 30090, 25470)
(33, -14, 36, -14871, -16437, -21199)
(43, -6, 104, -5548, 24629, 28954)
(28, 35, -74, -32454, 30746, -32037)
(-47, 84, -105, 13823, 30746, -32037)
(108, -68, -98, 19450, 30746, -32037)
(13, -44, -95, 23991, -19110, -11569)
(-64, 7, -104, 27417, 24859, -9759)
(-77, 76, 30, -32455, -23648, -8585)
(61, -114, -43, -32455, 30746, -2618)
(-74, 41, 72, -32455, 30746, 20488)
(-80, -68, 120, -32455, 9543, -27503)
(118, -118, -36, -32455, -4133, -29960)
(-84, 52, -29, 21338, 3251, -32036)
(5, -89, 2, -17619, -1598, -32036)
(-103, -73, 117, 314, -8974, -32097)
(86, 58, 110, -16706, 5243, 22598)
(7, -31, 38, -4937, 12603, -881)
(-11, 81, -115, 314, 30746, -307)
(115, -76, -51, -32455, 30746, 19462)
(-80, 72, -112, 312, 6105, -32036)
(-48, -42, -24, -32455, 17115, -32036)
(114, -99, 74, 314, 30746, -32036)
(65, -26, 12, -32455, -29069, -29390)
(-22, -29, 11, 312, 7073, -13571)
(-117, -55, 107, -32455, -25024, 8516)
(123, 74, -66, 29619, -31789, -6586)
(-124, 56, -40, 9387, -7073, -6972)
(-46, -26, 65, 21566, -9936, 1089)
(102, -14, -38, 23543, -10409, 3102)
(42, 76, -52, -16402, -7187, -3284)
(118, 37, -77, -7958, -389, 6698)
(45, -60, 55, -625, 9425, 14788)
(-61, 50, -63, -19379, 18781, 19795)
(-1, -117, 93, -8575, 29244, 23580)
(-106, 64, -27, -27176, 28134, 14639)
(-23, 91, 89, -29040, 25854, 9908)
(-27, -47, 27, -9529, -32507, 2183)
(-111, -115, -69, -20526, 30747, 2648)
(-26, -22, -8, 26890, 30747, 11762)
(91, -101, -69, -32675, 30747, 27351)
(-61, -78, -39, -32455, 22491, -25909)
(58, -112, 103, -32455, 1880, -32035)
(112, -116, -21, -32455, 7362, 29431)
(-13, -105, 24, 312, 10480, 7647)
(-21, 30, 82, 9472, 30349, 15008)
(42, 36, 13, -2349, 31201, 21949)
(9, 2, -60, 26320, 30595, 11499)
(-15, -98, -82, -3152, 30746, 30974)
(60, -102, -6, -20212, 30746, -28407)
(-66, -102, 62, -31724, 30746, -26816)
(18, 124, 99, -22195, 30746, 32225)
(34, -59, 101, 8464, -10901, -32579)
(104, 49, -78, -28583, 13877, -18856)
(48, -118, -12, 25651, 23511, -15894)
(-69, -88, -89, -32455, 21045, -1091)
(120, -45, 72, -32455, 32382, 8752)
(109, -115, 53, -32455, 27074, -24245)
(57, -19, 33, -32455, 1285, -29640)
(60, -13, 39, -2681, 13745, -32034)
(-16, 49, 49, -6742, 3513, -32034)
(-83, -126, 30, -11567, -16898, 32327)
(74, -71, 107, -10643, 30855, -27781)
(47, -17, 114, 14888, 26426, 21293)
(-2, 5, 58, 312, 30745, -32034)
(19, 53, -34, -1706, 30745, 155)
(-32, -50, 66, 11909, 30745, 22773)
(19, 56, -28, 312, 25509, -32034)
(-123, -24, -127, -32455, 10645, -29784)
(-10, -91, -88, 26461, 30881, -22318)
(26, 78, -27, -8403, -23554, -27476)
(-60, -9, 28, -6376, 26983, 1639)
(10, -40, 36, -30355, -24420, 3972)
(126, -1, 33, -6925, 5483, -1299)
(-56, 60, 38, 14914, -4681, -15805)
(13, -16, -114, -18848, -24159, -14080)
(70, 62, -110, 12339, -14245, -4305)
(-21, -1, -1, 8212, -9787, 10454)
(61, 101, 102, 18546, -13663, 1097)
(-99, -121, 97, -11325, -4327, 9710)
(-128, 121, 17, -16142, 724, 14422)
(42, -124, -81, -4644, 16479, 17885)
(40, 96, -56, 21768, 25225, 20659)
(0, 26, 97, -32081, -3251, -27190)
(54, -78, -6, 17928, -5707, -31244)
(-108, 127, 115, -16578, 18398, 31399)
(-26, 85, -11, 19668, 17118, -4024)
(48, 97, -98, 18937, 6057, -18605)
(82, -51, 80, -24429, 7686, -17039)
(64, -13, 78, -1560, 28428, -17690)
(16, -67, 102, -9086, -29990, -16153)
(116, -39, -36, -14480, 30742, -9544)
(-122, -53, 101, -17900, 30742, -2922)
(98, 97, -104, -28639, 30742, 107)
(41, 70, -119, 29090, 26317, 21520)
(-53, 118, -80, -32457, 7774, -22140)
(-31, -116, -99, -32457, 23027, -32033)
(12, -37, 33, 563, -4126, -32033)
(75, -29, -29, -10696, 26735, -32033)
(-25, 55, 25, 5202, 28044, -32033)
(64, -36, -86, 31449, 30818, 24613)
(53, -14, -56, -2538, 30716, -15609)
(-56, -61, 114, 23106, 30741, 27978)
(-26, -46, 112, -32457, 30741, 32635)
(-57, -128, 17, 17174, 10910, 11446)
(77, 50, -101, -16233, -19670, 32110)
(108, 64, 67, 1536, -3292, -24923)
(85, -54, 5, 12170, 27077, 5156)
(-98, -75, -74, -136, 6893, 23322)
(91, 69, -41, 30693, -31720, 3695)
(90, 74, 71, -7383, -1541, -3245)
(-31, -36, -109, 23208, 5380, 2296)
(35, -54, 108, 9447, -3852, 9557)
(-22, 75, -48, -25572, -4095, 4638)
(44, 81, 38, 28990, 17192, 2175)
(-93, -36, -40, -31807, 462, 448)
