(5, -4, -82, -1889, -1057, 1210)
(44, 54, 121, -1700, 2792, 4416)
(3, 41, -118, -3390, -2127, -985)
(32, 96, -122, 3184, -2801, -6057)
(-118, 124, -87, 2797, -1396, -3237)
(-101, 103, 5, 9674, -15733, -5386)
(-89, 114, -14, 4742, -13919, -7205)
(100, -46, -72, -11440, 2145, -8964)
(10, 60, -124, -9277, 12472, -3842)
(28, -84, 100, -5813, 2697, -4154)
(41, 101, -65, 5902, -12973, -21999)
(-101, -76, -105, -4703, 14072, -25927)
(-19, -30, 96, -2784, 9672, -14381)
(-15, -5, 11, 10386, -7618, -1372)
(-1, -14, 4, 14747, -17172, -13293)
(-8, -7, -48, 8053, 285, -16412)
(-127, -15, 52, 15311, 2912, -14070)
(-75, -4, 35, 14480, 9718, -20874)
(-1, -122, -10, 14724, 6803, -26578)
(21, -122, 19, -19036, -16870, -10836)
(-53, -89, 9, 3743, 10336, 17203)
(-36, -42, 76, -28179, -23744, -21925)
(118, 111, 61, -28477, 20607, 26890)
(56, -112, 5, -32542, 30739, -21162)
(13, 45, -23, -32542, 21173, 18783)
(23, 25, 50, -32542, 28070, -27991)
(123, -87, -109, -26111, 28557, -13021)
(98, -126, -46, 25709, -26557, -8073)
(-29, -70, 93, 31067, 29251, -28444)
(-68, 72, 47, -32542, 31417, -7408)
(15, -90, 44, -32542, -31239, 26493)
(-72, 16, -98, -32542, 18632, -31832)
(41, -6, 91, -32542, 31930, 352)
(121, 25, 68, -23463, 8498, -18003)
(97, 61, -125, -24646, -22378, -14867)
(-84, -71, 4, -32542, -2544, -27338)
(60, 122, -43, 25259, 18609, -31788)
(33, 57, -71, 24650, 30739, 29256)
(44, -71, 16, -8793, -8383, -6355)
(0, -85, -102, -7692, -15722, -16483)
(-1, -4, 100, 226, 21446, -29150)
(-33, -96, -1, -15240, 30739, -32035)
(12, 3, -17, 3929, 30739, -32035)
(-7, -117, 94, -14056, 13254, -32035)
(53, 36, -53, -10630, -18047, 18301)
(8, -78, -35, 961, 25312, -19095)
(4, -92, 2, 7383, 32548, -6420)
(1, 56, -95, -20446, 30739, 15685)
(47, -106, -3, 227, 30739, 16418)
(58, -110, 17, -26257, -24989, 16330)
(91, 115, 88, 29668, 16548, -504)
(-33, -42, 45, 28754, -21087, 24519)
(121, 25, -24, -18257, -6368, 30352)
(-46, -117, -123, 15137, -15602, 23318)
(-6, 116, -108, 17727, -16838, 18795)
(98, -19, 17, 681, -14502, -2810)
(101, -23, 2, -249, 26502, -18759)
(-36, -28, -62, -7262, -21072, -16438)
(-123, -8, -123, -6669, -1863, -18850)
(-31, -110, 97, -6544, -8603, -31487)
(-67, -113, 10, -32412, -24706, -25355)
(-46, -115, -18, -26035, -20832, 30404)
(-13, 15, -94, 29516, -31530, -32037)
(-27, 57, 2, -31384, -5931, -32037)
(-79, -56, 5, -32543, 26114, 11411)
(56, -24, -15, 9735, 1843, -18638)
(-55, -67, 7, -12748, 3161, -14)
(13, -6, 47, -19933, 4956, -10081)
(82, 104, -9, 23811, 21473, -32023)
(114, -15, -32, -32543, 11590, -23341)
(91, -27, 111, -32543, -24015, 29277)
(-15, 117, -91, -32543, 19178, -32036)
(55, 5, -88, -32543, -31585, 731)
(41, 0, 0, 20512, 29669, 23543)
(-111, 48, -113, -17461, -17354, 20907)
(-7, -69, -38, -32543, -7843, 29298)
(33, 85, -106, -32543, 9260, 25747)
(61, -75, -117, 226, 26977, -32036)
(-47, -63, -69, -32543, 30739, -32036)
(-34, -69, 126, -6571, -13390, 731)
(93, -89, 20, 22830, 23604, -32036)
(20, -103, 93, 7918, 30739, -32036)
(74, 82, 107, 7986, -6186, -32036)
(-72, 121, 9, 16681, -24284, 31089)
(-116, -15, 9, 32668, -31622, -5971)
(-4, 75, -8, -24767, 11494, -1863)
(87, 118, 55, -827, 23671, 15129)
(-12, -106, -57, 18267, 6254, -23862)
(9, 103, 21, 2603, 23201, 20065)
(12, 120, 103, 13195, 28664, 1149)
(127, -76, 25, 15330, 28518, -28150)
(45, 60, -40, 29929, 1445, -27019)
(111, -94, 83, -17396, -19677, -17820)
(-1, -51, -80, 22267, 31231, 14769)
(111, 75, -77, 5842, -22229, 10691)
(-128, -80, 50, 9798, -4683, -7941)
(-54, -117, 68, -4954, 788, -21121)
(54, -19, 97, -11665, -15134, 30546)
(85, -75, -82, 5812, -18003, -21203)
(126, -126, 4, 8967, -4703, -11312)
(-92, 81, -14, 1571, 4128, -3078)
(-71, -67, -127, 17967, 28023, -10312)
(-22, -73, -56, -23727, -9051, 22116)
(-109, 19, -5, -32155, -28197, -32037)
(-53, -65, 54, -32542, -6003, -32037)
(-13, -11, 89, -32542, -24922, -32037)
(45, -49, 22, 19054, 24184, -19920)
(-11, 17, 18, 29808, -5794, 14734)
(-116, -105, -62, -20231, -27481, 7777)
(31, -20, 42, 26120, -21937, -24201)
(4, -128, 22, -32542, 23958, -31761)
(110, -9, -117, -32542, 20611, 14789)
(69, 44, -64, -32542, -16999, -3251)
(12, 73, 48, -32542, 19426, 17380)
(113, -106, 127, -20753, 9478, -21867)
(-17, -29, 97, -3704, -26652, -2472)
(14, -78, 124, -32542, -28081, 20166)
(-116, -115, -75, 5313, 1033, -23008)
(43, -117, 67, 19088, -28125, -23285)
(-24, 124, 55, 3727, 23908, 320)
(100, -69, 123, 13146, -30771, -31932)
(120, -36, 71, -14200, -15554, -25483)
(-29, 35, 16, 9980, 22122, -32038)
(126, -35, 79, -8014, 30501, -32038)
(123, -103, -105, -7298, 22519, -32038)
(-113, 80, -102, 29332, 7061, 11439)
(99, 103, -72, 28695, 23480, 20890)
(37, 48, 56, 28304, -29297, 24824)
(-77, 1, -113, -9981, 30739, 5873)
(96, 30, -7, -170, -28030, -14842)
(89, -71, 122, 24368, -22632, -14459)
(-61, -114, -82, 25404, 11638, 23298)
(104, 28, -51, 3490, 8704, -19804)
(48, 30, -85, 13997, 31238, 24958)
(-52, -1, 122, 2735, -26084, 22315)
(-120, -90, 115, -19646, 4139, 14488)
(-66, -105, 66, -13567, -12359, -23429)
(25, 77, -25, -2553, -26742, 31622)
(31, 12, 0, -1404, 344, -26524)
(-105, -39, -61, 11217, -1233, 30667)
(37, -70, -57, -3013, -8257, -32039)
(-55, -64, 29, 17484, 20831, -32039)
(-127, 124, -19, -21895, -5993, -32039)
(-39, 32, 18, -32539, -14223, -32039)
(113, -62, -54, -32539, -9809, -14888)
(-105, 79, -115, -32539, -7333, -3395)
(-93, 106, -4, -32539, 11685, 27471)
(-71, 3, -47, -24105, 19554, 6284)
(-71, -94, -59, 19264, -14385, 20833)
(-79, 23, 71, 23913, 21947, -21353)
(10, -48, 90, -1412, -6415, -32038)
(-107, -46, -16, 16351, 31506, 20382)
(53, -104, 40, 25102, -11007, -20579)
(83, 108, -56, -18983, 15891, -8947)
(-16, 14, -128, 15368, -30205, 25396)
(-32, 78, -23, 27953, -11233, 32157)
(0, 11, 106, -32538, -20250, -32038)
(95, -126, -114, 229, 30740, -17168)
(-125, -88, -109, -32538, -24358, -4701)
(-69, -51, -90, 231, 16339, -10655)
(-15, 58, 94, -32538, -31320, -1852)
(82, -82, -51, 229, 29582, 19694)
(92, 51, 57, 32474, 32531, -21867)
(99, 121, -37, -15550, -22638, -32037)
(120, 80, 87, -27687, 712, -32037)
(75, -15, 110, 27466, 23655, -32037)
(75, 18, -16, -22147, 24533, 12385)
(-83, 56, 67, 22176, 29984, 32615)
(-83, -32, 74, 14192, 11631, 29544)
(36, -85, -60, -18777, -27784, 17633)
(18, 87, -68, 22406, 30740, -9674)
(6, -11, 57, -29559, -8277, 17130)
(61, 46, 97, -764, 10978, -13878)
(-123, 48, -121, -32538, 30740, -7719)
(-22, 14, -74, -10951, -4296, 11750)
(111, 39, 68, 1337, -14473, 7841)
(-51, 17, 97, 1986, -2559, 2924)
(58, 99, -98, 7053, -4666, 6219)
(89, 102, 79, 13696, -18172, -2749)
(123, 42, 16, -9226, -30923, -1830)
(1, -37, 91, -15714, -21098, -18766)
(59, 22, 9, -6984, -4564, -16521)
(96, 124, -24, -5661, 15560, -16776)
(2, -11, 55, 3073, 6041, -27890)
(32, -3, 78, 750, 13815, 29491)
(5, 76, -104, -28429, -4495, -32038)
(-127, 27, 86, -28484, 683, -32038)
(-6, -84, 88, -32538, -18221, -32038)
(-127, 116, 38, -32538, 12169, -32038)
(74, 13, 50, -32538, 28044, 6562)
(3, -50, 33, 6701, -2903, -15298)
(32, -127, -45, -20028, -5088, -3073)
(12, -21, 116, 28574, 12241, -5449)
(-84, 113, 72, 30416, 3332, -17231)
(59, 124, -102, -32538, 4307, -18114)
(53, 2, -70, -32538, -6071, -24332)
(92, -66, 44, -32538, 14894, 28348)
(105, -43, -121, -32538, 30651, 730)
(-103, 110, -26, 2855, 30740, -32037)
(-10, -19, -7, -11568, -17367, 27578)
(15, 15, 108, -32538, 28677, -8)
(-29, 4, 64, -32538, 29492, 13711)
(55, 31, 69, 17289, 30740, -13890)
(-42, -7, 14, 27312, 32707, 27320)
(44, 46, 100, -32538, 30085, -32039)
(-31, -114, 126, -23590, -31597, 728)
(87, -100, -31, -28217, 15201, -32039)
(-13, -103, -110, 6273, -27330, -32039)
(125, 91, -73, 8090, 8903, -2158)
(-8, 7, 63, -1251, 31322, -22715)
(22, -66, 57, -6583, 28304, -31186)
(76, 111, 24, 17252, 32401, -32039)
(31, -73, 76, 4211, 1184, 29739)
(58, -89, 94, 4666, 7827, 23009)
(122, -85, 25, -15135, -3314, 26488)
(-58, -52, -65, -4330, -12521, -32039)
(25, -18, -70, -6678, 26327, -32039)
(89, -41, -36, -1726, -20773, 12145)
(-31, -55, 31, 11060, 17413, 26493)
(9, 121, -116, -1999, 30150, -30351)
(30, -77, -68, -16519, -19345, 26158)
(-22, 95, 43, 16122, 2033, 3499)
(103, 35, -77, 10734, 14551, -22895)
(-43, -34, -122, 16210, 22565, -12779)
(54, 109, 115, 3077, -21349, 23648)
(-85, -109, -65, -17670, 17543, 15800)
(105, 43, 19, -14381, -25172, -241)
(25, 80, 64, -7749, 10527, -11641)
(78, -16, 6, -8630, 18712, 21392)
(-43, -63, -78, 24346, 11504, -32040)
(-76, 127, 12, 27488, -8490, -32040)
(32, 16, -77, -27412, 3988, -32040)
(49, -36, 84, -32537, 9252, -32040)
(-32, -117, 10, -32537, 15401, -13039)
(17, -18, -33, -15274, -21617, -15826)
(33, -33, 84, -29106, 15542, -1528)
(124, -79, 40, -22210, 11884, -19007)
(39, -8, -99, 22461, 10680, -12972)
(-31, -67, -111, 32193, 4359, -23235)
(73, -9, -26, -32537, -2532, -22618)
(-11, -11, -14, -32537, 14192, 28353)
(55, -108, -69, -32537, 30628, 726)
(100, -41, -68, -32537, 8818, 28935)
(-40, 2, 126, -8638, 30743, 45)
(125, 69, -94, -29581, -30843, -976)
(-72, -105, -21, -32537, 1315, -20042)
(-23, 82, -62, -29434, 10987, 28291)
(52, 115, 74, 21043, -29522, 31964)
(31, 85, -41, -25312, 6499, -16302)
(73, -101, -85, -24023, -26298, -26365)
(117, 57, -45, 16686, -17699, -32041)
(124, 73, 82, -7038, 2801, -32041)
(-107, -72, 6, 22672, -7997, -32041)
(82, 76, -112, 4400, 16216, -32041)
(22, -14, 115, 22664, -24864, -32041)
(36, 8, -28, 30474, 14530, -14336)
(127, 38, -90, -28151, -30612, 2611)
(37, -89, 2, -17659, 31195, -27102)
(53, -101, -80, 4865, 30744, -13367)
(34, -110, 37, -19994, -22337, -29765)
(-26, -56, 55, -9603, 15670, -16457)
(102, 77, 99, 23011, 30744, -9242)
(-55, 105, -95, -23787, -32074, 7401)
(97, 24, 54, 10967, -23827, 693)
(-19, -96, 114, -28524, -11366, -6850)
(105, -72, -43, 23114, 12694, 31524)
(102, -126, -63, -5431, 7575, 5181)
(-72, 15, -2, 6052, -16341, 19809)
(-78, -74, 24, 16383, -2876, 31055)
(84, -65, 70, -22169, -2160, -32040)
(-42, 14, -10, -32537, -10688, -32040)
(-1, 73, 35, -32537, -23040, -32040)
(-8, -126, -97, -32537, -6367, -19090)
(-81, 27, 103, 32681, -6938, -7640)
(-17, 109, -124, -32431, 8966, 10007)
(-63, -107, 115, -32537, -21069, 28395)
(104, -58, 106, -27573, 23576, -24462)
(-68, 124, -59, 22621, 18117, -9573)
(-19, 91, 58, 32266, 25836, -20442)
(12, -30, -80, -32333, 22217, -7266)
(-125, 29, 64, -32605, -18650, 22703)
(110, 12, 104, -32537, 20460, -32041)
(-39, 103, 117, -32537, -4209, 726)
(4, -80, -72, 230, 20027, -12126)
(86, 30, -48, -32537, 30744, -26385)
(92, -104, 71, -32537, -27985, 20324)
(103, 17, -76, -30478, -2420, 31959)
(-9, -43, 4, 8069, -31391, -1684)
(18, -126, -109, -31740, 1958, 31882)
(30, -78, -89, 26932, 76, -26527)
(-102, 26, 1, -32537, -14070, -32041)
(-25, 37, 59, -32537, -9554, -32041)
(-73, 17, 103, 7369, 10446, -368)
(4, 76, -45, -19906, -24948, -28423)
(74, -110, 36, 28039, 29629, -24686)
(58, -110, -66, 25420, -26730, -31323)
(-42, 40, -35, -8475, 21046, 29810)
(-46, 71, 16, 23907, -6440, -20555)
(66, 91, -67, 14017, 2793, -32043)
(-4, 81, -8, 19, -12208, 29453)
(53, 50, -26, 4151, -25515, -19920)
(27, 67, -123, -3201, 7521, 18979)
(-32, -102, -116, 22456, 26994, -32043)
(114, -25, 16, -26201, -8234, 10382)
(70, -28, -111, 1710, 31179, 20368)
(106, -50, -125, -6801, 32339, -21460)
(123, -12, 12, -20278, -21493, -6376)
(28, -93, 75, -8650, -509, -28185)
(-45, -109, -23, -7522, 7036, -27098)
(58, 116, 103, -7851, -15991, 29252)
(52, -116, -111, -22919, -511, -32043)
(11, 35, 119, 22543, -29891, -15136)
(-81, -60, -31, 30681, -628, 27858)
(-1, -17, -115, 9577, 18218, -32043)
(70, 96, -49, -23141, 20669, -32035)
(-43, -18, 100, 16955, -3964, -16713)
(-78, -124, 123, 21244, 504, 385)
(-102, 62, -87, 14461, -13184, 12321)
(78, 92, 89, 8433, -12555, 19321)
(68, 108, 96, -21656, -9595, -23022)
(-42, -80, -89, -32537, 12450, -31941)
(13, -22, 6, 232, -21888, -19231)
(46, 60, 88, -32537, 17246, -1135)
(-25, 78, -41, -25736, -32705, 4921)
(-39, 41, -109, -18614, 29446, -37)
(118, 14, -80, -17932, 15428, 2918)
(-124, -116, -76, 27424, -23287, 31867)
(38, -80, 71, 32635, 7638, 28319)
(33, -121, -104, 2802, -20497, 724)
(-29, 12, -91, 21220, 18313, 726)
(-73, -41, 103, 230, 23962, -32043)
(-35, 3, 118, -32537, 30741, -605)
(52, -35, 35, -32537, -2028, 265)
(76, -81, 110, 232, 1693, 11949)
(0, 51, 79, -32537, -7157, -32043)
(-31, -3, -67, 26290, 16319, -32043)
(30, 47, -6, -19379, -4973, 30899)
(5, -27, -81, 232, -4518, -20256)
(5, 9, 91, -25022, -3080, -32043)
(45, -50, 68, -4491, -20754, -32043)
(95, 40, -48, -28147, -25748, -32043)
(80, -20, -73, 3146, -13833, -32043)
(2, -103, 102, -20564, 12906, 20078)
(-22, -119, -75, 28136, -20952, 20777)
(5, -114, -10, 4734, 30741, 28004)
(39, -47, 38, -31566, -25083, -30629)
(-91, 62, 109, -27112, 16582, 14849)
(89, -25, 117, -30670, -20458, -2108)
(-98, -113, 55, 11316, -16645, -2250)
(-126, 98, 100, 6741, -21825, 484)
(58, 88, 93, -3197, -19372, 9676)
(-47, -128, 103, 10445, -20163, 7458)
(-27, 58, -36, 7338, -6539, -3851)
(69, 28, 19, -3900, 10582, -10650)
(34, 57, 35, 2304, 9220, -3004)
(-81, 33, 26, 3791, 18412, -1035)
(-19, -118, 109, 4895, 15684, -15543)
(-29, 76, 7, -815, -18705, -17623)
(-128, 39, -121, 6709, -22566, -2221)
(67, 67, 63, -22297, -6882, 377)
(102, -28, 33, -8433, -7302, -6396)
(-84, -35, -93, -18721, -31701, -17997)
(-125, -22, 68, 16764, -29660, 24293)
(93, 38, -36, -26743, 15183, -32041)
(101, 81, 75, -29952, -10467, -32041)
(-30, -81, -85, -32537, 2877, -29023)
(-113, -83, 66, 31905, -4539, -2601)
(-9, 100, 17, -32173, 72, 10005)
(44, -80, 79, -32537, 6935, -29050)
(-39, 117, -73, -27622, 14711, 8558)
(-7, 111, -84, 26379, -25054, 5209)
(-73, 106, 110, 31019, 23809, -1841)
(3, 41, -55, -13388, 23692, 10677)
(-20, 63, -79, -29725, 1431, -2169)
(121, -82, 7, 29934, 11525, 16926)
(6, -57, 119, -32291, -2938, -23929)
(-5, -36, -57, -12745, 30743, 4376)
(24, 54, -112, -23751, -2024, -32315)
(-73, -101, -48, -4906, -27701, -11334)
(87, -78, 103, -32537, 2812, -29441)
(-123, 25, -32, 11460, 30620, -4887)
(-85, -120, 37, 22576, 26343, -6903)
(-75, 72, 83, -10645, 30743, -13656)
(-125, 101, 73, -8753, -8426, -10416)
(-111, -49, -67, -3128, 13597, -32042)
(-28, -98, -122, 10145, -21085, -32042)
(10, 20, 17, 21039, 30743, 21306)
(23, -46, -100, 17984, -21064, 14808)
(-19, 87, -43, -19175, 29308, -2656)
(127, -103, 61, -12956, -28559, -17466)
(-44, 83, 89, -9769, 30743, -4278)
(21, 78, -45, 230, -2024, 13317)
(48, 39, -12, 228, 30743, -32042)
(-111, -90, 14, 230, 30743, 16249)
(-107, -122, -79, 3467, 5935, -15372)
(-30, 4, 111, -11774, -11319, -4260)
(-23, 15, 100, -27386, 19236, 19871)
(110, 114, -25, -12412, -1015, -6784)
(-48, -87, 40, 6401, -3886, -3220)
(-122, 92, 6, -3687, -7789, 21095)
(-122, 2, 1, 29923, -7900, 17306)
(-70, 64, 75, 902, 1540, -7255)
(24, -56, -39, -10866, 19968, -14250)
(-26, -19, -112, -27282, 21332, -433)
(-39, -4, 56, -11229, -4653, -7126)
(-117, -90, 121, 2742, -28047, 1715)
(-12, -67, 22, -24753, 23438, -23644)
(59, -117, 3, 24650, -2528, -21054)
(67, 85, -101, 13114, 13403, -3447)
(28, 34, -127, -18315, 13679, 21853)
(-31, -111, 16, 28003, 4869, -32042)
(-101, 29, -59, -23223, 13549, -32042)
(-62, -12, -54, -32539, -25068, -32042)
(-11, 113, 44, 230, 12139, -27734)
(82, -14, 1, 228, 11069, -1628)
(-109, -53, -44, -9231, 5922, -12395)
(27, 45, 111, 14306, -2754, -14688)
(-44, -40, 32, -32539, -13223, -32082)
(124, -33, -47, -32539, -10922, -17367)
(25, 36, 69, -32539, 18405, 27590)
(33, 57, -53, -32539, 30745, 724)
(-7, -1, 33, -31214, 30745, -32043)
(26, 113, -88, 10710, 30745, -32043)
(46, 8, 32, 228, -2024, -14261)
(-79, 32, -55, -32539, 3202, 16644)
(-83, -98, 7, 24684, 7159, -19864)
(-128, -1, 39, 15525, 8496, 29434)
(-68, 43, 59, -22649, 708, -32487)
(-41, -70, 6, -28584, -27010, -30547)
(-42, -35, -24, -16369, 31135, 26084)
(-112, 41, 12, 18556, -19538, 20732)
(-35, -65, 8, 6792, -26752, 27947)
(-25, -117, -48, 21895, -23337, -28384)
(78, -89, -24, -22288, 20746, 30955)
(-84, -66, -102, 3742, -2736, -31572)
(18, -88, 21, -14620, 31572, 5566)
(89, 54, 53, 8634, -24731, -25702)
(-106, 63, -44, -8292, 25039, -31040)
(85, -101, 48, -13629, 3326, 10982)
(5, 78, 61, -32374, -21974, -10649)
(-91, 55, -16, -27672, 30746, 17941)
(60, 73, 69, -10958, 30746, -32043)
(23, -19, -115, 11123, -28629, -12022)
(-77, -117, 28, -946, -31924, 10444)
(79, 16, -74, -12316, -8702, 14597)
(-117, -117, 89, -506, -5524, 20870)
(23, 76, 2, 29882, -711, -8902)
(41, 43, -6, 2384, -696, -28072)
(-115, -65, 42, -15200, 14125, 26862)
(-35, -62, 84, 12594, -30775, -9249)
(26, -72, -51, 32401, -18904, 5721)
(-73, -41, 87, 15906, -25396, 6735)
(111, 119, -109, -29348, 14256, 15529)
(51, -90, -59, -28755, 14040, -32042)
(54, -16, -89, -32540, 8162, -32042)
(-39, -32, 62, -32540, 4038, -32042)
(70, 88, 111, -32540, 26871, -7154)
(-69, 104, 122, -32540, 26729, -7342)
(-127, 50, 121, -18724, -2611, 1339)
(-38, -70, 99, -31367, -4303, -2284)
(-124, 78, 84, 27430, -15795, 8065)
(71, 64, 80, -32540, 16134, 17206)
(-125, -127, 53, -32540, 29460, -28841)
(-113, -6, 20, -32540, 14990, -20230)
(37, -99, 101, -32540, -7594, -6068)
(41, 95, -9, -19223, 15418, 32344)
(-107, -47, 19, -4212, -5092, -25087)
(98, -28, -87, -32540, -20559, 16992)
(-84, -44, 60, -32540, 3976, -28246)
(98, 14, -37, -32540, 7859, -30595)
(-68, -106, -104, 31323, 30744, -18700)
(-25, -25, -120, -15620, 30744, -4969)
(-17, -123, 102, -8735, 30744, -32041)
(-124, -39, -13, -14027, 30744, -32041)
(113, -34, -121, -22564, -27521, -32041)
(-55, -23, -33, -29028, -25274, -32376)
(-15, -21, -106, 16857, -27850, -5673)
(12, -119, -108, 20967, 30744, 20004)
(27, -100, -86, -4892, -10748, -23181)
(-72, 99, -1, -32540, -25170, 32177)
(-36, -72, 113, -32540, 17719, -8214)
(120, -39, -64, -574, -27548, 23502)
(-46, -122, -38, -23743, -12159, -27142)
(36, 42, 116, 31566, 868, -15701)
(-65, -114, -99, 3726, -20108, 14483)
(73, -36, -92, 12227, -6134, 16646)
(0, 74, -84, -24955, 10019, -10583)
(2, 76, -76, 15268, -12212, -3997)
(-8, 4, 96, 11752, -16307, 11560)
(124, -128, 25, 17081, -3802, 5113)
(73, 111, 0, -750, 11725, -6259)
(88, -64, -98, 4731, -3069, -392)
(86, -22, 71, -7088, -17715, 9422)
(-60, 126, 7, -4775, -19074, 11837)
(-31, -121, -15, -10778, -16964, 2184)
(50, 66, -54, -10532, -10412, -12215)
(35, -39, -71, -16922, 887, -24331)
(86, -7, -93, -9661, 12365, 29905)
(19, -7, 123, 22725, 8410, 32419)
(-102, -117, 111, 20649, 29852, -32042)
(26, 74, -10, 27680, 18089, -32042)
(92, -38, -66, -32059, -30379, -32042)
(7, 87, 71, 32401, -12442, 1675)
(1, -38, 18, 3235, -13422, 4956)
(-114, 70, -72, 6273, -16817, -31614)
(70, 126, -67, 22010, -18131, 31579)
(42, 13, 117, -26969, -16081, 27506)
(45, -63, -99, -31813, -8576, 3780)
(10, 126, -8, 10512, -20825, 20256)
(-64, -40, 109, 37, 8070, -18900)
(-83, -103, -54, -22211, -30745, -17388)
(-10, -15, 11, -29955, 31765, -21945)
(-109, -123, -18, -25004, 16458, -12493)
(61, 10, -9, 29367, 11982, 30899)
(61, 55, 114, -32542, -26935, 31567)
(-109, -73, 9, -32542, -8367, -32042)
(-76, 121, -23, 225, 11014, 16710)
(-89, 104, -83, -32542, -30052, -15525)
(-58, 86, -93, 6220, 8133, 15652)
(-6, 18, -3, 9151, 15909, 21330)
(120, 119, -44, -11448, 30744, 20996)
(14, 71, -51, -6807, 32168, -18582)
(-12, 75, 33, 13954, -26456, -32042)
(70, -125, 45, -1493, 20476, 11334)
(-65, 99, -37, 25082, -32628, 9101)
(-22, -34, 50, -10388, -3799, -6729)
(108, 70, -59, 8040, -11009, -16415)
(82, 14, -128, 6479, 14870, -31605)
(-82, -65, -24, -1220, -26417, 21848)
(-3, 37, 14, -23227, 31707, -24046)
(-90, 40, -119, -17063, 30746, 31395)
(99, 68, -123, -14889, 30746, 30096)
(91, -90, 6, -10779, 3660, -6387)
(-16, -12, -31, 8792, 28853, 23670)
(-110, 105, 85, 11761, -8403, 7271)
(100, -91, -90, 32281, -14312, -17726)
(-27, -66, -75, -15797, -26320, -12473)
(103, 67, 54, 5018, -18741, -4593)
(30, 42, -59, -9943, -553, -20640)
(11, 118, -58, 13467, 3683, 29539)
(40, 81, -5, 7021, 23841, 32145)
(108, -98, -6, 21137, -4356, -32042)
(50, 22, 103, 25826, -5805, -23525)
(-94, -16, 43, 20673, 9450, -7974)
(41, 31, -65, -26718, 5827, -18989)
(-106, -111, 54, -32543, -28726, -7877)
(71, 42, 98, 27753, -23013, 22993)
(87, -68, 42, 5941, -4324, 7040)
(-23, -36, -70, -16241, 9156, -14447)
(-66, 28, 60, 27118, 14322, 24010)
(-49, -34, 91, -21424, 1083, 5671)
(-103, -103, 0, 29286, -3319, -19779)
(119, -98, -98, -32544, 29304, -27197)
(-17, 43, 46, -32544, -22431, -21603)
(104, -53, -60, 223, 17621, -16612)
(105, 108, 32, -32544, -5163, 32654)
(-101, 67, -27, -32544, -23010, -1404)
(-56, -33, 0, -32544, -32200, -27960)
(-7, -85, 104, 14259, 20946, -1301)
(-68, 2, -50, 28314, -25297, -16347)
(-13, -124, 73, 3899, -27582, -22438)
(0, -87, -110, -23990, -27585, -27488)
(21, 123, 15, 32176, -21730, -32042)
(-38, 58, 102, 26970, -5619, -32042)
(-4, -105, -91, -29613, -14701, -32645)
(-3, -76, 95, -259, -19829, -31841)
(117, 88, -11, 16315, 22948, 4484)
(-126, 16, 48, -22866, 32028, -31834)
(55, -20, 0, 28536, -12205, -28295)
(-120, 45, 36, 7597, 20539, 17077)
(106, 109, -22, 976, -27930, 5212)
(87, 69, -108, 12427, 31310, 6524)
(-61, -106, -11, 8841, 22837, 13952)
(-87, -44, -9, 8228, -19192, -10578)
(-124, 32, 25, 7662, -24780, -11164)
(-20, -6, 73, -12739, 3899, -28387)
(77, 35, 120, -9748, 12119, -21685)
(89, 106, 127, 986, -1486, 4820)
(-22, -11, 81, 3218, -12687, 8452)
(-13, 99, 90, 5253, -6890, 3844)
(-118, -125, 67, -8186, -3470, -4855)
(-65, -72, -114, 12204, -22279, 9409)
(-16, 36, -64, -29348, 23929, -1378)
(-94, 74, -92, 30790, 29969, 7220)
(86, -111, -63, 27348, 30753, 26050)
(-36, 80, -26, -3258, -2016, 1367)
(-64, 70, -54, 10428, 17311, 21119)
(-8, 84, -95, 27227, -11129, -32043)
(-83, -52, 7, -26320, 23667, -32043)
(124, 117, -61, -32543, 4979, -32043)
(-55, -106, -94, -32543, 11074, -21798)
(-25, 34, 84, -32543, 15535, 3641)
(110, -39, 126, 11052, 11722, -11089)
(56, 67, -32, -8060, 4316, -2797)
(-105, -68, 107, 18070, 4774, 709)
(-10, -126, -9, -6652, -26034, 10938)
(-90, 117, 102, 32596, 18161, 7386)
(-53, -51, -61, 30185, -11357, 5122)
(94, -38, -62, -32543, 26715, 23659)
(-32, -52, -55, -32543, 17348, -2308)
(53, -9, 12, 11796, 21408, -32043)
(31, -115, 49, -14555, 27680, -11194)
(63, 83, -6, -32543, 30754, -17340)
(45, 121, 102, -32543, 30754, 15886)
(125, 15, -121, 226, 9057, -30951)
(-38, 8, -100, -23381, 21280, -23162)
(125, 42, 89, 31754, 1125, -32043)
(39, -63, 3, 32388, 14037, -32043)
(82, -62, 17, -32543, -27760, -32043)
(60, -73, 14, 32709, 15380, -8141)
(-23, 76, 67, 10254, -27686, 14604)
(127, -118, 115, -24535, 27445, -32043)
(-19, 66, 116, -31461, -23458, -14443)
(-31, -93, -8, 18593, -28502, -5142)
(114, 66, -92, 16785, -5638, -32043)
(-3, 96, 120, 31877, -18496, -32043)
(-62, 117, 68, -9189, 31795, -31844)
(47, 27, -41, -684, 25436, 22505)
(112, -91, 76, -2497, -10650, -13303)
(6, 31, 12, 1712, -11855, -11928)
(20, -110, -2, -37, -17521, 8990)
(-106, 2, -14, -320, -18346, 9995)
(-35, 113, -36, 8302, -13955, 11293)
(-42, 3, -116, 9864, 1170, 13297)
(86, -87, -99, 16949, 12579, -13051)
(-25, 28, -54, -20066, 420, -1095)
(-58, 121, -23, -741, -25730, 2692)
(42, 14, 70, -29254, -13539, -906)
(87, 114, -47, -3265, -6250, 3854)
(-66, -100, -46, -8460, -20581, 2573)
(91, 122, 1, -13341, -18132, 5540)
(7, 98, 85, -15418, -2607, -93)
(37, -5, -1, -9605, 4124, -8576)
(62, -101, -5, 169, 5961, -4179)
(-118, 63, -53, 10640, 2107, -906)
(14, -86, 13, 30135, 19424, -1013)
(-76, -22, -25, 21492, -26337, 18274)
(103, -10, 10, -4155, 5978, -32079)
(62, -107, 14, -6749, 7805, -32042)
(108, 36, 7, 29092, -11035, 13005)
(39, -120, -125, 2030, -18318, 3175)
(-52, -90, -78, -29556, -6779, -23487)
(-9, 47, -31, 15144, -10920, 25061)
(25, -89, -123, -18225, 2124, -23875)
(-42, -77, -104, -32542, 1828, -9583)
(-54, 0, -84, -32542, 13091, 27217)
(18, 66, -100, -14372, 21643, -20766)
(-51, -11, -53, -32266, 30392, 3039)
(-54, 76, -106, -14623, -32619, 9399)
(-5, 69, -127, -4832, 21371, -15743)
(52, -68, 16, 21128, 12700, 26263)
(-13, -60, -40, -32542, 26707, 31987)
(-38, 96, -122, -32542, 22433, -12207)
(53, 67, -107, -11439, 2007, 27283)
(-45, 8, -12, -28654, 30755, -22606)
(-37, 86, -15, -32542, 30755, 27485)
(55, 72, -15, 6277, 30755, 4653)
(-107, 74, 34, -27655, -12150, -28419)
(57, -64, -104, 94, -11359, 17732)
(-80, 40, -103, 1308, -16408, -18761)
(104, -125, -26, -7415, -4779, -32042)
(-108, 100, 48, 11634, 16653, -32042)
(7, -26, -105, -27093, 28274, 28247)
(-99, 29, 99, -24972, -30211, 3665)
(13, -121, -104, -30045, -11105, -5512)
(99, -58, 8, 25278, 22675, -17059)
(-107, -99, 8, 8549, 29179, 16556)
(-128, 102, -3, 32067, -31807, 21132)
(-10, -8, -101, -21551, 28018, 4250)
(-59, 109, -38, 17504, 15457, -13814)
(-64, 108, 123, -12240, 25238, -30495)
(90, 22, 23, 13316, 14554, -30277)
(-51, -126, 3, -9327, 1899, -14642)
(-125, 14, -41, -488, -17006, 15258)
(-24, -59, -42, 9457, -27333, 21037)
(-103, -62, 75, -2067, -14512, 7345)
(94, 109, -89, 10052, 12706, 1809)
(63, 99, -50, -6062, 16246, -3794)
(-99, -44, -58, -5779, -7910, -3301)
(-128, -25, 78, -2148, -1365, 12701)
(27, -119, 54, 12630, -3039, 5094)
(19, -42, -8, 9391, 5066, -3137)
(-121, -2, 118, 4725, 8997, -4625)
(-107, 127, 14, -281, -1312, -5475)
(-7, 27, -73, -3440, -16937, -4307)
(103, 31, 127, -16766, 28219, -29394)
(-90, -111, 35, -13027, -14918, -31477)
(-15, 33, -92, -10695, 17055, -4107)
(-19, -35, -48, -451, 32010, -26425)
(-125, -69, 56, -14006, 15220, 28291)
(86, 127, 50, -32541, 15591, -32044)
(99, -36, 127, -32541, -18316, -32044)
(16, -17, -31, -32541, -16019, -32044)
(-81, -57, -28, -15269, -17831, 12329)
(-82, -75, 8, 32741, -11588, -13202)
(-71, -5, -38, 27520, -15610, 18433)
(25, -96, -19, -32541, 16769, 24844)
(-104, 0, 69, -32541, -10926, 28412)
(-116, -53, 99, -32541, 16272, 26580)
(67, 57, -42, -32541, 20974, 723)
(-86, -112, 60, -32541, 12129, -32044)
(-48, 107, -1, 226, 30757, 32207)
(-69, -98, -22, -32541, -25864, 10804)
(49, 29, -42, 228, 27786, 27243)
(27, -89, -15, -30565, 30757, 7803)
(-67, 41, -72, -6609, 30757, 723)
(74, 114, -21, -30482, 20840, -32044)
(24, 46, 12, -331, -27747, 13230)
(5, -23, -55, -21433, -32381, 29537)
(-4, -105, -103, 2866, 30757, 13833)
(-43, 96, -109, -8354, 7225, -14002)
(60, -4, 37, -10778, -26935, -28196)
(-103, -95, 2, -28305, 30757, -32044)
(-93, -26, 95, 7811, 22262, -23550)
(-107, 0, -38, 8324, 5020, -29825)
(-8, -88, -27, 17489, 29358, 9668)
(121, -48, 39, -11817, 22790, 20617)
(108, -64, 69, 18979, 19337, -24522)
(121, 87, -35, -4533, 860, -9863)
(23, -28, 8, 417, -9772, 5629)
(-10, -54, 50, -10165, -17348, 11623)
(-117, -14, -32, -9108, -6585, 1726)
(15, 19, 77, 20709, -5738, -11694)
(112, 97, 49, 5348, -565, -16477)
(14, -30, 122, 2496, 3207, -17899)
(-32, -128, 64, 12563, -9731, -19670)
(-18, -30, 103, 11120, 661, -10447)
(-72, 27, 127, -6529, 7648, -32221)
(25, 59, 84, -29485, -1514, 30400)
(13, 20, 107, -27925, 12779, -32046)
(35, -85, -116, -32539, 9036, -32046)
(-6, 0, 46, -32539, -2361, -6672)
(47, 101, 23, -32539, 32490, 19124)
(91, -71, 85, 230, -9587, -5803)
(-119, 38, -119, 228, -8009, 9891)
(35, -46, 120, 14978, 10385, 11615)
(-46, -41, 64, -6820, 4628, -3322)
(-100, -22, -98, 22786, 14471, -20609)
(-52, 85, 127, -32539, 4720, -15816)
(-26, -116, -51, -32539, 9917, -31746)
(-70, -21, 12, -32539, -13397, -2220)
(-101, 100, -31, -29690, -18477, -32047)
(-20, -16, 77, -19356, 22946, -8540)
(35, 88, -93, -11764, 2536, -12474)
(95, 83, 117, -32539, -29747, 31971)
(-63, 70, -16, -5768, 24933, -25432)
(66, -23, -4, 15857, 30999, -17984)
(85, 17, -87, -29702, -9010, -5119)
(-39, 18, 100, -8728, 18180, -32047)
(109, 71, 127, -19703, -4038, -32047)
(2, -65, -43, 23743, -19102, -32047)
(87, -125, -91, 11776, -16286, 19716)
(76, 104, 74, 7197, 5820, -27456)
(-110, -50, 114, 5311, -21242, 11007)
(51, -124, 39, -21756, 30756, -26763)
(-73, -45, -127, -31706, 30504, 23304)
(73, 17, 6, 28595, -27794, -32047)
(-29, -120, -116, -12065, 25395, 29104)
(-34, -109, -41, -16871, -18733, -2544)
(112, 103, 25, -21939, -11590, -5724)
(52, 23, -16, -17228, -17228, 6456)
(-48, 1, -69, 13480, 32544, -31921)
(-65, 40, -71, -19006, 27120, -27036)
(-103, 17, 27, -8239, -12438, 17761)
(25, 19, 33, 4714, 26253, 29723)
(-90, -51, 5, -10933, -11385, 25570)
(-77, -19, 106, 14688, -13887, 29590)
(49, 36, 46, 21905, -24083, 11628)
(-54, -83, -94, -17563, -13500, -11145)
(-116, 6, -100, -159, -21999, -12796)
(-72, -76, -99, -10605, -16670, 25000)
(-85, -108, 55, -21760, 9837, -15248)
(69, 108, -90, -6224, 15783, -7203)
(38, -125, -58, -4347, 10313, 28994)
(112, -36, 8, 28426, 7402, 31573)
(-112, 89, -12, -24486, 18258, -32047)
(40, 119, -125, -32539, -26895, -32047)
(-71, -78, -127, -32539, 19157, -32047)
(87, 68, -76, 12313, 224, 20470)
(-14, -101, 92, -21419, -17221, 20297)
(-33, -110, 34, 20666, -11420, -22563)
(-98, 121, -66, -32539, -17910, -32047)
(60, -97, -84, -32539, 32016, 30973)
(-19, -10, 37, -32539, 30753, 9008)
(69, 98, 75, -32539, -1722, -24718)
(-71, 95, 16, -32539, 1630, -25136)
(-113, 92, 98, -101, -21467, 27666)
(43, 38, -79, -17953, -16536, -32049)
(78, 50, 49, -29885, 14190, 718)
(-54, 37, -115, -5906, 27673, -32049)
(-65, 25, 35, -32539, -26623, -32049)
(12, -69, -53, 230, 21078, 15533)
(74, 40, -55, -32539, 30753, 9523)
(76, -101, 123, -3022, 30753, -32539)
(-6, -49, -119, -9611, 30753, -28559)
(105, -48, 116, -32539, 28658, -32049)
(-39, -66, 24, -32539, -23163, 8339)
(93, -53, -66, -2643, 30753, 9102)
(-49, -122, 92, 24469, 30753, -29352)
(30, -29, -14, -9565, 30753, -25053)
(106, 114, -105, 10416, 30753, -31042)
(92, 14, 105, 23413, 28262, -23083)
(67, -80, 25, 8441, 20661, 30380)
(110, -75, 29, -14293, 16907, -25124)
(-27, 23, -40, 1678, 31200, -11680)
(67, 113, 56, 17223, 10580, -7307)
(80, 48, -66, 5218, -17162, -10965)
(-41, -96, -35, 17088, 18425, 13136)
(-8, -115, -12, -32703, 30198, 6727)
(-123, -28, -82, -20823, -2549, -18414)
(-71, 15, 55, -13374, -25296, 22111)
(-116, -17, -107, -31388, -10732, 16791)
(32, 114, 16, 27446, 19386, -21809)
(38, -27, -45, 24476, -23493, -28675)
(68, 100, 35, -21037, 30554, 28341)
(110, -104, -76, -27057, -11387, -32050)
(-32, 37, -122, -1430, -22649, 11845)
(39, 83, -18, -19107, -8426, 7879)
(37, 37, -128, 11982, 6256, 32568)
(57, 58, 21, -8810, 17501, -978)
(48, 112, -61, -13668, -3600, 13931)
(68, 47, 48, 19336, -2798, -32048)
(86, 80, -82, 17631, 9434, -29976)
(69, 22, 23, -3663, -18176, -15480)
(46, -50, 56, 14116, -7193, -32315)
(12, 69, 108, -20626, 17241, 31661)
(125, -66, -117, -32539, 18756, -14419)
(2, -103, 117, 14966, 29229, -24501)
(2, 123, -44, 31255, -10522, -9287)
(-98, 104, -126, -17428, -29213, 25463)
(-119, -113, 49, 20326, 32682, 6636)
(-90, 101, -51, -32539, -5796, 7345)
(16, -125, -24, -5359, 8499, 10272)
(79, 47, -55, 23937, -4926, 12751)
(19, 123, -47, -32539, -19049, -172)
(-65, 9, -22, -32539, 16207, 22864)
(115, -79, -67, -11217, 24680, 28103)
(-2, -3, -12, -28724, 26314, -19330)
(-117, -40, -16, -32539, -8951, 29400)
(-32, -55, 102, 230, 15354, -27443)
(5, -15, 45, -32539, 30753, 21487)
(-50, -11, -6, -7092, -12875, 18642)
(-27, 28, 124, -30099, 21097, -16175)
(-25, -95, 52, 11987, 29840, -32046)
(85, -108, 26, 27175, -3554, -32046)
(76, 60, 55, -19035, -5679, -32046)
(-14, 56, -42, -604, -5575, -32478)
(-109, 124, 92, 156, -13102, 25666)
(-100, 64, -55, 22565, 26255, 20471)
(26, 73, 107, 10496, 26036, -11657)
(94, -68, 89, -8215, -30404, -11339)
(127, 87, 42, 15622, 30754, -17511)
(103, -102, 18, 28769, 30385, 7272)
(86, 0, -14, 16030, 30041, -9956)
(-105, 109, 81, -32116, 17308, -17257)
(63, -21, -106, 657, 26388, 1137)
(35, 10, 33, 24558, 22811, 13103)
(16, -95, 16, -3039, -20662, -30958)
(7, 14, -5, -11477, -22117, -9974)
(92, -57, -5, -10034, -2310, -16244)
(-87, 72, -78, -12379, -9087, -5182)
(109, -38, 3, -8287, 1081, -10771)
(127, 27, 16, -2428, 12550, -16829)
(-89, -28, -43, 8152, 15181, -26017)
(53, -103, -76, 2318, 16914, -22140)
(-46, 53, 91, -12834, 19182, 844)
(65, -60, 10, -4415, -423, 15193)
(66, -55, 17, -27521, 28170, 26991)
(-25, -47, 44, -23206, 8400, -1863)
(-26, 25, -9, -3618, 17847, 17405)
(35, 124, 5, -13565, 4302, 32572)
(-124, 82, -87, -32540, 9937, -32047)
(18, 55, 112, -32540, -13752, -32047)
(57, 84, 79, -32540, -6849, -2192)
(-71, -36, -61, -32540, 5119, -686)
(-110, -99, 53, -32540, -1450, 13390)
(36, -102, -25, -32540, 23210, 21182)
(44, 28, -123, -21432, -428, -10849)
(-37, 46, -17, 25511, 20852, -1824)
(-56, 73, 50, 30616, 13780, -14931)
(-119, 33, -37, -23009, 5050, 1373)
(105, -41, -31, -6479, 11513, -25590)
(92, -103, -112, 23250, 26272, 26429)
(74, 12, 31, -32540, -14107, 22376)
(25, 14, -63, 227, 21851, 7231)
(99, -109, 100, -32540, 30754, 21389)
(-86, -79, -15, -32540, -23146, 11545)
(-49, -93, 56, -32540, -27356, 10896)
(-63, -78, -20, 229, 26986, -16707)
(-79, -47, 89, -32540, 30754, 28377)
(-24, 77, 1, -14560, -14871, 721)
(-66, -95, 30, 16694, -15325, -32046)
(-93, 27, -21, 13243, -27949, -32046)
(-82, 61, 103, -8116, 11340, -32046)
(-63, 28, -99, 24085, -13107, 11783)
(-70, -28, -44, -18241, 8296, 18246)
(-62, 97, 7, -16288, -2092, 12239)
(95, 40, 16, 24800, -2002, -32717)
(-68, 4, 34, 31113, 13987, 11292)
(97, 71, 116, 30880, -23814, -4902)
(-4, 39, 19, 2103, 30755, 30197)
(80, -51, 69, -3467, 23128, -24789)
(4, 61, -69, -30546, 22375, 11243)
(80, -119, 27, -27185, 30755, 31669)
(-74, -55, 36, -2859, 8919, 24258)
(87, 43, -16, -1473, -201, 1709)
(-110, -122, 33, 29825, 6916, -26521)
(-10, -123, 58, 11119, 20113, -31495)
(-126, 9, -45, 6443, 24104, -17160)
(-97, 48, 81, -15519, 6360, -5374)
(1, -38, -27, -1769, 32677, 8306)
(-10, -76, 44, -334, -13194, 18922)
(-62, 113, 59, -2215, 1544, 472)
(-9, -34, -117, -15720, -2473, -22304)
(-71, -48, 71, -503, 10657, -22315)
(-63, 101, -124, -3890, -3374, -30381)
(80, -10, 29, 6044, -328, -23472)
(117, -109, -68, -13155, 12147, -28440)
(9, 64, 55, 8454, -8729, 31035)
(-78, 90, 31, -25574, 15289, -3750)
(-17, -69, 85, -20688, 5307, -15599)
(106, 107, 88, -28315, -9943, -30698)
(-77, -57, -99, -32538, -6219, -13965)
(38, 5, 124, -32538, -21921, 1041)
(-13, -34, -83, 231, 32532, -32299)
(-36, 82, 17, -27943, -5593, -8034)
(53, 7, -27, 23073, 19813, 17622)
(10, -50, 26, -23897, 24568, 6513)
(-93, 27, -39, 28623, -3589, 14065)
(16, 77, 50, -32538, -21791, -32047)
(122, -44, 13, -32538, -4316, -23485)
(-41, -91, -98, 229, 28500, -16881)
(-126, 125, 54, -32538, 10512, -27132)
(74, -103, 78, -32538, -632, 26966)
(86, -6, 53, 10130, 16929, -26261)
(12, 33, 0, 22507, -18039, -11414)
(-38, 74, 115, -19219, -23275, 24315)
(-30, -107, 126, 26485, -27929, -21330)
(-64, -60, -24, 2402, -26403, -31903)
(-85, 95, -71, -18237, 26554, -32047)
(22, -121, 11, 5019, 30754, -32047)
(-26, -39, -31, -13879, 29013, -32047)
(47, 76, 106, 31837, 14315, -32047)
(-5, -14, -116, 18900, 6749, -31740)
(-54, 61, 103, -4926, 24089, 4077)
(78, 87, 115, 26557, -28859, -3599)
(-114, -24, -31, 11128, 30754, 20073)
(114, 0, -48, -12010, 2837, -6221)
(61, -49, -101, 20460, -19751, -13970)
(86, 58, 43, -12563, -4574, -24499)
(-59, -67, 43, -17989, -29014, 187)
(93, 85, -119, 8494, -24463, 11554)
(85, 62, -46, -17860, -2532, -10207)
(84, 88, 23, -1337, -18308, 27171)
(-44, -25, -96, -4373, 782, 31078)
(-47, 74, -100, 6350, 17467, -32047)
(82, 27, 99, -16513, 3655, -29909)
(-111, -86, -89, 21168, -31550, -20585)
(12, -117, 117, -21413, 14920, 29431)
(11, -122, 9, -32538, 14405, -25366)
(-21, -108, -114, -32538, 27695, 3739)
(48, -127, 76, -22264, -4059, -198)
(-121, -67, -73, -30011, -1230, 23423)
(-50, -65, 21, 5528, 8075, 3962)
(73, 122, 108, -8274, 21894, -20593)
(51, -27, 101, -2389, 21955, 20379)
(-24, 2, -73, 20476, 7268, -17494)
(37, 100, 3, -32613, 21387, -25238)
(47, -25, 89, -32539, 13358, 26467)
(-116, -68, 4, -2418, 5892, -32046)
(-13, -47, -121, -31657, -2015, 721)
(50, 6, -72, 230, 30754, -32046)
(-80, -75, 101, 20557, -32516, -25328)
(-66, 21, -1, 26857, -27757, -9187)
(55, -96, 56, -25470, 29524, -22576)
(-83, -116, 5, -32539, -11386, 26332)
(-48, -107, 85, 27504, 21594, -32046)
(23, -119, -102, 26975, 2413, -10749)
(-39, -18, 93, -16976, 24109, -8561)
(-6, 68, -49, 25042, 26441, -31319)
(-2, 116, -19, -32539, 30755, -32046)
(99, -75, 86, 27224, 31852, -32046)
(103, 88, -55, -30307, -28602, 16660)
(-40, 57, 89, 9103, -14290, -23683)
(16, -22, -96, -2450, 8536, -14837)
(27, 32, -59, -28792, -22209, 18564)
(9, 79, 82, -28423, 30754, -9396)
(-78, 126, -29, 3371, 30754, 7659)
(48, 93, 14, 18847, -12341, -28018)
(-104, 13, 104, -11658, 13620, -28417)
(-42, -4, -114, 18195, -16461, 12387)
(-60, 60, 127, -22287, 31216, 10873)
(77, 46, 54, 953, -9644, 12739)
(91, 22, 120, 13517, 3856, 512)
(-96, 17, -40, 9992, 9533, -15894)
(-80, 2, 126, 5333, 12732, -9027)
(64, -66, 44, -3972, -6441, 3503)
(-103, 27, -17, 11949, -18692, 19739)
(65, -42, -120, -19696, 21714, -16546)
(-121, -8, -28, 16904, -28227, -20677)
(-64, -122, -121, -22797, -32144, 25480)
(123, 103, 119, 22728, 20008, -32046)
(111, 56, 48, -21517, 5988, -32046)
(-65, 57, -27, -32540, -31602, -32046)
(15, 29, -99, -32540, -5168, -19846)
(43, -50, -15, -32540, -9296, -12101)
(125, 73, -28, -32540, 29914, -2299)
(-102, -88, -53, -32540, 27331, -4754)
(34, -32, 82, 13497, 8576, -9191)
(-28, -106, 39, 28574, -494, -3587)
(91, 73, 115, -32540, 9329, 16672)
(-35, 52, 19, -32540, -24035, -20016)
(86, -126, 63, -32540, 26255, -1739)
(-104, 83, 81, -32540, 32350, 12468)
(-94, 68, -56, -32540, 30758, 1775)
(89, -98, -59, -12564, -7773, 22219)
(-24, -104, -52, -28277, 1085, 723)
(95, 12, 60, 20570, 15896, 12862)
(109, -69, 125, -7409, 7669, -1145)
(-82, -71, -8, -8920, 30758, 18944)
(-114, -41, 114, -25830, 30758, -27460)
(119, 100, -29, 11166, 30758, -30419)
(-58, 34, -28, -16625, -17336, -32044)
(-54, 119, 38, -32540, -25446, -32044)
(38, 81, 16, -12565, 1333, -17498)
(117, -41, 10, 16684, -23012, 1501)
(-62, -11, -124, -6373, 30758, 17038)
(-121, 125, 61, 25093, 30758, -25746)
(30, 61, -54, 19397, 30758, 26513)
(33, -9, 16, -7326, -2781, 7242)
(77, 121, 29, 20611, -20039, -6170)
(54, -32, 120, 9644, 11463, 17177)
(60, 22, -113, 227, 30337, -14377)
(-21, 117, 55, 19364, -15537, 11143)
(-7, -7, 69, -5449, -17870, -28516)
(-93, 55, 3, 16945, -14261, 11358)
(60, -39, 73, 693, -317, -7668)
(-72, 92, 87, 5330, -6709, -4891)
(26, -122, -81, 3284, -11730, 3995)
(107, -125, -83, -10367, -21682, 6638)
(-96, -43, -40, -13639, -4302, -2981)
(-5, 114, -115, -6636, 7941, -7553)
(56, 96, 80, -3124, 32522, 20043)
(119, -53, -72, -23428, 10754, -32045)
(113, 38, 82, -15373, -29032, -32045)
(-124, -96, 30, 3218, -10220, -32045)
(22, -46, 68, -14452, -24499, -32045)
(74, 2, -80, -32541, -1865, -32045)
(118, -65, 40, -32541, 19912, -32045)
(5, -26, 27, -32541, -27374, -26346)
(-125, -105, 77, -3824, 2644, 7378)
(-25, 15, 38, -30629, -16719, -3835)
(29, 2, 53, 25527, -18090, 3022)
(67, 21, 108, -32541, 12788, -15631)
(-66, 59, -33, -32541, 16051, -32045)
(13, -85, -26, -32541, -25369, 29505)
(109, -10, 71, -32541, 16151, 29079)
(87, 113, 114, -9863, 12155, 10247)
(-46, -96, -3, 22727, 21838, 16390)
(15, 13, 29, 26617, 16514, 10967)
(-13, -38, -88, 226, -29311, -13616)
(-70, 25, 56, -32541, 25316, 1134)
(23, 15, -92, 18041, 29868, -20511)
(-54, -108, -112, -28744, 32045, -20746)
(-35, 1, 100, 27450, -18428, 21163)
(-29, -36, -58, -22798, -16723, -19512)
(-85, 83, -33, -10510, 533, -32046)
(-73, -51, -44, -4950, 16364, -32046)
(121, 41, -56, 7700, 5575, 27385)
(-107, 18, -53, -7728, -8436, 8805)
(28, 51, -24, 788, 7636, 16041)
(-69, -108, -127, -2045, 19642, 3085)
(74, -39, 47, 666, 5919, 3158)
(31, -64, 89, 4592, 7686, 3278)
(-81, 6, -46, 7090, 16659, -369)
(117, -97, -36, 3841, 24969, 951)
(110, 11, -110, 3941, 20547, 5173)
(-23, 47, -9, -23410, -30390, -16837)
(80, 92, 100, -9532, 30962, 3773)
(-39, -91, 122, 23159, 30761, -17293)
(-107, 105, -45, -439, -7554, -19069)
(-98, -56, 11, 5330, -19102, 165)
(-97, -98, -40, -8544, -28064, 9562)
(-110, 88, -40, 3272, -28843, 15212)
(38, 113, 93, -918, -20186, 10810)
(-78, 60, 13, -1413, -1975, 2244)
(-86, 100, 68, -1392, 11268, -8422)
(-23, 123, -122, 7963, 15837, -13323)
(-11, -32, 32, -995, 6247, -5576)
(125, 40, 39, -3965, -8113, 2804)
(-46, 117, -100, 7616, 30103, -9367)
(-91, -21, -11, -9279, -24992, -30046)
(-113, 5, 17, 4329, 5922, -11493)
(68, 115, -28, 2357, 11145, -25850)
(51, 17, 118, 8447, 13807, 31287)
(-89, 112, -48, -19193, 19412, 32586)
(-39, -82, 23, -32540, -1021, -32050)
(10, -27, -6, -32540, 11294, -14975)
(36, 35, -108, -32540, -30000, 13012)
(-70, -59, 75, 9932, -11955, -15630)
(-43, 2, 3, -3485, 2756, 6332)
(57, -56, 107, -22151, 14814, 22086)
(-30, -88, -85, -22550, 15184, 12469)
(36, 5, -14, -3612, 17973, 4303)
(29, 53, 65, 21191, -5220, 19923)
(-95, 78, -42, -32540, -23660, 31448)
(32, 99, 123, -32540, -11845, -12795)
(113, 15, 66, -32540, -2005, 17612)
(-9, -13, -8, 227, 30762, -17975)
(60, -55, 19, -32540, 11281, -32049)
(-99, 44, -39, -32540, 19674, 16679)
(-116, -41, 30, -13882, 29341, 1070)
(11, -71, 66, -16435, 30762, 20675)
(-13, -111, -29, -29141, 4073, -6936)
(89, 96, -42, 10763, -23046, -29497)
(-44, 49, -2, 31517, 557, -32048)
(22, 74, 101, -19361, 29939, -32048)
(-27, -20, 77, -15308, 18960, -32048)
(123, -9, 66, 15213, -13365, 17898)
(-105, -116, -96, -30033, 12881, 18584)
(-75, 29, -59, -19689, -23238, 4847)
(-69, 97, -116, 26784, 30762, -26918)
(-45, 120, -14, -27717, -1862, -22814)
(99, -67, -1, 19252, 8869, 25835)
(63, 21, -83, 20982, 32152, 4214)
(-25, 113, 92, 8315, 14822, -12337)
(-77, -39, -82, 11033, 16979, 11668)
(41, -5, -126, 6109, 5807, -22128)
(-40, 81, 2, 15898, -20219, -30020)
(101, -20, -61, 16414, 25828, -1209)
(11, 85, 60, -21278, 29242, 3093)
(-24, -84, 112, -6307, -15681, 8755)
(31, 52, -6, 2311, 14214, -19307)
(74, 117, -66, -16984, 5660, 22979)
(42, 15, 59, -29497, 29131, -32048)
(-96, -10, 39, 19186, 1309, -32048)
(-5, 83, 98, 313, -948, -32048)
(102, -118, 113, 22985, 6836, -8490)
(-50, -94, 100, 30800, -19116, -3660)
(18, -70, 39, 27791, -17249, 11814)
(23, 13, -59, -29703, 17533, 23286)
(78, 39, -117, -32539, 10061, 31000)
(43, 21, -3, 12733, -3149, 10590)
(-73, 35, 65, 5609, 13859, 27812)
(-27, -50, 88, -6575, 17021, 7033)
(-98, 45, -75, 12122, 2891, -21616)
(26, 74, -85, 13660, 1736, 25559)
(79, -16, 26, -32538, -21279, 32489)
(31, 36, -50, -32538, 24892, -32049)
(9, -26, 113, -9432, 21797, -9220)
(-97, 94, 82, -7473, -32376, -28737)
(-119, 35, 55, 31283, -748, -32049)
(60, 108, -5, -26628, 17167, -29258)
(19, 25, -53, -18203, -25742, -25958)
(-60, -30, 79, -8784, 5178, -7025)
(-62, -22, -18, -32539, 2966, 12368)
(-64, -87, 31, 230, 13343, 24445)
(-124, 119, -34, -8848, 30762, -29308)
(-49, 23, 77, -10044, -30242, -30345)
(112, -74, 53, -9902, -23803, -32049)
(127, -37, -74, 20387, 25106, -14629)
(97, 63, 41, -12274, 18357, -11906)
(41, 115, -105, -10636, 23193, 11163)
(6, -101, 70, -2898, 22824, 16106)
(-16, -60, 103, 12271, 20309, 4058)
(-30, -10, 90, 15352, 2635, -241)
(-68, -99, 3, -32222, -10850, -7969)
(-24, 26, -53, 6264, -2034, -215)
(-87, -4, 95, -4750, 3936, -14576)
(32, -53, 82, -30534, -2559, -257)
(-43, 126, 25, -19895, -12819, 7713)
(121, 120, 48, 460, 28754, -7999)
(111, -25, -7, 25969, -11434, 3549)
(-36, 124, -28, 15169, 15757, 4670)
(14, 73, -55, -8819, 3403, -14452)
(-26, 19, 31, 5587, -3832, -22868)
(41, -3, -66, -27574, -3134, -8907)
(6, 16, -65, 13651, -3530, -2122)
(-75, 44, -59, -23429, -28007, -14781)
(-93, 93, 46, -29382, 2339, -7902)
(-36, -95, 68, -23456, 14178, 22039)
(-115, 101, -83, 7558, 17720, -32049)
(-84, 98, -18, -16843, 615, -32049)
(-26, 41, 66, -32538, 1189, -32049)
(60, -7, 41, -32538, -28818, -32049)
(110, 106, -42, -32538, -32057, -6751)
(4, -65, -93, 231, 10508, 1417)
(-113, 72, 90, -7977, -4651, -13653)
(-100, -30, 41, -29565, -15188, -10302)
(12, 73, -10, 29731, -18243, -10126)
(-92, -63, 4, -32689, 13636, 23132)
(14, -91, 99, -32538, 19709, 26017)
(-77, -122, -88, -32538, -12656, 5621)
(30, -102, 92, 229, 15178, 8360)
(125, 112, -64, -32538, -17379, 24344)
(73, 22, -34, 30148, -31315, -3746)
(57, -40, -96, -31588, -759, 31722)
(-82, 66, -24, -32538, 11111, 5216)
(0, 56, -72, -589, 30760, 28883)
(17, 40, 82, -20097, 30760, -24321)
(-48, -106, 98, -4407, 30760, -32049)
(68, 117, -60, -11414, -28150, -32049)
(-47, -16, -104, -27040, 6753, -32049)
(-58, -3, -89, -27257, -24349, -4628)
(-31, 83, 31, 27230, 10985, -12601)
(-120, -107, -30, -32382, -27322, 16498)
(-123, 109, 87, -6788, 7406, -31277)
(-27, -108, -115, 19428, 9831, 22855)
(68, -54, -52, 24086, -26078, 15490)
(-117, -62, 79, -8743, 31051, -2878)
(-35, -1, -53, -18682, 5977, -15597)
(105, 67, -84, -21439, 32387, -14716)
(-73, -25, -83, -11775, 5461, 31838)
(-57, 70, 8, 7636, -10653, -3978)
(69, 47, -43, 15967, -31106, 10477)
(-101, 48, 58, 6797, 28765, 28228)
(-2, 110, -110, -6548, -26927, 16151)
(-25, -3, 72, -17027, -22662, -4902)
(75, 91, 96, -11110, -12435, -14673)
(81, -94, 83, -4247, -5187, 23761)
(37, 61, -27, -26257, 9698, -32660)
(-65, 74, 74, 16994, 24539, -31024)
(-124, -10, 41, -10369, -1204, -32392)
(37, 18, -40, 1055, 23664, -14161)
(81, -107, 65, 25295, 18231, -20188)
(-100, -26, 110, -24287, 7013, -15836)
(48, 6, 1, -32534, 9442, -11338)
(-9, -99, -109, -32534, 20167, 21242)
(3, 114, -43, -17817, 3270, -21070)
(-89, -84, -7, 17174, 16793, -2634)
(81, 61, -38, -16979, 25550, 11609)
(61, 23, 72, 27817, 23081, -3783)
(-3, 127, -100, -32534, 7284, 17732)
(-126, -40, -88, -32534, 28207, -32049)
(110, -46, 54, -32534, -25662, -32049)
(-12, -77, -65, 233, -25895, 718)
(-23, -12, 89, 6570, 7613, -32049)
(62, 103, -6, -4169, -17846, -15520)
(-58, 81, 0, -17207, -25680, -30412)
(-36, -49, 105, -32534, -29654, -22298)
(45, 115, -18, -32534, -6952, -12671)
(-95, -116, -6, 13454, -20046, 12932)
(-62, -68, -79, -29548, 27559, -17013)
(-105, -112, 23, 23257, -16371, -32049)
(-15, -62, 30, -28941, -3907, -32049)
(6, 18, -79, 21607, -6130, -32049)
(0, 74, 105, 15720, -9120, -32049)
(-12, 118, 84, -21999, -32328, 2990)
(-37, 54, -97, -14576, 2833, 18949)
(27, -66, 43, -26090, -23554, -12779)
(-34, 0, 101, -31118, 30762, 26400)
(1, -48, -17, 3835, -29960, 19061)
(-49, -8, -32, 299, -30922, -16538)
(-26, 104, -71, 6175, -3606, 30597)
(3, -119, -94, -25124, -1384, -1398)
(-102, -114, -93, 13159, 29953, 13980)
(-85, -39, -69, -17505, 9208, -29117)
(124, 101, -104, -5986, 2613, 4569)
(54, -13, 1, -18994, -2204, 3898)
(-108, 120, -31, -21490, -25746, -2446)
(51, -50, -122, 4614, 21878, -12365)
(-57, -54, 76, 5230, -21950, 13547)
(110, 24, 114, -2970, -30095, -4089)
(-125, 103, -123, 17333, 15812, -32333)
(58, -77, -27, 28893, 31098, 28352)
(-77, 58, 67, -20238, 16674, -32049)
(19, 22, 8, 20332, -2611, -32049)
(114, -45, 93, 10957, -6070, -32049)
(115, 52, 125, -23773, 6960, -17136)
(81, -37, -28, -32530, 7011, -16962)
(75, -89, 101, -32530, -22366, 4696)
(5, 2, 44, 239, 7221, -7856)
(81, -94, -116, -32530, 5014, -7615)
(-66, -123, 63, -9713, 6852, 922)
(43, 94, 112, 30254, -29093, -20567)
(-75, 18, -99, -23143, 10657, -19233)
(12, -11, -96, 29338, 30601, 18975)
(-108, -85, 56, -32530, -10416, -2680)
(40, 104, 27, 18440, -2003, -1913)
(107, 64, 97, -16753, 30764, 18501)
(-80, 55, -123, -32530, -32004, 2928)
(120, 113, -96, -32530, 6842, 29537)
(-19, 39, -37, 18448, 9304, 28551)
(100, -62, 82, 10958, -2438, -25977)
(-119, 86, 79, -23615, 32251, -1308)
(-89, -94, 117, 2684, 11573, -32051)
(118, -118, 114, 7842, 28516, -32051)
(98, 56, -54, 32086, 30763, -32051)
(-47, -57, -74, 32136, -16255, -32051)
(-31, 111, 24, 20321, -26040, -32051)
(114, -65, -17, -25027, -28819, -20487)
(-58, -6, -74, -31366, -8909, 18708)
(-67, -65, -8, 26789, -21549, -23863)
(39, -88, -83, 3484, 19512, 27920)
(-66, 24, -29, 4367, -10269, 31435)
(95, -107, -92, -23594, -18409, -1176)
(23, -79, 76, -28194, 4950, 18997)
(-109, -123, 61, -23753, 23120, -20074)
(-100, -32, -34, 22660, -27910, 2015)
(-5, 14, 117, 4281, -23146, 20509)
(-24, 17, 37, 18154, 23038, 3862)
(-13, -115, -23, -8440, 5589, -18830)
(20, 105, 18, -6725, -11441, -7119)
(93, -58, -127, -5385, -24283, 3770)
(-33, -69, 33, 1394, -20557, 3666)
(-106, -4, -120, -11791, -12033, -31899)
(-48, -55, 110, -10679, 889, 27698)
(-23, 96, -64, 23025, 10955, -28496)
(55, -100, 126, -974, 3944, 32300)
(52, -108, -74, 7304, -1487, -32051)
(118, -90, -20, 20744, -14739, -31188)
(-31, -17, 62, 5739, -4839, -15524)
(83, 14, -24, -20575, 6909, 32229)
(115, -97, -116, -32528, 14722, 32037)
(-119, 55, 117, -32528, -24705, -7990)
(125, 18, -30, 241, 30766, 29603)
(-125, 48, 110, 2230, -5062, 4178)
(99, 46, 113, -27405, -4349, -15036)
(2, -83, 62, 27439, -12279, -6007)
(64, 73, -106, -32528, -13386, -11247)
(93, -100, 5, -32528, 2623, 26151)
(14, -3, -20, -32528, 27800, 6114)
(95, -21, 8, -32528, 18108, -22111)
(41, -100, -116, 239, -15122, 14306)
(99, 21, -16, 1739, -31276, -9664)
(-3, 114, 10, -3360, -29502, 2287)
(22, 104, 47, -16941, -13521, -2566)
(74, -29, -13, -10680, 28273, -12272)
(-20, 40, -48, -32528, 26382, -5576)
(66, 124, -7, -2530, -23898, 9005)
(-76, -87, 21, 17846, -32106, -2606)
(46, 112, 65, 25118, -28567, -15096)
(93, 6, -58, -13244, -19396, -32051)
(-80, 34, 105, 18756, -20527, -32051)
(-54, 88, -3, 8420, 3121, -32051)
(-26, -122, -58, 153, 23297, 22250)
(86, -102, 9, 21165, 10008, 3427)
(-43, 72, -83, 27611, 12465, 25784)
(69, 105, 101, 29941, 24657, 9555)
(74, -24, 31, -29912, 20372, -10309)
(105, -104, -5, 19616, -29589, 18676)
(76, -16, -117, 4707, 30766, -32052)
(-114, 8, 107, -15313, -2001, 8402)
(40, -10, -21, -23032, 30766, -28272)
(-33, -55, 103, -22196, -16072, 32125)
(77, -7, 100, 8390, -7784, 9351)
(-25, 11, -100, 23966, 10565, -18966)
(-9, -66, 116, 29982, 12470, 21124)
(-101, -41, 92, 29907, 20732, 10825)
(-32, -114, -117, -28048, 4929, -15908)
(103, -44, -23, 31333, -22751, 4688)
(-41, 70, -102, 24834, 1007, -28671)
(-79, 115, 36, -22667, 19956, 32156)
(-110, -84, 89, 11803, -24663, -29264)
(10, -24, -114, 20399, 14797, 31999)
(57, -85, 37, 11357, -18835, -32052)
(-83, -28, 69, -23766, -9293, -32052)
(-78, -67, 62, -31949, -10471, -23214)
(-12, -40, -35, -32527, 2177, -26100)
(38, -124, 56, -32527, 12372, 30518)
(29, -9, -4, 13669, -657, -16818)
(-86, 83, -92, -3450, -3030, 3498)
(28, -103, 100, -230, -5111, 10833)
(-126, -44, 21, 18516, -17464, -18094)
(-11, 111, 0, -32527, 30766, -32052)
(17, -67, 126, -11960, 30766, -32052)
(-118, 16, -63, -20350, 30766, 191)
(113, -16, 27, 20275, -2003, 11814)
(-11, 120, -30, 13295, 13948, -32052)
(-50, 123, -62, -32526, -25523, -32052)
(-126, 67, 115, 7634, 15235, -12072)
(79, -13, 34, -13145, 3176, -11428)
(-81, 6, -86, -32526, 18716, -8379)
(-40, 2, -69, 243, 25925, -7020)
(-90, -84, -49, -19426, 26437, 12688)
(72, 107, -99, -4125, 30766, -29087)
(5, -49, 126, 435, 30766, -29229)
(-16, 107, 37, 2101, 12773, -32051)
(25, 0, 96, -18603, -17850, 27384)
(-27, 59, 49, 17414, 14985, -1414)
(-62, 31, 22, -9683, -29509, -15599)
(26, 39, -118, -17903, 30767, -31935)
(-40, -8, -45, 23369, -25231, 14183)
(47, 44, 50, 12251, 26793, -23357)
(-24, 57, 105, 6706, 31377, -18027)
(118, -15, 64, 27130, -523, -20165)
(-110, 35, 13, 6855, -31584, -19092)
(68, -105, 34, -28839, -32098, -26665)
(77, -64, 39, 7692, -26511, -21783)
(-1, -65, -77, 3760, -24765, 9820)
(-110, -80, 58, -5721, -7558, 7915)
(-24, -5, 98, -18156, -8132, -2121)
(107, -28, -121, -14396, -25338, 3790)
(41, 92, 127, 12406, -25122, -7462)
(43, 101, -38, 10212, 25051, 1092)
(-75, 78, 2, 14007, 8948, 17779)
(-24, -104, -123, 19141, 23544, -32052)
(50, -19, 6, 16051, 8571, -32052)
(-93, 9, 113, 22431, 10123, -12747)
(-49, 121, 120, -28667, -18683, -15585)
(-118, -104, -58, 11204, -27979, -15492)
(-76, 12, -36, 19348, -15973, -2518)
(102, 85, -88, 31692, -28302, -31609)
(54, 119, -68, -29721, 1662, -5762)
(122, 110, 54, -32526, 26167, 81)
(-111, -103, 75, 243, -26916, -21072)
(108, 33, 18, -7059, 15634, -14113)
(96, 59, 70, -21702, 9296, -11026)
(36, 90, 107, -25879, 28845, 31648)
(-19, -127, 30, -20217, -8792, 16104)
(-76, -30, -96, 27452, -2083, -5063)
(-100, -17, -52, -32527, -19026, -16281)
(-4, -4, 101, -32527, 30767, -23764)
(-44, 110, 35, 28277, 11821, -30030)
(66, 38, 3, -20028, -30533, -27813)
(27, 31, -102, -32527, 17229, 16956)
(-96, 15, -9, 242, 12452, -17018)
(-105, -114, 50, -6610, 30767, 14659)
(46, 116, -67, 840, 30767, -19239)
(-114, 16, 52, -13762, 22342, -32054)
(43, 35, -22, -32527, -21039, -32054)
(-110, -124, 102, 11704, -7410, -28746)
(83, -82, 38, -3580, 6214, 12911)
(-31, 9, 92, 930, -27149, -18283)
(69, -113, -98, 30601, 1877, -32054)
(68, -112, 110, 7166, 31461, 12362)
(-78, -50, 4, 2048, -31613, -839)
(-79, -82, 29, -9515, 30767, -23789)
(-44, -72, 70, -16835, -9846, -21662)
(-50, 57, 107, 28181, 11630, -4016)
(-35, -22, 56, 4995, 31882, -2574)
(-89, 28, 78, -12469, -5943, 6050)
(-124, 14, 125, 10293, 13443, -22)
(114, 10, -10, -4346, 9809, -6571)
(89, 37, -40, 1591, 8571, -2101)
(71, 80, 36, 1495, 697, 994)
(72, 61, 26, 4334, -6708, 1392)
(58, 41, -64, -146, -5553, -1580)
(56, 46, -63, -4062, -3302, 187)
(24, 48, -48, 4628, -6529, 2054)
(-84, 39, 116, -1076, -7701, 6529)
(49, -9, -105, -12106, -31843, -10782)
(-2, 109, -113, 348, -32471, -20079)
(101, 120, 38, 28725, 553, -32254)
(56, 117, -81, -18678, -31924, 12551)
(32, -95, -32, 22432, 26483, -23584)
(106, 94, -106, -24476, 22296, 25399)
(-87, -15, 78, -31039, -9374, -32054)
(-28, 22, 94, -32526, 1465, -32054)
(-111, -87, -89, -32526, -24892, -11937)
(-70, -58, 38, 15473, -5702, -1556)
(-101, 120, 91, -2193, -10436, 540)
(-21, 27, 91, -13086, 23359, 28494)
(-82, 6, -109, 22597, 24486, -32182)
(45, 67, 51, -8063, 5986, 17087)
(45, -65, -108, 24857, -26342, 5328)
(100, -31, 70, -32525, 10010, 29088)
(-114, 49, -65, -32270, -20410, 28138)
(36, -93, 32, 8943, 19666, 13316)
(53, 20, -123, -13609, 23541, -21658)
(-88, 59, -64, -32525, -20359, 20843)
(6, 118, -10, -23572, -32716, 23302)
(40, -101, 50, 19105, 28476, -15528)
(118, -85, 126, -11058, 30763, -21228)
(76, 104, 28, -6913, 30726, -29591)
(-64, -108, -17, 19073, -23839, -32051)
(-118, -3, 1, 4890, -10008, -25056)
(-76, -92, -6, 242, -7169, 27567)
(-105, -37, -115, 244, -17601, 26461)
(32, 78, -88, -26244, 30762, -26884)
(-2, -6, 65, 1894, 30762, 12560)
(101, -34, 5, 17011, -24654, 11459)
(80, -95, 69, -29939, 19178, 6430)
(84, 36, 53, 2639, -14730, 12958)
(-6, -104, -77, 25425, -23348, -4795)
(-83, -76, 26, -25598, 17345, 15812)
(94, -62, -75, -9503, 15172, -4339)
(58, -13, 83, 21377, 1864, -7695)
(58, -34, -71, -11570, 31567, -2421)
(-57, 118, 38, -7731, 24573, -6641)
(90, 96, 74, -18231, -30585, -27383)
(63, 101, -107, 23828, 24974, -27327)
(35, -70, -2, -4020, 24756, -15254)
(-29, -12, -40, -9261, 21132, 26697)
(-24, 13, 106, 7942, 8630, -32052)
(103, -75, -69, -24170, 5524, -32052)
(-14, 62, -53, -32526, -6222, -29866)
(94, -91, -66, -32526, 18281, -11336)
(-49, 101, -25, -32526, -25231, 12597)
(-31, -89, -2, 243, 1437, -16585)
(74, 68, -44, 9777, 3317, 3982)
(-50, 33, 92, 24453, 7594, -18180)
(25, -128, -82, 31162, 13967, -1434)
(-93, 54, 91, -32526, 4966, 10139)
(78, -61, 8, -32526, 23457, 14925)
(100, 35, 52, -32526, -2035, 715)
(31, -13, 111, -30761, 18330, 16936)
(-40, 93, -52, 27703, 30762, -12177)
(-17, -51, 49, -27313, 23530, -21402)
(117, -16, 70, -32526, 7643, 27632)
(89, 59, -51, 27385, 17515, -29807)
(121, 107, 16, 17137, -28887, 3923)
(-18, 29, -56, 30488, -17334, -11636)
(127, -74, 112, -16572, -5940, -32053)
(45, -26, 65, 26069, -20206, -32053)
(52, 107, 25, 8689, 28871, -32053)
(63, -82, -25, 3586, -1680, 2620)
(-20, -121, 112, 29684, 9341, 3427)
(8, 30, 47, 93, -23071, -979)
(-127, -96, 28, -30005, 20689, -19615)
(114, 80, 45, 3692, -31415, 26008)
(66, -112, -126, -4728, -25711, 32725)
(-120, -22, 77, -9023, 26090, 12703)
(112, 9, -125, -32525, 28744, 30304)
(-31, 123, -57, -30270, 29829, -4557)
(-93, 54, -126, -526, 6745, -11622)
(103, -6, -29, -8481, -1772, -1657)
(29, -120, -83, 5931, -15619, -9828)
(-18, 1, 82, -4149, -20482, 9897)
(-82, 24, 10, -12089, -20942, 521)
(-4, -72, 36, -4880, 2769, -5859)
(43, 83, 108, -17804, 3489, -28469)
(122, -20, -53, 11286, 13520, 27501)
(37, -50, -2, 1544, 10470, -32055)
(-61, -56, -20, 7691, -1877, -24084)
(21, 37, 67, 5743, -4111, -18527)
(127, 66, -6, 8957, 3250, 3700)
(117, -40, -31, -8597, -2099, -11587)
(-65, 71, 31, 11512, 8928, -1544)
(106, 104, 108, 15836, -14749, -10894)
(70, -44, -117, -22405, -13799, -23304)
(20, 46, 121, -32525, -3339, 1353)
(-52, 104, 67, -32525, -3037, 17939)
(-53, -118, 96, -14166, -1324, -4162)
(-72, -43, -63, 28701, 32639, -4061)
(-94, 91, -91, 28767, -32256, 8939)
(64, -104, -45, -20054, 31550, -30134)
(64, 25, -120, 32075, 30764, 12736)
(31, -48, -51, 15415, 27119, -31073)
(-83, -10, 117, -31385, 7856, 24993)
(-79, 116, 29, 27186, -30064, -32053)
(-127, 43, -88, -32525, 13304, -32053)
(116, -98, -9, 242, 4188, 714)
(37, -87, 122, -32525, -28646, -32053)
(-26, 83, -25, 9396, -29922, -1727)
(-73, 53, -70, -26747, 21187, 32143)
(46, 56, -12, -10023, 30765, -22500)
(73, 28, 124, -30084, 30765, 4805)
(-47, -110, 79, -32525, 3988, -13362)
(-104, -28, -85, -31446, -27702, -32053)
(-81, 101, 32, -12265, 31267, -32053)
(17, -128, -14, -3524, -6057, 30445)
(9, 65, 110, 17655, -4622, -31041)
(-28, 30, -94, -3460, 25878, -32146)
(-90, -39, -103, -1368, 2596, 17222)
(109, -70, -46, 22953, 15185, 26586)
(92, 3, -93, -31191, -25672, 3325)
(40, 121, 86, 12592, 30766, 18950)
(-90, 37, 114, 29743, 11080, 31211)
(13, 110, 15, 243, 4561, -10539)
(72, 64, -52, -18867, -25078, -28111)
(-97, 112, -99, 1019, -2886, -28107)
(7, 37, 13, -5328, 10002, 6628)
(23, -77, -93, 6362, 5570, -27203)
(58, -47, 102, -2838, 5427, 27589)
(87, -100, 52, -16133, 9789, -525)
(53, 104, 15, -7677, -30435, 2776)
(-74, -72, 21, -320, 29086, -5346)
(76, 69, -61, -20862, -7399, 2453)
(71, 90, 95, 26513, 14869, 30573)
(-92, -12, -89, 12027, 30371, -22490)
(51, -12, 46, 26885, 19889, 28823)
(-122, 40, 122, 30196, 13361, -32053)
(-111, -17, -58, 14300, -3633, -32053)
(101, 78, 125, -31420, -16468, -17824)
(-93, 86, -78, -30413, -16094, -19786)
(-98, -126, -62, -32522, -3, -3089)
(-28, -45, -124, -32522, -6004, -24278)
(-112, 122, -119, -32522, 25927, -5808)
(-122, 52, -116, 32526, 1604, -14026)
(102, -127, -40, 22255, 1523, 19906)
(61, -62, 110, -32522, 17435, -19817)
(28, 91, 87, -22086, -25710, -32052)
(36, -24, -52, -18771, 30768, -32052)
(7, 72, 41, -20213, 30768, -10966)
(-105, -17, 96, -13728, -10673, 15533)
(7, 127, -98, -19567, 22312, -32052)
(-26, 123, -67, -6828, -27345, -32052)
(32, 67, -23, 248, 9871, -32052)
(93, -71, 110, 18400, -15322, 715)
(108, 15, -86, -16727, -25007, -32052)
(23, 31, 37, -25947, 24915, 15898)
(-124, 11, -72, 19902, 30768, 32561)
(-13, 16, 6, 20713, -31622, -3501)
(19, -78, 60, -17498, -24018, 26910)
(35, 90, -89, 27257, -2591, -23072)
(-127, -32, -40, -26073, -16367, -32051)
(-39, 111, 71, 23567, -7271, 27242)
(105, 38, 97, 14684, -16449, -29970)
(28, -23, 89, -22155, 30089, 22207)
(68, 66, 101, -6399, -21440, 27254)
(-50, -90, -88, 15371, 23805, 16541)
(56, -33, 41, 15687, 9712, 14702)
(-25, 100, -80, 19744, 20466, 958)
(-74, 70, 10, 17574, 26607, -8811)
(69, 113, 125, 31421, 14271, -18050)
(-121, -121, -89, -28753, -683, 24143)
(3, -55, -26, 19716, -19410, 11592)
(-71, -120, 36, -930, -15674, -1934)
(30, -73, -33, -13, -2230, 7425)
(-61, 121, -58, -1652, 1916, -768)
(90, -94, 39, -4615, -156, 1163)
(109, -100, 90, 5569, -8305, 4465)
(-26, -53, -11, -6581, -6356, 4378)
(89, -75, 38, -12044, -32598, -5035)
(-15, -104, 84, -17061, -21612, -15566)
(-44, -84, -74, 4380, 21360, -12982)
(-37, -105, -104, 17704, 14110, -25878)
(-51, -3, -84, 14600, -27243, -20645)
(75, -66, 49, -22373, 3696, 27902)
(-60, 95, -23, 22720, 4979, -32051)
(-12, -42, -33, -28320, 12110, -32051)
(-120, 27, 63, 25177, -9122, -25142)
(-121, -53, -36, -29907, 4955, -9142)
(-13, 42, -110, -32520, 5227, 965)
(-81, 23, -93, -32520, 21662, 14412)
(2, 63, -4, 24221, -16414, -28251)
(83, 88, -109, -14578, 13192, 4007)
(-78, -2, 1, 17090, 10207, 5428)
(61, 92, -121, -1724, 15287, -16668)
(44, -44, -77, -27529, -26834, 30212)
(45, -117, -2, -20587, 31049, 29129)
(64, -113, 41, 27342, 14175, 24379)
(70, -69, 74, -32521, 10411, -32051)
(-12, 112, 52, -31166, 3758, -10796)
(77, 87, -117, -205, -20494, -26651)
(47, -21, -34, 23199, -7355, 20974)
(20, 91, 115, 23286, -6343, -27584)
(-49, -35, 34, 22777, -19114, -16215)
(-46, 75, 117, -20382, 31828, 10421)
(-105, -98, -10, -32521, -10999, 30931)
(40, -64, -103, 22944, -8056, 25031)
(53, -16, -114, 3605, 32632, -27206)
(-87, -64, -51, -21512, 26227, -32052)
(110, -70, 3, 6511, -19609, -32052)
(-115, -32, -127, 15554, -48, -32052)
(3, -63, 106, 1787, -13787, -32052)
(65, -21, -128, -26511, -28721, -7070)
(-55, 89, -96, 13531, -27846, -1630)
(45, 120, -87, 11685, -28090, -7744)
(-69, 64, 112, 12508, 28793, 27334)
(-21, 60, 48, -1710, 31429, -13085)
(-124, 16, 57, 7313, 28338, -6668)
(-49, -2, 117, 5489, -1345, -12341)
(-89, -120, -98, 30153, 13699, -2336)
(-77, -44, -122, 16609, -28750, 2033)
(-65, 104, -64, 6803, -10551, 2995)
(-96, -10, -9, -3461, 6117, -2678)
(10, -84, -89, -839, -6285, 5504)
(16, 20, 56, -2186, -17031, -516)
(3, 50, 88, -14161, -23833, 13301)
(-9, 100, -65, -13235, -16713, -4394)
(-65, 17, -86, -6172, 1515, -18960)
(-55, 21, 8, -17092, 15664, 27486)
(-56, 36, 121, 9657, 20389, 32242)
(13, -32, 38, 23295, 13954, -32052)
(-20, 118, 53, 6257, 6948, -31417)
(2, 24, -26, 20462, 9678, -11665)
(-4, -125, -17, 14216, -7493, -4263)
(-9, 71, 117, 719, -4344, -1966)
(-18, 9, 57, -8183, 721, -2978)
(-32, -69, 80, 18174, 6507, 4480)
(124, 65, 114, -25979, -4152, 438)
(-83, 26, 72, 24631, -13269, -129)
(-14, 48, -123, 8828, -4806, -391)
(23, -33, -43, -23360, 4734, 6245)
(-90, 91, 79, -32521, -9844, 23095)
(54, -20, 24, -32521, -1961, 21000)
(-53, 73, -74, -32521, 16401, 17608)
(-22, 100, -2, 248, 19279, -14927)
(-55, 44, 37, -9458, 26528, 20325)
(17, 44, -126, -17094, 25493, 4754)
(65, -62, 59, -10404, 24726, -25830)
(-61, 5, -28, 23076, 5690, 32376)
(-40, 17, -57, -32520, 7478, 30979)
(-100, 109, 109, -17407, -23878, -32052)
(83, 53, 71, -20464, 13070, -32052)
(-43, -68, 5, -23343, 30833, -943)
(-50, 90, 70, -1046, 24774, -31500)
(78, 107, -26, 25753, -31373, 399)
(103, -14, -119, -31404, 26295, 30380)
(65, -19, -46, -23320, -29737, -14070)
(-48, 85, -28, 23855, 28711, -2876)
(29, 62, -31, -16780, 30771, 3962)
(-94, -17, -18, -27216, -14239, -15429)
(-34, 44, -10, 14165, 15257, -32053)
(61, -77, 31, -21712, 6724, -32053)
(-37, -125, 13, 31204, 22057, -32053)
(92, 111, 32, -16714, 17014, 17787)
(-36, -122, -105, 28046, 29126, 10605)
(-9, -76, -117, 12983, 25054, 8240)
(14, 113, -75, -31379, -31901, -11620)
(8, -55, -31, 2989, 30773, 26031)
(-39, -65, 116, -32517, -3942, 31338)
(-47, -20, 39, 250, 9577, 19921)
(-26, -51, -80, 16326, 30773, 14646)
(112, 120, -121, -3765, -606, 21808)
(0, -3, -109, 18353, 11119, 4160)
(22, 71, -37, 7928, 9080, -21849)
(-47, -57, -19, 5649, 7998, 31829)
(55, -48, -90, 5821, 4731, -2490)
(33, 22, -109, -12971, -19267, 6506)
(12, -91, 123, 7703, 25606, -4942)
(122, -13, -97, -26080, -9567, -15101)
(32, 3, -35, -14084, -9028, 30921)
(-47, 5, 114, -14096, 23231, -17997)
(-124, -6, 105, 18326, -25203, -5395)
(60, -24, -4, 17492, 27001, 22741)
(102, -59, 118, 15686, -2189, -32054)
(96, -79, 19, -23595, 24195, -32054)
(-22, 112, -91, -32518, 8949, -32054)
(25, 116, -39, -32518, -24681, -32007)
(43, 71, 45, 21202, 23980, -32069)
(-86, -114, -30, 4189, -15651, -9561)
(50, -39, -94, -32518, -29474, -8693)
(47, 40, 74, -32518, 24057, -9573)
(-102, -17, -68, -32518, 6475, -17398)
(26, -108, 18, -32518, 5605, -15094)
(111, 64, -100, -7506, -1129, -1112)
(114, 125, 3, -29933, -17125, -11493)
(-32, -106, 58, -32518, 12030, -2271)
(108, -64, 34, -10115, 5278, 13398)
(63, -74, 96, -25538, 12313, -19758)
(109, -50, 90, -30053, 30316, 17688)
(-54, 109, -50, 18469, 30774, 31274)
(63, -98, -36, -3878, 30774, -27118)
(3, 34, 35, -20721, -30038, -32053)
(14, 57, -56, -31812, -25645, -32053)
(-110, -29, 4, 4069, 26555, 14596)
(111, -107, -122, -91, 22889, 23008)
(19, 106, 75, 25464, -4815, 18614)
(-25, 1, -117, 17433, 3872, -25681)
(-53, 15, -97, 4120, 24021, -20969)
(-21, 82, 77, 12422, -28061, 18915)
(25, -24, 29, -22741, 30773, -32054)
(-29, 90, 2, -31570, 26010, -4533)
(89, -64, 26, -8534, -7644, 12857)
(-123, 82, -7, -4942, 9326, -27939)
(-45, 4, 52, 1743, -2128, -314)
(-76, -91, 63, 2716, 12561, -16964)
(31, -18, -114, 3255, 8158, -27099)
(-99, 52, -59, -208, -2697, -18768)
(62, -101, -14, -25616, -23002, -2315)
(66, 7, -18, 2943, -27235, -8904)
(6, -63, -26, -7095, -16339, 6817)
(-70, 36, -43, -9350, 25339, -13566)
(-98, 44, 127, 17677, 16606, -25367)
(91, -25, -17, 28100, 15220, 27328)
(12, -53, -115, -26882, 15575, -32052)
(86, -115, -118, -32517, -26690, -32052)
(-101, 92, 54, -32517, 1279, -32052)
(58, 35, 71, -32517, 27968, -32052)
(38, 25, -84, -32517, -28140, -8101)
(78, 98, 0, 28550, -14739, 7865)
(-96, 86, 101, -9052, -16222, -1103)
(-40, -80, 86, 22054, -12509, -14922)
(-32, 4, -72, 9970, -18409, -32051)
(-80, 87, 74, -13961, 32430, -32051)
(-70, 42, 62, 22115, 30771, 14151)
(41, -112, -56, -8429, 30771, 29008)
(65, 118, 102, 3438, 21132, -32051)
(81, -88, 76, 18359, -19686, -32051)
(103, -68, -10, 251, 428, 716)
(25, -112, 6, 23148, -22907, 25539)
(16, 6, 1, 3543, 21255, 12281)
(-119, -111, 97, -27180, 30771, -24101)
(46, 35, 74, -1634, -24509, -32051)
(77, 111, -65, -16661, -22677, -32051)
(-23, -97, 91, -26018, -2518, -32051)
(-54, -109, -52, 14737, 20236, -32051)
(-73, 50, 40, -26350, 28328, -32051)
(-52, -68, -37, 17391, -3061, 3465)
(-7, -25, -1, 27955, -9882, -24523)
(10, -72, 5, 18751, 29797, 29340)
(71, 94, 118, -32210, -28514, 21500)
(48, -22, -78, -30286, 30771, 27110)
(-30, 83, -53, 14722, 23674, -32051)
(65, -6, 1, -31532, 369, 27213)
(86, -45, -90, -23530, 30771, -19038)
(23, -27, 0, 11353, -4345, -32051)
(114, 84, -88, -15286, 30021, -1867)
(-122, -106, 36, 3104, -62, -9322)
(14, 87, 69, -15805, 13866, 24179)
(-125, 56, 91, 4993, 531, 31731)
(-70, 15, 19, -9212, 12067, -18565)
(74, 8, -14, 3470, -8843, 1383)
(-40, 81, -85, -8321, -16416, 9311)
(-72, -80, 71, -15893, -16339, 719)
(-71, -22, 124, -17025, -18317, -12315)
(-3, -46, 42, -13273, -10488, -18155)
(93, 49, 118, -7382, 8602, -28333)
(42, -103, -25, 10165, 24496, 29345)
(36, -69, -126, -19539, 21999, -32051)
(-85, 100, 59, 23838, -11721, -32051)
(-58, -69, -126, -29262, 3354, -32051)
(-73, -108, 6, 20237, -14421, -30204)
(-64, -99, -103, -28255, 15125, -25739)
(-65, -120, -125, -32516, -27477, -27195)
(-124, 43, -81, 20830, -5650, -12742)
(-28, 31, -33, 26161, -5326, 8433)
(-5, 78, -88, -9894, -7501, 4365)
(-64, 85, 84, 25480, -7491, -16723)
(113, -25, -46, -21420, -15955, -32050)
(76, 18, 19, 959, 30770, -32050)
(43, 95, 40, 20629, 30770, -11801)
(77, -69, -40, -32516, 26613, 15814)
(5, 119, -59, 251, -19425, 717)
(26, -72, 114, 253, -32136, 8026)
(-27, 70, -49, -32516, 30770, 9205)
(94, -119, -73, -32516, 12081, -3888)
(-122, -104, 100, -32516, 4232, -8862)
(25, 120, -92, -713, 30770, 1244)
(-33, -83, 16, -22557, 30770, 17646)
(-104, -42, 110, -28447, 30770, -27443)
(-87, -46, 110, 29204, 8253, 22880)
(-9, -36, -78, -6868, -6205, 8953)
(56, 90, -126, 11119, -16299, -22477)
(46, 113, -120, 16206, 13589, 26176)
(70, 40, -9, 10735, -29039, 8281)
(101, -94, -93, -21899, 25201, -31585)
(83, -125, -57, -32515, -6402, -31432)
(17, -56, 36, -9930, 12906, 30610)
(0, 105, 120, -29585, -18455, -32051)
(4, -98, -93, 132, -32413, 16735)
(-1, -7, -103, 4011, -23198, 27593)
(81, -80, -54, -2339, -1042, -24586)
(-125, -78, 101, -13744, -14181, -369)
(-118, 117, 126, 17634, -2784, -8279)
(-113, -33, -93, 16949, 3989, -24255)
(98, -83, 63, -20243, 7073, -14928)
(-120, 96, -60, -7795, -19898, -3447)
(23, -31, 41, -6369, -30092, -15476)
(-126, -51, 123, -17500, -8965, -24937)
(5, 29, 39, -15413, 13720, -31539)
(67, 100, 49, 10661, 16744, 31456)
(118, 127, 82, -7164, 18712, -32051)
(-111, 120, -21, 30207, 18123, -32051)
(92, 0, 95, 22690, 7420, -32051)
(122, -127, 31, -26697, 11802, -32051)
(-102, -41, 9, -32514, 2789, -25796)
(-114, 101, -101, -32514, -22226, 31400)
(89, 51, 36, 255, 1054, 10858)
(88, 45, 127, -23649, -4731, -1016)
(38, -25, -9, 11958, -18536, -14396)
(35, 73, -101, 17213, -25471, -32051)
(5, 56, 41, -27723, -30705, -32051)
(25, -127, 76, 31425, 30770, -32051)
(77, -76, -52, -10702, 30770, -21667)
(-26, -50, -62, 2945, -20755, 19102)
(-44, -55, -45, -13990, -8824, -10559)
(77, 75, 66, 255, 24553, -10431)
(-63, -94, -19, -32514, -1041, 23891)
(9, -8, -51, -32514, 14114, 716)
(-118, 69, 126, -19684, -22485, 28273)
(44, 64, 22, -4023, -16117, -11869)
(-111, -54, -101, -32514, 23090, 29445)
(90, -6, -81, -32514, 30771, 3784)
(-65, 99, 113, -19430, -5479, -4692)
(28, -105, 108, -26741, -4849, -12599)
(101, 113, -52, 22815, -4494, -32052)
(18, -13, -109, -8090, -27738, -32052)
(27, 61, 16, -26651, -8867, 21782)
(-100, -84, -73, 11914, -20304, 24638)
(83, -69, 114, -24160, 10885, 11350)
(65, -106, 32, -21960, 4632, 31355)
(-18, 60, 88, -14184, 30771, -28648)
(-105, 68, -77, -15871, 30771, -22265)
(9, 89, 63, 16556, 349, -32052)
(-95, 71, 57, 3595, -23184, 9811)
(120, 88, 47, 20342, 16149, -29571)
(-127, -36, -90, -21992, 7980, 24365)
(114, -118, 50, 18580, -8915, -32052)
(8, -127, 79, -9929, -29490, -32052)
(-4, -63, -55, 4799, -23586, -21859)
(-97, -123, -79, -17570, -29652, 11188)
(87, 70, -124, -15717, 7371, 23884)
(-99, 48, -46, 27241, 26714, -16210)
(-88, -89, -86, 24758, 27761, -19055)
(-107, 31, -92, 23665, 16638, 29372)
(107, 16, -126, -24952, 14623, 32750)
(4, 107, -77, -32512, -3060, -32053)
(92, -99, 50, -32512, -2848, -18092)
(80, -62, -62, -32512, 6636, -9044)
(-32, 31, 63, -32512, 20754, 20873)
(-82, -53, 97, -13188, -3575, -22613)
(98, -20, 6, 15903, 5244, 11125)
(-56, 59, 28, -3942, -622, 15402)
(-62, 65, 1, 23474, -31525, -25076)
(126, 22, -88, -32512, 21322, 21125)
(88, -35, -69, -23666, 27875, -27482)
(-62, -83, -100, 15303, 28289, -2097)
(56, 19, -61, 16103, 4209, 17442)
(-71, 97, 106, -32512, 18346, -29713)
(-89, -97, -56, -32191, 32368, 32163)
(-88, -32, 70, -32619, 27553, 4365)
(-119, -8, 17, 1, -11658, -11424)
(-29, -70, 73, 27435, -12749, -32052)
(-114, 34, -101, 22478, 19843, 28344)
(-86, -36, 67, -17770, 30772, -12503)
(27, 68, 119, -15299, 30772, -9082)
(72, -68, -86, -32146, -17439, 22588)
(55, -73, -49, 16891, 3021, -21115)
(-128, 21, 126, 14069, 9221, -32052)
(93, 109, 33, -7734, 16598, 22658)
(25, 112, 117, -1621, 20340, 24150)
(-1, -18, -123, -6417, -30301, 19836)
(74, -29, 127, 18303, 18843, 26100)
(-98, -70, -33, 24467, -1746, 2609)
(-56, -105, -17, 27267, -22858, 15453)
(-2, 127, 71, 23855, 30883, 10650)
(-119, -11, -108, 4683, 30772, -13725)
(-116, -92, 11, -25987, -1995, 32463)
(-30, -114, -56, -23766, 30772, -9239)
(-54, -22, -118, -9172, -27703, -29302)
(-22, -55, 2, -7982, -7054, 6647)
(29, 121, -94, -24365, 4065, -13738)
(92, 8, 127, 15351, 16991, -16442)
(28, 26, 50, 18622, 10025, -20282)
(-66, 16, -73, -2646, 5176, -8936)
(25, 8, -19, -6072, -559, 6461)
(16, -45, -44, 3502, -12911, 2093)
(85, -103, 39, -4809, 1865, -3696)
(42, -97, -124, -1663, 7399, -7468)
(-76, -34, -36, -160, 7355, -4915)
(-52, -2, 41, -742, 4046, 743)
(-34, -1, 88, -2249, -10863, -7356)
(113, 107, 41, -4455, -14923, -15596)
(80, 50, 49, -5422, -87, -20274)
(10, 88, 51, -7672, -785, -31374)
(107, -63, 27, 8487, 12491, -21147)
(-33, 125, -33, -5433, 9803, -24152)
(-121, 117, -16, 29641, 9690, -23336)
(0, 108, 41, 14387, 777, -20898)
(-91, 0, 115, 19450, -7239, -7619)
(127, -7, -36, -16519, -7722, 12056)
(23, -112, 77, -2518, -14683, 13999)
(76, -5, -81, -558, -22780, 3367)
(-39, -90, -79, 12859, 539, -1687)
(-35, 120, 87, -20043, 17025, 18365)
(12, 17, -86, -32514, -23084, -6301)
(51, 16, 18, -32514, -10722, 7663)
(-118, -111, -105, 24491, 13027, -14420)
(26, 40, 27, -11931, 23732, -9336)
(32, -53, 84, 24572, -30848, -7638)
(15, 29, -90, -15940, 26220, 9258)
(125, -28, 16, -31397, 15417, -3779)
(-32, 17, -71, 30768, 3289, 22004)
(-52, -88, 61, -32514, 31777, -3936)
(-71, 19, -67, -11356, 23383, 23677)
(103, -33, -93, -17857, 23654, -11426)
(67, 4, -53, -28828, 4745, -6165)
(-85, 20, 59, -9518, 11895, -661)
(101, 3, 51, -16673, 25959, -14112)
(-12, 59, 16, -7193, 25457, -395)
(11, 65, -17, 15389, 30772, 5316)
(-113, 105, -56, 28420, 31605, -22838)
(38, 25, 88, 29682, -9001, -30016)
(86, -113, 66, 10733, -5420, -32055)
(-107, -81, -126, 10577, 12540, 22475)
(-31, -41, 89, -13364, 26822, 31251)
(-89, -76, -96, 15578, 19970, 4027)
(92, 23, 97, -4073, 27885, 18171)
(-24, -35, -48, 28729, 15261, 16319)
(94, 111, -1, 29110, 26379, 9639)
(-8, 25, -87, 8019, 8163, -2674)
(115, 57, 8, 26187, 15885, 25508)
(11, 70, 72, 1744, -19762, -15853)
(-87, -25, -79, 16457, 30493, 5022)
(37, 20, -42, 10434, -21702, 21173)
(25, 103, -41, -3710, -350, 2788)
(-112, 81, 89, 8644, 1420, -11655)
(-61, 53, 107, -20131, -6405, 832)
(-63, 55, 121, -4078, -22115, -9474)
(-40, -77, 22, -13593, -7226, -15503)
(-23, -47, 12, -20329, -1059, -21271)
(16, -74, 25, -790, 881, 26640)
(-73, -106, -14, -3501, 12614, -32057)
(46, -99, -28, 10165, -3580, -28781)
(71, -83, 117, 17349, -9277, -9147)
(18, 24, -99, -17851, -3069, -19192)
(-97, -57, 89, 9238, -30023, -24112)
(103, 89, 43, 24912, -26596, -16334)
(46, 78, -42, -24921, 9243, 29608)
(20, -5, -47, -32515, -4266, 32632)
(69, -125, 113, -32515, -1394, -24509)
(-46, 24, 94, 19474, 14392, -2816)
(106, 18, 29, 26615, -10842, 13799)
(-23, 123, 66, 2934, 9553, -18105)
(40, -23, -36, -17351, -21851, -32057)
(-14, 80, -21, -31592, 30773, -32057)
(106, 18, 98, 9909, 20576, 27763)
(-22, 23, 43, -14989, 917, -7546)
(-122, 76, 15, -32514, -11508, -32042)
(-67, 127, -117, 23922, 15900, -18472)
(98, 109, -92, 25133, -23876, 27706)
(118, -88, 104, -32514, 16196, -32058)
(48, -105, 97, -32514, 2865, -8304)
(-17, 51, 8, 253, 30773, -15960)
(-43, -53, 27, -32514, 14061, -29141)
(84, -68, 13, -13907, 29462, -12013)
(72, 90, 43, 15898, 25786, -25873)
(71, -29, 57, -5149, 30773, 28355)
(-91, 61, -36, -8868, 10093, -2961)
(-96, -94, -107, 255, 14970, -31147)
(-87, 98, -53, 18488, -32539, -32058)
(8, -89, -34, 3036, 1271, -32058)
(-71, 35, -46, 30933, 22853, -32058)
(101, 84, -8, -18602, -28513, 17665)
(-111, -65, -38, 25567, 30773, -14384)
(-43, -76, 6, 18444, 30773, -27536)
(2, -10, 66, 8068, 4464, 29955)
(13, 51, 100, 30163, 6775, 2730)
(-1, 112, 65, 15989, 30773, 17243)
(37, -54, 97, -30612, 30935, -25126)
(-75, -35, 36, -23273, 12657, 12413)
(84, 90, -70, 14682, 6365, -4357)
(-15, 65, 88, -27942, -3441, -28963)
(-125, 71, 92, 14632, 18320, 26575)
(30, -119, -105, -30922, 9333, 18140)
(-94, -106, 99, 10877, -16737, 4579)
(80, 88, 5, -2229, -15114, 14994)
(91, -127, 15, 9183, 683, 7357)
(58, 57, 34, -12506, 4800, -10400)
(-35, 70, 52, 8035, 8768, -9147)
(126, 92, 51, -2641, 5666, -7944)
(97, 98, 56, -6515, 47, 3162)
(-124, 101, 110, -580, -1044, 3268)
(-90, 74, 88, 2944, -300, -1843)
(-98, 69, 28, 1637, 74, -80)
(-62, 78, 24, 830, -4909, 4065)
(-24, 69, 2, 1773, -2186, 2043)
(9, 39, -34, 3163, 414, -2347)
