(0, 0, 0, 0, 0, 0)
(87, 122, 27, 1893, 1251, -3259)
(87, 122, 27, 1893, 1251, -3259)
(110, -94, 54, 4598, 952, -2176)
(86, -34, 106, -1323, -965, -1640)
(96, -61, 76, 137, -532, -1174)
(98, -68, 75, 1245, -1183, 122)
(89, -62, 84, 100, -1412, 366)
(79, -65, 78, 1207, -1555, 1341)
(70, -60, 86, 378, -1965, 2112)
(53, -68, 78, 1502, -2857, 3166)
(45, -55, 91, 215, -3036, 3324)
(26, -61, 92, -389, -2659, 3115)
(16, -73, 80, 48, -2127, 2647)
(-10, -86, 66, 804, -1419, 1934)
(-26, -76, 64, 1360, -2122, 1550)
(-35, -29, 74, 3132, 275, -188)
(-79, -104, -115, -6045, -866, -12355)
(-28, -103, -4, 14818, -4949, -24565)
(-35, 2, -83, -11972, 7764, 26917)
(82, -110, 76, -20573, 10518, -32103)
(44, 16, 2, -24982, -11208, -32103)
(-31, 38, 42, 26302, 2750, -32103)
(-52, 118, -55, 31189, 7144, -32103)
(-92, -39, -94, 21072, 4737, -32103)
(-55, 93, 46, 15286, -13916, -32103)
(-52, -18, 111, -32420, -31909, -24240)
(-36, -90, 21, -5643, -9138, 18087)
(123, 127, -36, 24191, 21940, 6532)
(13, -90, -5, 18677, 30332, -5405)
(76, -33, 105, -8463, 30819, 26453)
(-113, 3, -95, 15928, -8474, 11113)
(-93, 17, 81, 12044, -14114, -4743)
(-103, -54, -95, -21362, 4084, -27729)
(36, -128, 54, -32419, 32306, -16384)
(114, -120, 19, -32419, 21479, -5931)
(119, -30, 62, -32419, 16639, 663)
(-33, 29, -87, -32419, -15056, 8368)
(-67, 87, -52, -32419, 290, 15750)
(-76, 97, -68, 12700, 7522, 31285)
(63, -126, -21, 3611, -22032, -27824)
(-94, 84, -40, 13623, 22541, -32103)
(88, 55, 38, 10881, 16509, -32103)
(4, -123, -80, 13473, -25182, -32103)
(-128, -2, -93, 10900, 31914, -32103)
(-100, -10, -119, 13577, 32198, 22436)
(-10, 67, 77, 347, -25793, -28438)
(31, -73, 50, 349, -5570, -22222)
(-7, 98, -39, -32420, -16463, -20376)
(-21, -115, 79, -1536, -10399, -10083)
(42, -22, -108, -14576, 11462, -12919)
(-103, -3, 87, -17982, 6762, -4947)
(29, 33, -118, -7233, 18553, -30699)
(56, -113, -49, 29344, 7231, 32119)
(49, -41, -36, 22636, -2754, 32347)
(27, -40, 93, 27728, -8792, -32103)
(-114, 114, 60, 8938, 4913, -32103)
(40, -31, 117, 18743, -17537, -32103)
(70, -40, 45, 29285, -30546, -32103)
(41, -105, -25, 5070, -2482, -25942)
(43, 29, 67, -32419, -10692, -21008)
(-98, 111, 72, -32419, 30919, 3849)
(-29, -3, -21, -25895, 26725, -5823)
(23, 126, 87, -5232, 30818, 2613)
(-50, 84, 69, 17487, 30818, 4810)
(53, 80, -105, 22628, 30818, 25291)
(110, 37, -12, -15425, 30818, -7551)
(50, 70, 62, -24760, -29583, 13338)
(107, 84, -115, 10797, 28490, -9984)
(-52, -102, 38, -22935, -6435, -11715)
(64, 9, -117, 20196, 15759, -14292)
(-92, -54, 99, -28112, -25132, -9199)
(-62, 101, -52, -32419, 27464, -5427)
(18, -8, 60, -32419, 14654, -3684)
(47, -29, 92, -19563, 30788, 5976)
(49, 2, -4, -14859, -1136, 16086)
(-65, 18, 52, -32419, 14951, 29748)
(-23, 119, 75, -12926, -25665, 23162)
(-67, 19, 46, 24451, 12882, -29050)
(-102, -96, 52, -6029, 16664, 25892)
(103, 69, -27, 1503, -8461, 26942)
(-50, -47, -47, 348, -7434, 7708)
(-2, -91, -102, -32419, 1117, 8988)
(44, 117, 62, 28684, -4689, 1800)
(-108, -42, 103, 23673, -5902, 907)
(-67, 108, -4, -31596, -4576, 2088)
(-60, 92, -100, 17345, -7156, 1154)
(74, 109, 26, -31277, -5672, 763)
(79, -69, 30, 8114, -3462, 485)
(116, 101, 56, 6318, -2568, 147)
(125, -107, 11, -26592, -4065, -3522)
(-65, -41, -5, 9410, -782, -7074)
(13, -15, -22, 7379, -1950, -6484)
(69, -58, 52, -7365, -829, -13382)
(93, 112, -10, 4323, -1459, -11846)
(-49, -87, 17, -2968, -2581, -17106)
(-22, -61, 96, -15749, 89, -20144)
(102, -76, 90, -9365, -4461, -29403)
(-43, 27, -109, 7124, -4902, -29390)
(-106, 16, -2, -29178, -12425, 31998)
(17, 59, 33, -30199, -13940, -27728)
(-44, 42, 116, 30628, -10099, -16026)
(110, -63, 90, -32584, -10173, -3373)
(114, 6, 58, -30987, -14789, 4741)
(27, -5, 118, 32639, -27226, 3356)
(-105, 113, 4, -32420, 24755, 8572)
(-100, -82, -117, 6823, 30817, 2651)
(-12, 61, -87, 20035, 30817, 14578)
(-43, 22, 1, -3005, 32559, 15909)
(8, -63, -12, 28088, -24378, 215)
(30, 92, 115, -23090, 1807, -14506)
(-94, -12, -29, 349, 20211, -8459)
(-107, 23, -41, -30024, -10119, -4635)
(-79, 8, 95, -22297, -3467, -5474)
(53, 79, 88, 22593, 3941, -2381)
(-19, -66, -31, 31511, 571, -1193)
(87, -102, 101, -30716, 5210, 1494)
(49, 57, 112, 25488, 11316, 1790)
(-9, 17, -20, 9187, -2282, 4348)
(-89, -51, 84, 10630, 17311, 6299)
(115, 15, 60, 16853, 8953, 10294)
(-127, 91, 71, 2909, 12343, 5075)
(-42, -78, 26, 10325, 19559, 8473)
(121, 27, -122, -1381, 9322, 6659)
(31, 37, -116, 19132, 6415, 6566)
(-127, -90, 70, -15864, 7176, 11799)
(121, 46, 50, 25036, 2935, 7104)
(-115, 125, 85, 6839, 1765, 7905)
(14, -107, -20, 2941, -2890, 4770)
(59, 106, 23, -7000, -4790, 5210)
(-92, -97, 83, 3060, -4051, 3467)
(-66, 96, 33, 3988, -2548, 2155)
(1, -100, -126, -11487, -3187, 674)
(-3, -93, -128, 7635, -2741, 412)
(5, -114, -87, -8530, -796, -1394)
(7, -83, -59, 1393, -1099, -924)
(-35, -62, -5, -1414, -2538, -2241)
(-85, -55, -26, -4006, -2061, -3469)
(46, -27, 76, 6275, -3630, -5164)
(-62, -54, -26, -572, -4927, -7695)
(-24, -82, -49, -10805, -4709, -10324)
(-16, 33, -7, -862, -4508, -11933)
(-111, 14, -110, -12819, -7988, -14981)
(8, 12, -102, 31532, -6326, -15704)
(41, 81, -53, -28842, -7846, -15010)
(-53, -76, 29, -14320, -8259, -13606)
(87, -91, 89, -26090, -5822, -1928)
(39, -23, -82, -25936, -3933, -1949)
(-113, 59, 62, 29491, -14051, 4446)
(-30, -52, 92, -32424, -21314, 8464)
(98, -11, 57, -32424, 30206, 3151)
(13, 7, 7, -11509, 28212, 6725)
(122, -92, 92, 26141, 30817, -4859)
(5, -99, 35, -32424, -15982, -3153)
(-80, 74, -71, 17883, -29589, 7604)
(123, -105, -77, -16426, 872, -7283)
(42, -124, 35, 345, 26818, -15)
(-75, 25, -49, 31745, -12436, 2030)
(48, 18, -35, -20015, 5392, -2689)
(40, 40, -84, 25576, -463, 5407)
(-127, -44, 14, -414, -1775, 1156)
(-110, -15, 1, -3024, 76, 561)
(104, -105, -57, 7286, -610, -715)
(124, 64, -68, 1475, -145, -450)
(75, -118, -17, 408, 1900, -4270)
(21, -96, -89, 14176, 9362, -6987)
(34, 110, -72, -28576, 31689, -12131)
(83, -79, 70, -29826, -30978, -12394)
(-10, -23, 74, -32424, 19458, -13826)
(67, -76, 18, 25943, 13239, -4931)
(-98, -104, -75, 27423, -4518, 14648)
(114, 105, -113, -29732, -3164, 17087)
(12, 78, 93, -20047, 21563, 29538)
(-4, 41, -72, 26111, 20535, 30665)
(-128, 6, 111, -8055, 19380, -29665)
(-78, -21, 103, 6592, 6364, -32398)
(-111, 21, -80, -15670, 1935, 32387)
(-18, -53, -114, 28654, -8513, 22592)
(36, -14, -91, -2081, -2476, 23954)
(-9, 87, 38, 345, 31456, 25335)
(46, 34, 74, -32424, 29887, 13237)
(-117, -113, -87, 343, -26851, -5079)
(118, 83, 92, 345, -7510, 8176)
(6, -122, -3, -3138, -2694, -4694)
(52, 66, -121, -9419, -10648, 25485)
(-99, 40, 93, -27538, 14425, 32658)
(-97, -95, -84, 2110, 2974, -32697)
(57, 105, -107, 12532, -9292, -32110)
(122, 12, -11, -12711, -6124, -32110)
(60, -62, -91, -24368, -13273, -32110)
(30, 44, -51, 26291, 144, -32110)
(61, -11, 22, -32525, -7704, -32110)
(74, 64, -38, -32425, -14957, -15677)
(56, 13, -25, -5020, -12387, 9627)
(-39, 42, 79, 19576, -11219, 7435)
(45, 17, 61, -8844, -30983, 16701)
(75, 14, -34, -2898, -32684, 19792)
(126, 2, 75, -10598, 28434, 20435)
(125, -84, 83, 20926, -15808, -12690)
(92, 62, 34, 22892, 1775, -5983)
(-104, -3, 93, 25213, 16035, 1667)
(-1, 55, -22, 21332, 1024, -5276)
(35, -88, 62, 9087, 7590, -10778)
(-81, -42, 62, -28657, 29144, -11522)
(-9, 102, 25, -30302, 10529, -7213)
(-91, -125, -28, 8105, -12161, -3206)
(55, -110, -28, 19909, 1289, 3879)
(25, 45, 14, -25248, -953, 28083)
(15, 124, 36, -32426, 7553, 31477)
(79, -51, 43, 12904, -21712, -29062)
(71, 20, 80, -10307, 20734, -32109)
(60, -57, 72, 9706, 2537, -32109)
(76, 25, 63, -10522, -18751, -32109)
(35, -126, -37, -12615, -13078, -32109)
(-118, 60, -34, -32426, -14237, -32109)
(-118, -110, 72, 343, -12604, -30034)
(110, -105, -47, -32426, 10318, -16760)
(-63, -27, 20, -11931, -21669, -12775)
(-84, 109, 0, -28336, 2967, -7925)
(52, 22, 33, 8903, 7026, -21201)
(-87, 86, 74, 30256, 15891, -25476)
(105, 42, -4, 340, 5728, 28758)
(14, -32, 59, -32427, 32332, -32110)
(-47, -77, 0, 342, 3267, -32110)
(5, 28, -114, 32354, -3278, -32110)
(38, -109, 11, 31642, -15606, -32110)
(-101, 109, 97, 26401, -3578, -32110)
(-120, -84, -101, -32427, -4269, -26434)
(113, -22, -7, -32427, -7330, -4231)
(38, 124, -118, -20892, -23544, 9930)
(27, -14, -76, -12801, -27049, 6325)
(-37, -89, -89, 20044, 27613, 8133)
(15, -3, 119, -19758, 30091, 19168)
(69, 63, -112, 342, -4426, 685)
(-83, -35, -3, -15592, 17290, 4127)
(-15, -68, 24, -5271, 11194, -8326)
(81, -89, 40, 27549, -23738, -3041)
(85, -103, -115, 5440, 4592, -6121)
(-108, 41, -79, 16750, 1446, 1293)
(-29, -38, -77, -23693, 17231, -26341)
(1, -22, 24, -32693, 14147, 5652)
(-80, -82, -67, -32337, 18361, 14729)
(65, 107, -23, -32426, 2591, 30346)
(-27, -13, 70, -32426, 24870, -27028)
(77, -39, -100, 12823, 14569, -32110)
(-123, -89, -57, 24109, -21633, -32110)
(25, 80, -6, 22725, -10700, -32110)
(55, 103, -45, 18984, -20165, 29473)
(-106, 55, -123, -30670, 27501, 24835)
(-41, 73, -24, -6321, -20344, -32408)
(-77, 24, -83, 343, -7616, 2966)
(1, 103, 55, -32426, -22534, 27852)
(-32, 53, -64, -27883, 1081, -3944)
(-86, -61, -49, -23018, -793, -7781)
(9, -21, 66, 26681, -12433, -1334)
(37, -99, -112, 6067, 11817, -16682)
(78, -1, -59, -9445, 17745, -30608)
(-98, 96, 97, -7717, 7328, 29630)
(38, -125, 110, 21052, 2586, -32112)
(72, -94, -68, -9468, -3580, -32112)
(92, 86, 126, 17374, -13942, -32112)
(7, 51, -103, 31687, -16144, -32112)
(35, -41, 114, 26946, -7297, -32112)
(72, -11, -117, -32426, -4115, -29632)
(64, -68, -45, -16187, -29277, 15560)
(-92, -128, -73, -10429, -24670, 9171)
(57, -29, -66, -2622, -30588, 7568)
(84, -2, -45, 12848, -28549, 20517)
(51, -30, -7, -632, -27034, 16987)
(92, 42, 26, 29961, 27203, 17754)
(-15, -12, -76, 30627, -19339, -6227)
(-70, -105, 25, -30695, -31097, 4373)
(-50, -10, 1, -236, -26722, 19373)
(-77, 90, -98, -32426, -1956, 26026)
(-17, 24, -51, 27840, 25403, -8536)
(118, -40, -45, 29906, -22000, -3225)
(-96, -125, 65, -8928, 4701, -9722)
(-119, -117, -128, 8292, 11541, -2311)
(58, 68, -59, 26550, 64, 6157)
(108, -28, -22, -27482, 5815, 15142)
(-76, 96, 112, 18871, 389, 32089)
(-32, -109, -19, 31270, 15885, 30578)
(-71, 126, -81, 25403, 13940, -29767)
(13, -33, 71, -9405, 23481, -32111)
(28, -42, -96, 32630, -30009, -32111)
(-89, 57, 103, 27439, -11841, -32111)
(3, 119, 3, -3277, -22638, 32021)
(-23, -87, 51, 21216, -20474, -31643)
(-41, -8, 45, -17828, -28923, 28892)
(77, 71, -30, -13992, 26185, 1616)
(1, -5, -1, 343, -30933, -17091)
(-89, -63, -74, -32426, 20345, -3954)
(-28, 94, 27, 341, 10531, -19068)
(108, -72, -110, -2682, -8574, -17169)
(-77, 26, 97, 29618, 6766, -29192)
(1, 43, -24, 5843, 5996, -27255)
(74, -40, -56, -14343, 2730, -26109)
(70, 92, -114, -3357, -6810, -30281)
(75, 85, -1, -31706, 605, -30526)
(56, 32, 66, 21890, 5610, -26824)
(-19, -86, -71, 2371, -14740, -27189)
(98, 127, -67, 30958, 2726, -32173)
(113, -70, -82, 31361, -7355, -27502)
(22, -89, 108, -29681, -4324, -29236)
(51, -121, 23, -17311, -21163, -9996)
(-37, -108, 73, 27630, -14060, -8337)
(-122, -91, 64, -23260, -7210, 2157)
(-55, -16, -43, 31223, -15622, 9999)
(124, -104, -68, 32742, 20267, 16543)
(-88, 73, 71, 3975, -22466, 13398)
(44, 52, -1, -27904, 26724, -4954)
(49, 123, 60, 31602, 30810, -4738)
(-110, -20, -86, 14362, -24852, 25476)
(19, -79, -74, 9401, -27095, -14336)
(20, 20, 16, -18800, 5416, 10530)
(114, 61, 2, -32426, -29846, 4373)
(105, 124, -17, 13020, 24676, 2778)
(-13, 97, 36, -29965, 19629, 5629)
(-15, -23, 23, -31015, 4748, 5882)
(82, 7, -45, -32426, -13094, 10252)
(57, 10, -78, -6892, 5288, 23984)
(114, 11, 20, -19092, 16666, -31583)
(-43, -90, -43, 9406, 28569, -29866)
(57, 107, 122, -17694, 18380, -32112)
(-108, -123, -122, -1851, 18260, 17279)
(-91, 101, -124, -19089, 20, 24331)
(104, 22, 111, 14510, 3857, 8583)
(-40, -45, 65, -29272, -7622, 17864)
(-28, -83, 77, -20111, -11258, 6145)
(-90, 97, 17, 25852, -15193, 3959)
(34, -19, -73, -32293, 19954, 20955)
(65, 46, -72, 23374, 22940, -5576)
(49, 0, 57, -8924, 17984, -13854)
(-70, 6, 39, 14729, 68, -4071)
(-107, -14, 32, 15815, 6868, -20770)
(117, 3, -118, 13117, 6139, -10489)
(-30, 85, -43, 10988, 1254, -19757)
(-55, -125, 43, 8149, 2689, -22252)
(-81, -7, -17, -14409, -8188, -26777)
(-63, 123, 30, -867, -9171, -28379)
(51, 101, -80, -29893, -1388, 30939)
(127, -119, 105, -30137, -11826, -32117)
(-72, 109, -78, 8570, -8784, -32117)
(122, 50, 65, -14262, -14360, -25202)
(-126, 108, 102, 29994, -11824, -7779)
(-78, 5, -29, -24907, -8249, -1774)
(-78, 48, -108, -20822, -6304, 6282)
(67, -35, -80, -11725, -18533, 11499)
(-126, 40, 72, -29232, -22281, 13025)
(-31, -100, 79, -17441, -24243, 17017)
(-110, -103, 121, 31734, -24363, 10787)
(-108, -29, 29, -24103, -10070, 2016)
(45, 33, 122, 15022, 16042, -12105)
(105, 0, -33, -16585, -10158, -6995)
(51, -118, 79, -6144, 7578, -12703)
(118, 118, 57, 9581, 7660, -9150)
(-81, -40, -76, -20225, 13085, -15028)
(-104, 31, 7, -32428, 16441, -6790)
(106, -85, -58, -32428, 2655, 839)
(41, 66, 84, 12666, 173, 7001)
(-40, 49, 91, 25861, -1439, 18576)
(109, -120, 48, 2765, 16876, -32644)
(56, 106, 118, 5991, 8174, -28648)
(48, 11, 68, -26537, -10039, -32115)
(-52, 46, -2, 19499, 19692, 16852)
(14, 27, -13, 9587, -11770, -26592)
(17, 8, 71, -21896, 6544, 22233)
(-106, 107, 56, -23459, -15427, 9893)
(20, -11, 115, 19804, -23546, -829)
(-17, 62, 11, -26327, 22832, -20746)
(62, -122, -13, 341, -9706, 2465)
(-127, -55, 35, -373, -21445, 6720)
(-58, 62, 55, -10346, 1317, -9124)
(127, 120, 5, -32428, 13958, -6953)
(-47, -125, -63, -31952, 13204, -19877)
(109, -41, 30, 6435, -9101, -21634)
(20, -17, -6, -2322, -2833, -32656)
(-3, -118, -52, -23396, 1104, 31505)
(-52, -21, 84, 3025, -17036, -32115)
(55, 78, -50, -28079, -10087, -32115)
(-113, -80, 99, 26806, -8582, -27982)
(-94, 72, -19, -32429, -5570, -21679)
(-30, 90, -125, 8743, -22043, -10043)
(-12, 37, -11, 19383, 796, -1012)
(-106, 48, -16, -28387, -11298, 5970)
(-89, -4, -95, -18112, -19507, 8846)
(-111, -122, -83, 27885, -20022, 13858)
(63, -52, 115, 1973, -25374, 14023)
(-70, 86, -114, 21639, 25015, 8143)
(-26, 54, 5, 337, 24696, -11178)
(-67, -49, 114, 6826, -21773, -9591)
(95, 95, 11, -23670, -4294, -1492)
(64, -17, -50, -21563, 3195, 3251)
(-58, -21, -2, 6945, 5515, -8778)
(40, 76, 124, 21689, 10436, -8052)
(119, 27, 91, 25650, 10793, 2484)
(104, 120, 108, 23956, -2421, -5043)
(-11, 32, 82, -27581, 10435, 6357)
(92, -50, 11, -32430, 6874, 17553)
(-33, 76, 100, -32430, 4444, 30615)
(32, -94, 46, 28013, 3978, 31740)
(53, -48, 34, 16453, 3745, 32351)
(-74, 21, 125, -28734, 16262, 19533)
(39, 120, 98, 29246, 3122, 18297)
(60, -91, 8, -14216, 8359, 14843)
(-99, 28, 95, 12356, -22016, 6407)
(-94, 88, -115, -21273, 7513, 10783)
(-51, 114, -22, -765, 8127, 7821)
(56, -57, 58, -15443, 14219, 2794)
(-95, -68, 101, -14354, -25025, 12519)
(-100, 61, -128, -31174, 30805, 2507)
(73, 0, 62, -28422, 30805, 9259)
(59, 7, 64, 28845, -14284, 26968)
(71, -110, 35, 104, -14745, -11744)
(-45, -73, -61, 6020, -9246, 580)
(53, 35, -98, 27341, -13716, -23576)
(-102, -49, 19, -98, -20068, -11573)
(-41, -70, 124, -5415, -4674, -13024)
(12, 80, -38, 24303, -6881, -22323)
(-6, -91, 40, -3708, -12838, -22185)
(-2, 35, 74, 876, -9554, -29961)
(-105, 113, -107, 14761, -16669, -30380)
(-43, 87, -87, -18510, -9615, 31999)
(93, -40, -4, 14540, -26645, -32114)
(-78, 107, 60, -32514, -12388, -32114)
(-58, 11, -3, -9475, -17160, -32114)
(-2, 39, 22, 23290, -14909, -21332)
(-95, -94, 91, -12472, -12279, -9324)
(47, -13, 104, 27779, -20875, 9053)
(-42, 87, -78, 32665, -28432, 8756)
(-76, -74, 116, -25363, 25976, 16776)
(-42, 93, 75, -23395, 30804, 17203)
(54, -106, 53, 25619, 30804, 16158)
(58, 125, -75, -20550, -3580, 7884)
(74, 55, 74, 23784, 23182, -5365)
(77, 110, 14, -19952, 9041, -1088)
(-35, -15, -108, -28052, -10494, 471)
(-29, -11, 100, 750, -2068, 394)
(15, 9, 124, 20930, 3484, -649)
(-69, 125, -7, 6449, 7138, -134)
(-52, -45, -107, -21866, 14250, -7492)
(-64, 7, 17, 21375, 18264, -2112)
(54, -114, -9, -28397, 7483, -1127)
(92, 0, 97, -32428, 3881, 1682)
(-8, 127, 72, 12856, 4710, 15518)
(92, 119, 0, -25678, 3768, 13530)
(-3, 24, 75, 19141, 7985, 30655)
(-26, -73, 21, 29106, 10393, -32445)
(16, -22, -4, -8889, 9502, -30534)
(39, 25, -20, 29629, 5548, -32113)
(-80, 17, 87, -31422, 4974, -32113)
(-11, -123, 33, -26627, -7161, 24669)
(96, -15, 65, 29541, -5721, 23006)
(-43, 92, 5, -31986, -7300, 5820)
(82, 37, 55, -7798, -1600, 4253)
(105, 103, 112, -16065, 24127, 6880)
(35, -91, -49, 340, 15503, -4533)
(-107, -97, 117, -32429, 258, -3807)
(-85, -120, 37, 17638, -339, -879)
(-55, 88, 25, -22772, -3641, 2132)
(-26, -25, 26, 7546, 2954, 2735)
(-28, -10, 88, 1487, -2860, -1939)
(-30, -83, -16, -16386, -3644, -6922)
(71, 109, 82, 26518, 15455, -19784)
(95, 13, -21, 21744, -1592, -32224)
(-19, -39, 11, -14805, -917, -31460)
(-52, 62, -128, 26157, -16710, 32254)
(-20, -98, 55, 27326, -3780, -32114)
(41, 79, 13, 14238, -9309, -32114)
(-82, 43, 103, 15544, -4984, -32114)
(46, 102, -20, -4895, -4394, -32114)
(-119, -125, -84, -23566, -14719, -14571)
(-93, 51, -66, 27089, -836, -11205)
(3, -15, -4, -32432, -15974, 4137)
(11, 59, -34, -32432, -25906, -613)
(-50, -122, -24, -32432, 24093, 2115)
(-106, -13, 40, -5465, 30805, -922)
(-102, -5, -48, 25076, 30805, -1857)
(37, 81, 6, 10939, 31103, 11141)
(38, 86, 0, -3327, 17107, -1318)
(21, 44, 57, -9366, -7461, 13272)
(55, 66, 82, 17497, 14050, 4044)
(58, 57, 37, -11836, -6474, 1894)
(16, -49, 119, 13834, -7099, -1922)
(75, -93, 66, 4383, 2229, 4032)
(36, 59, 72, -1781, -91, 1728)
(42, -10, -10, 11011, -3507, 1782)
(48, 6, 125, 1185, 258, -634)
(69, 10, 105, 7377, -1711, -3210)
(-40, -120, -16, 11236, 8393, -11230)
(-99, 36, 117, -29937, 13108, -17378)
(-110, -73, -31, -29936, 24113, -11972)
(-28, 72, -94, 24572, 13581, -8660)
(121, 8, 31, -29520, 3451, 2692)
(0, -50, -97, -32431, 1840, 15321)
(-82, 88, 59, -32431, 3323, 24727)
(-41, -104, -44, -32431, 11357, -27670)
(-43, -76, -123, -9357, 31554, -31312)
(111, 8, -16, 19667, -20023, -32114)
(51, 107, -43, -22477, -16685, -32114)
(18, -27, -86, -596, -5368, -32114)
(104, 12, -38, -23674, -18632, 29183)
(63, -85, 9, -8979, -25980, 14792)
(119, 23, 68, 338, -8164, 9780)
(65, 47, 82, -32431, 2828, -19066)
(-64, -38, 103, -13761, -8672, -24317)
(-57, -115, -107, -5677, 15900, 26855)
(23, 36, 127, 4510, 13349, -32115)
(66, 84, 99, -18069, -17184, -32115)
(-17, -32, 62, 338, -1006, -32115)
(99, -24, 112, 10033, -6189, -32115)
(-54, 24, 16, 18951, -15443, -32115)
(-5, 98, 94, -32431, -7363, -32115)
(-127, 77, 50, -32431, -12317, -11076)
(-126, -38, -87, -8080, 26463, -443)
(-83, -97, -100, 5537, 28322, -845)
(13, -101, -20, -15025, 30801, 13287)
(2, -118, -21, 338, 3067, -19389)
(21, -52, 66, 10861, -3488, -9778)
(115, -16, 71, 32641, -20501, -23226)
(-82, -109, 26, -26164, 20776, -24892)
(72, -95, 48, -32431, -3056, -10756)
(-76, 107, -113, 30504, 18514, -5095)
(96, 27, 104, 19879, 6280, 8703)
(-54, -93, 92, -27734, 14236, 24834)
(80, 38, -14, 29596, 14305, -24195)
(58, -81, -22, 20726, -26182, -32113)
(13, 123, -33, 4854, 17817, -32113)
(33, 79, 77, -32431, -31636, 28371)
(92, 56, -70, 336, 2221, -30429)
(-7, 55, 126, -22566, -6512, 31305)
(-70, -21, -77, -1632, -8719, -32205)
(-84, 87, -83, -14667, -25554, -31847)
(35, 4, 102, 338, -9550, 17079)
(-94, 73, 122, -32431, 3495, -11847)
(89, -111, 84, 336, -17813, -16559)
(85, -101, 16, -32431, 17272, -26444)
(-97, -107, -33, 338, 22211, -23576)
(3, -77, -86, 30925, 5256, -29780)
(111, 101, -40, -20782, -11438, 31099)
(-75, -6, -85, 22912, 609, -32113)
(71, -34, 55, 13442, -12817, -32113)
(-97, -92, 41, -20297, -11567, -32113)
(87, 60, 13, -6335, -14606, -32113)
(41, -109, 36, 21080, -8540, -32113)
(19, -33, 67, -32432, -6717, -22739)
(-68, 100, -112, -32432, -621, -13331)
(-59, -68, 36, -19758, -24180, 3679)
(113, -48, 72, -6833, -24018, 2935)
(-123, 98, 36, 23163, 24292, 2398)
(48, -83, 32, 6406, 30799, 3483)
(-86, 41, -46, -12611, 30799, 25455)
(57, 60, 121, 337, -30823, 4109)
(69, 74, 96, -15369, 11317, 2101)
(90, 116, -18, -27198, -9858, -12339)
(-120, -128, 82, -11156, -2792, 3983)
(22, -118, -83, -3890, 8189, -1297)
(104, 111, 121, 12812, -3806, -1763)
(77, -98, 22, 11687, 11219, -12747)
(46, 62, -9, 21572, 10271, -7781)
(-10, -47, -9, -25112, 4777, -9536)
(-55, 8, -113, 27787, 8637, -6850)
(4, -5, -62, 20798, -4661, 3486)
(-109, -53, -65, -12893, -1801, 18249)
(-103, -102, -60, -26119, -924, 25699)
(-50, -29, -74, -28904, -1565, -25985)
(22, 17, -6, -32432, 3322, -32113)
(33, -31, 123, 11835, -1087, -32272)
(99, -56, 113, 3347, 3800, 20219)
(99, -58, -46, 27491, 15973, 22824)
(-127, -120, 83, -13994, 10675, 20088)
(50, 57, -96, 12905, 32051, 25774)
(-63, -32, 109, -19804, 22767, 26183)
(13, -67, -105, 337, -1971, -27004)
(-61, -38, 49, -32432, 18517, -22165)
(84, 24, 29, 335, -5633, -27320)
(9, -57, -128, 240, 8050, -25842)
(111, -108, -126, 18069, 8183, 30013)
(-74, -111, 70, 24990, -2858, -32113)
(45, -60, -104, -29790, 3166, -32113)
(4, 114, -24, 3579, -17779, -32113)
(-41, -22, 113, 12933, -10143, -32113)
(-41, 93, 13, 56, -10634, -32113)
(-60, -82, 104, 22274, -7988, -28226)
(68, 87, 55, -32433, -4894, -22717)
(109, -22, -64, -32433, -18577, 2039)
(111, 20, 70, 19637, -26421, 7689)
(112, 94, 99, -24127, 24646, 3934)
(-95, -122, 46, 23884, 30798, 19583)
(-68, -51, -24, -21289, 30798, 16734)
(-96, -85, -55, 336, -19844, 30347)
(-23, -95, -5, -14557, -2481, -16403)
(-108, -89, -110, -5624, 21698, -11225)
(-126, -34, -44, -32433, -21722, -18538)
(-18, 70, -40, 16658, 11913, -7078)
(39, 82, 91, -26952, 8350, -6227)
(-63, 75, 54, -32433, 10585, 6831)
(-78, -116, 105, -32433, -1850, 18037)
(-21, -54, -34, -32433, 8610, 26508)
(-21, 78, -64, 29063, 27075, -26356)
(123, -106, -36, -20514, 22749, -32112)
(-112, -107, 1, 3936, -8376, -32112)
(-99, -100, 39, -9401, 8152, -32112)
(-38, 103, 6, 17808, -21967, 27881)
(-75, 102, 122, 24471, -19378, -31962)
(-115, 43, 104, -1388, -32759, 22612)
(50, 62, -30, -18691, 20058, -27610)
(-67, -31, -13, 336, 3356, -11264)
(-68, -21, -98, -32433, -11907, -31720)
(119, -40, 122, 334, 32222, -255)
(125, 48, 84, 24506, 4913, -27799)
(117, -65, 93, 3201, 17410, 28035)
(-69, 62, -112, -29668, 7954, -29004)
(40, 73, 92, -31658, -27171, 32386)
(7, -73, -92, 5307, -26353, -32114)
(-63, -106, -1, 11629, -28254, -11019)
(36, -125, -99, 10922, 3850, 28352)
(115, -103, -29, -22320, 9516, -32767)
(-62, 92, -11, 10385, -5238, -32114)
(-99, -125, -54, -18151, -16167, -32114)
(59, 120, -107, 23208, -7309, 778)
(-41, -7, -2, -4352, -16419, 12937)
(119, 87, -108, 23740, -179, 17111)
(-26, 50, -23, -32435, 25682, 4589)
(93, 109, -107, -7410, -18605, 4129)
(-53, -88, 110, 17358, 24316, -27230)
(-118, 109, 7, 6441, -29413, -1419)
(-105, -103, -31, -32435, 22443, -9087)
(53, -125, -101, -1593, 22368, -14819)
(-12, 76, -96, -9948, 725, 4193)
(-26, 23, -108, 334, -22824, -8717)
(-115, -78, -58, 332, -4075, 926)
(-80, 51, -60, -32435, -8113, 4221)
(-8, 58, -86, 842, -1892, 9748)
(-80, 95, 10, -32128, -4905, 28146)
(-122, -71, 83, 18542, -4903, 18360)
(-14, 107, -98, 7429, -18477, 2743)
(-22, -91, 29, -14592, -10310, -20911)
(-40, 88, 52, -32435, 22618, 6315)
(-19, 44, 57, 17820, 11805, 26767)
(114, -77, 23, -8685, 18770, 14964)
(51, 58, -48, -31372, 2736, 23815)
(-4, -92, 71, 22713, 8110, 24172)
(79, -71, 117, -24205, -3993, 32724)
(61, -115, -53, 20590, 13309, 2188)
(-100, -10, 81, 27773, -4444, -4656)
(114, 62, -81, -19736, -19823, -13705)
(11, 77, 50, 335, -12733, 30023)
(-92, -3, -24, -32434, 3581, 22585)
(-106, -15, 57, 333, -931, -15720)
(98, -98, 30, 335, 23059, -32378)
(92, 31, 58, -32434, 6889, 31182)
(51, -27, -38, 333, -5349, -32113)
(-100, 57, 74, -291, -14390, -32113)
(-50, -77, 46, -31897, -2283, -32113)
(62, -93, 30, 32669, -7600, -32113)
(-80, 104, 19, -25471, -28739, -32113)
(-106, -12, -84, 881, -15783, -32113)
(-29, 114, 19, -32434, 310, -29401)
(-59, -60, -13, -12377, -26734, -13800)
(-91, -16, -20, -14210, -11781, -1349)
(10, -8, -27, 27813, -19815, 15895)
(123, -112, 12, 6677, 22433, 14171)
(30, -112, -99, 2163, 30794, 15743)
(28, -54, -23, 17114, 30794, 1953)
(25, 58, 122, 334, 30794, 29851)
(35, 67, -65, 13686, -22949, -770)
(22, 16, 4, -22721, -32389, -3533)
(-113, -98, -127, -23154, 22129, -5389)
(25, -38, 59, -26177, 28808, -2176)
(-104, -20, -69, 5960, -23471, -10236)
(79, 6, 108, -23386, 2314, -22968)
(-101, -1, 89, -32433, 11803, -9356)
(-97, 56, 55, -32433, -391, -2548)
(123, 51, 113, 31519, 2057, 8799)
(-76, -110, 105, 31160, -643, 14275)
(67, 61, 116, 3710, 24521, 19602)
(-38, 67, 24, 27651, 26267, 23955)
(127, 42, -104, -32060, -30849, -26164)
(18, 104, 125, 2039, 11921, -32111)
(-44, -43, -11, -1107, 15265, -32111)
(49, -108, 59, 17795, 4973, -32111)
(50, 48, -89, -8658, -7780, -32111)
(0, -8, 101, 7425, -18069, -32111)
(-88, -59, 102, -15593, -5329, -32111)
(-24, 41, -10, 336, -29687, 23237)
(-71, -76, 106, -32433, 18900, 19014)
(3, 95, 111, 334, 6860, -3591)
(-94, 126, 94, -32433, 7850, -13778)
(-119, 62, -56, 336, 6202, -23644)
(26, -41, 107, 19280, 1691, -23664)
(70, -18, -113, -16903, -3527, -28194)
(-117, 116, 39, -23014, -8688, -30769)
(-78, 83, 115, 19591, -6481, 32003)
(21, 5, 96, -8627, -8537, -32112)
(22, -50, 5, 3784, -7531, -32112)
(48, 119, -62, -32330, -3835, -32112)
(64, 109, 23, -7646, -3178, -32112)
(-72, -99, -40, -11565, -11354, -32112)
(-36, 83, 74, 26465, -9803, -16636)
(-98, 126, 14, 2925, -5952, -12082)
(-86, -28, 121, 20906, -11449, -2208)
(27, 54, -74, 23562, -10879, 3934)
(-37, 78, 40, -4, -26552, 18631)
(5, 75, 126, 27950, -21368, 5958)
(-34, 38, 15, 29146, -31670, 21440)
(16, -105, -20, -32432, 27526, 5630)
(-13, 1, -91, 6666, 30789, 19237)
(-86, -86, 32, 20072, 623, -2309)
(-114, 74, 46, 21006, -27627, -8768)
(97, -46, 5, -3912, 25890, -1121)
(39, 81, -103, -15109, 22064, -4519)
(119, -61, 77, 10960, -18308, -25650)
(95, 71, -41, -15010, 10584, -2877)
(-35, 120, 111, -28498, 14087, -10032)
(68, 36, 86, -32432, 7100, -2149)
(35, 94, -79, -32432, 7761, 11632)
(76, -2, -103, -32432, 4239, 26124)
(98, 94, -95, 28610, 18376, -32245)
(94, -82, -86, 31261, 25040, -29744)
(8, 74, -122, -19500, -4907, -32110)
(-27, 56, -81, -27586, 7537, 20701)
(-108, -24, 124, -22125, -24845, 28136)
(21, -72, 1, -11761, -1689, 16729)
(110, 92, 81, 29207, 21729, 28443)
(-43, 49, -72, 16980, 903, 19007)
(8, -79, 5, 21346, 2577, 7714)
(-1, 100, 63, -24149, 11760, -8393)
(-60, -75, -95, 338, 17122, -5740)
(-77, 18, 15, 9718, -1932, -20623)
(11, -61, 23, 14399, -3206, -30419)
(90, -3, 28, -16653, -88, 32611)
(-62, -2, -78, 21252, -8188, 32568)
(-35, -44, 61, -11324, -10590, -32112)
(86, 6, -53, 7807, -11450, -32112)
(-67, 53, 62, -6234, -18122, -32112)
(-112, -35, -47, -31489, -11105, -32112)
(-109, -71, -6, -32439, -7432, -32112)
(116, -64, 100, 31360, -8894, -24003)
(99, -52, -122, -3621, -23901, -9952)
(-61, -94, -67, 25745, -16656, 6829)
(-69, 5, 124, 25163, 31684, 23344)
(-46, 93, 29, -21487, -7290, 18611)
(6, -103, 49, 5986, -21715, 32487)
(68, 49, 121, -9525, 28569, 4941)
(48, 29, -70, 25471, -12592, -21629)
(100, 22, 31, -2865, -20236, -27685)
(73, -33, -32, -9518, 22704, -13947)
(18, -41, -120, -32430, -4675, -2957)
(-113, 31, 7, -2182, 740, -17927)
(-56, -68, 125, 27291, 18192, -1756)
(30, 26, 112, -26571, 18470, -1155)
(-123, 116, 14, -32430, 841, -1446)
(8, 126, -25, 24622, 3475, 22829)
(5, -50, -82, -29602, 8704, 27090)
(-90, 86, -81, -26420, 24185, -26860)
(126, -41, 87, 19778, 3182, -32110)
(98, 100, 116, 1633, 15283, -32110)
(67, 123, 59, -16528, -10001, 28480)
(-98, 97, -3, 32191, 14585, 12842)
(-35, 25, 73, -3191, 30785, 8069)
(-99, 78, -11, 338, -1305, 30293)
(-70, 12, -22, 336, -3788, 861)
(-127, 26, -102, -32431, 4430, -1400)
(-99, -95, -42, 15514, 19153, 6830)
(-12, -45, 68, -19549, 5180, 18860)
(33, 31, 63, -25309, 10208, 18490)
(61, 5, 80, 17161, -399, 23573)
(-30, -106, 54, -2908, 1636, 16824)
(56, 44, -109, 13447, -14800, 173)
(-120, 52, 22, -21045, -30918, -27683)
(45, -2, 84, 337, -31051, 25561)
(12, 97, -55, -21225, 5897, -32110)
(-103, -127, 75, 8877, -13663, -32110)
(-61, -26, -100, 6701, -15467, -32110)
(-39, -120, -88, -24662, -9245, -32110)
(99, -22, 21, -13810, -23674, -32110)
(-15, 74, 122, 23757, -4140, -32110)
(107, -27, 91, -32433, -5314, -22663)
(-42, -90, 57, -25431, -12600, -5389)
(-110, -97, -127, -28003, -31772, 12068)
(50, -80, -127, -28937, -9770, 14071)
(-28, -24, -36, 25603, -24992, 24773)
(-117, 53, 58, -7942, -23649, 10132)
(-52, -20, -70, -9637, 24890, 19604)
(-67, -50, 30, 335, -29909, -11437)
(108, 15, -73, -12543, 26472, -22357)
(-10, -4, -15, -28142, -30279, -28177)
(-1, 126, -31, 28823, 6880, -18060)
(-112, 82, 53, -24087, -16287, -16414)
(51, -13, -53, -29971, 4023, -7205)
(54, -27, 96, -31597, 6089, -10026)
(110, -106, 74, 19279, 9922, -1616)
(-29, -106, -45, -29743, 17476, 5089)
(-108, -5, 39, 26879, 27440, 13803)
(-41, 71, -97, -30147, 20872, 23747)
(90, 80, 49, -20718, -30157, 17773)
(-4, 24, -62, -14912, 26550, -30847)
(91, 92, 43, 26090, 20207, 25797)
(-44, 36, 115, -3766, -1204, -29878)
(51, 108, -67, -19832, -31597, -31768)
(44, 12, 6, -19858, -15661, -32107)
(82, -121, -37, -27350, -12321, -32107)
(-42, -43, -94, -22902, -20884, -32107)
(120, -123, 28, -6580, 14825, 6720)
(-56, -95, 24, 27658, -26293, -25258)
(0, -6, 74, -32426, -6060, 29222)
(25, -80, -47, -24550, -13327, -30493)
(-11, -76, -17, 335, 17736, -23101)
(-87, -82, -9, 20837, 12996, 30025)
(2, 92, 9, -17424, -21189, -32107)
(-7, -27, -23, 335, -5365, -32107)
(-69, -19, -10, -16241, -12735, -32107)
(5, 73, -110, -3952, -10936, -32107)
(-122, -56, 77, -17281, -7408, -32107)
(-7, -26, -29, 24288, -12433, -23861)
(-65, 51, -43, -32433, -15578, 9404)
(-44, 4, 47, -32433, -29492, 12740)
(90, -82, 126, -6700, -13880, 12806)
(127, 102, -123, -30975, 32514, 7948)
(31, -66, 81, 7183, 27314, 4493)
(-8, -114, 43, -13985, 30786, -25838)
(-86, 21, -58, 337, -1983, 32670)
(57, 14, 96, 11316, 30786, -9234)
(-110, -127, 62, -14247, 18553, 5291)
(124, -81, 45, -32432, 2096, -27660)
(83, 92, -71, 25792, 12563, 823)
(105, -32, -114, -8150, -12641, 3440)
(2, -2, -31, 7025, 12983, 12155)
(78, 72, -123, -32160, 3654, 10812)
(125, -124, -113, 21982, 17234, 20441)
(102, 14, 18, 20818, 16716, 18552)
(36, 116, 45, -17634, 27492, 25610)
(-14, -18, -64, -19572, 2659, 17393)
(-76, -25, 13, -16417, 724, 14679)
(-82, 20, -124, -24523, 64, 15039)
(-80, -3, -35, 9925, -2405, 8492)
(113, -7, -52, 28434, -363, 20086)
(-88, -46, -90, 10112, 3130, 29914)
(26, -74, 86, 31968, -18561, -28661)
(50, 53, 126, 20131, -741, -31949)
(44, -112, 24, -17184, -287, -32570)
(-85, 90, 127, -31781, -425, 457)
(114, -109, 43, -20266, -3440, -21447)
(-105, -84, -16, 17052, -1191, -14501)
(108, 17, 54, 13009, 101, -11459)
(-41, -9, 8, -2494, 4337, -10664)
(-29, 50, -60, 5236, 6976, -19157)
(-38, -65, 19, 20589, 6167, -26302)
(-40, -112, -128, 1743, 1744, 28890)
(-124, 119, -45, 9058, 5062, -32107)
(68, 29, -106, 32000, -21683, -32107)
(-63, 59, 72, -30449, -17659, -32107)
(7, -68, -101, 23035, -4504, -32107)
(23, -99, 44, -32430, -4286, -32107)
(-26, 0, 23, -9865, -4402, -19696)
(-7, 51, 16, -23025, -9335, -3638)
(-41, -99, -15, -30284, 4212, 6125)
(49, -63, -95, 30510, -19653, 14604)
(-60, -43, 18, -21337, -27553, 12081)
(40, 48, 105, -19763, 24772, 15455)
(69, -4, -123, -12746, 30788, 9531)
(-56, -2, -74, 32765, 1974, 5956)
(61, -84, -2, 26971, -27289, 5820)
(82, -79, -125, -20355, 9482, -20309)
(101, -7, -54, 340, 29012, -17717)
(83, -8, -1, 27804, 72, -10744)
(-116, 55, -30, -27626, -696, -8259)
(-109, 47, 80, -29800, 2959, -1349)
(-70, -14, -77, -32429, 1384, 13934)
(-22, -15, -91, -32429, -9332, 22970)
(109, -96, 86, 6144, 6702, -28510)
(-40, -13, 112, 29065, 10357, -30726)
(-99, -98, 81, -28086, -7066, -32106)
(8, 92, 86, 483, 6339, -32106)
(75, -43, -32, 11214, -14448, -32106)
(35, -14, 21, 338, -28537, -32106)
(8, -3, 59, -32429, -28917, -32106)
(60, -27, -22, 14516, 30366, -31028)
(-64, -126, 0, 32355, -10077, -14986)
(-22, -61, -97, 24501, -4639, -20439)
(47, -31, 116, -2151, 1436, -14676)
(-127, -48, -6, -21412, 5178, -11135)
(16, 17, -54, -28944, 12245, -23281)
(-80, -123, -71, 7683, 13895, -27116)
(-26, -112, 10, -16628, -10699, -31126)
(-98, 90, -103, 27873, -5058, 31862)
(-7, 27, 109, 31198, -4358, -32107)
(-93, -97, -22, -32431, -11556, -32107)
(105, -16, 115, -986, -11673, -32107)
(-120, 116, -1, -28974, -10418, -32107)
(-20, -45, 14, -17974, -4186, -32107)
(-8, -56, 55, -29883, -7119, -19810)
(-55, 81, 115, -16562, -13025, 3207)
(99, -64, 106, 26793, -15264, 5896)
(108, -108, -110, -32430, 23507, 11896)
(-122, -68, 101, -19662, 29729, -567)
(65, 20, 100, -2216, 30788, 9913)
(-19, -32, 34, 25880, 30788, 17014)
(27, 107, -17, -3984, -11696, 3785)
(19, 42, 38, -9620, -22973, -7757)
(44, -94, 114, 23121, -12847, -18567)
(-43, -76, 6, 32744, -7303, -3888)
(125, -34, -48, -2862, 13526, -14549)
(-119, -38, 2, 30211, 14590, -12050)
(72, -86, -26, -27335, 13108, -9568)
(-114, -111, -70, -32432, 6697, 6032)
(25, -5, -62, -32432, 1623, 9467)
(18, 81, -2, -32432, -1685, 19472)
(102, -102, 52, 17511, 23784, 27714)
(0, 16, 35, -5700, -27316, -27153)
(-66, -26, 89, -3057, 30789, -32105)
(93, -23, 110, 17279, -17825, -32105)
(91, -99, 125, 18706, -4478, -32105)
(-124, 120, -90, -16711, 29268, -32105)
(-65, -104, 51, 6575, -26463, -32105)
(-66, -17, 108, -23589, 19102, -17001)
(-81, 35, 15, 337, 18943, -22329)
(12, 11, 37, -32432, -24294, -18254)
(-127, -85, 7, -28990, 7321, -11824)
(-7, -34, -30, -22657, 1534, -11555)
(73, 122, -61, 31354, 3258, 32005)
(127, -9, -83, -21916, 19554, -32633)
(-81, -41, -57, -13486, -9430, 32662)
(10, 33, -46, -20614, -15022, -32105)
(-15, -115, -63, -14657, -9447, -32105)
(13, -29, 21, 640, -6764, -32105)
(-7, -20, 41, 9286, -24028, -32105)
(19, -54, -94, 14345, -4623, -31869)
(18, 53, 60, -32431, -3970, -28410)
(-27, -70, 57, -32431, -19499, 1374)
(100, -8, 29, -10934, -19493, 3662)
(-97, -58, -56, 23977, -15064, 10748)
(22, -36, -28, -28319, -28141, 13525)
(37, 6, 97, 12245, 32590, 7180)
(-20, -61, -107, 15403, 28412, 19529)
(62, 81, 82, 337, 30787, 15354)
(13, -60, 93, 339, 27734, -13079)
(96, -125, 116, 18758, 25999, 788)
(-54, -68, -2, -16725, -11502, -2340)
(73, -14, -5, 32519, 5880, 9772)
(9, 69, -57, 7151, 6400, -7281)
(-88, -91, 120, 27194, 5974, -9011)
(-86, -44, -68, -26874, 11502, -7758)
(-80, 26, -1, -31856, 18681, 4638)
(-4, 9, -61, -32426, 16045, 5814)
(45, -126, 4, -32429, 5802, 14885)
(124, -21, -78, -32429, 3701, -32506)
(-95, 99, 19, 27147, -448, -28277)
(31, 71, -33, 2208, -5072, -32103)
(48, -43, 83, -14186, 812, -32103)
(94, -105, 39, 5577, -9911, -32103)
(-88, 86, -41, 18715, 27761, -32103)
(-30, -102, -64, -24573, -22042, -32103)
(-15, 48, 113, 21183, -13064, -15686)
(-26, 35, -104, 32642, 21055, -32310)
(45, 36, 110, -5799, -7759, -12521)
(-52, 0, 109, 16229, -14521, -8095)
(-126, 78, -48, 32588, -692, -15015)
(-22, -47, 50, -1081, -2890, -24663)
(-78, -97, -20, 15435, 15883, 28412)
(15, 35, 112, -22578, 12537, -32287)
(92, -128, 28, -24789, -9052, -32103)
(63, 15, -75, 341, 8214, -32103)
(94, -80, 72, 10912, -2238, -32103)
(-110, 40, -113, 14862, -14412, -32103)
(-26, -8, 3, 28369, -1619, -32103)
(-115, -66, 117, -17830, -1458, -27805)
(-73, -29, 22, -7758, 8638, -14131)
(-68, 48, -46, 22677, -28375, 2342)
(118, 107, -3, -32428, -32009, 1392)
(-86, -42, -108, 26789, -28794, 11297)
(-20, -43, 39, -26695, 27527, 17406)
(-12, -6, -18, -21277, 30787, 164)
(-47, -56, -69, 28694, 30787, 1214)
(-20, -56, -116, 32397, 30787, 134)
(-108, 53, -103, -19823, 16314, 16412)
(-112, 77, -120, -986, -19185, -7819)
(50, -88, 58, -11542, -12934, 17636)
(117, 79, -113, -7668, 14742, -14737)
(92, -72, 44, -18836, 13741, -2853)
(48, 110, -7, -32428, -25663, -3464)
(115, 75, 99, -32428, 28948, 7238)
(-68, 126, 99, -32428, 19631, 13571)
(67, 107, -74, -32428, 13881, 12768)
(98, 8, -100, -13001, 18867, 26438)
(51, -127, 71, -6672, -5246, -26186)
(-123, -9, 53, -28153, 2334, -32102)
(-24, -95, 38, 5746, -18806, -32102)
(-11, 107, -125, -21516, -7455, -32102)
(-64, 37, -125, 22111, -19825, 24942)
(-88, -4, 118, 339, -7146, 23545)
(51, 89, 81, -32428, 18488, 4906)
(-10, 53, 83, 341, -1984, -24845)
(74, -70, -42, -32428, 27525, -21189)
(79, -110, -56, -39, 8910, -15336)
(-80, -15, -82, -32302, -12451, -2795)
(-95, 66, -75, -31788, 4272, -15235)
(3, -106, 115, 8379, 10126, -25846)
(93, -6, -101, 18597, -7296, 30889)
(-52, 88, 49, 6217, -2468, 32513)
(-94, -51, -127, 26455, -23249, -32103)
(-52, -7, 97, 15293, -11379, -32103)
(96, 93, 80, 15666, -11423, -32103)
(-126, 127, -115, -32428, 3128, -32103)
(111, 88, -7, -23471, 9457, -32103)
(101, -66, -76, -31676, -11417, -18049)
(-27, -104, -102, -11207, -3357, -8431)
(68, -68, 96, -28521, -19295, 7949)
(-32, 10, -65, 29311, 20532, 2349)
(-44, 1, 88, -12398, -29348, 7532)
(2, -47, -121, 16957, 28984, 12356)
(37, 120, -59, 5027, 30785, 7425)
(72, 106, 85, -21738, 30785, 3859)
(26, -102, 1, -11706, -27087, 9530)
(118, -74, -41, 24422, -30967, 4834)
(-13, -19, -37, -21821, 16981, 5148)
(-121, 25, -123, -14809, 15415, -1574)
(60, 40, 90, 8593, 4918, -5516)
(111, -80, -115, 17706, -2989, -10569)
(82, 77, 44, 27930, 23459, -16071)
(74, -116, -49, -28005, 20073, -7480)
(89, -76, -10, -32254, 6140, 2541)
(77, -11, -26, -32426, 6927, 9592)
(-83, 46, -128, -32426, 8506, 28540)
(-94, 75, 54, -32426, 13277, -26886)
(-123, -4, 83, -12831, -25177, -31768)
(1, -65, -86, 15656, -3764, -32102)
(35, -105, 54, -26418, -28319, -32102)
(88, -8, 65, 16182, 10886, -32102)
(-76, 21, 46, -30206, 28292, -32102)
(6, -68, 116, 12616, 25518, -32102)
(-118, -17, -110, 7884, -1986, -18576)
(6, 36, -64, -32426, 777, 28007)
(61, -70, -28, -28089, -23537, -16683)
(71, -81, -37, -4965, 20799, -6546)
(-125, 86, 21, -31139, 2714, -15659)
(-69, -127, -104, -19855, 9681, -23274)
(48, -109, 92, 4064, 6561, 29110)
(105, 0, -34, -26234, -4926, -32641)
(-98, -38, 55, 30993, -10998, -32101)
(-117, 81, -1, 23935, -7017, -32101)
(90, 16, 93, -26062, -16955, -32101)
(88, 50, -5, 9144, -13493, -32101)
(-25, 104, -28, -32426, 2958, -32101)
(-66, -84, 19, -32426, -3955, -15961)
(-122, 123, 82, -9162, -6773, -3917)
(50, -84, -93, -26663, -13041, 5722)
(-118, -34, -45, 9126, -21928, 2126)
(-78, 12, 57, 17759, -31883, 16723)
(113, -57, 56, -17689, 31762, -201)
(126, 88, -88, -4570, 29213, 12794)
(0, -23, 64, 344, -29313, -443)
(68, 47, 60, -3622, 11673, 306)
(-66, -17, -38, -9259, -11849, 12911)
(-13, -82, -7, 344, 15013, 734)
(67, 53, 122, 342, 14933, 2312)
(112, -3, 104, -4163, 14547, -624)
(-65, 127, 34, 3520, 8446, -50)
(-123, -31, 125, 20075, 10662, -9557)
(125, 77, 76, -23412, 8624, -11651)
(122, 5, 57, -32425, 12970, -6405)
(-66, 1, -35, 24586, 5815, -2495)
(-12, -4, 13, -29584, 5146, 11503)
(42, -5, 76, -32425, 2573, 20073)
(28, 123, 106, 31891, 17842, -24226)
(33, -9, 125, -32019, 24789, -31732)
(75, 84, 125, -25021, 26658, -32100)
(-42, 79, 15, 29325, -205, -32100)
(-4, 89, 18, -11798, -3128, -32100)
(-121, -88, 86, 3323, -8117, -32100)
(79, -76, 85, 24804, -14068, 26261)
(-65, 111, -28, -18735, -3550, 17144)
(20, 20, -120, 343, -19946, 1547)
(-128, 66, -121, -11836, -7408, -29876)
(-45, 72, -100, -5199, -18824, -15561)
(124, 4, -72, 14465, -14363, -12331)
(-20, 47, -46, -28885, 8594, -16947)
(52, -7, 67, -29704, 10566, -27276)
(-52, -106, 122, 3189, 5051, 29115)
(-16, 68, 70, -29925, 22703, -25431)
(17, -13, 62, 3744, 7632, -25175)
(-75, -116, 61, -31727, 31950, 31643)
(-46, -22, 14, -28678, 11396, -30748)
(-35, 61, -73, 32056, 915, -25372)
(68, 94, -81, -26624, 31542, 30995)
(-114, -98, -124, 7219, -16816, -31597)
(-75, -33, -50, -3815, -13413, -31424)
(-67, 7, -1, 278, -17228, -26416)
(-111, -19, -68, 18801, -14360, -6074)
(14, 65, -111, -20045, -10703, -9499)
(100, 64, 83, 28983, 29234, 6638)
(-35, 14, 51, 1416, -16702, -5108)
(71, -85, -46, 21830, 23678, 8487)
(102, 78, 111, -25716, 30779, -4345)
(56, 112, -7, 30874, 30779, 384)
(110, -70, 48, -32426, 26655, 29878)
(122, -95, -12, 24873, 15030, -29965)
(-79, 81, 57, -18758, -17064, 4471)
(66, -100, -11, 6745, 4669, -3508)
(76, -9, -105, -31285, -159, 2674)
(116, 92, 126, -11798, 3783, 4149)
(90, -80, -21, 10258, 480, 3754)
(-1, 63, -30, -15346, -1702, -1794)
(112, -43, -59, 12993, 1131, 512)
(34, 40, -27, -12274, -1444, 2854)
(89, -72, -98, -27007, 5292, -1769)
(112, 49, -34, -28491, 24769, -4413)
(43, 122, -68, -32155, 28912, -2116)
(-95, 98, -107, -32426, 16967, 1640)
(3, 98, -45, -32426, -32206, 7979)
(102, -97, -17, 22017, -3292, 24416)
(71, -83, 93, -28729, 971, 26344)
(-96, 75, -33, -32426, 16916, -29809)
(47, -128, 65, -23251, -32316, -31220)
(-60, 32, -95, -17376, 2685, -32098)
(102, 12, -92, 31112, 9669, -32098)
(-25, 33, 18, 8706, 4504, -32098)
(-126, -23, -72, -32426, 10241, 29820)
(-93, 55, 25, 341, -26512, -30892)
(24, -5, -122, 343, -4737, -30045)
(-55, 82, 15, -32426, 22911, 21832)
(117, -35, -88, 341, 20777, -32098)
(-82, 59, -24, -32426, 2221, -32098)
(-125, 17, 102, 343, -26621, -32098)
(37, -73, 45, 341, -12819, -32098)
(-52, -83, 46, -32426, 29554, -32098)
(-115, 62, 18, 343, -13407, -32098)
(-105, 116, -124, -32426, 7206, -32098)
(-72, 9, 121, -32426, -9603, -20560)
(-113, -22, 20, 25066, -25009, -5011)
(-74, -87, 17, 19132, -12617, -646)
(110, 32, -82, 9536, -32361, 6855)
(37, 98, 10, -24143, 26641, 16928)
(91, -83, -115, 31617, 30779, 19686)
(10, -119, -37, 15415, 11500, 18060)
(21, 77, -33, -25460, -17409, -15395)
(-118, -89, 42, -24335, 10785, -10022)
(99, 111, 99, -32427, -11378, 32296)
(-19, -76, 92, 14276, 16150, 5433)
(30, 116, -111, 22395, 14304, 10609)
(-13, 57, 100, 4169, 21966, -32105)
(-89, 73, 115, 15900, -28845, -27441)
(-112, -59, 54, -4358, 30779, -32097)
(83, -60, 122, 16023, -7086, -32097)
(123, 26, -92, 29667, -18328, -32097)
(-23, -21, -120, 7940, -16542, -32097)
(-14, 98, 63, -21895, 31683, -32097)
(-127, 17, 84, -31801, -25053, -32097)
(-46, -22, -57, 342, -6452, -32097)
(10, -24, 44, -32427, 30778, 19755)
(-39, 23, -65, 340, 6667, -25606)
(-42, -3, 18, 3614, 6048, 29155)
(-3, 85, 49, 10173, -8647, -6394)
(-99, 88, -97, -32427, 4362, 3063)
(-106, -60, 44, -24055, 12806, 910)
(63, -16, 84, -24296, 3649, -5544)
(-17, -46, 78, 15135, 10001, -27422)
(71, -50, -75, 5562, 2805, 27169)
(30, -34, -4, -13966, -1258, -32097)
(28, -38, -81, 29882, 1805, -32097)
(-97, 33, 33, 31166, -15173, -32097)
(-89, 120, -33, -24846, -12732, -32097)
(-66, 70, 88, -22765, -10683, -32097)
(124, -24, -106, 26327, -5188, -22030)
(22, 56, 111, -32427, -16245, -21140)
(-13, 40, 4, -20007, -18189, 637)
(-57, -73, 53, 28969, -19841, 5393)
(-106, 40, -98, -2790, -31994, 6454)
(-127, -20, -30, 30020, -30499, 15273)
(27, -10, 30, 9001, -28775, 17858)
(127, -64, 70, -18089, 27910, 7954)
(15, -36, 14, 16276, -18646, 8697)
(-19, -122, 32, 12163, -27570, -22195)
(67, 22, 119, -15611, 31411, -31333)
(-11, -47, 67, -32427, 22185, -13025)
(-127, -7, -65, 29003, 14367, -7070)
(-5, -14, -17, -32400, 8285, -1385)
(76, -54, 73, -31980, 11923, 12428)
(125, 42, 88, 20746, 10210, 16269)
(-2, -115, -96, 802, 4223, -23841)
(89, -96, 58, 3306, 11663, -31460)
(-1, 112, -18, 29930, 2355, -32095)
(-48, 83, -104, -9497, 875, -32095)
(3, -103, 93, 9477, -30640, -32095)
(76, 24, -127, 9204, -20588, -32095)
(126, 40, -8, -24795, -31956, -32095)
(-1, -27, -16, -30844, -11874, -16856)
(-124, 63, -56, 342, -32584, 21051)
(-89, -89, -44, -32427, -25104, -10943)
(-42, -33, -40, -32427, 30864, -18671)
(83, -78, 108, 18909, 9394, -372)
(113, -80, 43, -16772, 20478, -7451)
(-6, 112, -56, 523, 156, -16521)
(-78, -23, -52, -5735, 7306, 29347)
(-54, -13, -38, 12514, -854, 31686)
(45, -83, 66, 13321, -9412, -32095)
(-44, -99, 30, -26229, -11903, -32095)
(42, 85, 26, 25308, -8387, -32095)
(11, -49, -63, -8788, -5888, -32095)
(52, 61, -120, 25049, -618, -24181)
(66, -61, -74, -32428, -4068, -25566)
(-38, 113, 120, 19660, -10451, -234)
(-73, -105, -101, -12144, -21828, 10050)
(122, 33, 49, -15330, -17315, 6719)
(-99, 102, -22, 23226, 30363, 18773)
(63, 85, 7, 31438, -26237, 5646)
(-22, -115, 46, 11820, -9800, 6164)
(-59, -11, -46, 15172, 26557, -13252)
(98, 53, -81, -15527, 28315, -13570)
(5, -15, -93, 26072, 20047, -10009)
(-15, -22, -4, -30082, -1504, -5880)
(94, 17, 73, 30796, 3053, 11478)
(48, 68, -101, -31656, 7386, 18134)
(-75, 117, -34, -32427, 2252, 30217)
(119, 114, 75, 342, -6679, -27748)
(32, 98, 81, -4368, 15023, 26589)
(110, -36, -99, -9013, 30775, -29809)
(104, 28, -112, 342, -26635, -32093)
(-17, 103, 100, 340, -30170, -32093)
(-20, -10, 105, -32427, 21060, -32093)
(115, -21, 112, 27680, -15476, 30322)
(30, -72, 107, -3395, 19376, -18636)
(-84, 34, 17, 13113, -2229, 23311)
(8, 3, 108, -32427, -15877, -16493)
(-18, 41, -14, -15736, -3204, -5776)
(11, 69, 49, -24479, 11775, -2828)
(64, -100, 87, -26009, 4715, -11644)
(-43, 124, -68, -32427, 10797, -28441)
(-114, 88, -72, 6759, 22983, 28394)
(48, -61, 37, -1799, -9420, -32093)
(-28, -107, -35, 2133, 3399, -32093)
(8, -67, 121, -22984, -28388, -32093)
(105, 96, -54, 7917, -3392, -32093)
(36, 70, -38, -32427, -3040, -32093)
(-94, 6, 17, -14895, -3982, -26772)
(-104, 20, -52, 27265, -10781, -4862)
(-96, 36, -60, -10083, -8181, -225)
(54, -95, 66, -16148, -23756, 9032)
(-88, 85, -39, 25200, -28678, 5772)
(7, -15, 6, -32427, 26053, 12875)
(17, -107, -123, -32427, 30773, -16109)
(-24, 49, 61, -32427, 25867, 21220)
(-25, 126, -12, 3644, -22206, 2855)
(-69, -107, 64, -11683, 8040, 4863)
(64, 102, 120, 14607, -419, -32403)
(124, -26, -59, 26741, 11135, -6856)
(-110, -86, -115, 29897, 14350, -2260)
(-90, -29, -108, -29963, 4161, 898)
(-121, -72, 39, 24646, -2056, 5954)
(13, -70, 60, 29520, -8811, 16106)
(-107, 120, 59, -30291, -100, 25303)
(55, -42, 54, 15180, 2782, -25792)
(122, 93, 79, -26452, -13094, -32091)
(-10, -12, 1, -24765, 7363, -32091)
(80, 100, -68, 18826, 7872, -32091)
(46, -18, -115, -21237, -6986, -32091)
(45, -65, -74, 14789, 5576, 21634)
(-13, 106, 124, 9457, 445, 29855)
(-57, -59, 122, 18428, 21809, 19556)
(-77, -16, -23, 15823, -5011, 28669)
(118, -102, -116, -32427, -8039, 7470)
(115, -68, 90, 340, 5865, 4189)
(-58, -73, 23, -32427, -21903, 27351)
(-116, -118, 67, 342, 6513, -22792)
(32, -93, 65, 1670, 7585, 30456)
(-65, 116, 74, -16595, -5299, -32363)
(-32, -72, -84, 17788, -10347, -32091)
(-62, 70, -82, 853, -14156, -32091)
(3, -15, 59, -29869, -29149, -32091)
(109, 18, -42, 6136, -10987, -31425)
(127, -58, 91, -2708, -12129, -21250)
(26, 21, -22, 23202, 1066, -5989)
(70, 102, -106, -26702, -8321, 2120)
(-86, 58, -50, -1569, 3521, 1375)
(9, 73, 21, 341, 4777, 12980)
(6, 2, -16, -32428, 24921, 11998)
(-43, -71, 0, -32428, 26392, 6994)
(31, 30, -82, 339, 30771, 11530)
(13, 52, 96, 341, -19626, -3938)
(82, 30, -101, 339, 4305, 5977)
(62, 93, -118, 31110, 12076, -6407)
(-59, -42, 95, -4806, -3770, 3981)
(-17, 105, -67, -5268, 5348, -9780)
(-82, 25, 107, -27624, -2151, -13406)
(-119, -115, 53, 21102, 10134, -15069)
(2, -121, -49, -27061, 7367, -3782)
(125, 22, -91, -32427, 3171, -4355)
(85, 95, -49, 25910, -3711, 7061)
(29, -30, 5, 20841, 6307, 12763)
(-32, -24, -28, 29992, 22705, -24129)
(112, 26, 63, 12182, -27596, -30754)
(1, 45, 85, -14332, 30770, -32091)
(-17, 119, -31, 18776, -1434, -32091)
(0, -68, 48, 14704, -15660, -32091)
(3, 8, 101, -21472, -19597, -32091)
(126, -113, 54, 24272, -32006, -32091)
(32, -46, 71, -28805, 10232, -32091)
(-89, 116, -120, 341, 2346, 3034)
(-29, 123, -78, 24802, 23657, 18122)
(74, -49, 95, -18737, -29684, -18057)
(-85, -97, 65, 341, -6386, -16812)
(30, -80, -18, -8428, 8474, -9828)
(97, 40, 117, -7661, 3878, -25849)
(-5, 91, -74, 7167, -32618, 31228)
(32, -89, -59, -1937, 1390, 32411)
(-50, 119, -19, 28574, 3603, -32090)
(78, -50, -24, -280, -19599, -32090)
(118, -125, 11, -3406, -14619, -32090)
(-95, -84, -123, 18817, -19740, -32090)
(-60, 88, -34, -32428, -8932, -32090)
(116, 41, 78, -32428, 1096, -20039)
(82, 39, -37, 13909, -2006, 460)
(69, -70, 15, 29937, -30629, 5044)
(103, -88, 48, 27729, 31469, -2947)
(2, 119, -125, 4411, -18099, 21982)
(77, 46, 53, -32428, 24385, -11751)
(17, -36, -71, 8293, 30770, -23627)
(-106, 40, -27, 19535, -1999, 22089)
(43, -89, 17, -5367, 30770, -2036)
(-49, 81, -56, -30526, 9033, -26461)
(-66, -67, 41, 30767, -27521, -2940)
(3, 53, -86, -31647, 22041, 1100)
(-41, -58, -49, -32427, 11662, -7109)
(-104, 19, 19, 30109, 13829, 12553)
(84, -118, 108, 25316, 4848, 27005)
(-97, -50, 1, 27662, 21656, -26128)
(2, -16, 127, 18789, 32401, -31868)
(-121, -110, -6, 5491, 32498, -32089)
(-10, -54, 14, 17667, -2969, -32089)
(-118, -51, -39, -11839, -8912, -32089)
(-85, -12, 124, -7215, -30478, -32089)
(-68, 69, -63, -5802, -19181, -32089)
(-52, 61, -5, 29597, -14722, -32089)
(-108, -32, 78, 5834, 30406, 7876)
(-44, 45, 103, -32428, 27712, 9203)
(10, 11, 61, 1009, 6831, -32089)
(50, -58, -49, -32549, -18787, 6856)
(108, -64, 0, -19474, -5126, -658)
(125, -105, -115, 20284, 6823, -4922)
(99, 43, -69, -22077, 17632, -11898)
(8, -113, 48, -3651, -32485, -28269)
(-36, 114, -78, 18079, 25382, 30290)
(64, 117, -27, -12568, 19038, -32727)
(-63, -60, -113, -1274, 13548, -32089)
(51, 119, 60, -17267, 2923, -32089)
(-82, 63, 71, -26299, 979, -32089)
(36, 111, 52, -31328, -13052, -32089)
(-48, -23, -128, -14103, -1639, -28720)
(108, 42, 88, 26275, -32364, 423)
(-5, 13, -76, -32429, 24781, 5188)
(11, 72, 9, 6925, -30338, 17777)
(4, 11, -124, 3890, 29292, -4007)
(119, 95, 102, 16628, 30768, -31970)
(124, 65, -124, 7099, 30768, -6403)
(-20, -113, 31, -31023, -2001, -553)
(-21, -80, -16, -26368, 30768, -27738)
(-45, 50, -108, -32429, 30768, 1035)
(54, -5, 3, -32429, 30768, 2250)
(38, 125, -71, -32429, 17104, 10521)
(82, 43, 62, -32429, 14295, 15330)
(85, -93, 72, -32429, 9939, -32056)
(30, 27, -105, 18992, 20059, -28613)
(11, -52, 20, -15009, -31929, -32089)
(-65, 11, -1, 26133, 7924, -32089)
(127, -27, 10, 9275, -4252, -32089)
(-119, 41, -84, -14472, -22384, -32089)
(3, -71, -71, 3341, -8414, -32089)
(120, -14, 92, -22507, -27130, -32089)
(-25, 26, 30, 340, -30461, -32089)
(37, 44, 107, -32429, 30768, 5516)
(31, 95, 74, 338, 3370, 31835)
(16, 35, -73, -32429, 28979, -18145)
(63, 53, -30, 340, 5716, 17674)
(69, 60, -95, -16107, -4456, -13686)
(-5, 65, -104, -18373, -4285, -697)
(-73, -82, 113, -9312, -7687, -7434)
(39, 73, -36, -30666, -8659, -19153)
(43, 103, -37, -10717, 9936, 28558)
(-15, -57, 111, -8192, -2354, 32189)
(-52, 28, -17, 340, 1131, -32089)
(63, 30, 40, 5781, -7847, -32089)
(-60, -20, 35, 20371, 4862, -32089)
(91, -2, -18, -32429, 2157, -32089)
(-117, 34, 66, -32429, 5067, -30397)
(65, -105, -46, -32429, -4895, -20900)
(16, 38, 33, 10219, -7432, 1211)
(-110, -61, -14, -20791, -14638, -2147)
(-104, 109, -48, 29956, -20690, 6270)
(35, -13, -22, -7430, -25944, 6129)
(31, 29, -22, 24166, -22976, 4238)
(-50, -99, -119, -32430, 24905, -21426)
(113, 47, 33, -1294, 30766, -21451)
(-112, 43, 16, -16831, -2003, 9768)
(34, -90, 26, -15604, 30766, -21524)
(14, 9, -90, -32430, -829, -14207)
(125, 13, -84, 6361, 17060, -2725)
(-14, 79, -21, -23515, 18931, -8878)
(24, -122, -46, -32430, 24293, 34)
(127, 11, -119, -32430, 21019, 6865)
(90, 57, 20, -32430, 12362, 10428)
(-122, 96, 3, 26867, 23524, 16829)
(-122, -64, -88, -30351, -29787, 28135)
(-110, 71, 46, 14025, 30767, -30396)
(30, 117, 119, 6698, 30767, -30976)
(121, -18, 68, -32431, -17181, -32086)
(117, 82, 71, 31352, -7086, -32086)
(-60, -21, -79, 23713, -19495, -32086)
(28, -48, -73, -25465, -10841, -32086)
(108, -71, -28, 338, 15441, -32086)
(17, 80, 69, -32431, 26324, -15689)
(82, -104, 108, 336, -535, -26091)
(-29, -25, -20, -32431, -19032, -20190)
(-37, -44, -39, 4658, 15509, 377)
(-127, -126, -55, -9503, -3482, -12432)
(-94, -62, 16, -31725, -2853, -6238)
(4, -60, 59, 4052, 1353, -15661)
(-102, -66, -89, 30153, 2713, -28492)
(107, -40, -65, -1105, -9045, -32013)
(19, 87, -119, -13330, -4387, -32470)
(60, -46, -24, -11807, -2498, -32458)
(-43, 67, 14, 15618, -8534, -32090)
(-78, -107, -84, -20458, -6555, -32090)
(-19, 73, -23, -17856, -9085, -32090)
(40, -8, -37, 7034, -6071, -31128)
(-92, 30, 42, 17157, -7138, -22894)
(-117, 62, 126, -10659, -14412, -20729)
(-124, -58, 12, 25847, -1519, -949)
(9, 81, 109, -32432, -395, 3272)
(69, -115, -55, -32432, -23778, 5467)
(93, -62, -13, -32432, -28611, -11938)
(108, -36, -58, -27027, 25668, -11677)
(49, 103, -28, -21022, 30766, -11933)
(24, 13, -65, 6855, -2003, 26509)
(3, 100, 88, 335, 1412, -11936)
(59, -66, 58, -32432, -26414, -14811)
(48, -121, -33, -32432, 15321, -12429)
(28, -126, -26, -32432, 2972, -995)
(76, 95, 50, -32432, 10593, 1794)
(-80, -120, -27, -32432, 7887, 17822)
(-106, -16, -106, -32432, 16703, 25749)
(46, -58, 116, 20510, -31531, -25908)
(107, 90, 36, 7359, 32482, -32088)
(122, 104, 83, -25789, 28284, -32088)
(74, -88, -49, -20431, 15782, -32088)
(-20, -22, -30, 176, -17059, -32088)
(6, 5, 25, 25138, -24670, -32088)
(-73, 53, -20, -23285, -17809, -32088)
(-26, -56, 4, 337, -10453, -32088)
(14, -72, 8, -32432, 27458, 17598)
(64, -32, 122, 335, 20217, 32212)
(-28, 63, 76, 11872, -27385, 3933)
(59, -100, -24, 29259, -1118, -14226)
(-35, -35, 94, 23542, -4659, -21899)
(9, -56, -36, 19323, -11066, -27848)
(-116, 90, 21, -15916, -599, 29779)
(72, -32, 40, -19032, -8053, -31071)
(24, -44, -94, 5791, -9073, -30165)
(90, -79, 67, 10548, -5537, 32694)
(-30, -77, 24, -15165, -4086, -32088)
(49, -10, 37, -7384, -5140, -32088)
(-54, 3, -43, -8576, -5181, -32088)
(-36, 123, 104, -28477, -981, -30855)
(-124, -81, -61, -22025, 156, -15864)
(-48, 12, -22, 9348, -10847, -25243)
(-95, 43, 111, 17433, 4281, -7215)
(-117, -83, -75, 6626, -7636, -5729)
(120, -85, -89, 30775, 730, -307)
(-116, 84, 88, 29540, -14532, 17066)
(49, 103, 127, -32433, 29631, 1716)
(-56, -71, 56, -17095, 29343, 1183)
(-4, 79, 8, -26624, 29992, 24089)
(-60, -23, -77, 23364, 1617, -730)
(75, -6, -61, -11820, -32740, -6619)
(-31, 92, 86, -9095, 3434, -10317)
(64, -15, -54, -32433, 15713, -10169)
(-80, 23, -94, 24379, 2451, 1746)
(47, -45, 60, -29525, -2066, 4334)
(88, 122, -20, -32433, 6596, 18667)
(-15, -123, 88, -32433, -1289, 23728)
(-112, 46, -58, 22744, 15291, 27065)
(22, -103, 102, 13691, 22363, -28248)
(105, -77, 33, 23289, 25803, 30679)
(100, 67, -33, 4628, 9651, 31048)
(-92, 86, 85, 11764, 25405, -30959)
(-6, 25, 122, -26552, -30226, -32086)
(-99, -92, -101, -1627, 30765, -32086)
(-121, 60, 4, 335, 30765, -32086)
(-33, 125, -74, -32434, 19380, 683)
(82, -30, 27, 333, 1684, 6140)
(110, -119, -80, 335, -23813, 30241)
(-7, 127, 85, -32434, 31895, 19629)
(-126, -39, 22, 333, 6057, 2272)
(-83, -77, -50, -32434, -2764, -13330)
(-2, 101, 124, 32357, -8881, -4355)
(56, -61, 29, 22428, 30, -10527)
(53, 19, 122, 16895, -1221, -3929)
(17, 0, -16, 19640, -2082, -980)
(16, 73, -94, 25480, -2154, -9298)
(40, -75, 58, 30449, -4360, -1820)
(-52, 91, 62, 16076, 2501, -26512)
(49, 22, -86, 27373, -8629, -16322)
(-66, -11, -45, 32082, -3522, 25990)
(50, 99, 64, 10137, 2736, -21322)
(13, -110, -28, 12944, -10354, -24808)
(-101, -42, -8, 30321, 4730, -16682)
(-117, -99, 30, -4727, -2087, -11495)
(-65, 56, -33, -5920, -3120, -8654)
(-9, 80, 84, -5708, 195, -4101)
(-57, 123, -103, 705, -5978, -1733)
(70, 105, -76, -1600, -1769, -4209)
(42, -103, 6, -10912, -3542, 614)
(7, 68, -27, 5413, 270, -2194)
(-15, -118, 24, -7238, -5532, 449)
(-52, 124, 69, 1896, -695, -1360)
(-19, 64, 5, 8502, -4217, 1500)
(-59, 105, 15, 1275, -1594, -1504)
(-101, 43, -15, 11688, -7013, -1661)
(-27, 44, 11, -1739, 7715, -13720)
(126, -61, -42, -8194, 5943, -13396)
(-114, -76, -47, -13069, 3778, -26451)
(55, 56, 63, -26866, -2885, -16571)
(-39, 98, -120, -17308, -4120, -16242)
(-45, -4, 7, 26211, 12241, -9773)
(84, 14, 56, -25350, -29525, 10246)
(0, 40, 50, -15583, -30585, 6787)
(82, 50, 6, 31642, -24788, 12644)
(-22, 49, -46, -6349, 28315, 2038)
(0, 56, 98, 15707, 17556, 7315)
(64, -100, 100, 25201, 5557, -2780)
(-29, -3, -50, 504, 9136, -9193)
(70, -79, 77, 10199, 1488, -5818)
(-54, -47, 10, -24075, 24309, 5119)
(99, 100, 67, -31025, 11329, 15036)
(-102, 106, -80, -32435, 12389, 2706)
(81, -54, 19, 32469, 1565, 11836)
(-1, -23, -67, 26751, -2547, 12646)
(29, 44, 88, 26588, 12573, 30948)
(-110, 54, -44, -29536, 9133, -28567)
(122, -3, -11, 24163, 31157, -31770)
(51, -1, -96, -18851, 18482, -32086)
(94, 51, -54, 26863, 13402, -32086)
(-73, 103, 72, 16536, -6266, 28770)
(-13, -50, -66, 12077, -18235, -30784)
(85, -74, 55, -26584, 17467, -32000)
(74, -14, 35, -30324, -21760, 31047)
(-128, -120, -21, 334, -32584, 1902)
(89, -104, 1, -32435, -24074, 25050)
(-20, 64, -112, 332, 10359, -13115)
(-35, -80, 123, -32435, 11605, -16295)
(-47, -29, 39, 334, 19099, -7998)
(76, -36, -12, 27535, 3416, -15241)
(-97, -46, -121, 21421, 8095, -28786)
(-35, 42, 85, 24636, 13060, 29296)
(19, 95, -128, -32022, 3476, -32085)
(-111, 124, 78, 20230, -11231, -32085)
(-29, -16, 70, -2103, 1110, -32085)
(-38, -91, -104, -16075, -360, -32085)
(94, -68, -18, 31624, -655, -32085)
(22, 50, 38, 29919, -15048, -18210)
(-31, 7, -31, -32435, -16785, -23589)
(-85, -45, -80, -28235, -13029, -6521)
(101, 0, -82, -22619, -23171, 4171)
(-94, 68, -126, -14888, -31061, -277)
(-101, 98, -59, 31397, -30585, 2592)
(-93, -73, 111, 9482, -3192, 9874)
(-106, 86, -110, 18484, 20585, 2572)
(-9, -43, -103, -18117, 31718, -6369)
(111, -78, 114, -31945, 18185, -6656)
(1, 124, 51, -32436, 6426, -5841)
(36, -10, 0, 26009, -3412, 3881)
(-65, 122, -114, -30073, 5512, 9432)
(32, -86, 25, -32436, 2230, 21550)
(22, -36, 40, 16496, 2275, 17125)
(75, 94, -55, -26902, 7657, 27490)
(-113, 13, 67, 16425, 28851, 29628)
(0, 77, 100, 7898, 28298, 29085)
(58, -85, -15, -18651, 28817, -29674)
(63, 47, 29, -21128, 3607, -32082)
(108, 59, 92, 5291, -7204, -32082)
(122, 119, 83, -23372, -16443, 6260)
(13, 52, 25, -19081, -11888, 13976)
(0, 69, 3, 13844, 1997, 27716)
(122, 122, -88, 21729, 9329, 1306)
(61, 1, 27, -24727, 8414, -12873)
(-19, -21, -94, -27394, -8685, -19035)
(-9, 83, -75, -24559, -1344, -12438)
(-57, 99, -11, -19795, -7460, -2891)
(-116, -63, 86, -22490, -2178, -414)
(54, -115, -113, 6478, -4210, -9039)
(120, 123, 5, -28166, -3019, -24920)
(50, -38, 80, 14125, -714, 26857)
(-19, 112, -54, -17414, -6487, -32082)
(-112, 10, -12, 15810, -18837, -32082)
(-110, 13, -126, -22341, -7331, -32082)
(15, 23, -14, 28016, 9148, -32082)
(-56, -63, -25, -32436, -4188, -30108)
(-32, -84, -60, -23650, -3585, -17935)
(-123, 43, -42, 31983, -16664, -5695)
(-74, 116, 24, 26540, 26647, 2718)
(-61, -69, -59, -12995, -32078, 11765)
(-116, 112, 76, -11253, 29067, 9555)
(83, 117, -6, -31323, 30765, 28774)
(116, 109, 12, -4346, -2004, -3779)
(94, -119, 61, 31222, 15330, -31823)
(-70, 81, -80, -27650, -8195, -12945)
(-104, -98, -46, -32436, -6808, 1306)
(-45, -6, 113, -3728, 12168, 8903)
(-84, 104, -13, -31824, 12997, 23749)
(-103, 5, -109, 9702, 16596, -24026)
(-81, 117, 49, -23340, 17152, -32080)
(-126, -112, 67, 24228, -28730, -32080)
(-30, 65, -21, -9082, 17840, -32080)
(59, 58, 20, 15380, 20692, -32080)
(-25, -109, -61, 12580, -19630, -32080)
(121, -75, 54, -14673, -32209, -32080)
(-56, 63, -55, 334, -8180, -32080)
(18, 78, -122, -32435, -7406, -19407)
(70, 69, 30, 332, 9223, -20985)
(-118, 118, -46, -32435, 18931, -23259)
(-100, -94, -85, 334, 26001, 17957)
(25, -13, -86, -18771, 8939, -4110)
(116, -19, -109, -3362, -1050, -3156)
(102, 90, 3, 10493, 1682, -12834)
(106, -122, 12, 10266, -2164, -26196)
(106, 67, 105, -3561, -3651, -27639)
(88, -83, 63, 4417, -1913, 30059)
(11, 44, 69, 13096, -8388, -32081)
(62, 18, -65, -16425, -4130, -32081)
(72, -90, 88, 24833, -14314, -32081)
(-100, -30, -56, 18471, -974, -32081)
(-78, 30, 81, 16198, -7091, -30039)
(-53, -109, -25, 15936, 5434, -20551)
(-22, 79, -115, 200, -10679, -27069)
(98, -49, -38, 22222, 2914, -9953)
(88, 2, 55, -14865, -8096, -5581)
(124, 24, 119, 27243, -16559, 6068)
(20, -19, -59, -32436, 22676, 6861)
(-114, -51, -59, -32436, 29811, -23134)
(26, 37, 100, -10602, 30765, 1364)
(-82, 97, 69, -24887, -12149, 5250)
(107, 33, 57, -26456, -31390, -13689)
(76, 81, -121, -32436, 21427, -3143)
(-37, -63, -93, -32436, 5597, -10863)
(9, -45, 21, 1976, 8702, 3689)
(39, 20, -86, -22062, 3473, 8062)
(53, -127, -76, 15395, 10441, 29418)
(-100, 112, -73, 30706, 4813, -26027)
(-43, -35, 58, -29671, 20541, -32080)
(50, -3, -41, -14258, 20413, -32080)
(107, -43, -20, 14896, 12253, -32080)
(-11, -98, 109, 1775, -2508, -32080)
(-12, -23, 115, 17515, -7632, -32080)
(30, 83, 35, -655, -11586, -32080)
(-99, -112, 55, 15383, -17363, 31747)
(10, -98, -34, 28086, -26936, -10243)
(-71, 23, -98, -32434, 17830, -8010)
(125, -42, 115, 333, -22931, -17569)
(29, 31, 20, 18217, 18840, -27332)
(86, -9, -38, 5296, 21777, 8999)
(-93, -112, 104, -27312, -9663, -1942)
(49, -126, 30, -579, -11346, 722)
(-108, -84, 91, -3886, -3305, -4219)
(5, 91, -122, 1704, 360, 2500)
(-120, 120, 108, -16124, 6113, -5065)
(-1, -27, -62, 7328, 11141, -16310)
(-5, 120, 38, -28785, 14946, 28098)
(75, -88, -16, -16578, 17939, 31882)
(9, 123, -93, -23380, -970, -32080)
(12, 118, -41, -9846, -2572, -32080)
(-92, -32, 38, -17456, 9, -32080)
(63, -71, -29, -10004, -8442, -32080)
(-15, 13, 83, 22022, 3776, -32080)
(25, -31, 62, -32433, -12848, -32080)
(-73, -86, -82, -19020, -8130, 9772)
(-120, -98, -122, 28632, 31467, 3199)
(74, -61, 114, -27569, 28675, -11520)
(103, 88, 115, -1288, 29908, 3767)
(63, 90, 8, 335, 9632, 18548)
(51, -110, -105, 25496, -21976, -17912)
(11, 82, -47, -18977, 30809, -10366)
(-1, -105, -58, 18039, 27896, -10352)
(-46, -57, -61, -28574, 6991, 736)
(-119, -71, 40, -32047, 12767, 3655)
(-32, 12, 71, 25315, 10394, 16939)
(-91, 121, -66, 22581, -4332, -28636)
(-35, -50, 120, 29094, 23899, -29616)
(88, -92, 73, -25125, 19628, -32079)
(-3, 59, -93, 25051, -6330, -32079)
(47, 113, -103, -22178, 5078, -32079)
(-35, -98, 115, 8595, -21915, -32079)
(-31, -80, 61, 13255, -17673, -32079)
(-7, -98, -15, 22645, -9439, -32079)
(-103, -14, 95, 11884, 19083, 13918)
(50, 99, -110, -26042, 25488, 25106)
(74, -78, 75, -15851, -7397, -22711)
(36, -97, -31, -27904, -18510, 3170)
(-65, 64, 93, 335, 5989, 8512)
(113, 95, 14, -6251, -9200, 4878)
(-108, -34, -94, -8394, 3528, -3933)
(-103, 101, 124, 13622, -11623, -1053)
(-14, -33, 19, -22803, 2558, 1323)
(-27, -2, -3, -2427, -793, -869)
(-48, -117, 120, -8311, -1671, -4411)
(90, 112, -122, 27737, 2681, -8155)
(-42, -2, -70, 27117, 18164, -27287)
(-51, -17, 122, -32603, 23107, 27591)
(-35, -61, 1, 13604, -3938, -32079)
(-124, 33, 36, -253, -21185, -32079)
(39, 21, 105, 22415, -704, -32079)
(-15, -14, 19, 30500, 6537, -32079)
(109, 29, 84, -32435, -3172, -32079)
(-49, -46, -22, -32435, -2719, -17130)
(103, -17, -59, -32435, 17304, -10269)
(32, 119, -90, 6054, 29822, -1296)
(78, -115, 86, -12497, 30763, 13447)
(-17, -4, -109, -8578, -7074, 5095)
(-104, 8, 36, 8711, -11239, -14584)
(-114, 106, -12, -19674, 20885, -832)
(-119, -84, -27, -32435, 7565, -18193)
(-117, -47, 116, 26061, 10887, 21716)
(103, 121, 83, -30089, 8438, 18013)
(95, 43, -99, -3495, 17982, -23037)
(-70, -53, 37, 20798, 20717, -32080)
(-101, 83, -39, -8009, 11510, -32080)
(29, 110, -22, -1443, -12514, -32080)
(-113, -124, -117, -19395, -19510, -32080)
(118, 86, 50, 5941, -30597, -32080)
(-10, 46, 100, -15662, -26476, -32080)
(-60, -16, 100, -664, 23273, 22461)
(126, -102, -74, 11589, 12525, 22236)
(-124, -70, 93, -10815, 14455, -27063)
(-66, -106, -118, -6874, -19394, -7948)
(-10, -34, 87, 334, -775, 4655)
(-55, 13, -101, 3384, -7662, -3056)
(72, 48, -62, -28235, 517, 2260)
(78, -30, 25, 3780, 1735, -862)
(27, -28, 98, -6871, -5848, 8336)
(105, -69, 56, 17531, 5122, -3957)
(-119, -36, -6, -27360, 19461, -10861)
(31, -100, 2, -331, 30787, 21177)
(51, 101, -126, 31712, -6617, -32078)
(-124, 120, -102, 16525, 9007, -32078)
(20, 40, -90, -31762, 9538, -32078)
(6, -62, -127, 1502, -6735, -32078)
(-7, 95, 48, -25230, 444, -32078)
(16, -6, 127, 25957, -10347, -32078)
(-54, -43, -105, -32437, -11753, -19127)
(10, -32, -36, -19304, -9381, 2073)
(-116, -27, -94, 28722, -24756, 8470)
(78, -89, -49, 237, 23236, -1308)
(-44, -59, -113, 16814, 32365, 24105)
(-41, -49, -101, 16819, 30229, 3368)
(66, 118, 35, -3218, 15570, -19868)
(26, -50, -96, 23203, -31555, -18681)
(82, -106, 90, -24029, 12874, -1784)
(-10, 51, -103, -32437, -438, -14377)
(69, -48, 68, 9067, -1999, 5591)
(84, 104, 63, -24427, 1132, 20036)
(105, -34, 113, 15996, 3056, -28696)
(-57, -22, 120, -26736, 4732, -29844)
(-28, -74, -81, -17015, 11545, -32077)
(70, -28, -89, -15733, 3813, -32077)
(100, -43, 16, -32437, 11228, -32077)
(-27, 77, -8, 4987, -24059, -32077)
(-26, -64, -89, -23067, 10502, -32077)
(-50, -67, -21, 332, 8725, 30463)
(26, 52, -8, -32437, 609, 5412)
(23, -21, -50, 330, -27469, 32219)
(-33, 76, 85, 31449, -17303, 3310)
(-104, -12, -114, 32057, 12804, -2806)
(-66, 18, -50, 7590, -8470, -1696)
(54, 27, 43, -5681, 1041, 5405)
(66, 11, -41, -19591, -1102, 4664)
(94, -104, -117, 16765, -1145, -6033)
(-82, 75, -70, -4658, -82, -18197)
(-37, 77, -74, -6217, 6944, -17146)
(-115, -28, 30, 15794, 12403, -24566)
(-43, -104, 100, -18748, 15798, 30822)
(100, -4, -49, 16238, 10346, 32598)
(117, -48, 109, -4887, 4135, -32077)
(52, -25, 76, -13395, -3035, -32077)
(48, -49, -94, -23043, 2499, -32077)
(60, 3, -109, 6804, -11304, -32077)
(86, 79, 68, 17682, 14283, -17192)
(-33, -84, -48, -25768, -17634, -13530)
(46, 92, 72, -32273, -5831, 4677)
(-9, -110, 116, 32304, -21441, 11017)
(72, -20, -58, -5327, -27781, 10814)
(-123, -57, 121, -17776, 25408, 23147)
(-54, 101, 110, 2133, 30762, -1298)
(-56, 40, -12, -20167, -32192, -5481)
(-92, 101, -27, -30322, -27062, -18506)
(63, -112, 86, -32436, -7988, -10917)
(38, 28, 35, -4420, -10442, -14696)
(-63, 34, 12, -26215, -8484, -1001)
(20, 72, 100, 29082, -4520, 3000)
(-44, -46, -112, 27145, -557, 14837)
(28, -41, 89, 26639, 5201, 26694)
(-85, 104, -118, 18910, 18183, -31578)
(97, -21, 54, -26693, 19163, -30186)
(-119, 12, -118, 8648, 27375, -32076)
(43, -118, 8, -26898, 13449, -32076)
(9, 17, -41, 31727, 4677, -32076)
(2, 76, 22, 15791, 8360, -32076)
(122, -109, -16, 9412, -11169, -32076)
(17, -116, 34, 120, -194, -32076)
(-119, -68, 60, -27068, 14843, -3853)
(107, -51, -70, 20389, 16655, -4395)
(11, 56, 82, -2651, -4210, -28161)
(58, 35, 122, -31442, -3927, -3473)
(-107, -1, 93, 333, 29232, -4552)
(-13, -50, -77, -1422, -8671, -10703)
(-65, 46, 96, 29930, -11989, -12144)
(73, 113, 108, 15706, 6294, -27075)
(76, 55, 23, 1322, -12594, 29599)
(-71, -76, -46, -1858, -8617, -32511)
(111, 19, 52, 4204, 26546, -32078)
(13, -114, -78, 16156, 2602, -32078)
(31, -41, -55, 332, -13226, -32078)
(-32, -28, -81, 334, -1750, -32078)
(-84, 59, 7, -3372, -6527, -32078)
(6, -72, 49, 30008, -7991, -21525)
(-63, 23, 55, -21287, -10921, -12540)
(-103, -104, -12, -15430, -7398, -1571)
(-58, -14, -35, -31406, -16799, 8888)
(-120, -116, -37, 30385, -13194, 8118)
(-116, 87, -116, 11253, -21466, 13539)
(77, 46, 46, 24519, -29086, 15798)
(35, -11, 61, 14117, -32188, 10236)
(-99, -84, -115, 21505, 4055, -15362)
(81, -12, -59, -17648, -15749, -2789)
(44, -62, -10, -32435, 3901, -11278)
(6, 87, -68, 31647, -3935, -14677)
(7, 3, -72, 3127, 4307, 3424)
(102, 43, -48, -22283, -14602, 158)
(116, 23, 49, 7415, 4679, 14753)
(-112, 3, 79, -23873, -6456, 19415)
(-39, -95, 122, 1388, 17699, 32238)
(-89, -90, 30, 19022, 14784, -28787)
(86, -123, -117, 32553, 2583, -32077)
(-86, -35, 111, -1557, 14607, -32077)
(-52, 80, 116, 11978, 10937, -32077)
(30, 19, -108, 6169, -1426, 31054)
(-63, 51, 122, -19719, 10971, 31225)
(-39, -63, -37, 20618, 3590, 28597)
(-20, -45, 5, 4495, -6104, 8985)
(95, 75, 33, -32435, -734, -1431)
(-16, 99, -58, 332, 1271, -2616)
(75, 121, -5, -32435, -5216, -12504)
(52, 28, -81, -32556, -2101, -17407)
(-4, -67, -117, 1283, -3368, -22444)
(-70, 64, 94, 25343, -6484, 28850)
(-59, -59, -112, 30731, -15077, -32597)
(-81, 108, 84, 1657, 19310, -32081)
(44, -87, 75, -11032, -29454, -32081)
(-118, -27, -15, 334, -13887, -32081)
(-84, 86, -33, 13227, 8686, -32081)
(-115, -70, 76, -32346, 4433, -32081)
(-66, -42, 35, 27998, 6203, -27263)
(-53, -35, 107, -32435, -5357, -13684)
(-15, 12, -57, 2124, -7874, -5757)
(36, 34, 51, 28414, -31101, 5935)
(38, -90, -82, -7704, 31745, 4189)
(-22, 38, -46, 16818, 32621, 14682)
(60, 59, 71, 9455, -25648, 230)
(113, -54, 115, 14388, 27245, 24990)
(-35, -51, -21, 32341, -15387, 5272)
(-70, -76, 109, -11553, -24981, 8239)
(-100, -65, 55, -8794, 29526, -12297)
(-25, 94, -65, -32434, -22864, 23754)
(113, 101, 83, 22815, 23264, -5731)
(76, -55, 0, 30340, 12951, -5500)
(-68, -59, 33, -30371, -1269, 3729)
(-74, -93, -43, 13112, -11650, 12222)
(-8, -55, -103, 20298, 3194, 28311)
(1, 78, 125, -25947, 9410, -26135)
(24, 23, -41, -30191, 9852, -32081)
(108, -86, -14, -15476, 14286, -32081)
(119, 33, -102, -9376, -3276, -32081)
(-80, 0, 78, 14952, -7425, -32081)
(42, 82, 115, -1454, -28421, -32081)
(-14, -88, -77, -9995, 5327, -32081)
(82, -123, -106, -32435, 14990, -2062)
(61, -25, 88, 334, -8208, -9108)
(18, 94, 92, -18954, 3795, -19789)
(-47, 13, 83, -26007, -16453, -19247)
(-45, -101, 81, 334, -15817, 10297)
(-58, -88, 115, 7540, -8039, -15533)
(-47, 43, -108, -22376, -4917, -22402)
(0, 2, 0, 9525, -114, -30163)
(103, 87, 33, 27724, -10497, 30514)
(15, 10, -111, 21894, -4565, -32082)
(42, 2, -70, 18160, -7185, -32082)
(-68, 69, 113, -1115, -7064, -32082)
(91, -105, -110, -16740, -5349, -32082)
(11, -76, 18, -12906, -4552, -32082)
(-87, 99, 39, 25967, 4795, -32082)
(15, 70, -50, 32117, -6936, -19407)
(-54, -3, -6, -9917, -3732, -7405)
(-12, 13, -114, 25593, -18075, -2393)
(31, 99, 89, -32437, 26926, 7289)
(-27, -37, -62, -19798, 28462, -10027)
(13, 42, 97, -23927, 30758, -6134)
(-38, -20, -124, -18770, 30758, -17223)
(91, -106, 71, -22556, 31353, 27707)
(32, 83, -113, -28956, 23107, -4815)
(109, 30, 31, -5781, 382, -4303)
(123, -128, -43, -31357, -9053, -5851)
(115, -48, 88, 25943, 12329, -11989)
(-66, 32, 92, 29105, 14981, -17513)
(6, -41, -93, -29802, 15829, -10924)
(67, 65, -68, -32437, 7707, -8041)
(0, 8, -76, -32437, 4122, 18)
(-35, -20, 104, -32437, 4263, 9676)
(-80, -114, 9, 27087, 18996, 23900)
(-110, 65, -52, -30433, 22684, 32193)
(-24, -68, 110, -13212, 22746, -29040)
(-110, 119, -11, -5398, 16640, -32080)
(6, 30, -37, -21804, -3367, -32080)
(-6, -40, -40, -24079, -30885, -32080)
(42, 30, 109, -5280, -19822, -32080)
(-51, 83, 117, -32437, 23196, -32080)
(88, -34, -41, 332, -20198, 27263)
(-61, 97, 118, 12581, -28713, -14757)
(99, 52, -47, -14676, -17429, -14802)
(15, 84, -58, 332, -18713, 10608)
(-111, -19, -107, -32437, -3222, -14648)
(-78, -34, 18, 18988, 9160, -5130)
(42, -113, -114, -16811, 4994, -27250)
(-60, 99, -78, -23624, 7443, 30495)
(1, 116, -16, -27268, 8924, 32724)
(-97, 54, -37, 31824, -6219, -32163)
(106, -102, 1, -19894, 1395, -32082)
(95, 18, 17, -21026, -10896, -32082)
(-66, -93, 56, -29567, 6988, -32082)
(112, 119, 118, 29539, 6244, -32082)
(127, 2, 20, -32437, -726, -17346)
(60, 51, 40, -32437, -18555, -1456)
(40, -115, -52, -32437, -32255, -18377)
(-90, 56, -55, -13668, 26122, 1841)
(-89, -110, 2, -27771, 30760, -3827)
(-38, -14, -126, 332, 20040, -14076)
(-43, 92, 91, 17300, 10824, -7485)
(18, -73, -47, -16249, 3816, -15524)
(19, 99, -113, 12013, 4373, -19348)
(63, -105, 58, 13544, 19434, -8510)
(-29, 53, 118, -23576, 7447, -10696)
(80, -85, -46, -32437, 6960, -3711)
(102, -23, -94, 30835, 1346, 6465)
(-80, 39, -41, -31683, -2459, 22873)
(52, 113, 58, 28132, 9435, 30871)
(86, 4, 47, 27026, 17314, -28312)
(-82, 49, -5, 4365, 18961, -32080)
(-123, 61, 112, 13641, 10645, 30462)
(-90, 45, 77, 9726, 7109, 24884)
(38, -38, 85, -31889, -912, 27230)
(-94, -23, -3, -7073, 7707, 15693)
(-44, 83, 11, 330, 21382, 26378)
(28, -16, 39, -32439, -12412, 28395)
(39, -5, 95, 11580, -23577, 26024)
(-14, 57, -48, -14345, -13439, 14093)
(-123, -66, -71, 330, 24129, 4606)
(-117, 19, -73, -24591, 14655, -30773)
(-92, -91, 68, -2288, -16244, -4661)
(22, -88, 68, 6597, 11158, -8732)
(-3, 79, 85, 32150, -1642, -4754)
(39, 29, 83, 13320, -741, 65)
(5, 116, 38, -2906, -2434, 2195)
(-9, -78, 6, 16565, 1260, -1172)
(43, 14, -66, 17351, -1253, -2507)
(71, 87, -114, -13687, 3060, -16335)
(79, 122, 108, -7535, 5896, -29992)
(-127, 98, 105, 15997, -1699, 29333)
(66, 3, 127, -2671, -3762, -32079)
(68, 34, -74, 8887, -13621, -32079)
(-12, 102, -26, 31316, 2983, -32079)
(-115, -74, 13, -22867, 229, -32079)
(-54, 69, -56, 27954, 10127, -32079)
(-103, -97, 35, -32439, 3785, -16083)
(-50, 37, 0, -30591, -665, -8102)
(82, 106, 78, 4312, -13443, 3844)
(122, 120, -128, -15419, -32120, 3699)
(84, 21, -24, -8380, 27613, 27598)
(-16, -8, -55, 26974, 30055, 5771)
(-67, 105, 89, 9528, -28551, 2807)
(72, 112, -70, -12980, 27427, -13257)
(85, -60, -128, -28003, 2050, -22422)
(-74, 0, 54, -11344, -23475, -1266)
(70, 72, 6, -17626, -3538, 12561)
(37, -57, 87, -32439, -18734, 31955)
(-97, 12, -112, -10348, -30550, -28878)
(-6, 123, 13, -8248, 23578, -31461)
(31, -21, -115, -14282, 24064, -32077)
(54, 1, -6, 8553, -18063, -32077)
(3, 35, 54, 9161, 2032, 30183)
(-41, -82, 78, 13479, -13913, -32763)
(-71, 46, -5, -30413, -26376, -31485)
(24, 16, 69, -22192, -5600, 25712)
(-31, 40, -21, 330, -22684, 5510)
(3, 86, -81, -32439, 17838, 30186)
(20, -114, 75, 328, 19629, -7797)
(19, 104, -60, 330, 13047, -10802)
(-32, -87, -64, -32439, 7784, -27863)
(-55, -94, -55, -13223, 6185, 28552)
(31, 15, -66, -30312, -15306, -32078)
(103, 3, 8, 17727, -5831, -32078)
(43, 84, -102, -3328, -14320, -32078)
(-120, 93, 19, -11447, -7114, -32078)
(90, 125, 7, -28317, -2961, -32078)
(-24, -43, -127, 28107, 3744, -32078)
(-91, -34, 16, -32440, -5446, -13548)
(-30, 111, -38, 10370, -2558, -9425)
(-108, -52, 47, 18826, -6763, 1259)
(103, 124, 24, -32440, 25834, -1783)
(-35, 53, -67, -32440, 27508, -27157)
(43, 46, 107, -19, 30756, -25010)
(92, -63, 97, -10480, 30756, -511)
(-106, 110, -26, 20097, -17348, 21299)
(64, -33, -17, -6263, -29669, -13969)
(-23, -73, 107, -2968, 30756, 26046)
(-117, 36, -85, 16632, 16768, 14419)
(4, -33, 125, -22947, 22337, 5414)
(-75, 15, -36, -23802, -31203, 9239)
(-123, 57, 98, -13476, -5235, 29905)
(-7, 34, -111, -32441, 5029, -26570)
(73, 118, -102, 23147, 5449, -32068)
(37, 4, 5, -5046, 3746, -32076)
(73, -83, 86, 29652, -6591, -32076)
(-2, 69, 108, 6082, -2224, -32076)
(118, 98, 27, 26223, -23946, -32076)
(-59, 46, 24, -19228, -11473, -32076)
(82, -19, -93, 328, -12781, 20306)
(20, -111, -75, -32441, 8175, -30418)
(-67, 108, 89, 326, -8599, -14236)
(15, -53, 53, -32441, 13614, 24175)
(-109, 17, -15, 328, 26790, -10045)
(-21, 88, -100, 18292, -1355, -6281)
(5, 89, 35, 19867, 5783, -29466)
(-119, -92, -7, -4873, -4264, 30306)
(-27, -38, 3, 14479, -19093, -32544)
(-23, 60, -74, -15079, -4224, -32078)
(-25, 19, -80, 3514, -12106, -32078)
(-110, -90, -106, -21889, -6917, -32078)
(108, 91, -7, -12805, -6665, -32078)
