(-90, -43, -57, 1069, -2212, 232)
(-82, -32, -89, 2215, -2200, 1007)
(-85, -45, -49, -436, -530, -1099)
(-80, -11, -85, 5096, -2824, 1857)
(-92, -32, -31, -1240, -1275, -1178)
(-75, -13, -119, 8759, -1779, 4102)
(-117, -55, -32, 1185, -3215, -2750)
(-60, -2, 94, 12142, -3131, 5889)
(-98, -120, -56, 1752, 1446, 2616)
(-113, 103, -35, 13785, -3668, 5011)
(126, 72, -28, 13700, -5611, 5443)
(98, 8, 14, 8352, -3049, 5626)
(67, 19, 19, 13601, -16303, 1803)
(-106, 32, 127, 19914, -18206, 5267)
(52, -76, -27, 27915, -5949, -17967)
(-26, -87, -123, -20305, 12147, 17681)
(-2, 26, -39, -27429, -3797, -6345)
(21, 74, -95, 6427, -5571, 8446)
(88, -3, -57, 8855, -8824, 1420)
(23, 76, -45, 914, 265, -7479)
(-23, 14, -11, -16051, -8644, -19888)
(11, 45, -53, 30, -21023, -11468)
(-112, -54, 53, -18668, 29604, 14322)
(-77, -115, -63, 25613, 27962, -19035)
(3, 26, -33, 10613, -26306, 22921)
(70, 97, 75, -22437, -10192, -32043)
(-41, 38, -124, -29848, -1419, -32043)
(90, 23, -81, -32533, -3223, -32043)
(65, 57, 43, 27388, -13816, -32043)
(27, 37, -42, -30662, -18939, -5013)
(-66, -9, 127, 15316, -15922, -3125)
(37, -10, 86, 7201, -11195, 1511)
(96, 99, 74, 12271, 11815, 5309)
(113, 71, -122, -26907, 3482, -4899)
(-101, -41, -100, 1836, -17796, 24675)
(-19, -96, -13, 7750, -14979, 13795)
(-47, 29, -108, 20979, 1618, -22511)
(109, 83, -128, -3710, 20668, 5337)
(33, 75, -114, 7925, -3952, -13681)
(-116, 38, 42, -11172, -1526, 16992)
(-61, 88, -76, -28221, 9546, 21958)
(39, -7, 49, -17591, 2659, 16538)
(113, -118, -91, -31249, 13617, 19658)
(-97, -26, 113, -4874, -24656, -28556)
(-101, -33, 109, 22865, -4441, 23538)
(-16, 31, -105, -32535, 1841, -28291)
(33, 48, 0, -11935, -21304, -32040)
(69, -82, 91, 10612, -6790, 13726)
(87, -29, -117, -6396, 4448, 6990)
(69, 126, 88, -9184, -21912, -21008)
(-86, 83, 56, -31677, 30706, 729)
(53, -28, -35, -8192, 953, -2218)
(-57, -85, 69, 21150, 19604, -13625)
(15, 16, 119, -23566, 26790, -30570)
(91, 119, 66, -2759, 1653, 21294)
(10, -34, -48, -32536, 29058, 9225)
(-12, 58, 76, -32651, 23046, 32019)
(99, 42, -32, -799, -13701, -32041)
(117, 5, -14, 15500, 24572, 30884)
(59, 102, -41, -6460, -20844, 10652)
(-3, -48, 114, 7275, -29758, -32277)
(95, 46, -128, -6288, -21518, -11303)
(-73, -102, 15, -2199, 3823, -30688)
(-71, 19, 108, 10255, -7972, 31325)
(81, 111, 54, 15722, -21588, -32288)
(92, -118, 20, 8342, 32706, -24093)
(-27, -1, 42, -7951, 27015, -2449)
(-107, -72, -77, 15720, 30705, 28331)
(-71, -102, 16, -20933, -10307, 31621)
(-12, 66, 18, -32536, -6592, -32042)
(-104, -127, 14, -32536, 5947, -32042)
(-110, -88, -77, 29008, -11469, -32042)
(102, 10, 72, 26492, -12114, 6300)
(-120, 5, 49, 17278, -14040, 5185)
(70, 42, -79, 2616, 477, 4069)
(-25, -45, 71, 17074, 7602, 6417)
(-85, -114, 46, 2737, 5675, 7595)
(60, -112, 92, 26285, 27710, 9553)
(-83, -13, 37, 28525, -11318, 16731)
(10, -38, -118, -14870, -15352, -8424)
(89, -119, 15, -1156, -1675, 414)
(97, 91, -40, 29359, -3998, 15249)
(-120, -56, -94, -24405, -821, 28088)
(-59, 63, -115, -13521, 27033, 25745)
(6, -121, -12, 25342, 31072, 9266)
(-62, -38, 44, -32537, 5819, -22469)
(47, -43, -56, -19005, -6460, -32039)
(-81, -32, -15, 28489, -1930, -32039)
(-23, -38, -38, -29720, -29005, -32039)
(107, -75, -65, -22553, -31433, -2097)
(19, 31, -59, -4934, 30708, 12594)
(-118, -72, 67, 32633, 30708, 3046)
(-110, 28, -126, -18332, -24027, 24480)
(-96, -44, 20, -25791, 16186, -22010)
(114, -26, 46, -12244, -9364, -32039)
(-70, -128, -30, 16018, 9106, -24003)
(36, -52, -69, -20146, 19461, 19896)
(104, 48, 36, 6082, 8139, -32039)
(-66, -59, 73, 651, -24357, -32039)
(-115, -77, 93, -18415, -18301, 18538)
(61, -101, -13, -2504, 24700, -29616)
(-57, -113, 47, 16901, -26024, -30135)
(111, 74, 55, -8430, -18877, -1477)
(51, -23, 37, -22888, -31381, -22438)
(46, 106, 104, 31658, 2042, 24172)
(-116, -113, 20, 25504, -29374, 11636)
(120, 111, 47, -23526, -17383, 3109)
(-44, -41, -124, 8594, 29045, 10197)
(-72, 113, -84, -13675, 27880, 11841)
(102, -21, -13, -21655, -27989, 11177)
(20, -96, -124, -16677, -26133, 32569)
(59, -72, 87, -16421, -15286, 26654)
(-102, 40, 59, -20364, -22302, -32039)
(98, -115, 52, 17400, -25291, -32039)
(-112, 97, -9, -25934, -14044, -32039)
(-122, 9, -56, -32535, -27795, -32039)
(-63, -115, 63, -32535, 998, -32039)
(-72, -113, -28, -32535, 11811, -32039)
(92, 57, 26, 17755, -10367, -10949)
(-85, -42, 113, 20026, -14757, 9411)
(-63, -126, 108, 31787, -22676, -1438)
(-14, 8, 84, 2645, -14632, 15856)
(109, 7, -103, 1610, 10100, -20432)
(56, 4, -85, -10226, -8417, -32039)
(93, 31, 77, -20351, 27941, 28377)
(64, 25, 75, 26007, 2113, -3806)
(-23, 46, -99, 31123, -9194, 4318)
(-33, -82, -126, 6853, -5572, -4547)
(77, 73, 97, 17548, -1101, -4078)
(-43, 58, -76, 7048, 5571, -780)
(-31, -64, -73, 15137, -3406, -2215)
(-65, 120, 0, -32382, -21669, 3443)
(-4, -110, 50, 4219, 9939, 9283)
(-15, 82, 77, -16937, 27824, 15318)
(-26, 112, -39, 25023, 8695, -19590)
(-117, 104, -19, 4594, -25552, 14435)
(113, 106, 46, 20387, 6291, -30676)
(78, 109, -127, -19587, -9832, -28019)
(-103, 34, 105, 6395, 30264, -32038)
(-86, 13, -56, 31946, 19886, 30624)
(117, 0, 114, -11392, -29364, -752)
(15, 116, 97, -30143, 30711, 24305)
(-20, -23, -11, 1887, 20197, -1073)
(-54, 92, -81, -5851, 21303, -10908)
(-66, 94, 64, -17999, -15882, -32038)
(-118, 91, 84, 11272, -15687, 28297)
(-29, -1, -49, -32, -9, -8409)
(-78, -119, 96, 28716, 15568, 24850)
(-78, 75, 80, 27671, 24229, 30307)
(54, -124, 14, -12676, 26661, -32038)
(2, -96, -11, 6211, -13861, 2170)
(-108, 56, -119, -23030, -10597, 14760)
(119, -26, -46, 11264, -9528, 16684)
(-108, 5, 71, 6836, -4775, -5537)
(-59, -77, -125, -757, -3504, 32)
(30, 25, -43, 8355, -14744, 1875)
(-70, 126, -33, -2126, -15611, 1590)
(100, 65, 69, -8092, -11837, 4802)
(-68, -88, -102, -2760, -18662, 4844)
(62, 12, -106, -4995, -20862, 3455)
(81, -46, 88, -21123, 28239, -15289)
(14, 27, -88, 11323, -10647, -24115)
(-50, -78, -102, -15680, -19501, 29261)
(92, 97, -44, 19425, -30213, 32747)
(-121, 102, 58, -20895, -21804, -32038)
(88, 2, -16, -32533, -13830, -32038)
(5, -42, -99, -32533, 5613, -32038)
(99, -64, -94, -32533, -1533, -32038)
(61, -21, 10, -32533, 13431, -22327)
(-27, -84, -77, 2965, -18377, 7418)
(48, -86, 106, -22521, -30808, -28757)
(26, -93, 8, 10517, 28924, 8173)
(22, 23, -48, -11387, -3626, -21902)
(-63, -48, 112, -23196, -12786, -32038)
(93, -46, 107, 27161, -30937, -32038)
(76, 112, 51, -11337, -2956, 2290)
(-40, 69, -44, 10916, -2730, 1040)
(-23, -120, 56, 23413, -5671, -5243)
(126, -108, 18, 20067, -9916, -1005)
(-112, -70, 107, 21246, -2553, -6828)
(27, 66, -18, -13215, -2448, -15693)
(-7, -6, -51, 32165, 3125, 8924)
(53, 108, -116, 166, 12104, 18859)
(55, -79, 44, -21856, 22549, 22718)
(-72, 125, -30, -8409, -31701, -6534)
(-48, -53, 1, -1711, 26477, 31700)
(-12, -122, 105, -15305, 32490, -22012)
(-1, -65, 42, 22659, 198, -26159)
(-46, 45, 77, -32531, -2986, -32039)
(105, -9, 111, -6174, -27175, -32039)
(-83, -114, 21, -9106, 31679, -10873)
(67, 88, -13, 26154, -23170, 21564)
(-40, 84, -48, 23284, -17930, 2559)
(-81, 25, -60, 4260, 10873, 23538)
(5, 25, -13, -22603, -21047, 29425)
(81, 64, -15, -6167, -14667, -1295)
(-106, -2, 43, 4369, -22110, -27796)
(-90, -19, -38, -3219, 18701, 28358)
(23, -23, 45, 13163, -11172, -14019)
(-127, -26, -9, -17010, -11682, 13935)
(110, -115, -115, 12031, -7520, 7543)
(92, -91, 32, 10322, -12128, -7117)
(12, 83, 68, 476, -4739, -5685)
(-21, -98, 75, -11422, -9016, -2285)
(37, -109, -83, 2906, -7354, 4730)
(86, 119, 54, -9888, -23024, -13701)
(85, 98, 18, -6958, -25030, -12682)
(40, -26, -78, 2164, -17585, -8717)
(-28, -15, 68, -2597, -24188, -25202)
(52, -3, -81, 8738, -15252, -24885)
(-107, 70, 33, 28910, -16591, 29100)
(22, -76, 93, -26525, -17185, -32042)
(82, 80, 25, -32531, -22842, -32042)
(123, -86, 102, -32531, -21401, -29373)
(15, 35, 120, -32531, -15795, -9333)
(-18, -40, 16, -32531, -16431, -13365)
(-119, -10, -108, 17723, -13154, -3996)
(25, -10, -122, 6717, -7324, -3636)
(74, 67, -49, 23875, -1770, 1135)
(56, 45, 17, -26001, 5923, -253)
(-35, 65, 83, 21321, -2441, 8419)
(3, 13, -32, -2520, -3963, 12404)
(1, -124, 125, -19987, 20113, -20338)
(-96, -110, 117, 19802, -7478, -1539)
(15, 51, 106, -3358, -1735, -2308)
(25, 49, 28, 3860, -2773, 899)
(103, 111, 33, 2273, 2663, 1708)
(-83, -73, -10, 10715, -7072, -3547)
(-87, 101, -21, -18253, -2808, 20134)
(-98, 65, 118, -18734, 24265, 18332)
(98, -75, 39, -7533, 32354, 19351)
(76, 92, -4, -19432, -32766, 21260)
(15, -91, -12, -8449, 27931, 31792)
(-2, 81, -17, 22284, -30015, 28911)
(78, 106, -25, -1609, -14524, -7743)
(-38, -12, 85, -12039, 23, -32039)
(94, -70, -39, -19301, -25366, 29120)
(1, -4, -53, -2343, 19900, 415)
(120, 3, 81, 13285, -32616, 3337)
(17, -75, 76, 5980, 23052, 373)
(-111, 64, 55, -6050, -2160, 6706)
(-14, 98, 46, -8010, -13514, 13772)
(105, -8, -5, 19036, 8358, 21330)
(104, -1, 24, -21403, -21142, -9809)
(-66, 31, -124, 239, 2454, 29337)
(124, 83, -106, 237, -18514, 29642)
(-64, -109, 9, -25431, -29375, 14152)
(106, -65, 87, -17, -1156, 13128)
(-99, 81, -70, 8433, -11924, 9600)
(-114, 114, -104, 2341, -2901, 4670)
(10, 118, -23, 4954, -7680, -13704)
(39, 122, 119, -6602, -8268, -7559)
(-111, 105, 3, -4486, -10150, -11139)
(62, 83, 82, 2046, -28007, 5613)
(-38, -94, -92, -9517, -14339, -1412)
(-107, 39, -71, -9569, -17504, -4318)
(-110, 8, -5, -6653, -30677, -19334)
(18, 71, -80, 27415, 26407, 24444)
(-38, -70, -120, -2113, 1719, -32041)
(-116, -73, -62, 15737, -29618, -32041)
(-57, 31, 16, -26777, -8497, -32041)
(114, -21, 43, -32532, 16426, -32041)
(10, -55, -80, -32532, 4602, -32041)
(52, -110, -31, 28813, 19135, 18683)
(-100, 58, 66, 4456, -12540, 9538)
(54, 115, -96, 3505, -5362, -18769)
(-54, -12, 12, 16908, 4910, -32041)
(28, -10, -42, 9989, -528, -19559)
(59, -77, -88, -15843, 3008, 25319)
(-63, -107, 121, -4120, -11979, -6404)
(40, 61, 41, 18663, 1212, 18039)
(80, -106, -40, -21290, 3723, -6127)
(76, -22, 61, 16565, -427, 3104)
(-89, -9, 68, 10129, 3307, -4040)
(-5, -50, -64, -15979, -4801, 5237)
(69, 117, -47, -28954, 11316, 17592)
(91, 23, 4, -27123, 5288, 6301)
(97, -72, 72, 29415, 715, 430)
(40, 49, -47, -28687, -31814, 23210)
(78, -28, 14, 3209, -31106, -23546)
(103, -41, 34, 20659, -11103, -32041)
(-22, 106, -105, 15840, 25288, -32041)
(-35, -38, -2, 20388, -28367, 29376)
(-60, 64, 96, -23657, 1252, -32005)
(37, 14, -68, 2185, -25002, 29071)
(107, 11, 56, 17178, 30714, 17187)
(-41, 106, 28, -27298, -1307, -10540)
(-16, 119, -18, 17695, 19740, 27291)
(-126, 90, -78, 19803, -26498, 6713)
(-124, -46, -94, -30158, -7063, 16110)
(-99, -103, 58, 8062, 2446, -20088)
(-61, -46, -72, 19969, 22967, 27445)
(-27, 38, -25, 3868, 24003, -23776)
(23, -63, -69, -3818, -6555, 11725)
(126, 61, 92, -7696, -21529, 19607)
(32, -65, 46, -6979, -13772, 16094)
(77, 21, -96, 5960, -3092, 1859)
(-12, 62, -103, 12188, 8021, -15925)
(-3, -106, -57, 4820, 5757, -6399)
(110, -26, -11, -1841, -8465, -2392)
(-30, -18, -105, -6605, -8383, 6382)
(85, -28, 52, -6655, 29122, -6956)
(-11, 59, 47, 1638, -19465, 359)
(80, 49, 105, -18219, -28950, -18900)
(-87, 70, -101, 9822, -22798, 24170)
(80, -124, -25, -24702, -24363, -32116)
(-14, 11, 22, 29753, -21888, -32040)
(91, 3, -49, -30627, -22110, -32040)
(3, -71, 108, -32537, -21921, -32040)
(22, 23, -82, 21420, -16347, -31500)
(110, -1, 117, -28678, -4003, -7159)
(124, -79, -22, -32537, 5217, -2032)
(54, -68, 72, 11555, -1968, 8224)
(-103, 121, -5, 23543, -6729, 17189)
(16, -101, 119, -27003, 10304, -1832)
(-41, -84, -43, 16561, 2749, -14246)
(-83, -32, 90, 11634, -709, 17544)
(-71, 123, -58, -12788, 32657, 28104)
(46, -41, -83, -4179, 19726, -9746)
(26, -22, -73, -18068, -1548, -580)
(-21, 105, -20, 20302, -3541, 3054)
(85, -33, 1, 1361, -6959, -210)
(86, 26, -12, -3507, 1675, -2093)
(-77, 97, -16, 19373, 4163, 2991)
(67, 80, -78, 10448, 1313, -2176)
(-38, -80, -11, -32537, 18549, 9469)
(-64, 101, -115, -32537, 32647, 13731)
(-82, 40, -100, -4434, 20803, -20868)
(66, 72, -55, 4848, -23461, -32038)
(-57, 84, 40, 17415, 2866, -32038)
(-19, 38, -30, 7190, 22214, -32038)
(-86, -116, -21, -1485, 25846, -32038)
(-31, 30, -113, 6342, 24695, 9556)
(14, -53, -102, 2416, 27037, -509)
(-8, -19, 60, -9211, 26226, 4943)
(77, 58, 124, -15386, 18053, 25058)
(-115, 85, -100, 5697, 21081, -24499)
(-19, 46, -21, 20374, 26989, 9753)
(-86, -2, -112, 14722, -18667, -24125)
(87, 68, 54, -20118, -1902, -21563)
(-101, 10, 8, -31138, 30370, 19082)
(-4, 1, -128, 231, 5021, -13479)
(69, -41, -72, 229, -25102, 6559)
(88, -4, 58, 32136, -18777, 18783)
(-101, 78, -76, -30727, 4386, -30554)
(-88, -89, 104, -31013, -30092, -12668)
(-17, 10, -1, 9128, -4555, 3132)
(107, -27, -105, -7485, -8162, -2321)
(-49, 127, 87, 8045, -2771, -15271)
(-49, -105, -51, -7317, -10396, -28191)
(-100, 96, -78, 2803, 3161, -20721)
(-38, -11, 3, 8682, -2595, -13854)
(13, -69, 68, -6562, -11471, 152)
(-100, -47, -28, -4087, 28016, 3447)
(17, 63, -62, -4462, 29870, 13704)
(97, 38, 19, -22649, -24504, 381)
(113, 103, 11, -27804, -10227, 28753)
(-102, 15, 89, -25872, -14957, 29177)
(52, 7, -68, -26005, 20951, -32041)
(94, 121, -95, -15260, 30718, -32041)
(-16, -102, -47, -9899, -12759, -32041)
(33, -33, 64, 30788, -12213, -30373)
(40, 93, 101, -31804, 16026, -32597)
(-14, -86, 113, 18524, 8205, -25693)
(93, -50, -51, 10608, -13050, 19116)
(1, -49, 70, 22359, 18184, 4616)
(28, -77, -3, 13426, 23140, 2863)
(77, -105, 59, -3871, -3288, 4306)
(27, -1, -58, 1595, -7604, 26577)
(-88, -46, -128, 9040, 1350, 6740)
(-85, -72, -56, -10295, 432, -2270)
(-120, 123, -95, 6528, -4793, 2319)
(-5, -78, -115, 4109, 331, 1688)
(-19, 23, -82, -7645, -175, 885)
(-15, -44, 127, 7720, -415, -2335)
(74, 35, -38, -1160, 2472, 1032)
(-123, 5, 45, 25780, -10488, -1566)
(99, 60, -82, 29893, -11276, 13915)
(-34, 31, -44, -27068, 5151, 25481)
(3, -108, 35, -27728, 31685, 21691)
(29, 117, 115, 30784, 26990, 16961)
(-33, -97, 5, -32540, 20537, -24467)
(77, -115, 94, -32540, 16648, -32041)
(69, -28, -14, -31026, 25251, -32041)
(118, 101, 17, -11416, -30947, 27417)
(-32, 62, -87, 8137, 30721, 2455)
(-76, 62, -42, -30802, 14449, -1490)
(-86, -83, 104, -16797, -25277, 20468)
(43, -44, -33, 24744, -32280, 22328)
(-75, -119, -71, 26788, -2198, -28826)
(75, 57, -83, -21952, -14567, 8482)
(-35, 68, -122, 228, 18205, 31318)
(-49, -4, -38, 226, -8300, -8296)
(92, -114, 10, -698, -30835, -8551)
(39, -109, 62, -12509, 1817, 18101)
(52, -50, -128, 20633, -24882, 10628)
(-69, -46, -115, 1918, 29170, -8926)
(-3, 44, 117, -26344, -6735, -6528)
(-58, -60, 60, -29274, 32019, -15278)
(-112, -126, -19, -16374, 28035, -21542)
(98, -15, 35, -16762, 30348, 29800)
(97, -106, -113, -7261, -13353, 32444)
(40, 42, -104, 23614, -23612, -32041)
(97, -28, -43, -29414, 14136, -32041)
(104, 107, -1, -32541, 9562, -32041)
(-91, -103, -99, -32541, -22546, -21805)
(66, -32, 22, 11080, -27071, 4542)
(79, 25, -13, 22396, -12466, 17135)
(82, -3, -46, 6196, 2731, -10316)
(-92, -55, 41, 226, 27207, 32065)
(99, 36, 85, 228, -17528, 21527)
(114, -115, -54, -32541, 19616, -32543)
(10, -35, 116, 25950, -11548, -31704)
(-44, 99, 65, 25471, 28411, 1021)
(111, -25, -25, 16395, -10454, 2225)
(54, -70, 1, 18584, -29381, -3472)
(79, -73, -12, 3371, -22626, 802)
(-49, 114, 34, -20704, -14255, 1260)
(46, -95, 59, 14461, 31333, 2220)
(-113, 36, 45, -23872, 8562, -32643)
(86, 46, 49, 9832, -24862, -23125)
(-54, 67, 67, 23064, 16824, -25903)
(12, -52, -15, -3755, 18283, -32040)
(38, 111, 74, -19468, -20213, -32040)
(-102, 100, -94, -29095, -27990, -32040)
(-65, 38, -93, -3535, -30800, -14489)
(-55, 4, -19, 18531, 30720, 16724)
(-66, -65, -81, -12257, 30720, 32315)
(-12, 88, -28, 28013, 2970, -30072)
(90, -20, -3, -17572, 28962, -28924)
(-33, 113, 14, 1764, 4922, -6028)
(-101, -10, -43, 15957, 18349, 29122)
(3, 2, -87, 26937, -537, 28423)
(6, -15, 80, 15675, -16962, 12531)
(-47, -67, -86, -8983, -15211, 5059)
(78, -96, -111, 408, -18993, 7738)
(40, -96, 97, -15065, 27704, -21163)
(41, -122, 50, -6416, -31607, -16956)
(-74, -6, 43, -13769, -27212, -14853)
(-102, 25, -95, -7368, -22723, -13399)
(-91, -51, 75, -13474, -16587, -8920)
(13, 32, -61, -4206, -20911, -7096)
(63, 58, 88, -3975, -13232, -6353)
(-70, -67, -43, -3411, -12407, -7040)
(-122, 36, -56, -723, -11070, -5100)
(-10, 72, -104, -969, -10343, -6845)
(-101, 82, 87, 63, -10867, -2677)
(-48, 110, 0, -917, -5204, -3988)
(106, -71, 123, 908, -6535, -8344)
(29, 21, -111, -3778, -4647, -7478)
(-81, 27, -76, 742, 4178, -7071)
(-110, 26, -100, -9139, 10152, -10321)
(-55, 73, 110, -477, 4089, -12375)
(89, -18, 30, -6802, -4137, -24141)
(69, -100, 124, -13382, -3210, 22016)
(-42, -90, 32, 8128, -14786, 13452)
(-91, -101, 80, -24254, -19159, -32039)
(-96, -59, -62, -32542, 568, -32039)
(-11, -2, -117, -8004, 3659, -32039)
(-28, 97, 42, -23442, 8836, 3372)
(47, -11, 109, 1749, -18024, 16430)
(72, -98, 83, -18758, 2266, -19362)
(-5, 25, -114, 26331, -11700, -32039)
(-89, -115, -128, 11839, 28580, 27348)
(30, -7, -89, -4733, -13637, 344)
(-42, -81, -22, 21009, -5471, 12352)
(107, -87, -58, 23166, -6554, -5566)
(108, -30, 21, -4030, -944, -7788)
(-111, -9, -104, -1232, -9506, 18024)
(122, 109, 23, -1353, -5040, 16368)
(-30, 88, -121, 31402, 8846, 12113)
(71, -92, 99, 9582, -32136, 10847)
(68, -99, -119, -31546, 17891, 20758)
(-68, 18, 56, 4421, -29348, -15575)
(-69, -64, -43, 18019, 9487, 32195)
(31, 101, -13, -8694, -6418, -30127)
(-112, -82, 35, 27507, -4736, -32038)
(33, -40, -52, 13541, -81, 31980)
(-98, -1, -119, -2521, 26639, -24484)
(-96, -92, 40, -17419, -28172, 30813)
(16, -6, -22, -14493, 30722, -15665)
(7, -126, -5, -17618, 30722, 10140)
(122, -125, 30, -17842, -6871, 19077)
(-16, 11, 42, 5604, 29421, -23371)
(86, -53, -63, 31112, -32287, -10032)
(110, 110, -63, -5106, -22523, -2792)
(-82, -103, 62, 1126, -5760, 11006)
(90, -30, 0, -4574, -9459, 4182)
(-48, 64, -69, 9810, 14177, 4124)
(-44, -82, -45, 3616, 6958, -13895)
(69, 55, 42, -7699, -7773, -17747)
(-27, 72, -66, -3012, -20344, -14681)
(-23, 108, -10, -4952, -31747, -10437)
(-89, -68, 17, -19452, 26323, -13758)
(-118, -24, 27, -20717, 30722, -24772)
(74, 60, 44, 13121, -25359, 27923)
(-74, -83, 28, -18333, -16630, -32038)
(-120, 20, 24, -32205, -10421, -32038)
(74, 104, 87, -32543, 2507, -32038)
(40, -122, 26, 16310, -19572, -32038)
(91, 48, -91, -26982, -4115, 122)
(74, -99, 115, 11216, -11278, -2274)
(117, -67, -59, 11351, 5601, 4946)
(17, -37, -103, 18774, 30504, 15721)
(120, -53, 59, 8176, -29687, -9225)
(1, -108, 123, -3274, -22623, 17758)
(-15, 122, -76, 11931, 28754, 21261)
(117, -45, -126, -15000, 2828, 25708)
(-14, -82, 96, -5245, 27692, 31430)
(-65, 65, 73, 24818, 29280, 21610)
(-93, 1, -41, -19726, 9923, -27266)
(-98, 87, -121, -29321, -6996, 31287)
(3, -87, 17, 30375, -17850, -31299)
(-79, -53, 45, 24374, -30600, -32036)
(-56, 82, -79, -23660, 18114, -32036)
(97, 43, -69, -9059, -28714, 17898)
(-88, 122, 44, -32542, 28031, -26847)
(-93, 70, -34, 7331, -21288, 14911)
(68, -115, 58, -13446, -17555, -18558)
(67, -73, 1, -18790, -6543, 14550)
(27, 96, -64, -14025, -22346, 24525)
(94, 118, -83, 8191, 21499, 5830)
(98, -125, 41, 7239, 1034, -27810)
(-79, 40, -105, -13920, 30726, -22523)
(-37, 16, 102, 32330, 30726, -1448)
(62, -73, 44, -18431, 30334, 24707)
(-12, -68, 33, -8045, -26304, -10411)
(-59, -58, 59, -20623, -14762, 17639)
(-127, -56, 123, -21550, -10400, -32037)
(-10, -96, -24, -22354, 30629, -4869)
(-105, 25, -70, -15675, 26121, -4734)
(37, 21, 82, -28540, 30725, 5334)
(73, -29, -81, 16661, -25689, 29771)
(38, -104, -46, 7377, -23811, 29243)
(-89, 117, 56, -19249, -10149, -32037)
(38, -73, 74, -32540, -12549, -32037)
(111, 20, -56, -32540, 1097, -32037)
(37, 15, 37, 9417, -18741, -25738)
(77, -8, 51, -30998, -16604, 4036)
(126, 119, -103, 19049, -3510, -9806)
(66, -56, 34, -27190, 28101, -806)
(42, 113, -2, 229, 17778, 2072)
(123, -15, -122, 227, -3082, -26335)
(39, 106, -96, 31248, -14862, -28392)
(34, -119, -17, -21646, 5264, 10082)
(56, -95, 53, 25919, 26017, 15275)
(69, -126, -85, 14823, -12165, 22094)
(-28, -29, -66, -52, -658, -6665)
(-42, -115, -23, 25209, -15222, -5207)
(67, -97, 23, -3127, -3035, 10625)
(17, 4, 18, -18398, 2215, 21175)
(78, 102, -32, -1929, 5929, 17507)
(-89, 20, -8, 30142, 10215, 15140)
(70, 83, 33, -13285, -23494, 8623)
(77, -44, -38, -24125, 30724, 17842)
(22, 93, 108, 25223, 9457, -6197)
(8, 57, -103, -14525, -14896, -30376)
(117, 106, -80, -14714, 2789, -32034)
(115, 8, -108, 20101, 24394, -32034)
(-38, 111, -42, -19965, 28797, 1682)
(-107, 109, -94, 5705, -31781, -29785)
(-43, -124, -76, 18896, 30724, -9158)
(-112, 62, 64, -17473, 3587, 27376)
(69, 59, -47, -25499, -30314, 31878)
(-42, 27, -6, -6574, 32765, 23333)
(34, -110, 3, 230, 19068, 5362)
(117, -27, 13, -16803, 2914, -32034)
(-112, 11, -76, 23969, 399, 15479)
(-22, -39, -77, 22690, 28176, -3502)
(-120, -23, -78, -21283, -13897, 9254)
(31, 61, 27, -3789, -499, 6175)
(33, 76, 75, 6698, -19, 4094)
(20, -12, 122, 4338, 1753, -6098)
(111, -49, -101, 4023, -6234, -16980)
(42, 23, 9, 6788, -2342, -10306)
(-35, -86, 60, -7841, -14546, -11573)
(32, -55, -58, 1316, -15502, -3065)
(46, -112, 110, 7361, -8646, -5230)
(-52, 98, 101, -15703, -32456, -10777)
(58, 97, -58, 3507, 31506, -12916)
(73, -99, -28, -12818, -28072, -13013)
(-32, -75, -51, -10774, 27851, 23757)
(-76, -89, -108, -10993, -19806, -32035)
(-115, -70, 19, -32540, -10043, -32035)
(-118, -13, 6, -32540, 27615, -32035)
(-88, 7, -92, -32540, -3960, -32035)
(-122, 26, 73, 31692, -8378, 17677)
(54, -76, 122, -29327, -15126, 29274)
(45, 12, 89, -11621, 16358, 26208)
(36, -21, -74, 229, 29354, 30137)
(-35, -21, 54, -30900, -1280, -27244)
(-88, 25, -45, 10604, -13336, -30309)
(-34, 40, -47, 21949, -6477, -5526)
(-94, 50, 48, 16764, 2487, 5570)
(-89, 62, -24, 9362, 3437, -4405)
(112, 81, -37, 14460, -7408, -8407)
(36, 63, 63, -24443, -754, 15565)
(57, 1, 54, 22690, -10158, 23129)
(32, 93, -84, -8990, 10056, 32334)
(72, 51, -36, -13049, 16885, 18877)
(-63, 94, -23, 30318, 3280, 31442)
(76, -126, -58, -4662, 11788, -29397)
(105, -61, -93, 30103, 27092, 32420)
(40, -8, -23, -27284, 21389, 11938)
(82, -105, 32, -24808, 22586, 3524)
(5, -27, -109, 12320, -30544, 30095)
(79, -16, -19, -23711, 23874, -3647)
(-56, -116, 42, -30992, 15558, 18718)
(-65, 126, 92, 6511, -32715, 20663)
(-128, -50, -69, 6039, 9217, 23885)
(-94, 36, -63, -1775, 18438, 30633)
(-123, -62, 29, -16157, -28188, 18701)
(-59, 29, -21, 21148, 11768, 19896)
(-16, 30, -106, 4177, 4277, 29077)
(11, -65, 31, 226, 21439, -32521)
(88, 34, 16, 14862, -30737, -1164)
(-78, 122, 77, 16130, -11540, 11188)
(71, -50, -6, -13277, 28574, -6495)
(-98, -70, -81, 453, -15183, 12988)
(64, -37, -75, 1888, -8387, -11561)
(50, 8, -10, -23549, -24077, 26921)
(-107, 78, 82, 15568, -17751, -28587)
(-56, -4, 54, 1128, -31744, -17987)
(85, 20, 103, -19940, 27915, -21461)
(-46, 79, 70, 25577, -30587, 28202)
(-88, -114, -97, -22491, -26408, -32035)
(27, 33, 38, -32540, -24854, -32035)
(57, -35, 63, -32540, 5778, -32035)
(114, -81, 79, -32540, -3796, -32035)
(56, 42, -7, 31998, 14770, -6634)
(109, -86, 2, 12953, -9140, 5806)
(120, -85, -84, -25749, -17815, -27058)
(-92, -9, 13, 1120, 29217, 6943)
(-68, 68, 31, 32699, -21784, 26471)
(19, 75, 103, -32540, -9861, -23857)
(72, -98, 48, 12243, -19664, 19342)
(34, 47, -15, 22583, 274, 12435)
(68, -81, -97, -278, -1805, -15940)
(98, -41, -19, -18309, -26223, -2253)
(-42, 126, -92, -28940, 5306, 1234)
(15, -47, 49, -29508, 28260, -869)
(55, 112, 107, 27946, 10964, -44)
(24, -122, 4, -32539, 20669, 1977)
(8, -83, 42, -19027, 14206, -16159)
(-71, -79, 90, 28493, 5318, -31948)
(-112, 29, 124, -7001, 15470, -32034)
(62, 23, 9, 31792, -30852, -32034)
(94, -30, -54, -2207, 32321, 11110)
(112, 117, -76, 25844, 30724, -15224)
(-119, -43, 88, 5347, 30724, -7099)
(84, 50, 63, -12384, 30724, -15831)
(-80, -97, 94, 12141, -10657, 32678)
(-73, -75, 61, 1522, -12273, -24080)
(118, -71, 93, 11001, 8648, -32033)
(94, 40, 127, -20253, -21144, 28075)
(26, 63, -39, 231, -2043, 24390)
(-7, -32, -81, 10868, 660, -31067)
(78, -71, 73, -22989, 14887, 21936)
(-47, -90, -51, 1574, 31521, 11132)
(61, -113, -9, -12640, -20819, 29602)
(76, 48, -61, -6997, -4844, 14813)
(123, 107, 55, -3730, -9908, 922)
(95, 80, -93, 15614, 7818, -7777)
(-70, 29, 33, -13214, -7870, -26563)
(-51, -18, 106, 3401, -21461, -17522)
(95, 26, 51, 10869, 32557, 997)
(-91, 124, -44, -22762, -27603, -11834)
(-119, 117, -41, 1055, -30562, -24757)
(-3, -88, 19, -31167, -16583, 27910)
(77, -75, -125, 5170, -32355, -32220)
(40, 62, -88, 29044, 31201, -20207)
(-85, -94, -61, 29485, 29520, -14300)
(-42, -112, -46, -29688, 31864, -29150)
(20, 9, 42, -32537, -23852, -25068)
(-46, 10, 43, -32537, 1068, -19422)
(-128, 63, 91, 25805, 4974, -14606)
(-37, 98, 79, -5580, 29973, -21036)
(-73, -41, -109, -18878, 23442, -18723)
(32, 99, 70, 232, -12343, 2725)
(94, 125, 17, 16264, 1119, 6109)
(-20, -96, 106, 21610, 23875, -16563)
(-80, -40, 24, -10216, -5675, -32032)
(100, -48, -124, 31533, -7919, 4107)
(6, -28, 95, 15503, -18175, -21185)
(62, 102, 48, 3152, 2269, -2528)
(16, 80, -84, -22088, 16816, -17982)
(-39, 9, -30, 27693, 26434, -20701)
(-127, 62, -80, 31396, 9429, -2731)
(1, -71, 77, -32537, 8255, -26769)
(-19, -105, 117, -32537, -4783, -26881)
(-97, -115, -68, -32537, 19365, -32032)
(1, -29, 62, 11275, -12, -32032)
(52, 113, -9, -13347, 11797, -32032)
(-57, 18, -46, -11034, -32466, -3494)
(-55, 70, -64, -32537, 19342, 13069)
(-85, -12, 21, -11947, -32679, -32032)
(102, -30, -38, -21390, 31588, 16403)
(-78, 20, -44, -16327, -6717, 30186)
(-62, 39, -110, 4324, -12247, -25386)
(69, 114, 35, -5519, 5510, -32032)
(84, -2, -26, -23978, 23630, -25289)
(50, 114, -8, -9247, -19077, 20334)
(111, 59, -103, 13784, -507, -32032)
(-51, -38, -111, 13097, 30163, -7258)
(46, 28, -98, -25964, -26506, 7311)
(-66, 85, -61, 13864, 27382, -30995)
(22, 116, -58, -22527, -30761, 20632)
(48, 94, -127, -15678, -11340, -4916)
(-112, -26, -64, 4172, -6670, 31552)
(23, 69, -24, 17657, -21607, 28173)
(-47, 28, -118, 20114, -13737, -27350)
(-73, -31, -108, -4050, 29271, -4897)
(-29, 81, 9, -1288, 27923, 17898)
(11, 58, -10, 86, 31045, 1143)
(99, -120, -74, 20116, -29732, -27281)
(23, -91, 92, -23058, -26915, 31106)
(94, -65, -15, -32440, -24763, -32402)
(15, 95, 30, -32538, -20755, -21159)
(77, 97, 118, -341, -20360, -8630)
(-70, 108, -22, 5715, -13502, -9716)
(108, -57, -102, 25644, -11279, 3124)
(-115, 88, 72, -25820, -31360, 18300)
(88, -125, 4, 232, -29514, 13082)
(-28, -82, 84, 230, 12239, -16555)
(-45, -127, -80, 6003, -7929, -31282)
(4, 45, -18, -28646, -3928, 22244)
(-128, -37, 63, -13993, -3923, 22145)
(-47, 20, -30, -1902, 3516, -14605)
(-42, -14, 113, 32111, -21938, -22482)
(35, 69, 42, -10851, 790, 18084)
(95, -107, -96, -27951, 2103, 10983)
(-108, -48, -98, 25933, -5320, 232)
(-51, 14, 57, -27629, -27803, 11220)
(55, 30, 101, 31361, 32600, -25119)
(-17, -96, -52, -32539, 5211, -30187)
(41, -45, 121, -22933, 8870, -32033)
(-5, -113, 43, 18123, 26985, -32033)
(-33, -21, -12, 21497, -31117, 31905)
(-16, 27, 84, -1924, -27212, 26061)
(1, -80, 90, -32540, -29961, 9355)
(-92, -29, 100, -21666, 30723, 31516)
(89, -111, 11, 24536, -7473, -28780)
(-85, 5, -75, 26358, -31335, 31186)
(-94, 92, -45, -25256, 15432, 22835)
(-44, 107, 127, 29496, -23133, 27487)
(72, -63, -59, -9043, 31622, 8853)
(-37, -35, 94, 22468, -5598, -18611)
(-78, -80, 36, 10524, -19239, 22301)
(-128, -93, -22, 2454, -30992, -90)
(123, -35, 82, -3673, -13336, -13509)
(-25, 109, -26, -11037, -20913, -24648)
(-13, 42, 118, 9132, -17716, 29964)
(117, -34, -49, -17535, -31464, -17999)
(83, 113, 104, 4000, 26865, 28498)
(-72, -35, 19, 25449, 30723, -32033)
(-79, -84, 120, -24385, -16756, -32033)
(55, -9, 10, -32541, -24284, -32033)
(21, -113, -42, -32541, 23505, -32033)
(32, -19, 61, 22951, 4032, -32033)
(95, 20, 31, 6107, -13952, 12582)
(-43, -102, 107, -7395, -17987, 26533)
(24, 8, 63, -15719, -12200, -5757)
(-105, 65, 49, 228, 16754, -8573)
(-76, -50, -115, 226, -2817, -19212)
(91, -125, -95, 10730, -26955, -29870)
(25, -113, 38, 20817, -23200, -1556)
(-57, -60, -50, 3738, 5025, -4319)
(91, -60, 87, -18183, 23008, -10871)
(-52, -113, 59, 25987, 15593, -12539)
(50, -49, -79, -27603, 17469, -953)
(-103, -124, -11, 28489, 32646, -4414)
(-47, 51, 126, -32540, 24061, 17892)
(112, 2, -127, -32540, -28862, -21167)
(45, 24, 16, -31292, 20606, -31817)
(-13, -104, 106, 32580, 19342, -32032)
(93, -78, 69, 11625, 21891, -32032)
(107, -57, 13, -14494, -29461, -22680)
(-105, 123, 40, 32137, 13360, 24790)
(-128, -9, -52, -19538, -29030, -32650)
(-91, -121, -56, 17837, 29059, -24499)
(-4, -28, 42, 29521, 8413, -23749)
(116, -45, 64, -20757, -27137, -32032)
(121, -56, -113, -12555, 6414, 6514)
(-106, 62, -19, -10040, 17442, 9733)
(24, 84, 19, -4134, 2921, -32032)
(108, -93, 56, -3394, 1951, -32032)
(-67, 56, 126, 1416, -11949, -25934)
(81, -34, 2, -25791, 16755, -24505)
(-11, 88, 3, 30861, 32485, 26150)
(-38, -127, 55, 20347, -12383, -6065)
(-100, 10, -82, 6587, 3746, -18303)
(114, -90, 114, 15961, -16368, 25382)
(-36, 16, 48, 10717, -20650, -28366)
(6, -45, -107, 18823, -25241, -15775)
(4, -89, -101, 615, 24713, 2890)
(-82, 19, -3, 17064, 30716, -21532)
(53, 71, -71, 9801, -31478, 28917)
(62, -35, -66, -21522, -17328, 32353)
(-54, -51, 100, -32539, -26054, -32033)
(-91, 49, 51, -32539, -26322, -32033)
(-6, -23, 84, 19128, -29607, -14432)
(36, -97, 64, 26137, -10673, -4117)
(97, 67, -9, 10313, 6227, -5560)
(-7, 120, -97, 12196, -9374, 173)
(-49, 56, 7, -22661, 16666, 27897)
(-55, -7, -68, 229, -7943, 3806)
(-35, -123, -5, -32540, 1023, 1286)
(-102, 76, 121, 9211, 14676, -14701)
(40, 25, 62, -3516, -9263, -13486)
(-69, -31, -67, 10744, 1196, -920)
(10, -2, 14, 7503, -1167, -4339)
(-25, -65, 98, 16804, -11183, -7615)
(7, -67, 19, -17399, 8762, 1917)
(-84, 36, 65, 31995, 15368, -21615)
(-113, -41, 109, 29088, 24498, 386)
(-57, -102, -98, -32541, 19112, 4091)
(-44, -44, -58, -32541, -6929, -15878)
(-107, 38, -85, -32541, 7944, -32035)
(75, 35, 91, -32541, 20041, -32035)
(41, -41, -83, 23862, 20925, -32035)
(61, -103, 29, -31877, 23537, -3224)
(97, -90, 111, 24607, -30478, -16139)
(-102, -89, 86, 11865, 30721, 29144)
(99, -52, -43, 28612, 30721, 3969)
(-84, -42, -64, 3033, -1676, -19496)
(-76, -78, -101, -23840, -32225, -29581)
(116, -60, 18, 8363, -15653, -32035)
(5, 83, 98, 7022, -1320, -12686)
(33, -85, 69, 12974, 1961, 16129)
(-89, -100, 110, -21134, -22338, -32035)
(23, -5, -24, 24616, 31730, -32035)
(9, -55, -125, -20293, -11648, -5334)
(-117, -101, 110, 6274, 12087, 15760)
(24, 24, -57, -27691, -29554, -32308)
(28, -15, 48, 31184, -14020, 3463)
(114, -125, 45, 5645, -98, -2185)
(13, 112, -52, -7056, -18910, -23351)
(-88, -78, -11, 3651, -11299, -17755)
(-10, 55, -18, -5339, 26205, -3128)
(67, 70, 84, 3066, -30544, -20450)
(52, 46, -101, -20320, 32098, 30352)
(28, 31, -104, -30006, -29767, 31909)
(20, 115, 79, 29051, 29930, -32036)
(-62, -46, -96, -28935, -30992, -32036)
(117, -35, -91, -32538, -18598, -32036)
(-109, 8, -79, -32538, 7127, -32036)
(-40, 92, 22, -32538, 18401, -32036)
(-101, -73, 27, 18572, 9353, -3843)
(71, 117, -70, 17230, 7210, 26133)
(90, 79, -96, 7089, -27057, 5230)
(27, 39, 124, -3782, 20146, -19197)
(-32, 28, 118, -7865, -12328, -32035)
(10, -62, -67, 14648, -6030, 22000)
(10, 39, -84, -21332, 17744, -17262)
(13, -109, -110, -25200, -6689, -6076)
(-5, -21, -61, 15480, -5645, 8155)
(100, -119, -80, 13718, 32143, 14074)
(74, -41, -88, 31011, 8167, -140)
(17, 124, 45, -27831, 32585, -21298)
(81, 33, -9, 31429, 19793, 24115)
(68, 70, 93, -32538, 9865, -21150)
(-110, -107, -87, -32538, 1632, -32036)
(9, -50, 45, -32538, 19105, -32036)
(-57, -83, -53, -19834, 19500, 21924)
(-87, -111, -112, -25851, 27116, -17118)
(123, 2, -49, -32538, -31473, 25092)
(65, -37, -69, 22323, 30721, -32693)
(-99, -88, -15, 2089, 7564, -28932)
(-26, 115, 102, -14690, 7260, -30792)
(108, -10, 109, 10660, -12212, -29207)
(52, -100, 42, 4602, 1208, -6897)
(-113, 5, 92, -24997, 20036, 14198)
(-43, 119, 0, 10297, 30515, -32036)
(98, 63, 96, -5889, 29748, -32036)
(-19, 40, 47, 9129, -19394, -27628)
(-108, -83, -65, -19556, 22413, -22583)
(-87, -10, 125, 20936, 30721, 32078)
(43, 101, 65, 19804, 4604, -10026)
(43, 14, 109, -8646, 16663, -28729)
(86, 75, 121, 19027, 29914, 26364)
(79, -54, -119, 21871, 1845, -32036)
(46, 96, 59, 13329, 19607, -24177)
(-44, -21, -86, -30155, 29584, -270)
(110, -29, 28, -19339, 30720, -13937)
(1, -85, -97, 30920, -26597, 27218)
(-71, -77, 102, -25778, -6848, 32311)
(112, 47, -111, -32538, -21316, -32035)
(-32, -75, -43, -32538, 18855, -32035)
(-15, 10, 55, 24324, 14052, -32035)
(-27, 0, -104, 31569, -5173, -26255)
(-88, -59, 37, -23817, -12358, -29570)
(-61, -2, -65, 231, 28799, -4162)
(58, 121, -4, 17451, -2417, 3770)
(37, -45, 65, -3298, 5341, -15271)
(5, 102, 27, 19037, 5895, 26192)
(-43, -117, -98, -20389, 14723, -6089)
(-14, 91, -30, 14907, 2395, -10397)
(-39, -53, 62, 9243, -24000, 3757)
(-61, 19, -122, 23259, -10983, 21033)
(-34, 36, 114, 28198, 13908, 19590)
(102, 25, 11, 26122, 12071, 14603)
(67, -93, -51, -32539, 12843, -3263)
(-10, -124, -3, 5642, -25371, -16808)
(52, 53, 71, 20270, -4957, -32034)
(-61, -35, -110, -5767, 25560, -32034)
(10, 13, -124, 32119, 29423, -32034)
(-92, 47, -21, -2454, -32490, -6149)
(-7, -21, 70, 19275, 10076, 15685)
(18, -79, -126, -2272, -27936, 12961)
(-107, -7, 75, 17555, 29981, 1980)
(48, 44, 115, 27173, 14196, -30499)
(-84, 2, -17, 1583, -2842, 380)
(-59, 45, -84, 3233, -267, -7303)
(-98, 44, 36, 16754, 4256, -11566)
(87, 125, -109, 591, 3507, -14491)
(34, 45, 124, 6016, 3522, -3171)
(-93, -100, -69, -9393, -12955, -4226)
(-4, 102, 15, 682, -12916, 2680)
(33, 87, 22, -4754, -16790, -2867)
(24, 123, -114, -675, -9920, 1624)
(-71, 111, 43, 3906, -7757, -1921)
(91, 82, -35, 4820, -9774, -3758)
(-56, 23, -100, 8457, -10540, 4568)
(127, -93, -101, 5613, -7016, -1237)
(43, 73, -14, 3847, -6408, -598)
(50, -27, -16, 5946, 1349, 3437)
(125, -38, 32, -5567, -10890, 1784)
(-35, -53, -18, 5968, -3200, 15133)
(30, 106, 69, -11709, -31515, 1464)
(-44, -14, 21, -9911, -29230, 15444)
(121, -27, -64, 16230, 1035, -8599)
(56, -78, -75, -28658, 30733, -20262)
(32, -26, 23, -28302, 28800, 24542)
(49, -95, 10, -25588, 29885, -32032)
(-115, 5, 47, -25298, 30719, -32032)
(82, 4, 69, -32540, -8936, -32032)
(125, -48, 96, -32540, -30756, -32032)
(18, -84, 27, -6957, -481, -29686)
(-4, 87, 127, 18734, -25797, -23377)
(54, 90, 21, -23347, -11768, 11385)
(97, -64, 42, 31262, 14696, -22067)
(-76, 102, -112, 807, -30038, 9272)
(-96, 67, 106, -32540, 22379, -23954)
(-94, 23, -9, 17169, -2117, -32031)
(79, -107, -47, -11753, -31670, -32655)
(60, -122, -82, -7508, 873, -3955)
(-80, 30, -109, -22515, 8018, 7746)
(-63, -74, -108, 8233, 19142, 22884)
(98, 34, 10, -1984, 14131, 6815)
(73, -4, 88, -28110, -26686, -11294)
(-76, 83, -26, 28914, -32409, 19503)
(-54, 0, 24, 24855, 30720, 22744)
(16, -83, 121, 16704, 6034, -17521)
(67, 46, 95, 16582, -30330, -32030)
(118, 84, -118, 1803, 25122, -32030)
(-112, -30, 85, 12397, -25254, 27737)
(-110, -17, -25, -18567, 30719, -29376)
(13, -7, -83, -32540, 30719, 22340)
(-44, -99, -70, -13572, 22430, -32030)
(72, -89, 82, 2190, 5072, 772)
(-113, 17, -67, -9374, -20699, 14713)
(47, 84, -64, 1001, -4578, -31801)
(97, 118, -34, -3890, 3898, 9029)
(1, -18, 80, -6968, -1207, -17098)
(-92, -101, -2, 11926, 7082, -17399)
(31, 23, 77, 14909, -21056, -10391)
(43, -13, 60, -22023, 13517, -22185)
(-104, -20, 14, 230, -16711, 2265)
(10, 30, -122, 228, 18079, -12928)
(-16, -80, -87, 1318, 30721, -32031)
(-1, 57, -28, 6684, -5865, -32031)
(-81, 58, 34, -14136, 15949, 738)
(28, -29, -78, 22465, -11699, -32031)
(-78, 37, 26, -12600, 18000, -32031)
(54, -64, 15, -28263, -29346, -32031)
(106, 40, 120, -32539, -30495, -18753)
(-110, 125, -87, 12174, 26182, -5020)
(79, 123, -102, -25598, -29131, 6063)
(61, 87, -29, 20280, -13081, 1430)
(28, 126, 90, -25397, -28994, 618)
(-1, -112, 49, 11725, 32067, -18698)
(1, 18, 41, -18490, 25948, -23600)
(-97, 57, -81, 230, -22960, 27392)
(-34, -103, 97, 228, -7113, -27689)
(-9, 117, 87, 230, 31564, -22556)
(112, -22, -24, -32539, 18643, -30946)
(27, 90, -36, -17609, 743, -32054)
(-53, 20, 99, 23153, 19121, -3174)
(0, 30, 55, 22648, -1149, -11459)
(32, -108, 97, -25943, 15340, -15365)
(74, -27, -79, 11402, 16465, -14282)
(91, 61, -69, 29390, 28421, 15538)
(0, -79, 89, 11122, -28971, 7300)
(-109, -75, 71, 18446, -4669, -18683)
(-74, 30, -8, 1898, -16842, -32032)
(-72, -30, -121, -31362, -15032, -32032)
(119, 54, -35, 12811, 15753, -32032)
(-70, 48, -25, -23345, -29829, -5231)
(27, 109, 113, -30186, 30719, -23475)
(32, 23, -124, -14172, 30719, -26578)
(42, 119, 116, 18828, 20202, -13106)
(-116, 57, -70, -29038, -3804, 25537)
(87, 66, -110, 7359, -31993, -32032)
(-121, -87, 92, -28821, -12885, -30428)
(113, 105, -3, -32121, -31556, 20179)
(-32, -62, -49, 20171, 2965, 30804)
(-45, -90, 57, -14891, 5354, 16614)
(-74, -93, 18, 22669, -4191, -22224)
(5, 117, -66, -14574, -17562, -25011)
(76, 41, -43, 229, -17505, 3570)
(27, -69, 66, 5254, -30593, 19542)
(43, -88, -53, -14938, 30382, 8700)
(-68, -113, -76, -12479, -31765, -1862)
(-94, -116, 78, 19896, -19220, -16384)
(26, -75, -103, 10029, 26969, 23114)
(79, -32, 46, 23499, -30837, -32198)
(82, 96, -52, 17051, 29172, -32033)
(12, -34, 101, -24881, 32012, -32033)
(18, -13, -109, -32538, -9795, -32033)
(86, -32, 36, -32538, 11324, -32033)
(80, 65, -12, 16798, 12076, -32033)
(104, -20, 115, 2354, -5456, 15642)
(46, 54, -42, 12245, -16378, 210)
(-39, 63, 33, -26962, 10220, -16061)
(-64, -4, 62, 9294, 6680, -31782)
(-59, -83, -60, -5942, -801, -32032)
(50, 95, 37, 24132, 18764, -3560)
(-52, -64, 28, 23997, 8327, -87)
(7, -69, -52, 27199, -25970, -17714)
(-2, -83, 122, 29597, -525, -14276)
(-31, -22, -1, 25272, 20634, 3354)
(50, -3, -122, 25759, 24384, -13350)
(53, -2, -108, -19949, -29603, -1769)
(-41, -106, -27, 28801, 6293, 26213)
(6, -41, 65, -32539, -13885, -23287)
(69, -32, -58, 18779, -18792, -32032)
(27, 85, -8, -6242, -4837, 21060)
(-37, 119, 70, 27563, -3803, 2841)
(-123, -27, 24, -2783, -19306, 7820)
(-80, -74, 39, -32539, 30716, -15614)
(29, 35, -14, 260, 24167, 21252)
(29, 85, 57, 20734, 31171, 7738)
(-34, 109, -6, -19226, -9957, 16211)
(84, 98, 71, -24629, -27862, 22504)
(120, 12, -40, 7526, -31783, -31071)
(-60, 66, 119, -5762, -12726, 15674)
(-119, -36, -107, 8346, 10224, -24039)
(-82, -25, 83, 11119, 4392, -28066)
(56, 81, 71, 11102, 6719, -20587)
(70, 92, -69, -15580, -3063, -8031)
(50, -86, 78, 10347, -13062, 17919)
(109, 66, -108, 1205, -15104, 8730)
(2, -73, -94, -27146, 14201, -6668)
(-119, -20, 47, -4003, 18731, -23485)
(-23, 50, 123, -1685, -9241, -17152)
(-27, 93, 45, 11089, 5324, 14450)
(-27, -70, 88, -11566, -22575, 6710)
(-54, -24, 68, 16115, -6586, 24201)
(94, -34, 5, -27987, -11337, 14694)
(32, -69, 86, 4006, -6194, 16910)
(67, 117, 87, 9305, -1407, 4641)
(48, 44, 126, 10605, -2288, -1940)
(60, -75, -7, -30716, 7686, -19709)
(-34, 16, 8, -12285, 6555, -32587)
(37, -60, 30, 945, -5147, 5529)
(-35, -103, -40, -9389, -11995, 19873)
(115, 54, -20, -22569, 17556, -30203)
(-88, -32, 27, -22908, 30716, -28989)
(-104, 7, 111, -27946, -15465, -21172)
(115, -21, 78, 30372, -29520, 18963)
(40, 115, 57, -53, 2700, -32031)
(-62, 19, 125, -32541, -8935, -32031)
(11, -8, -93, -32541, 17485, -32031)
(-11, -53, -115, -32541, 30717, -27303)
(26, 27, 4, -32541, -14696, -29224)
(-101, -122, 66, 25952, -24069, 32044)
(-102, 58, -72, -30194, 13555, -21963)
(2, -78, -26, -32541, -20115, 30149)
(-90, 75, -101, -32541, -6428, -27125)
(-124, 4, 73, 228, 25333, -22744)
(-73, 115, -70, -32541, 15504, -32031)
(-108, -37, -76, -32541, 27387, -32031)
(109, -123, -117, -15708, 2380, 31132)
(-115, -8, 60, 9950, -17396, -12270)
(-116, -27, 67, 22651, -7012, 1321)
(80, 120, -114, 17580, 17141, -20729)
(-79, 34, 71, -24395, -10836, -6500)
(-6, -63, -63, 228, -31889, 23852)
(21, 122, -101, -32541, 30719, 19283)
(-15, -25, 86, 800, -25203, -16590)
(-83, 97, 13, 21882, 17190, -32032)
(-126, 93, -18, 18091, 13474, -32032)
(-85, -87, -82, 20395, 13062, -11685)
(-109, 63, 112, 9160, -25824, -18395)
(-64, 38, 4, -21429, 30719, 23057)
(18, -26, -121, 19682, 30719, -32032)
(-74, -27, -48, -2720, 19775, 475)
(116, 46, 0, 1767, -12193, 2640)
(-28, -81, 35, -4778, 26899, 15482)
(116, -97, 18, 7090, -24769, 18903)
(63, 84, -90, -11515, -17684, 2494)
(71, -81, 5, -3086, -3027, 544)
(107, -57, 69, -5861, 7469, -9320)
(69, 100, -84, 12561, 104, -7248)
(-7, -127, -112, -879, -4111, -4717)
(17, -99, 120, 514, 1170, 1417)
(16, -105, -55, -1643, -636, -2826)
(-13, -103, -83, 5938, -598, -3911)
(-5, -80, -79, 117, -154, 1980)
(27, -127, -61, 654, -2532, 3509)
(-19, 100, -84, -1323, -2242, 2792)
(-45, 61, -88, -3028, -5097, 4294)
(67, 95, 73, -38, -11977, -3827)
(-2, 112, -2, -234, -8376, -1313)
(-125, 68, 127, 10280, -6731, -2677)
(-62, 25, -121, -7636, -17337, -8239)
(15, -38, 86, 18124, -10190, -1148)
(-111, -27, -69, 3586, -21846, -14548)
(-119, -83, 41, 32126, 28642, 11666)
(122, -77, 57, -27527, 28670, 2993)
(-8, -90, -5, 32520, 30717, 23357)
(-120, 103, 78, -28342, 30717, 30982)
(-90, 87, -76, 19031, -26501, -32031)
(83, 20, 74, -27261, 8288, -32031)
(-24, 36, 27, -32542, 7903, -32031)
(91, -116, -90, -32542, 19119, -32031)
(90, 15, -3, 227, 29640, -32031)
(-38, 101, 18, -32542, -28878, 736)
(-112, -61, 85, -32542, 24915, -32031)
(-20, 63, -60, -32542, -23488, -32031)
(72, 116, 126, -32542, -1886, 28340)
(-29, 49, 93, -18216, 8618, -29711)
(-71, -50, 75, -26395, 7023, -13393)
(-96, 68, -100, -7968, -19713, 30147)
(104, 87, -9, -26423, -16290, 31317)
(-68, 114, 44, 23852, 30450, 1867)
(6, -122, 73, 25956, -27214, 22205)
(-2, 82, 59, -22930, 30715, -22965)
(12, 1, 108, 29790, -31150, -24132)
(-41, -52, 36, -32542, -29436, -32032)
(41, 100, -69, 29200, -11505, -32032)
(76, 31, 117, -26708, 20004, -803)
(110, -119, -98, -15301, -1804, 19251)
(63, -81, 95, -15738, -22659, -16781)
(99, -51, 109, 24413, 30714, -17141)
(-98, 10, 69, -14014, 19048, 14302)
(-22, -48, -50, 17935, 32711, -31181)
(-11, 41, 89, 10309, -32601, 13467)
(108, 121, -92, 13594, -26347, 10965)
(-61, 32, -122, -17671, -27064, -11745)
(-122, -57, 102, 6996, 5422, -1057)
(121, 23, -31, -13184, -3032, -10075)
(-44, 115, 90, 10317, -12034, 5871)
(53, -5, -31, 11058, -15738, 245)
(-38, -127, -73, 8950, -29526, -24761)
(-27, 15, -106, 10771, -22382, -24691)
(-48, -99, 105, -12762, -23955, -18680)
(-119, -35, -68, -24371, 25118, -10149)
(-69, 68, -96, 28688, 30712, -16817)
(-63, -69, 83, -22616, -24453, 25318)
(-56, -48, -116, -32542, 27255, -32033)
(81, 94, 27, -32542, 3987, -32033)
(-16, -117, -110, -32542, 19165, -32033)
(-72, -52, 97, -90, -14233, 17718)
(87, 51, 86, 8785, -23600, 30733)
(-108, 91, -114, -4743, -3980, -25715)
(-127, 73, 24, -16048, -30358, -20494)
(-106, -80, 56, 227, 13948, 19876)
(28, -87, -45, -5259, -10298, 28468)
(21, 105, 45, 5155, -22938, 24821)
(-79, -120, 14, 30751, -4596, -26046)
(-56, 70, -105, 4384, 15909, -27106)
(-126, 81, 85, -30534, 14347, 5844)
(4, 2, -61, -23796, -30765, 10786)
(112, -57, -18, 29853, 3972, -30968)
(109, -58, 116, -32541, -10148, -27825)
(26, 31, 52, -32541, 22705, -32031)
(-60, -1, -70, -32541, 30116, -32031)
(-63, 85, 108, 226, 22163, 10525)
(48, -59, 107, -32541, 5690, 30904)
(32, -92, -125, -6515, 27404, -23832)
(-50, -90, -63, -26938, -30516, -4997)
(127, -105, 107, 16128, 19864, 28904)
(79, -58, 35, -23038, 2370, 19980)
(-73, -35, -105, 16972, 7212, -32242)
(91, -39, 125, 9237, 8455, -4511)
(-76, -94, 88, 17445, 17859, 14263)
(112, 107, -72, -26264, 2633, -32031)
(49, -70, -21, 29646, 2141, 7442)
(-6, -63, 68, -24596, -32580, -30256)
(-88, 55, 86, 7176, -26925, -26086)
(22, 26, -126, -3796, -13000, 5228)
(-4, 11, 125, 2128, 8110, -6234)
(-85, -75, 70, 2415, 1125, -26855)
(0, 120, 120, -4323, 1402, -10267)
(30, -73, 62, -12179, -32643, -11321)
(-55, -89, 33, -3963, -29098, 9479)
(96, 123, 28, -1375, -27430, 4774)
(-78, -58, 65, -32239, -26992, -18208)
(84, -96, -49, -6872, -29115, -19229)
(65, -106, 28, -17957, 27510, 25702)
(64, 93, -100, -29894, 32364, -32031)
(-126, -19, 93, -32541, -9654, -32031)
(-100, -55, -83, -32541, 11653, -32031)
(-71, 36, -57, -32541, 21398, -32031)
(28, -97, -31, 24800, -7719, 26552)
(38, 105, 87, -20251, -26455, 24453)
(45, -39, 18, -22628, 22148, -24601)
(79, -69, 111, 30154, 15144, -32031)
(81, 110, -111, -30289, -21602, -32031)
(-120, 99, -10, 24390, 31675, -4579)
(-48, 37, 80, -32540, 2696, -20136)
(-4, 46, 61, 227, -25559, 1050)
(-7, 99, -113, -32540, 19814, 25550)
(-82, 67, 46, 25107, -6914, -5729)
(-82, -52, -47, 32452, 1051, -20509)
(-10, -102, 94, 27806, -5695, -2150)
(-81, -43, 118, -27631, -27398, -27442)
(-7, 37, -85, -18938, 14034, -7880)
(18, -53, 47, 25315, 16113, -5335)
(116, -16, -95, -32541, -1690, 30115)
(-56, 53, -67, -32541, 20495, -24049)
(-1, 53, -76, -29110, -14494, -32032)
(-67, 71, -43, -25060, 24540, -32032)
(25, -19, -82, -10421, 31400, 20640)
(-37, -24, -51, -29950, 22765, -23110)
(20, -19, -81, 21031, -31371, 21037)
(-98, -58, 75, 2573, 30711, -32032)
(-5, -117, -39, 25545, 28264, 20380)
(79, -43, -13, -16438, 9642, -16735)
(31, -93, 48, 7276, 9825, -32032)
(57, 61, -18, -15347, 26744, 31754)
(-119, 42, 48, 25685, 17546, 23165)
(114, 36, -63, 23318, -2737, -32032)
(32, -25, -23, -10634, 564, 4637)
(102, -21, -54, -6518, 28827, 16629)
(117, -46, -19, -21604, 26030, -26734)
(105, 105, 16, -29283, 30710, 20765)
(-96, -86, -91, 9780, -19095, 30973)
(-79, 117, -109, 10912, -9409, 25107)
(-73, 70, -47, -24998, -6417, -32032)
(105, 98, 88, 28455, -20932, -29509)
(35, -39, 87, 7750, 22829, -8060)
(53, 122, 20, 19702, 30364, 1364)
(92, 64, 61, -28772, 30711, -22884)
(-20, -22, -85, -31307, -22802, -26451)
(-4, 105, 78, -32541, 5199, -31873)
(64, 72, -19, 17812, 32589, 12646)
(63, -95, -113, -9949, 27276, -28385)
(109, 60, 57, -16540, 28550, -32445)
(-49, 38, -27, 228, 24756, 30046)
(81, -96, 42, -26695, 23337, 11149)
(-118, 28, -28, 13793, -15053, 11606)
(88, 0, 91, -5613, 99, -6317)
(99, 112, -98, 14822, -6334, -5972)
(10, -35, -44, -10475, 4128, 9145)
(-69, 80, -95, -18712, 16557, 1553)
(95, 25, -32, 23649, 13860, -7869)
(4, -24, -3, -32541, 11704, 14875)
(57, -100, -102, -19834, 25545, -31069)
(-20, 85, -95, 28760, 574, -28179)
(-105, -20, -76, -32541, 18087, -32032)
(-40, -86, -86, -32541, 27301, -32032)
(96, 72, -60, 7280, 21325, -32032)
(89, -95, -92, -13047, -5780, -9908)
(34, 10, -56, 30633, 13155, -7226)
(124, 28, 68, -1898, -24426, -18760)
(118, 123, 121, -11948, 17425, -5491)
(-103, -74, -108, 19329, 24671, 24227)
(-4, -40, 110, -20185, -5503, 25550)
(-90, 14, -91, -11191, -21587, -14141)
(-95, 1, -12, 228, -2053, 18618)
(-90, -100, 9, 226, 10528, 10697)
(-15, -44, 89, 15680, -15684, -7011)
(3, 118, 84, 30106, -14128, 30000)
(-91, -65, 77, -21821, 32542, 15594)
(-53, 9, -118, -14222, -21038, 8355)
(-2, 25, -121, -6268, -22483, -22648)
(-123, 13, 29, 5830, -20704, 23940)
(72, 79, -89, -12265, -31997, -29983)
(106, -51, -55, 6041, 27523, -21933)
(59, -100, -90, 31723, 30712, 29881)
(-24, 11, 1, -26851, -20755, -32033)
(-7, 117, 59, -32538, -4872, -32033)
(34, 113, -110, -32538, 18440, -32033)
(33, 59, 114, -32538, -13992, -23130)
(77, 125, 41, 13667, -13512, 22032)
(-48, -108, 65, -24773, 32057, -18276)
(72, 25, -18, -11134, -6445, -32033)
(43, -62, 10, 231, 30712, 8213)
(66, 106, 55, -9703, -23485, -23603)
(42, -35, -119, 29182, 14097, -32033)
(-28, -47, 63, 11080, 7500, -766)
(-54, 117, 89, 10328, -7744, -7885)
(-97, -5, 4, 18822, -5534, -9460)
(49, 46, -27, 22507, -26810, -4670)
(-42, -9, 116, -28295, 17603, -2774)
(75, 74, -113, -23746, 13607, -9261)
(-44, -81, -3, 26674, 29484, -4351)
(22, -21, -100, -32539, -31100, 7422)
(19, -71, 118, -32539, -11552, -16863)
(41, -4, 16, -32539, 2758, -32034)
(114, -112, 73, -32539, 1265, -32034)
(-127, 127, 48, 26543, -31290, -32034)
(-8, 93, -23, 31808, 21706, 739)
(-24, -117, 46, -27785, 21591, -4939)
(-68, 6, 57, -32539, 25989, 17189)
(-60, -92, 52, 230, 24695, -32034)
(-23, -4, 83, 2401, -31799, 21885)
(-97, 98, 45, 17638, -2054, -17240)
(97, -14, -21, -20379, 9663, -32034)
(-97, -34, 118, 230, -29243, 735)
(84, -61, -2, -32539, 4799, -32034)
(96, -92, -43, 228, -19192, 2624)
(-74, -42, 30, 28135, 9751, -872)
(-8, 19, -64, 22872, 5583, -7991)
(-50, -52, 71, -5546, -5933, 14253)
(-67, 30, 122, -4449, -8811, 27805)
(-54, -111, 61, 6245, -4731, 24956)
(-40, -106, 115, -21580, -24173, -28362)
(88, -6, -111, 11629, -10552, -20837)
(-117, -18, 72, 3959, -7049, -26177)
(90, -9, -126, 31482, 17821, 29141)
(60, 0, -100, 3315, 30714, -29297)
(58, 100, -17, 29438, 30714, 32591)
(88, 65, 2, -25031, -9860, -32033)
(-55, -55, -62, -32540, 26256, -32033)
(94, -6, -75, -32540, 26179, -32033)
(-44, -83, 91, -14013, 7561, -28179)
(-61, 93, -19, -8116, -26239, 26790)
(-57, 118, -127, -13613, 8413, -19301)
(-96, 37, 109, 229, 28478, -28753)
(-38, -55, -116, 227, 15200, -11281)
(82, 93, 122, 20101, -30513, -32033)
(84, 26, 77, 26372, 26783, -19809)
(110, 31, -68, -25915, 1363, 20653)
(-82, -80, 41, 10439, 290, 13227)
(-15, 30, 67, 13715, -7688, -11685)
(16, -72, 14, 25670, -10314, -4246)
(44, 2, 109, 26094, -9678, -9392)
(-102, -36, 84, -11735, -13184, -7404)
(6, -80, -14, -6512, 6253, 614)
(-70, 108, -77, -1077, 18221, 7075)
(-25, -92, 95, -25186, -25574, -21871)
(118, -48, -41, 25479, 30714, -2204)
(112, -108, -28, -32458, -20598, -25799)
(-101, 116, -81, -24796, -2917, -27550)
(-20, 23, -19, -23853, 30845, -32035)
(-9, -43, 80, -7614, 21656, -32035)
(-21, 70, 82, -13104, 16865, 14022)
(-21, -59, -80, 28540, 27023, -3682)
(-98, -21, 39, -23354, 22787, -29575)
(-114, 8, 60, -24684, -1877, -19006)
(36, -13, 107, 22058, -417, 1467)
(111, 19, -45, -20595, -20407, -12649)
(-20, 123, -13, -26096, 21391, 7837)
(81, 121, 82, -25849, 655, -23481)
(126, 19, -79, 5304, 18403, 11938)
(-41, -36, -103, 22938, -9353, -24848)
(21, -64, -26, -18265, -11587, 734)
(103, -40, -24, 229, 9153, -32035)
(35, -117, 48, -12739, 3776, -32035)
(120, 95, 4, -28218, -23445, 16997)
(43, 20, 34, 16864, -8253, -3149)
(-48, 27, 45, 32670, 931, 24700)
(-12, -31, 21, -27575, 32701, 8562)
(-91, -5, -78, 21241, -3306, 25363)
(-62, -38, -54, -29016, -5062, -2184)
(-119, -70, 32, -29387, -6941, -500)
(-96, 63, -72, -9997, 1311, -16409)
(-84, 103, -23, 147, 11544, -9593)
(27, -119, -81, -3105, -7090, 4983)
(72, 28, 93, -7581, -4455, 1775)
(122, -83, 63, 8266, 5366, 4342)
(-1, 11, -84, -9922, -4790, -10575)
(20, 60, 85, 17063, 1876, 2269)
(-53, 85, -101, -16953, -16879, -3014)
(125, 27, 103, 7786, -4653, -4163)
(-74, -88, 88, -22553, 29947, -8746)
(120, 66, -79, 19326, -20773, 20578)
(58, 114, 111, 25965, -27733, -20414)
(-56, -128, 108, -27150, -26310, 22390)
(-125, -108, 121, -24894, -12652, -32036)
(54, -70, 32, 30257, 28920, -32036)
(95, -119, 117, -31627, -20213, -32036)
(-43, 122, 29, -32540, -15630, -27551)
(-5, -103, 1, -32540, -12624, -20173)
(-55, 89, 53, -32540, -6651, -18420)
(31, -87, -47, -32540, 21344, 2492)
(-105, -36, 52, -25591, -19130, 6947)
(-33, 33, 13, -13011, 26035, 11028)
(-109, -28, -13, 229, 11027, 13388)
(-107, 23, -19, 227, -10039, -27105)
(-48, -30, -26, 229, 31036, -30046)
(101, 32, 108, 11589, -12151, 20323)
(-125, -127, -59, 5068, 3453, -7536)
(96, -24, -60, 30003, -8378, -13719)
(116, 95, -62, 30176, -31470, -14060)
(16, 120, -97, 10341, 13945, -4781)
(95, -43, -36, 30617, 11485, -10948)
(-40, -55, -113, -29468, 18596, 35)
(102, -98, 108, 31972, 27062, -32554)
(36, -52, -31, -32540, 336, -25743)
(54, 67, 127, -32540, -7375, -32034)
(-3, -109, -20, -14628, 28072, -32034)
(115, 115, 43, -25302, -8519, -32034)
(65, -7, 67, 29474, 10707, 31406)
(-101, -12, 121, -21911, -23082, -29624)
(21, -73, -52, 16850, 30716, 22009)
(63, 41, -16, 5611, 30716, -30375)
(-56, -85, -126, -25795, -13213, 180)
(-60, -65, -26, -19437, 4164, -32034)
(-2, -94, 73, -12171, -21089, -26774)
(70, -76, -73, 229, -21438, 20827)
(61, -65, -70, -30452, -10720, -32034)
(-118, 76, 4, -469, 31650, -12660)
(-67, 15, -125, 229, 21145, -4484)
(-66, -75, -82, -9472, -4497, -16864)
(114, -35, 71, 30957, -23050, 22129)
(-86, 60, -85, -2076, -9717, 15357)
(73, 12, -112, 11326, -16695, -16935)
(-126, -26, 121, -1361, -13361, -22533)
(-28, -125, 67, 860, -17222, -22194)
(86, -97, -96, 8947, -10257, -832)
(68, 34, 93, 2653, -25952, -19)
(-97, 40, 0, -6798, -26853, 2868)
(-97, 42, 46, -15304, 29735, -15197)
(-18, 90, -43, -28986, -17931, 22368)
(-35, 96, 37, -26346, -23292, -32035)
(-58, -3, 88, -32541, -29056, -32035)
(-100, -111, 15, -32541, -234, -32035)
(115, -121, -75, -32541, -17614, -17251)
(103, -55, 43, 32762, -6707, 3584)
(27, -93, -97, 2479, -18910, 13409)
(102, 73, -75, 2828, -10795, 16524)
(-27, 89, 62, -19087, -6768, -23987)
(-110, 76, 21, 228, -31276, 15514)
(-84, 72, -77, -26252, -19301, -18538)
(50, -118, -56, 9054, 9766, 20271)
(-101, -91, -111, -25468, -3078, 3999)
(-79, 72, 43, -23998, -17572, 19815)
(123, -98, -25, -20068, 6827, -7477)
(-98, 83, -52, 17551, -1959, 2900)
(34, -88, 32, 10186, 3662, -3127)
(105, -115, -79, 15023, 2029, -5551)
(-63, -114, 52, 25481, -5477, -5347)
(127, 7, -127, -1337, -7793, -7000)
(-106, 123, -97, -19450, 9020, -11980)
(104, 51, 109, 22168, 4796, 4993)
(51, -79, 86, -11411, -21720, 3913)
(34, 27, 117, 25953, 30716, 25883)
(-85, -46, 109, -32540, -32086, -24346)
(-71, -8, -30, -22413, 12551, -32035)
(-33, -123, 27, 17539, 22443, -32035)
(-41, 68, -17, -2131, -27718, -32035)
(-74, -57, -75, -10994, 30716, 13483)
(104, 79, 74, -5034, 8582, 29252)
(-63, -127, 98, -1178, -31630, 10125)
(-44, -123, -80, -8818, -9233, -13320)
(60, 126, 72, -30864, 5207, -4327)
(-24, 12, 101, 12136, -27905, -29848)
(98, 49, 37, 21875, -15787, -22669)
(-98, 92, 58, 8469, 1060, 1436)
(-57, -101, 117, -4296, 6392, 12101)
(48, -89, 101, -2419, -4237, 1157)
(11, 111, -22, -4285, -12413, 3304)
(-75, 104, -117, -4657, -17663, 3024)
(-56, 85, -60, -3119, -18248, 11821)
(56, 103, -58, 671, -30700, -8748)
(-32, -63, -121, -10657, -24584, -16995)
(-12, 44, 2, 6662, 31608, -16925)
(-128, 83, 89, -20548, -28721, 31010)
(37, 29, -110, 9709, -32137, 31556)
(-113, 21, 56, -24387, -23810, -32035)
(-93, -82, 14, -32539, 32654, -26786)
(117, 75, -1, 30808, -28624, -16717)
(0, -1, -81, 9837, -27205, -10060)
(72, 109, 56, 20318, -11593, -6660)
(-64, -96, -93, 20143, 3986, 1668)
(-76, -79, 3, -7991, -24734, 22053)
(58, -124, 25, -16685, -10717, 28214)
(-35, 62, 127, 229, 18383, 31801)
(-43, 102, 78, -1248, -16762, -31800)
(-93, 72, 68, -31184, -6442, 6610)
(-102, 60, 15, -5460, 259, -8330)
(-67, -71, 36, 11947, 1144, -3808)
(109, 101, -11, 16454, 4776, -6393)
(-81, -80, 106, 16573, -18452, -10316)
(-101, 22, 25, -20994, 12144, -10788)
(-53, -32, 6, -11417, 29382, 7485)
(117, -53, 8, 22012, 29549, 2118)
(115, 59, 94, -26728, 32716, -2072)
(74, -24, -99, 31058, 8338, -14918)
(-114, -74, 54, -19535, -4392, -32033)
(64, -122, -67, 28661, 14520, -32033)
(125, -95, -67, 4467, -32259, 26877)
(123, 77, -38, -31449, 28869, -528)
(65, 69, 107, -26093, 32170, -26218)
(-52, -104, -92, 19035, -2841, 24668)
(-100, 90, -66, 13677, 18737, -12762)
(0, 37, 123, 15801, -27102, -27535)
(78, -126, -109, 14330, 11707, -7197)
(-46, -114, -96, 6579, -105, 14302)
(-14, 67, -85, -20443, -15757, -32033)
(-108, -77, 58, -16555, 13039, -5708)
(-59, -95, -124, -27088, -27470, 18261)
(12, 52, 35, 4444, -16176, 27984)
(15, 40, -53, -7791, -11770, 19745)
(-88, 75, 96, -10522, -7147, 7481)
(62, -69, 4, 9904, -312, -7369)
(0, 120, -93, 11998, 5570, -10726)
(40, -42, -97, -4645, 4652, -13612)
(12, 122, 111, 4829, -3055, -3278)
(61, -41, -65, -17126, -29728, 1359)
(22, -3, -93, -12729, 28693, 21362)
(110, 10, 21, 6685, -29364, 4352)
(-35, 14, 50, 5972, -13291, -19280)
(-45, -15, -33, 20646, -17739, 23976)
(-106, 119, -6, 18578, -25578, -22797)
(-79, 10, -21, -147, 24842, -26175)
(103, -39, -29, 19186, 30710, -22073)
(-70, -105, -47, -23389, 32161, 29176)
(-92, 12, 116, -32539, -8550, -32032)
(-75, -98, -65, -32539, 11348, -32032)
(-29, -114, 7, 7857, -23956, -25214)
(-114, -41, -39, -7588, -12875, 6942)
(-113, 110, 114, -16218, -23500, 15397)
(24, -2, -45, 230, 4685, 1884)
(20, 81, 69, -3344, -105, -17365)
(-128, 44, -42, -14860, -13766, -32030)
(-50, -21, 105, 4434, 8785, -26446)
(57, -111, -67, -25728, 3902, 1383)
(-11, 29, -31, 19571, 3925, -27076)
(89, 19, -110, 12893, 7106, -5539)
(-75, 39, -113, -32539, 30886, 3957)
(-56, 68, -107, -32539, 14395, 24465)
(47, 100, -77, -32539, -4023, -23324)
(-37, 51, -68, -12089, 555, -32029)
(-97, -81, 68, 26181, 29881, -32029)
(-74, -125, 55, 228, -29659, 32059)
(-106, -109, 68, 31389, -9319, 18411)
(52, 39, -43, 9211, -3612, -16629)
(89, -28, 9, 10108, -18935, -12671)
(33, 45, 52, -3825, 27280, 15430)
(34, 19, 126, -14394, 10854, -6221)
(-101, 91, -42, 24068, -26850, -28940)
(-106, -72, 72, 3587, 1594, 2272)
(-100, 50, -25, -21068, 12578, 573)
(-33, -58, -23, -30337, -23155, 18974)
(48, 73, 44, 230, 16446, -32328)
(44, 38, -82, 228, -28, 738)
(-12, -12, -29, 230, 17055, 18595)
(-53, -106, 86, 401, 30710, -27059)
(-109, -82, -99, -26590, 30710, 29425)
(55, 13, 46, -13984, 30710, 20207)
(-18, 39, -34, 7866, 30876, -19320)
(-125, -75, 38, -15929, -23959, 27259)
(-113, 124, 104, 230, -2057, -32029)
(48, 109, -112, 228, 30710, 9365)
(-128, 98, 82, -32539, 32271, 15319)
(117, -116, -76, 230, 31543, -10436)
(-80, 52, 62, -13595, -10381, -23324)
(-109, -28, 74, -6086, 9989, -13274)
(-76, -43, 109, -32539, -9990, -27150)
(-103, -104, -123, -32539, 16263, -16841)
(-10, 120, -92, -16325, -16611, -24826)
(-71, 40, -19, 16670, 18481, 28912)
(-14, 70, -117, -32539, 30050, -5515)
(-32, -74, 106, -18132, -10159, -27608)
(81, 32, -51, -19902, 14203, -25527)
(120, -90, 106, 19903, 29358, 26979)
(-51, 55, 13, 2584, 7632, 32381)
(-68, 2, 39, 32209, -14339, 7275)
(32, 117, -107, -3808, -21930, 9649)
(-21, -122, 20, 16475, 15283, -7991)
(-99, -74, 98, 29840, 28859, -21554)
(-42, 84, 120, 5560, 29762, -1353)
(98, -101, 77, -22622, 27958, 1724)
(-53, -74, -107, 29692, -3901, -14878)
(-81, -62, 102, 14049, 8191, -32031)
(-5, -123, 120, 21560, -2278, -32031)
(26, -19, 103, -12309, -23956, 13853)
(53, 2, 102, 19527, 32038, 20401)
(40, -61, -25, -15467, 30714, -25682)
(-41, -122, -64, -9309, 30714, 3655)
(-39, 121, 83, 500, 29676, -27079)
(-47, -92, 6, -28750, -12335, 25560)
(81, 86, 80, -11731, 21561, -27097)
(82, -77, 97, 31721, -890, -6594)
(42, -87, 2, -18426, -14627, 1771)
(7, 58, 105, 6154, -22973, 22760)
(-27, 75, -62, -11119, -22973, 11232)
(63, -4, -107, 6956, 6225, 5947)
(-82, -69, -119, -1051, -6520, -6531)
(-37, -6, -70, 14142, -4049, -6822)
(15, -2, 77, -7553, -12908, -8416)
(-16, -31, 31, 8756, -23998, 4168)
(-115, -45, -11, 6648, -17834, -12064)
(123, -29, 7, -2105, 32548, -23583)
(-89, 29, 98, 22255, -23628, -24004)
(-52, 83, 120, 745, 28550, -24708)
(-85, -92, 51, 18217, 29818, -22230)
(53, -97, 35, -23831, -28702, -29230)
(26, 23, -48, -32270, -24364, 31025)
(-72, 80, 4, -32537, -15517, -32033)
(-37, 20, -27, -32537, 10304, -20933)
(54, -28, -6, -18837, -20274, -29275)
(-123, -80, 92, 6694, -13759, 7677)
(1, 46, 22, 4149, -14266, -23637)
(49, -82, -23, 14691, -20656, 22182)
(46, -34, 102, 28751, -2826, -29984)
(87, -27, -14, 18118, -15047, -15785)
(-103, 37, -45, 8852, 15653, -12855)
(7, 97, -72, 30604, -23269, -13069)
(117, 2, 51, -4095, 11721, -4407)
(60, 42, -68, 11020, 6822, -7131)
(-50, 108, -5, 19332, -10711, -2026)
(-53, -16, 32, -21478, 15049, -5400)
(-86, 13, 96, 21266, 14443, 10421)
(88, -52, 91, -32537, -29752, -1394)
(-71, 98, -127, 1474, 31339, 22591)
(86, 111, 13, 21662, 11918, -22954)
(56, 116, -46, -32537, -4507, -32031)
(-117, 34, 124, -22601, -20966, -32031)
(118, 102, -128, -3082, 30714, 34)
(-57, -76, 120, -1875, 7496, -32597)
(30, -81, -109, 23713, -5238, 32072)
(-77, 100, -96, 12018, 30714, 30347)
(51, 89, 83, -4868, -12639, -19273)
(65, 114, 67, -22503, 16062, -2343)
(47, -71, -118, -10488, 26807, 25574)
(-101, 114, 106, 1635, -14861, 31315)
(-125, 120, -53, 17232, -28671, 27479)
(-111, -117, 64, -22680, -30697, 18720)
(22, -48, 41, 15260, -17527, -23300)
(41, 105, -52, -16940, -6610, 8460)
(15, 47, 51, 2401, -833, -7111)
(-97, -45, 92, 16137, 2369, -7481)
(35, -117, 28, 4693, 5050, -11091)
(-60, -86, 110, 19207, 16229, -19045)
(61, 94, -109, -11297, 9214, -20193)
(-110, 23, -28, 6267, 3339, 3631)
(-77, 59, -26, -8330, -15055, 11728)
(119, 102, 60, -22615, 19943, -10626)
(-112, -109, -40, 16858, -23814, 18832)
(-87, 31, -11, 13871, 26761, -5693)
(-111, -48, 8, -28849, -1277, -6848)
(-120, -110, 5, -22844, -9931, 24256)
(-111, 79, 13, 1541, 20297, 32019)
(-48, 77, 88, -24456, -5252, -32031)
(-29, 31, 91, -31736, -26010, -20010)
(-114, 90, -90, 11887, 24433, -12180)
(-56, -47, -5, -25501, -4924, 3475)
(82, 100, -96, 22162, -16991, 605)
(-51, 112, -78, 5621, -22871, -8484)
(-36, -68, 109, 14032, 3642, -13429)
(13, -82, -47, 7769, 1593, 6638)
(-117, 72, 68, -20874, 13519, -31373)
(-22, 8, -49, 231, 12128, 9852)
(105, 86, -95, 229, -18625, -15120)
(-44, -13, 57, -27304, -26171, -32030)
(-58, 125, -9, -1813, 7528, 7452)
(69, 68, 23, -15244, 4235, -5554)
(96, -109, -74, 11631, -6986, 5066)
(-107, -102, 72, -2676, -709, 459)
(30, -12, 28, -2745, 10817, 7590)
(46, 30, 122, 4117, 21101, 2229)
(80, 92, -79, -29639, 15129, -2048)
(112, -15, 102, 26263, 5505, -13264)
(39, -112, -55, -291, 27331, -1399)
(18, 53, 61, 22251, 27802, -13326)
(44, -106, 84, 8027, 19277, -32032)
(-56, 67, -33, -19049, -8202, -32032)
(89, 75, 76, -2726, -22424, 19599)
(104, -30, 37, 25079, 31428, -12666)
(-39, -104, 28, 6270, 30717, -17885)
(-78, -64, 81, 23940, 30717, 15103)
(95, 73, 16, 24457, 12942, -18307)
(-2, -10, -79, -4563, 25498, 29651)
(-5, -82, -96, 685, -19329, 11387)
(-39, -55, -90, -13418, -8171, -4660)
(-9, 48, 107, 21202, 12525, -10587)
(-3, 104, -58, 19175, 19724, -27156)
(-27, 92, -93, -6303, 18937, -26715)
(13, 90, -61, -4012, 14932, -15304)
(64, -51, -28, -1942, -474, 1146)
(-17, -8, 56, -22814, 16478, 31638)
(-23, -89, 99, -8094, -3930, 7837)
(39, 43, 49, 231, -2048, 736)
(92, 90, 110, 229, 30719, 32470)
(79, 5, 80, -32538, 31258, -31686)
(-6, -30, 44, 231, 8694, 4295)
(51, 43, -61, -32538, 21041, -3755)
(-109, 125, -91, 229, 19697, 18642)
(-120, -50, -14, -26507, 6340, 27905)
(-20, -82, -28, -26567, 19816, -32031)
(-57, 18, 56, -6072, 1780, -30531)
(100, -23, 42, -32538, -20322, -32531)
(107, 96, -95, 24140, 14086, 14721)
(-89, 62, -43, 25029, 3493, -30060)
(17, 53, 34, 229, 30717, 24752)
(-113, 41, 87, -32538, -2052, -20142)
(30, -40, 50, 231, 16908, 5755)
(-13, 88, 29, -17447, -21568, -16221)
(61, -45, -46, -26646, -29524, -28319)
(-5, -19, -56, 231, -8418, 27898)
(-111, 34, 107, -10794, 32283, -2271)
(-62, 96, -119, -10127, -13164, -2253)
(20, -106, 107, 1267, -18752, -17517)
(-89, 15, -97, -32538, 7176, 14628)
(118, -44, -62, 29414, 2629, 21904)
(-8, 96, -17, -20421, 10139, 3376)
(25, 86, -36, -27665, 11256, -17440)
(-37, 64, -107, -30005, -17833, -20666)
(78, -55, 49, 6127, -22263, 14002)
(-73, -43, -62, -16588, -31675, 24541)
(103, -14, 46, 27682, 30718, -9617)
(-17, 98, 101, -27681, -32729, -29577)
(-22, -115, -44, 31379, -8315, -32033)
(126, 2, 14, 24492, -14758, -32033)
(-59, 77, 16, 16078, 30718, 10269)
(-109, 31, -9, -22313, 12680, 11389)
(-113, -92, -18, 15113, -28806, 32534)
(-17, -84, 0, -18674, 30718, 6368)
(-28, 2, 59, 5869, 29332, 26687)
(-40, 73, -105, -17092, 31180, -1473)
(-89, 43, 84, 231, 16349, 15372)
(102, 15, 110, -15071, -17784, 4621)
(-74, -18, -25, -21526, -26892, 7591)
(-90, -40, -52, 17709, -10716, 15135)
(-103, 14, -5, -22198, -14929, -2936)
(61, 73, 23, 1295, -169, 19771)
(110, 44, 39, -32689, -32585, -5228)
(-31, 108, -41, -7278, -24612, 10113)
(115, -111, 73, 23415, -18490, -25562)
(16, 116, -122, -11443, -26179, 24823)
(-77, -50, -52, 16336, -31463, -22952)
(42, 85, 123, -20851, 27839, -6533)
(18, 50, -83, 21453, 30718, 32142)
(-99, -92, 37, 28880, -24873, 30787)
(-31, -64, 21, -29884, -11215, -32033)
(-125, -35, -49, -32539, -5007, -32033)
(121, 29, 99, 14758, 4826, -27845)
(10, 52, 72, 27262, -6130, -5496)
(-54, 123, 53, -14738, 30977, 32314)
(-26, 34, -117, -25223, -5488, -23818)
(-17, -47, -121, 3532, -13567, -22162)
(-25, 40, -114, -25042, -30, 13698)
(-8, -108, 105, 28823, -30837, 1327)
(25, -25, -44, 8061, 353, -2829)
(-109, 37, -16, 17222, 10166, -377)
(9, -40, 114, -3221, -21934, 20464)
(3, -88, 23, 23223, 8557, 7146)
(96, -64, -20, -32540, -964, -20511)
(92, -23, -112, -32540, 32331, -31832)
(122, -83, -122, -32540, 21961, -32032)
(0, -122, 54, 31210, -30630, 32013)
(111, 41, 86, 5378, 18634, -30760)
(-96, 126, 24, -27850, -30788, -14763)
(119, -19, 12, -17768, 30720, 21886)
(-59, -59, -119, -15654, 2232, -27880)
(14, -19, 82, 10206, 28536, -29538)
(-73, -76, -31, -15900, 27318, -32032)
(-91, 4, 28, 12137, -20326, -14237)
(74, 68, -115, -4627, -2090, -28846)
(-64, -112, 88, -15284, -32675, -32339)
(116, -26, 65, -5892, 24850, -20929)
(-52, -89, 95, -10572, -2491, -21690)
(-2, -121, 81, 3791, -18148, 11809)
(1, 4, 98, -17364, -23562, 13369)
(45, -9, -86, 7612, -28706, 7203)
(-83, -73, 5, 7739, -25859, -20117)
(13, 99, 37, 7480, -20062, -25628)
(-41, -64, 113, 9236, -21303, -10302)
(36, 46, 77, -4526, -15203, -12985)
(97, -45, 14, 9804, -22906, -7904)
(-69, 125, -76, 27903, -28023, -10212)
(-55, 70, -94, -26054, 28239, -7898)
(40, 55, -57, -7524, 31417, -9473)
(89, -56, -119, -29058, -21976, 29046)
(-124, 64, -101, -30064, -27879, 31181)
(40, 83, 29, -31447, -8623, -32033)
(119, -102, 86, -32540, 10751, -32033)
(22, 33, -27, 29216, 22705, -24419)
(3, 76, 71, -6454, -15581, 21)
(24, 95, 72, 29824, -8923, -27064)
(-74, 21, 51, 5809, -5598, -26243)
(-107, 22, -28, 26282, -4922, -10311)
(110, -8, -24, -24174, -7181, -4593)
(-127, 37, -101, -14413, 6648, -9488)
(96, -88, 98, 16720, -1217, -2508)
(-57, 102, 106, -3736, 161, -15891)
(44, 121, 25, -12744, 8075, -9363)
(17, -128, 71, 23855, 16365, -14220)
(-122, 112, -3, -26074, 24056, -13667)
(-1, 107, -45, 30528, -17898, 8623)
(-50, 74, 50, -30017, 9319, -15926)
(-108, -69, -7, 32155, 6522, -32034)
(11, -19, -20, -32540, -30452, -32034)
(88, 19, 71, 25131, -32124, -32034)
(-17, 69, 71, -18996, 30721, 31119)
(-62, -63, 43, 24582, 25939, 31579)
(-18, 114, -19, 11756, 32315, -4559)
(-44, -31, -108, 22178, -8339, -12286)
(90, 101, -85, -32307, 22532, -31051)
(61, 25, -47, 32301, -29751, -32034)
(54, 90, 12, -5933, -6382, 13205)
(125, -79, 10, -20190, 9110, 19019)
(-99, 15, 118, -29504, 20394, 29663)
(-44, 22, -67, 23253, 12784, -32034)
(7, 97, 25, 31689, 21866, -32034)
(107, 6, 7, 1747, -27074, -31312)
(80, 104, 127, 4650, 19176, -21353)
(11, 34, -101, 7621, 30722, -32034)
(-43, 25, 86, -26944, -5718, -32034)
(-4, -106, -66, 25291, -19088, -6487)
(-37, -86, -116, 11787, 19917, -16501)
(-75, 106, -118, -1872, 26995, 21845)
(-122, 31, -107, 26778, -3186, -32034)
(-18, -9, 103, -984, 30740, -32034)
(106, -89, 3, 5188, 26561, -32034)
(-1, -128, -77, -28738, 30723, -16335)
(-28, 117, 97, 13688, 30723, 28269)
(121, 13, -109, -24977, -17380, -32034)
(-29, -125, 98, -32538, -11798, -32034)
(72, 108, -111, -32538, 14190, -32034)
(68, -24, -30, 9041, 1557, -22401)
(21, -55, 26, 8233, -9821, 27515)
(-91, 75, -125, -21622, 17408, -22958)
(86, -23, -7, 6939, 32177, -26478)
(-7, 5, 47, 18797, -32667, -26297)
(96, 65, 108, -6151, 11651, -32034)
(-76, 49, 38, 18250, -23751, 7264)
(37, -102, 31, -12144, 10272, 801)
(-27, 46, 57, 22866, -17163, -3575)
(104, -113, -127, 29021, -19777, 6944)
(-52, 85, -107, 427, -26082, 944)
(-65, 74, 92, 12866, 31432, 16422)
(49, -57, -58, -32538, 32067, 20838)
(98, 48, 103, -13791, 2515, -16969)
(-27, -68, -108, 26749, -23720, -32008)
(-110, 99, 110, -3999, 26334, -32034)
(48, -5, 15, 19430, 31264, -32034)
(40, 55, -66, 9837, 16483, -25280)
(-98, -67, 106, 25218, -29178, 28885)
(75, 48, 109, 2051, 30722, 23586)
(-118, 20, -28, 19925, -1311, -31313)
(-118, -105, -32, 30598, 8632, -6004)
(109, 102, -31, 229, -26368, -32034)
(91, 51, -41, -32538, -6946, -24299)
(-65, -27, -102, -19426, -3317, -14202)
(114, 105, 11, 17705, -16545, 23058)
(96, 43, 83, 10144, 24877, -28692)
(82, 43, 25, -13999, 17030, 32388)
(38, -65, -26, 230, 5616, -28498)
(-1, -113, -105, 228, -14902, -22291)
(2, -116, 64, 230, 24084, -32034)
(-79, 93, 106, -32539, -25249, 12545)
(-8, 44, -125, 24620, 32329, 26197)
(-32, 20, 55, -32147, -13624, 27343)
(41, -125, 20, 16828, 11857, -32034)
(-16, 2, 88, -25670, -10277, -32034)
(-87, 45, 98, -32539, 15703, -6609)
(-101, 82, 7, 7413, 30721, 18476)
(11, -71, 43, 25524, 30721, -6852)
(-80, -16, 54, 32308, -7761, -13717)
(4, -34, 5, 3360, -19323, -30955)
(-128, 115, -118, -20147, 32679, -32614)
(65, -76, -84, -11309, -5424, 32343)
(-60, -123, 113, 230, -22772, -30526)
(55, -85, 115, 228, -10889, 229)
(16, 94, -108, 230, 23371, -4748)
(101, 14, 31, -32539, 25536, 17295)
(-106, 61, 20, -32539, 20186, -22384)
(-28, 69, -123, 9196, 6133, 17148)
(61, 18, -66, -6730, 14515, -11190)
(101, -25, -75, 12015, -10556, -20200)
(110, -32, 110, -8168, -2663, -31)
(-122, -119, 83, 9219, 14664, -22952)
(-39, 92, 74, 7448, 32436, 19236)
(117, -95, -34, 13413, -24465, 19946)
(-44, -75, -38, -32539, 30721, 31477)
(-77, 90, -81, -32539, 27547, 732)
(89, 126, -8, -32539, 6673, -32035)
(-62, 61, 123, 20018, -26609, -32035)
(120, -22, 50, -17291, -32646, 19857)
(-127, -32, 9, -31529, 20013, -31460)
(2, 125, 10, -6935, 25539, 4299)
(-65, -36, -105, -12059, -24424, 13945)
(97, 2, 104, 230, 27939, 13071)
(99, -2, 98, 228, -31150, 23591)
(69, -49, -74, 29758, -26763, 12548)
(-13, -4, -66, -15541, 7110, 22154)
(-126, 3, -27, 27187, -18405, 14989)
(-9, -43, -36, -4040, -15359, -20434)
(-115, -33, -50, -14289, -6807, -24207)
(8, -93, 78, -3877, -5004, 1387)
(29, -59, -128, -21471, -25034, 7259)
(11, -69, 80, -2026, 22739, -18629)
(-4, 10, -90, 16506, -28091, -32567)
(-59, -68, -83, -21145, -19230, 30242)
(14, -8, -71, 23909, 28813, -32034)
(-116, -52, -64, -29432, -17376, -32034)
(77, 122, -81, -32541, -20032, -32034)
(126, -124, 6, -32541, -27292, -32034)
(-17, -115, 96, 3629, 4032, -32034)
(-117, -120, 22, 31862, 7890, 21459)
(-19, 17, -119, 226, -4685, 28840)
(-121, -73, 7, 228, 25074, -25502)
(-121, 112, -1, -32541, -4203, -32034)
(94, 73, 69, -21475, 17032, -32034)
(82, 126, -122, -10739, 9573, 14711)
(-63, 44, 51, 6886, -5400, -13865)
(20, -52, 11, 25452, 31956, 30737)
(114, -33, 20, 18906, -10010, -23178)
(108, 104, 124, 16893, -15552, -13231)
(9, 56, 54, 16311, 24855, -23094)
(9, 107, -127, -6886, 27004, -2379)
(-36, 90, 29, 16248, 21415, 30981)
(-75, -61, 26, -14653, 26506, -14086)
(-55, 107, -32, 249, 12082, -28118)
(66, -3, -124, 20081, -1934, -32034)
(24, 9, -75, 2179, 25773, -32034)
(50, 113, 90, -14049, -28734, 9607)
(20, 95, -24, 29076, 15147, 30684)
(15, -34, -17, 976, 25735, -14739)
(-28, -119, -70, -24920, 17158, 23446)
(-37, -103, -86, 18661, 327, -20496)
(-99, 118, 84, -20081, -26931, -18106)
(75, -44, 39, 12570, 13290, 17937)
(84, 43, -64, 8704, -15717, -9888)
(63, -126, 87, -6306, -31130, 10914)
(-122, 80, 72, -12209, -25032, 13626)
(80, 17, 118, -7851, -3039, 25264)
(-14, 81, 88, 20976, -32647, 3872)
(105, -94, -96, -9581, -12462, -9666)
(-90, -80, 75, 32275, -25155, 24956)
(-3, -3, -58, -24363, 30274, 31570)
(103, 117, 26, -32396, -16201, -32035)
(112, -92, -81, 23208, -32455, -32035)
(48, 14, 86, 9967, 27658, -19271)
(-33, -109, -26, -23777, -28706, -11402)
(16, 77, 82, 28293, -12625, -9305)
(112, -91, -116, -30973, -4277, -18104)
(16, 53, -25, -32540, 6727, -15942)
(19, -19, 75, 19067, -744, 4275)
(17, -17, 33, -13255, -21125, 13647)
(-75, 67, 123, 15574, -4727, -30812)
(19, -56, -67, 11691, -24682, -24782)
(-88, -121, -121, -27413, -25696, 31959)
(-27, 116, -31, 27862, -7867, 30388)
(120, 111, -13, 4743, 1916, -30879)
(-23, 86, 13, -23627, 19364, -12127)
(-11, -30, 62, 9995, 6536, -714)
(-6, -11, 100, 29094, -15132, -5328)
(-12, -45, 47, 15744, -22364, -1051)
(-99, -84, -100, -21365, 19563, -9132)
(116, 58, 61, -30615, 11444, -13225)
(95, -6, -35, -28597, 19950, -24139)
(17, -23, 108, 30133, -32489, 7909)
(-108, -79, -18, -32540, -6284, -14630)
(-4, -57, -91, -32540, -6256, -32038)
(64, -105, 7, -9207, -22810, -32038)
(39, 99, 70, -15783, 2545, -32038)
(39, -105, -106, -7951, 29410, -11994)
(18, -45, -20, -32540, -31071, 17052)
(100, 8, -40, 229, 16647, -32423)
(34, 16, 85, 7260, 12182, -2814)
(-122, -58, -17, 12375, 19863, -30857)
(81, -72, -76, -19166, -6764, 731)
(-72, -104, 54, 229, -18304, -32038)
(58, -12, -105, -7836, -430, -12121)
(-107, 51, -43, -29853, -18979, -14244)
(34, 125, -49, 229, -2042, 26873)
(83, 111, 61, -31527, 32029, -20963)
(-112, -97, -45, -31309, 30291, 20759)
(-113, 66, -65, -20399, -13285, 29907)
(-118, -27, -65, -16953, -15436, 25703)
(-90, -120, -19, -16148, -13108, -29382)
(81, 56, 2, 10010, 20543, -28338)
(78, 26, -110, -13820, 30726, 31969)
(-119, -34, -87, -3645, 30726, -32039)
(27, 44, -60, -14195, -2887, -32039)
(87, -86, 76, -32541, -26761, -32039)
(80, -74, 122, -32541, -31192, -32039)
(80, 38, -10, 25252, 24373, -32039)
(37, 65, 127, 2809, 3726, -15003)
(-106, -11, 15, -13488, 14514, -4950)
(58, 53, -20, -31722, -22, -32039)
(-77, 26, 110, 30605, -21588, -32039)
(12, 44, -110, -32541, 22810, -32039)
(-108, -120, -28, -29362, -3274, 12209)
(62, 35, 106, -12095, -3269, -23568)
(20, -34, 58, -28787, 13360, -11890)
(65, -53, 57, 24582, -1674, -12270)
(26, -99, -1, -7892, -41, 23405)
(1, 102, 85, 31439, -26904, 6560)
(123, -108, 5, 22592, -31614, 20632)
(22, 38, 20, -32541, 30726, -25175)
(44, -3, 90, -7738, 23500, -23404)
(105, -34, -58, 24728, -10618, -32038)
(97, -7, -1, 226, -30690, -32038)
(-90, 42, -33, 17957, -7050, -32038)
(13, -53, -8, -27529, 30726, 731)
(-41, 86, -8, -913, 20193, -32038)
(-50, -12, 126, 32033, -31299, -20851)
(27, -82, 87, 29358, 14587, 5843)
(-6, -28, -88, 19195, 3338, -5112)
(123, 97, 109, 22795, -32437, 17208)
(10, 100, 86, -5116, -24600, 18086)
(69, 23, -87, -15165, -6032, 11222)
(68, 18, -53, 9749, 8818, 7055)
(-108, 101, -15, 25481, 11453, -5582)
(68, 16, -70, 28980, -25272, 22356)
(-111, -53, -80, -30152, -24907, -11062)
(-126, 2, -20, 3921, 29677, 15160)
(-5, 37, -72, -12326, -29031, -26378)
(-25, 31, -128, -24638, 28164, -12307)
(-118, -116, -92, -12982, -23400, 30973)
(84, -73, 69, -29497, -18466, 28837)
(-111, -109, 125, 27621, 32156, -32037)
(45, -22, -98, -28416, 28008, -32037)
(25, -33, 92, -32540, -29505, -32037)
(-107, 36, -90, 31616, -5472, -32037)
(-90, -28, 44, -32080, 7511, -32037)
(-35, 107, -50, 20784, 8192, -23386)
(-42, 123, -120, -10, -722, 10565)
(21, -91, 28, -20182, -27416, 27347)
(20, -56, 79, 229, -12175, -15343)
(84, 49, 8, -10574, -28613, 25163)
(-33, 121, 37, 10594, 7247, -22951)
(-108, 2, 54, -8628, 10199, -10835)
(-3, -74, -120, 4478, -3241, -1042)
(-5, -84, 63, -27840, 8720, -23651)
(-65, 81, -53, 25808, 1195, -4790)
(-86, 101, -3, -32540, -20815, 27491)
(-76, -3, -49, -32540, 7949, 30804)
(-92, -71, 66, -32540, -6706, -28146)
(14, 25, -106, -32540, 18613, -32038)
(-73, 3, 92, -32540, 6036, -32038)
(120, -12, 53, 227, -23571, -32038)
(108, 65, -64, -32540, -5499, 25013)
(-49, 13, -99, 229, 14762, -17827)
(43, 45, 52, -14718, -25468, -23485)
(0, 11, -84, 29291, -3462, -7529)
(113, -101, 33, -7800, 16508, -31523)
(-115, 111, -30, -32540, -26277, 25327)
(110, 4, 36, 229, -2044, 26970)
(94, 5, -43, 227, 27719, 7343)
(127, 42, -17, 229, -20752, -4681)
