0,0,0,0,0,0
9,-2,64,-263,633,-776
9,-2,64,-263,633,-776
10,-3,-127,82,313,-704
9,-6,-101,204,245,-575
10,-10,-84,226,-36,-530
9,-11,-70,148,65,-404
15,-13,-52,-347,464,-503
21,-13,-48,-428,582,-570
25,-12,-45,-558,417,-326
29,-5,-41,-870,467,66
27,-2,-41,-923,374,90
31,8,-39,-832,254,398
36,14,-37,-604,191,297
43,20,-33,-677,346,233
50,24,-32,-499,558,-50
58,25,-33,-368,92,-322
57,25,-34,-154,8,-315
54,21,-33,3,54,-183
52,19,-36,-416,157,-95
47,29,-35,-1077,316,-10
49,38,-30,-869,347,178
57,44,-21,-389,219,-251
60,46,-16,156,59,-605
66,45,-12,-57,564,-651
107,62,-3,-1543,3530,-2144
-87,83,16,-857,4627,-5866
-1,111,60,609,6359,-6942
-10,111,60,531,5521,-6876
77,-87,119,114,9395,-10825
121,-49,-91,562,9215,-10936
-116,33,16,2012,8166,-11052
91,60,37,3424,7818,-11167
55,109,59,2074,11073,-11080
-16,-75,86,4316,9751,-11851
-46,-65,78,4799,10455,-12164
121,-61,30,5848,8641,-11708
85,-80,-12,4997,8872,-10788
56,-120,-65,5474,4861,-9390
29,110,-85,4257,3809,-7844
25,98,-101,2004,5686,-6840
61,79,-113,3483,5559,-7469
59,76,-109,4460,4006,-7445
71,22,-125,3581,2179,-5358
73,32,-123,4079,3636,-4747
-121,26,-115,-595,1144,-6696
125,54,-100,2262,271,-6870
99,46,-93,4581,491,-4410
97,35,-99,4486,-2736,-5264
29,-16,-111,4670,-2855,-4095
39,-20,-107,4927,-286,-2924
64,117,-80,5208,223,-2282
54,-117,-79,5012,-1850,-3359
-7,51,-46,9648,-2809,275
-56,-7,-6,8156,-1439,4866
-69,-37,52,1761,1019,3532
-117,-62,89,3872,6576,7283
118,-61,76,-12199,10296,-3550
96,50,-67,-437,-3623,1849
-110,75,-63,1944,-9631,2783
39,58,57,-17696,-17660,25866
-81,97,-93,316,-6064,-1466
49,93,-31,7624,-19077,13976
-28,-68,101,-10981,865,12352
2,-78,-108,1699,-987,6078
99,-68,-48,-3109,3087,-1716
-92,-7,-126,-4203,11774,-5333
-93,-38,113,1771,3455,-6808
-6,-115,-128,790,12605,-8578
-123,107,-82,4818,15072,-8266
-100,7,49,13447,15681,-12942
31,-10,-41,15063,18295,-15136
-120,-61,56,15049,29151,-16990
100,-99,-78,14580,20516,-13635
13,103,66,14231,21969,-9610
-46,-31,-91,20582,27270,-7125
110,-12,-98,16802,30962,-486
35,17,-100,17971,13186,11608
36,112,70,18913,12530,10507
-67,29,-56,7964,8565,11109
-1,-10,16,5363,5737,8553
-31,14,-54,3229,2456,10918
-32,123,22,-11160,-4307,14159
-7,112,-3,-11570,-6931,16383
75,81,74,-12383,-21255,20494
-110,-124,-50,-8650,-24488,13783
-83,125,-31,-26484,-4611,-2250
24,-109,-17,-15282,-15470,-2975
83,-121,-124,-24446,-15497,-11098
41,-7,-14,-21655,-14270,-17902
26,-115,114,-9860,1355,-28306
-45,-27,-69,868,3963,-22558
-25,115,-25,12604,4058,-20739
-23,-41,-23,10256,16262,-19232
-128,10,-122,13061,25072,-4903
-93,-89,-19,4446,24934,-3464
39,-105,4,16791,17922,-938
-77,-88,-53,19133,19881,-1329
-23,58,19,9581,13939,7597
-68,92,-34,15916,19203,10257
14,97,-27,2745,7894,8459
44,77,-50,11059,5596,10416
112,-51,-103,-1627,12677,19413
71,-70,-2,-569,3127,20205
-126,56,91,-12302,-6803,30241
93,79,76,-14172,-3542,25132
-118,21,15,-10590,-30697,20450
-79,-64,-95,-7865,-25199,22214
109,-117,-1,-2689,-29642,-3230
-81,74,123,-7257,30266,10612
-61,-77,-93,19421,-7377,-14466
-70,118,50,-31262,-11041,-11437
-23,10,6,-27170,-27780,-20119
-19,34,-112,-19657,2885,-16558
-49,116,126,-17388,5678,-14352
-104,-65,-37,-11212,-14748,-3314
123,95,-64,-16021,-13069,654
-70,20,-99,-14205,-929,-2403
-13,-10,-126,-6020,3553,-2337
-51,-54,73,-1433,-5122,1833
-4,-34,98,-2911,-5898,1325
65,-17,116,-3004,-1003,401
84,-16,98,-2073,463,1322
103,-8,61,-1565,-740,-680
97,-16,58,-1813,-1014,-1050
97,-75,117,-2024,2058,-365
83,-74,-97,-1237,544,145
59,-92,116,628,-116,1034
74,-79,122,-805,1830,-501
109,-92,45,362,3274,-1493
105,-99,51,721,2464,-1387
-125,-118,12,934,2701,-2424
-107,-125,-7,183,3769,-3298
-74,75,-77,1180,4684,-2990
-78,70,-75,1629,3393,-2359
-54,0,111,2794,2631,-676
-54,10,-128,2105,3135,-668
-66,12,89,2195,9427,666
-87,29,61,-862,7592,2979
-91,11,27,3583,-1440,-2639
-67,15,51,1577,2900,-571
-63,17,33,-895,2574,1103
-70,23,-3,2227,2887,2457
-96,17,4,3571,733,2829
82,-5,43,2085,-5877,2916
78,-8,43,1497,-3895,4237
-31,-16,78,678,-2385,9896
-100,13,73,-939,-1970,9572
64,103,23,-2111,-3740,8897
92,114,33,-11561,-4129,16623
1,-41,-90,1283,-3159,5077
-18,-104,-91,-4241,-7454,15398
6,87,-35,-7786,-4028,6278
-6,17,-51,-2504,-5876,435
34,75,-98,-236,5372,-4052
-66,67,82,-263,1834,-2248
-118,41,42,467,8002,-5696
56,-90,37,1314,10977,-9015
66,-121,49,-34,6638,-10098
116,56,68,-3395,14546,-14556
-83,75,90,-2767,13280,-12482
15,53,15,5537,15273,-10393
7,93,78,7934,18568,-9184
-30,-61,124,19034,30101,-1965
121,-42,81,25359,24676,11225
78,-29,75,29228,12113,14523
16,64,38,31347,6700,13067
-44,122,-54,12906,25991,16078
-78,-40,50,5543,22758,9297
84,-108,24,-18229,7106,22816
-34,-37,86,-5751,-3103,10923
-1,96,7,-11930,1770,6665
15,-87,-36,-961,-13854,8091
66,-29,116,11971,20705,12431
28,-101,-49,-6820,-32557,10426
-43,123,-46,-26374,-12432,-3323
13,87,-45,-32240,-13040,-16754
73,35,118,-24772,-8809,-20297
-49,110,-121,-17568,-15521,-19598
121,-26,-47,-11483,-7845,-22240
118,-127,80,-41,8364,-18599
17,84,18,3644,16776,-8390
96,25,98,5617,29100,-5773
-30,-90,-30,19552,5297,938
-79,-53,94,20349,13611,-4700
-39,-61,32,23522,12683,-4790
59,-115,110,15367,13477,-6185
90,81,-42,12339,15813,11594
-98,123,-41,7536,16972,5959
-14,-88,-72,3594,13608,6780
-47,-30,-122,-4444,8277,8608
68,-12,-86,-6655,5901,12163
58,6,-51,-11084,-2385,14359
-96,-33,34,-21339,-7247,9806
-89,-80,64,18937,22209,22649
-121,-50,25,-1094,-26973,25363
44,-102,-107,-18869,1215,18749
-47,-2,71,-9223,-12943,7510
-80,-4,79,-10751,-14112,7468
70,34,-100,-17811,-6940,-3015
28,-59,70,-17270,-5056,-6853
-80,32,-50,-10724,-2365,-6814
-116,123,-107,-5235,-5315,-9225
17,-51,-4,-5685,-5659,-12515
15,80,-28,-8649,-1923,-9770
-25,-1,-91,-653,-11271,-4699
110,-66,-48,-11526,-2275,-6391
-116,44,52,-699,-4583,9888
-85,-13,98,-6741,-2106,-2811
-84,-94,-32,-9070,1808,-6632
-41,106,-115,-8248,13,854
-120,38,-66,-8811,-3711,6978
70,36,-79,-10477,-5103,6367
125,80,-100,-9781,-5681,9767
-113,100,-50,-8352,-2992,10868
38,114,100,-6441,-2837,17859
-116,30,-105,-7596,-3476,15209
69,63,22,-10452,-13596,10379
-127,-79,-55,-14982,-4744,11287
-118,-22,2,-2101,-2219,8552
-29,-45,-9,983,-8668,8042
117,16,-55,-2393,-5607,9530
-63,1,-45,-3890,-689,8673
-5,-49,-10,-3880,-1167,7142
73,101,61,381,-20,-629
50,126,41,298,710,2083
32,94,7,-1134,-2203,4192
34,82,-6,-2605,-513,3486
46,-6,-60,-8661,-4475,3099
32,-60,-84,-8917,-4753,4131
35,41,98,-8757,-2854,2302
70,-20,97,1530,-3722,4669
74,-63,23,377,1730,2655
40,-73,15,-1228,-1860,-1277
108,-57,27,1211,8906,-4612
124,-6,106,-598,10050,-3900
95,127,42,-1941,13030,-10527
47,-44,-83,-945,15531,-11925
32,121,52,4188,21457,-13882
-24,104,-25,3994,23836,-15052
47,118,62,7532,26752,-21169
-92,-5,67,9052,27679,-19176
113,-108,48,15548,-29799,-13697
-124,-58,-68,19847,19906,-9345
112,65,-113,23460,18682,-5462
-125,8,-35,23224,19845,-3576
-38,105,-61,20599,24116,1654
79,-118,-120,20078,25265,8972
-14,104,-67,13570,15030,20510
15,-91,-101,21666,14505,13388
-94,24,34,15004,6768,15451
66,-5,94,-5319,20567,11050
-88,-125,93,-10472,7915,18258
29,72,16,-6068,-4056,13138
-58,59,127,4673,-17340,3956
21,119,35,7686,-18899,-190
-92,0,-78,-32353,10515,5948
114,124,5,-18169,-7708,-1316
112,-1,-27,-14195,-13932,-4909
-40,59,-93,-12258,8215,2259
-71,-57,-52,-10960,653,-294
51,109,68,-4807,-1633,-10196
24,54,-71,680,-2643,-11259
29,107,21,8274,-6478,-15105
-5,-37,54,7994,-6343,-16696
-40,39,-128,9011,2264,-17269
-66,72,-5,17918,-625,-15857
24,88,-122,16185,4177,-18643
7,11,38,21988,18341,-16370
115,-55,-90,27597,20570,-9466
-80,77,121,30000,11644,5736
-95,112,-89,31562,9254,10446
-98,-124,-2,10170,-23662,20135
76,-57,-59,17177,-1119,18289
-96,-87,77,1640,11671,19077
114,37,-44,-5455,20684,21715
103,-103,20,-6293,6910,15537
11,-33,-83,-9486,9898,17350
-117,-100,-59,-13113,6949,14048
-30,109,95,-18095,-3232,11556
-121,14,-116,-25066,-1863,-2363
6,-101,100,-19501,-6252,-8138
-77,35,9,-14329,-8381,-11352
-96,-70,-41,-9713,-16015,-7770
-66,102,83,-8185,-18744,-22683
120,122,-89,6822,-1609,-22556
40,-24,55,4867,-6673,-18532
95,-109,40,6392,-15199,-5256
57,123,10,1372,-18957,-11618
92,83,63,-28816,-24085,-10650
32,73,-84,-22576,-25889,-12381
58,85,11,31544,28638,-2893
76,-90,-31,-30040,-28374,95
52,-9,83,-11830,-4324,11798
-114,-83,121,-17377,-5390,5915
83,107,-61,-12391,-5407,20132
3,-61,-28,-12875,-7766,18562
-54,-86,-33,-5355,-7556,14759
-5,-59,79,-3080,-9084,13339
7,-95,17,-5841,-2457,22987
89,-85,-2,-9429,-3442,20228
-115,-49,-27,-6682,-11492,15090
69,-80,-85,-8480,1673,17696
-90,84,-64,-6089,-9253,17870
-87,70,76,-8994,29803,20703
-38,-128,123,-9140,948,12430
123,-80,16,-7540,-2084,15825
-63,106,-54,-4984,-8715,13040
-55,103,62,-6904,-5153,9969
-110,-87,54,-2549,-3204,7241
1,-20,41,-473,-3197,3857
5,-20,42,-1112,-4185,3959
125,18,28,1716,494,-374
-90,11,22,982,2181,-1906
-59,-18,8,3426,2649,-3992
-54,-61,11,2786,6523,-4549
75,-118,22,6629,5447,-9203
-74,74,83,8041,4263,-12495
101,103,-73,6917,10708,-15554
-70,-26,-50,20705,5953,-26893
16,98,-18,20466,16458,-21385
70,112,122,18722,13312,-16884
-109,-63,-31,21653,3450,-30001
11,47,36,13050,23679,-26351
-7,-109,72,17379,8738,-27629
-104,-11,-99,13716,15917,-27661
119,-25,-56,16689,24535,-23905
-19,71,51,18381,23528,-18091
-62,-66,-107,21178,22595,-12756
60,-64,-62,26539,17662,2897
125,39,-38,25688,17207,2872
53,-66,14,22431,15739,6032
81,106,-106,17959,13640,10196
13,-37,71,10913,12860,14047
-94,-40,-79,9500,17161,15343
103,19,32,1492,10368,16059
-126,70,-51,-10794,23930,8714
81,-33,-27,-5823,2962,17060
-83,-2,-18,-7916,5654,14561
71,-90,93,-15347,-1991,12202
99,-111,-83,-20811,2048,7359
-122,120,53,31508,108,8436
59,39,110,-29306,-5055,3614
-100,28,67,-7228,-10833,-4695
-20,-22,118,-13989,-12074,-14267
114,-87,-43,-12740,-9662,-15653
-93,5,-85,-6333,-12417,-22330
-59,2,79,3421,-9149,-22465
46,94,50,5212,-9278,-21958
-68,101,19,11165,1922,-19466
65,-44,48,17506,9315,-9427
78,70,109,19571,3431,-7417
118,61,-19,22413,8532,-2253
-61,-1,68,22674,10749,-3470
-43,16,-97,21439,12588,-2082
-123,-115,-31,18345,15126,5421
-25,15,87,12896,11166,8688
-7,5,40,9701,12315,10290
-60,51,75,-3104,15786,16558
-40,7,-117,-1621,14928,15945
-45,-92,114,-8024,8344,25453
37,-107,47,-17015,5071,21195
90,115,30,-24216,9218,16927
39,39,-72,-28871,5490,11042
7,34,-105,-28269,2897,4012
48,-58,86,-25372,-2324,-588
24,33,-88,-21519,-9779,4621
2,-106,-104,-15777,-10830,-3327
22,-99,41,-13101,-12627,-20390
38,-70,108,-13255,-14559,-25066
109,0,-91,-2284,-8510,-26237
-119,122,99,-435,-7035,-23476
118,61,61,16432,-6124,-15512
7,71,67,11889,-8050,-19585
-103,33,-18,17691,3201,-15173
20,-35,-84,22818,2,-8857
19,-97,-124,22413,-2271,-7579
-62,76,112,17779,6957,-4717
-17,116,-67,16910,6664,-5173
13,-33,-3,8245,11774,4828
-9,-4,12,8913,8602,4409
-99,-79,85,-1234,9114,9306
-102,-99,84,-1564,13529,11113
-128,-32,-117,-6689,5051,15384
30,11,45,-11260,6500,14323
110,86,37,-22358,9773,16820
-112,-119,-15,-19736,8176,12047
95,-27,-110,-23166,-65,2696
71,-81,49,-21310,-415,4411
-98,109,-23,-31272,-6061,16697
-69,17,1,30107,1145,4704
114,119,-83,32580,2500,9294
-107,69,-112,-28985,-18043,16536
-123,88,-7,-22378,-8922,7875
92,-68,-118,-21391,-229,12776
-89,7,-33,-20441,-12620,7608
103,-110,-102,-18039,-9971,7349
126,-6,118,-8846,-1269,13934
-53,71,-99,-9566,-14766,12899
-57,114,25,-6186,-2859,10372
45,43,5,-7028,-3679,10470
-61,-69,29,-9402,-7111,9030
13,77,14,-7374,-5779,5785
97,-44,-25,-7113,-210,1320
113,94,-60,-7265,-403,1248
84,33,-88,-4714,-1910,1605
93,-24,114,-3548,440,21
84,-65,76,-1137,-752,-85
73,-99,31,3122,-743,1510
78,-84,38,2654,-1069,1080
-103,-41,92,-1307,3670,-5838
-70,53,-122,-2823,306,-6166
-45,50,-121,-6291,8667,-9108
-50,-100,94,-920,7486,-15146
-82,-98,55,481,3265,-13051
94,-109,124,-1051,6418,-15682
89,-118,-127,-2383,6047,-19222
92,55,102,-3189,13590,-29736
86,-68,84,1472,20582,-27535
8,14,-44,10234,16576,-28614
-101,23,-57,9786,19317,-26070
-17,39,-15,17881,28945,-23856
-88,-108,51,19989,24697,-23127
69,70,14,25415,-28836,-12961
-20,-40,-36,29450,-32752,-5726
30,26,50,29292,21919,13228
-61,-52,-76,32586,19680,11681
-60,36,52,21423,11319,12685
-117,-70,60,6662,18144,11249
-113,-94,-57,-9718,13113,14713
-34,19,26,-3790,-540,14233
-29,-110,-82,-597,-13014,11492
-35,26,-18,-7738,-4973,12751
123,-116,-96,-11801,-16823,18533
-48,-22,103,23520,-5707,18538
-28,34,-111,31736,-7365,13561
-18,-30,67,32582,-14581,1828
-14,-69,52,-25100,-14123,-3644
4,29,51,-21128,-5812,-5817
-57,0,95,-18872,6209,-12591
86,-80,-9,653,2611,-28999
-19,80,-4,-767,3584,-25709
58,9,-4,11859,12499,-26202
-109,-65,-34,14643,11278,-22616
28,91,74,29420,7743,-10281
15,-69,125,30307,2840,-10837
46,-123,0,21870,11364,-178
20,-33,-86,21388,9679,-1410
117,-106,-113,12951,22218,12788
40,29,84,4404,17026,16231
47,-3,53,15863,3887,22280
-97,19,9,-7614,9268,24171
-57,-55,104,-6941,5836,22262
-73,68,-7,-26745,4345,15510
123,120,-18,-21778,-3078,13077
85,-113,-3,-28441,-3631,7540
68,32,-113,-27662,-7088,2534
-115,81,91,-18269,-1,-5274
-35,-77,-38,-16888,-5500,-11971
67,-35,-71,-13013,-12851,-22655
-104,52,70,-20078,-11295,-18832
9,54,-93,-10597,-3683,-6912
23,79,110,-11427,-2212,-7026
102,-3,-109,-336,-24599,-870
102,0,4,-15181,-21921,2804
83,70,63,-14629,-6761,8276
106,84,-14,-12260,-14072,6994
-14,-100,-32,-10991,-11343,15391
-123,108,-60,-636,-13691,13188
0,-11,7,-4759,-18951,12952
-13,-47,-34,-11167,-4746,12196
125,-75,-94,-7199,-7033,10354
21,80,104,-3086,-7301,9257
-4,-46,13,1955,-9353,7309
-5,-24,27,1197,-8313,10921
26,5,-4,1658,-9431,4718
31,-3,52,150,-7408,6270
-1,5,-17,-8413,-5724,3401
-108,-44,98,-10811,-5749,4569
103,-85,13,-6021,-3311,4518
-4,-109,-54,2278,-4832,3935
-6,-93,-15,1956,-7044,4495
120,-35,-3,-3429,-1875,-128
-104,-40,-23,-2468,-2397,29
-123,-49,-120,-242,1905,709
117,-55,-100,-534,440,-1049
103,-55,116,1011,-1902,-3392
-116,-88,100,84,1472,-3296
-41,-94,47,-848,3406,-3085
25,-85,47,1764,3934,-6797
127,-90,71,-348,21146,-10734
-48,-29,-86,3381,8327,-11590
13,34,4,3993,14713,-16404
-81,70,91,1140,19524,-18926
107,5,-16,7438,18295,-20715
-74,-21,60,8897,23617,-19840
49,-77,28,13878,18690,-22390
113,22,-7,12076,31997,-18126
-99,-89,64,15286,21491,-18515
-16,-60,-33,13792,28522,-21099
-34,51,83,11849,-31508,-21790
103,-72,16,16287,28324,-9864
-63,68,-2,16201,30665,-9047
106,-50,-114,17254,-31544,-102
-103,75,101,22384,24548,6529
47,-56,-108,25274,23560,12619
-32,-82,74,17492,11336,21476
83,29,-117,16713,17348,24512
23,-113,-113,6490,6352,23054
-60,-41,-111,-4368,3792,18555
8,4,-32,-10062,1523,12042
61,-15,3,-9357,603,14074
5,10,92,-4651,-19395,15326
-83,-117,19,-3244,-12003,6151
108,-10,27,20513,6391,9541
-112,-94,86,-29816,-9921,-3527
113,-31,-84,-21008,-1556,-15967
104,-24,-77,-13790,-8496,-12610
44,-34,-77,-13058,-8413,-22663
-93,66,-43,-883,10324,-28739
-8,-72,30,2106,-132,-27229
17,35,29,6084,-1476,-31006
86,122,-14,11212,5971,-16260
115,106,-42,24560,5598,-3619
-97,-101,100,24970,5128,1228
-33,-92,-71,21114,12171,12780
114,12,-21,7294,17644,11839
53,-117,17,14582,15841,21978
-10,78,86,10678,6678,20119
-90,75,-91,-145,623,25167
-88,21,-94,-6118,-3583,25598
-59,25,-40,-9985,-5181,20814
11,-46,-77,-18383,1148,13164
69,38,25,-21801,-6213,11132
-47,-16,4,-31067,-11116,8154
-41,-81,56,-19761,-4402,-9867
0,65,82,-8430,-444,3743
-67,91,-88,-17505,1814,6618
80,15,-43,-9369,-20404,-275
-125,49,-23,-13610,-11111,1840
77,-26,63,-19830,-279,1928
-115,-104,126,-15819,-2808,5161
116,-107,10,-13999,-10734,-993
-90,78,-127,-14016,-2288,1856
-9,46,-69,-5517,-6882,5131
2,77,83,-7536,-10638,-217
-84,-30,-85,-11757,795,-822
-110,-50,-86,-10011,1266,531
-98,1,-33,-5912,-539,665
-103,-37,-24,-6130,-3479,2137
-3,89,-57,-4984,-5591,-2282
35,87,-78,-5746,-2227,-2537
45,14,-97,-3790,544,446
24,7,-95,-2533,-1865,1219
41,-65,86,-11,-7742,644
85,-55,41,-855,-3214,896
123,-66,12,-422,-366,1617
-125,-90,117,643,-3529,1106
-78,-104,62,755,-2370,-2473
-47,-84,19,-613,-686,-2110
-11,-43,-27,-2014,1756,-3433
-16,-12,-38,-3248,529,-4490
34,78,-24,-2057,3942,-9005
38,102,-19,-2921,2955,-9099
-11,-88,72,-2990,4512,-14795
-22,-100,99,-3088,7797,-13281
111,-78,-21,2739,2224,-17605
111,110,121,3276,10645,-16660
62,59,12,2642,18714,-15972
-125,-11,92,3302,14221,-14984
24,40,-28,6918,19070,-14127
-98,69,2,9081,17913,-12969
67,31,-58,10048,28868,-3605
-5,11,84,16043,19232,-1397
-72,33,-114,16633,22076,-1290
-80,-101,89,25700,16739,5086
107,-34,123,19838,15767,11849
-48,-13,-71,15824,10724,12034
-117,-38,59,14411,12295,13948
103,118,-29,11961,8357,20292
28,-62,-64,8052,6699,22409
-78,116,-68,-7055,4123,23945
71,-77,-46,-8468,4173,26639
-126,-10,-61,-6299,-3225,26747
53,74,53,-11745,-14525,19466
59,37,22,-23105,2988,15419
-78,89,41,-24512,1537,12526
-61,-89,-109,-30442,3875,-10464
61,42,92,-23886,-1504,-3436
49,-53,88,-1724,-2754,-1270
30,-54,44,-2776,-5763,-21066
14,-124,-82,-6334,-2363,-25470
-67,57,-118,5657,-6035,-32502
63,74,-96,5604,7505,-26352
-2,-66,-77,8971,4396,-26586
36,-67,55,13494,13083,-19860
-72,107,13,15846,13131,-15152
54,80,16,22859,9643,2701
-30,9,-1,28301,8515,-2950
26,90,-88,22897,9294,1390
-86,-127,-48,17133,15256,-98
88,98,74,16927,13577,9257
31,-117,-125,13147,26746,23010
-87,-62,108,6628,-3424,26460
44,123,-20,1830,4401,23445
-58,105,-86,-6675,5922,25702
19,10,17,-10458,-1287,32371
65,26,41,-5305,-16325,-31362
-117,99,59,-29997,-3585,24554
-13,89,118,-25701,5101,15098
110,110,-93,-30943,2073,15733
-55,79,79,30510,-3382,-1059
-62,82,71,32588,-5912,-10684
-8,-85,-98,-20198,1343,-14075
-13,53,89,-28724,-17849,-27434
-110,38,-68,-31389,-11570,-25196
19,110,-8,-28095,-19059,-18850
-109,-83,81,30484,28931,-11367
-104,-8,105,32588,-29283,5059
-57,52,-73,32588,-20350,-2006
16,-66,25,-3330,908,1138
62,-95,9,-12553,-1087,4339
62,-46,46,-12490,-6190,9368
91,37,124,-8081,-6962,8982
-65,43,-116,-8086,1444,10071
-7,100,-104,-2893,-1929,13968
35,-98,-95,1543,-4150,11162
-21,62,-118,9118,-9141,10872
100,-124,83,9967,-17117,11631
-82,-35,-108,18595,31073,3314
-54,118,-24,-5838,6198,18253
80,66,88,-1951,-2553,5305
-12,6,113,4327,-14932,4031
-112,-62,1,2940,-6555,1915
46,-123,-61,3351,-3460,1199
14,117,-64,839,431,1559
9,106,-72,-1131,2659,987
2,111,-78,-371,-1391,286
-32,87,-73,1150,1885,-1165
-6,81,-72,1673,4212,-2148
78,59,-51,-270,6300,-4841
114,78,-18,-97,7407,-5989
81,-111,111,753,18590,-13798
-64,-43,8,5145,15137,-15180
-77,-93,56,9654,14001,-18870
53,-13,110,17248,10776,-22746
26,55,-7,17620,18438,-22295
47,-47,-105,15173,23786,-20443
5,79,-88,17899,24696,-18807
67,95,43,16005,20256,-20254
59,3,-52,8985,-27595,-10058
88,50,-11,9138,29860,-12196
126,60,-48,6547,29859,-11591
87,-28,38,12364,29418,-10866
11,36,4,18977,30810,-2809
-57,-62,-117,23406,29034,-356
-117,-85,-83,26454,13376,9090
-30,-11,15,26829,14316,13197
120,84,-17,9537,7617,18008
-120,-110,-94,6124,13909,16036
4,5,80,-4958,-5729,19605
94,-5,63,-4295,-4743,19693
-117,-10,-11,-8039,-6561,18076
-55,-13,31,3811,-17017,12057
31,-111,-75,-17262,-8015,9254
21,45,87,-28415,6911,15381
102,-116,-104,-24114,-12126,4901
-97,-3,-90,-20287,3645,8612
-121,-69,-31,-5911,-13603,17332
68,-120,-114,2108,-2019,-11556
-1,42,-73,1994,-1702,-17249
-13,51,5,680,-2106,-26983
-83,-116,12,6986,-1459,-28508
3,56,-118,13837,10811,-21910
-36,-35,126,18832,1843,-17833
102,-83,-8,26167,9637,-9482
-66,3,-91,27337,4985,-6751
5,5,120,24241,11019,3493
69,-70,111,18891,18903,3530
-99,-92,123,15469,3454,10053
-44,-26,3,2062,8106,14602
-55,-33,61,-346,4476,17080
110,-4,-11,-14013,1692,22866
71,49,-60,-14504,3822,24368
-47,8,53,-31573,-5368,-30676
-91,-29,-28,-31277,-9718,21860
36,2,-98,30747,-7314,15298
66,-7,-18,32589,-13152,757
27,53,-77,32589,-15207,1351
-4,-72,74,-25414,-15690,-29914
-108,-21,-78,-31360,-5724,-21831
90,95,98,-26198,-21567,-14185
44,57,27,-27111,-14257,-13105
-75,-26,-105,-22882,-8578,9080
-107,0,16,-14176,-22410,13177
116,104,-32,-6399,-15720,7538
-61,70,11,-11775,-4052,3906
108,39,-32,-7274,-7911,9333
-18,-24,-21,-1608,-9464,7320
-103,-16,-92,-3127,-6886,9633
71,79,-109,-4831,-2853,8664
-20,118,119,-5064,-308,11845
98,2,101,-229,-8363,10214
102,-11,122,576,-6058,10261
-41,-91,-44,235,-11712,8435
-15,-85,-19,-1369,-9434,8489
7,-128,-73,-292,-5509,7808
16,97,-104,806,-7762,9230
98,-41,-8,2383,-5879,6135
-106,-29,-24,2015,-5340,5551
-29,46,-3,-763,-7218,5302
-16,35,4,629,-6436,4422
81,59,7,725,-2351,890
66,53,-5,-66,-1454,890
35,42,-34,1438,-922,-2434
-16,24,-62,3214,-1434,-1875
-33,22,-107,1104,3722,-2222
-78,32,68,-3258,5124,-2637
-97,31,64,-5290,4314,-1940
115,19,113,-6507,5932,-5437
109,3,-117,-2106,6850,-4649
119,-114,113,8898,16618,-8193
-89,-110,55,9228,15041,-11691
-107,105,117,9045,17620,-20416
53,36,-104,8930,20445,-22674
44,91,-63,11210,31333,-26023
41,80,6,15763,22724,-23613
52,96,-95,17300,16284,-24310
80,90,33,16374,29738,-24154
10,-98,81,18587,28383,-22950
115,64,94,16390,18322,-21104
54,28,-32,12907,27892,-22337
-4,-120,57,16049,25326,-13303
62,20,-91,15706,18107,-8729
11,-48,-90,14758,23427,332
-53,-81,110,16233,-32763,2091
36,126,-128,25680,12779,10862
-72,27,-84,11038,14582,18112
-111,2,127,18908,12114,18239
-111,77,-50,13029,12646,20540
-49,113,109,2800,7327,23585
11,114,88,-891,4376,23957
-12,-83,-47,-12594,4755,21615
-54,-4,81,-14882,-1126,19144
-24,-21,-62,-24569,-4573,23572
59,-51,18,-32136,-9297,16129
-49,119,97,-26714,-8986,1843
85,5,-14,29737,-8267,-8190
-74,67,-40,-24921,-14055,-13230
-47,-107,-111,-16266,-14247,-20821
80,-103,-41,323,-1839,-27414
-14,124,7,1501,-12336,-24909
3,120,-8,8495,7939,-25497
95,75,17,9374,4746,-21941
-96,121,-101,25994,17356,-10629
-84,-11,-103,31272,8667,-2937
-123,-24,-53,31967,9181,-1571
15,41,115,30305,7758,3344
-35,107,-56,22722,11502,6795
-56,78,-23,15860,10376,17478
-29,-15,-63,11807,5848,22144
-1,34,125,-39,1900,26884
-22,21,-104,-3098,5272,27280
-128,87,-25,-13003,-7437,-31301
-89,10,-17,-18308,-4333,25537
-76,-80,76,23696,5796,-5976
-44,75,85,32592,2375,-5693
-112,-36,-68,-19273,3201,-25639
11,-69,62,-18374,3949,-22346
-115,-69,-99,-4360,-4431,-20082
6,81,-45,-310,-9862,-18717
-102,56,62,10087,2519,-11105
4,-63,22,6487,3462,-10361
25,73,-17,8938,978,-6837
111,-59,-96,3887,8230,-3626
95,-27,-120,1102,6302,-5625
103,-7,-11,-14065,-1067,1757
92,5,-42,-11819,2586,1265
-118,68,20,-11396,6473,8831
-66,-73,24,-14031,-1745,9346
-97,-10,-7,-16362,-6625,10399
119,-74,-2,-16180,-7429,15837
-90,40,74,-17559,-2946,15193
53,-57,10,-16245,-7603,15521
-115,-104,81,-13994,-13820,18520
99,114,-90,-12545,-7268,19313
35,5,-16,-11780,-10354,17995
-15,-97,-108,-15434,-12556,17438
10,104,-118,-10038,-2555,13209
-16,45,-85,-6186,-7528,14346
97,21,73,-6270,-23461,13488
-101,57,16,-1987,-14268,10134
-17,-29,110,-4267,-3544,7513
38,119,-95,-7221,265,6836
40,104,-99,-6242,-3602,7234
19,-76,-45,-5008,-849,-2797
35,-88,-57,-7065,-2803,-1267
-125,116,25,837,-1464,-4042
-112,109,-5,-980,840,-3528
76,33,-87,-3090,3702,-8402
38,15,-85,-2510,1688,-5442
-32,-103,-128,1271,4292,-7239
16,124,110,1824,3795,-9153
62,71,100,3274,7258,-15198
16,-121,88,4528,16071,-20666
15,47,79,6443,18408,-26091
-4,65,9,10177,22626,-24366
-55,-81,75,7267,21429,-22896
77,55,68,9549,13115,-26631
-74,-1,-61,10360,15799,-25095
65,114,-69,7709,19141,-22227
-48,-55,-113,7719,21985,-24032
92,48,69,10901,21708,-14247
-48,-98,-58,9404,25544,-13575
-89,-34,127,23234,15752,2638
-1,33,27,17317,20321,-2068
106,-127,9,20654,13899,1213
113,-58,15,14191,-2768,7408
-91,-5,-35,4043,5369,6418
-76,-33,-75,1296,9694,8724
-123,-120,-123,5587,3307,16889
-73,87,76,39,-290,23647
-8,-37,18,-6645,-2226,29736
-19,65,-89,-6419,-14392,30357
123,-14,79,-7253,-12671,21816
64,-5,-61,-28630,-6111,18322
-83,-6,95,-32610,-1100,-1218
66,-97,-25,-27009,-2232,-12393
-73,40,65,-17352,-6758,-18458
81,-78,109,-10488,-273,-15336
35,12,96,-2269,-8770,-26880
67,119,106,-4779,-4638,-28483
118,-54,64,4205,21980,-21066
-26,-58,-109,15458,12963,-15919
-120,116,7,-29319,2935,949
120,-114,-49,31784,4028,-3081
-110,-12,103,-31853,11128,667
97,-119,51,32596,14682,1082
11,-96,-76,29933,12277,6860
-10,100,-38,25500,9177,16075
52,98,15,14832,8638,25096
37,-43,98,9355,7840,22458
-67,110,-123,-2620,5194,23329
-55,32,55,-13782,4741,30076
44,-74,-117,-21417,4709,-31909
35,10,-82,-30997,-33,23682
-123,72,125,-31861,8467,11984
-40,7,28,-25958,-156,1125
-93,-115,-20,-19320,-3315,-36
-27,-26,-27,-17522,-5616,-20678
-70,-127,-79,-14025,-60,32135
120,-116,28,-10118,-2191,31188
36,-59,-55,2542,10485,-30837
16,87,88,13133,6493,-23021
-55,43,-48,31561,-4028,-10909
113,48,-13,29266,21,-10161
119,86,31,20117,10048,-6841
-61,-120,102,15386,8462,-7613
60,19,-105,-2025,12347,-1954
36,78,-71,694,11129,-368
32,71,-15,-320,14150,5087
-7,37,61,-3148,16556,8148
69,14,-125,-9649,14967,6572
0,17,67,-12249,11712,3575
-54,20,-103,-18978,16739,-2158
-30,42,88,-16164,9311,2726
31,-128,-5,-16703,3440,4205
27,-116,114,-21286,-3995,7570
41,62,-71,-18247,-1928,9141
-113,88,-112,-22928,-10705,12347
-62,38,64,-28810,-8008,10019
-111,-89,52,-29533,-6817,11954
-90,-74,-34,-28396,-21415,12386
-33,6,114,-19593,-29185,12602
56,116,97,-25474,-15645,12988
100,-77,-13,-21366,-6914,9607
20,78,-85,-16967,-14652,9834
-28,-47,-21,-11654,-12692,13424
-74,-122,86,-6816,-14195,12402
54,105,46,-11020,-12944,10575
-26,-11,42,-10627,-8763,9126
3,-102,-24,-9130,-8939,6725
51,83,92,-10330,-8354,-473
-3,123,67,-7772,-6543,1070
-43,89,23,-1108,-7492,1939
-96,37,-123,2132,-6865,-291
-107,79,49,250,-3398,-419
-114,91,17,74,-1193,-3713
104,120,1,-3211,7342,-4462
118,-128,22,985,3076,-4782
84,-65,66,3177,5619,-8824
99,-65,62,3936,5609,-9582
102,16,104,6782,11849,-14537
106,34,125,9371,11410,-18914
75,41,-109,9501,22247,-24887
90,21,-93,11430,24100,-22615
-71,-1,-21,16645,21096,-27332
-5,36,30,15861,26578,-30091
-19,-28,-82,18189,-28791,-21934
92,-12,-24,16228,17881,31747
-78,73,104,10636,30668,-19621
0,104,-49,7795,32589,-14781
44,123,28,10032,23371,-15923
-12,-10,-70,14727,14101,-7579
11,-39,-92,10769,24566,2942
32,107,-43,19996,13697,13459
95,-118,47,22276,12953,19228
53,21,109,25964,11480,19423
110,28,-27,18165,-757,28318
35,120,68,24240,4171,26307
-70,107,-106,8824,12925,22058
-59,-119,-67,4478,4075,14375
-36,127,104,-1978,4106,16797
-20,75,-119,-3282,5274,19852
9,-8,-124,-13089,-1520,20051
17,-63,72,-20183,-2358,21504
0,-105,66,31955,-12168,7688
75,35,-41,-29751,-624,-9220
-27,-87,97,-17306,-5932,-12026
55,105,-43,-16847,-9434,-11890
37,37,-36,-11353,-4100,-26013
-24,-58,0,-4147,-4628,-28769
4,-28,72,8938,-4250,-24486
107,25,100,9493,1676,-22809
63,25,3,17763,7429,-17584
79,79,43,17988,5965,-14730
-43,111,58,21498,7927,-2318
-108,-110,-77,20021,7926,-4089
27,77,119,14650,14310,4573
26,46,86,15183,13782,1947
-116,122,-20,11055,13538,9769
-95,117,-118,4217,15931,18655
81,-36,14,1566,9599,25630
-57,75,51,370,7592,22405
-3,-56,72,-7650,9170,18254
-61,18,92,-16040,7149,16341
89,-12,-36,-22153,6151,13236
-9,25,-114,-27675,4456,7524
61,15,5,-26700,2639,1529
-101,81,-38,-24936,-1457,-3723
-106,36,126,-21548,-10985,-9497
-38,55,64,-10736,-9248,-8182
-109,-117,-10,-10188,-9538,-17124
88,-84,-12,-6141,-3399,32164
90,90,-58,9956,-7258,-31863
63,-114,119,7548,3078,-28845
126,93,-86,16783,2464,-8555
29,91,-87,17928,5468,-9318
75,-4,-45,21604,6942,4128
116,-60,123,25762,-2542,2320
-96,-125,-71,16119,9509,6558
-20,-65,68,14040,6219,7950
-21,-68,105,14248,6121,6990
49,-50,-21,2904,3009,5869
27,2,1,2226,1481,4533
51,-36,-60,-7278,209,2253
-118,-104,120,-10188,6152,8311
82,87,100,-8109,-2561,1377
31,105,112,-22821,-19663,7152
-32,-91,-126,-15678,-21246,16043
38,30,89,-26860,3744,882
-128,6,30,-23814,12550,6564
82,31,-113,-23826,1275,12463
-126,-86,84,-22130,-6419,9002
56,-87,-93,-18112,1691,5599
68,-23,-48,-19217,-2051,10516
88,-118,123,-19689,-10100,5217
116,68,-44,-21632,-2266,10620
-28,35,-38,-18315,-10465,13485
-33,-32,50,-17769,-13130,5017
-93,-127,126,-15186,-6038,8657
-88,34,-29,-7736,-8376,14470
-109,76,16,-7019,-16893,11884
-29,-85,-86,-5844,-4839,12965
-100,-76,-67,-6636,-10174,14415
-33,-107,-102,-9325,-11054,11157
92,127,-95,-10453,-8528,2578
91,105,-69,-6964,-11384,4291
91,58,-106,-5947,-569,7127
-120,5,-111,-1909,-4264,5307
-94,-48,54,-2212,-1875,1432
-96,-56,29,-3916,-5640,956
-72,-39,-39,-1065,3279,-2389
-69,-31,-1,1465,3330,-3240
-92,10,-3,6132,295,-5352
-89,12,-23,5131,753,-6855
-86,106,-57,6845,9466,-18501
-104,-105,-49,6011,10528,-20425
-50,-111,-92,9819,12786,-25341
-32,93,-105,9700,12439,-23978
55,104,106,11021,17414,30881
85,-118,-114,10650,17969,-32231
-24,-16,64,12403,11018,-30121
85,112,74,11857,15676,-30524
-52,-54,104,12709,24715,-26204
-122,-76,91,13641,15697,-22464
22,-88,46,7982,24846,-15199
80,-126,108,14096,30473,-10984
100,-81,55,26884,19772,1252
86,-75,23,19950,16283,4004
107,84,-30,11730,24376,8089
44,51,51,13189,12613,12045
-87,-17,-45,9722,8535,15507
-76,-47,-64,5239,10344,18243
86,102,-35,254,10558,17720
90,123,-40,683,3265,13705
7,-77,-47,-3577,4501,7285
13,-59,-41,429,4545,7290
-72,-22,48,-7252,3326,10434
-86,-38,22,-11165,2987,13519
36,-24,-10,-18364,-910,18828
95,-18,-18,-12401,-2235,14498
125,26,84,32071,-4311,7274
-96,68,107,-27669,-3272,6260
-9,8,77,-17467,-3805,-9834
-61,-45,100,-15722,-8209,-14778
-91,80,-89,-3798,-5304,-18401
-50,41,-81,-2682,-12064,-24067
106,4,-63,6085,-7162,-19287
-57,30,-48,4238,2292,-26891
-101,-127,33,13934,6040,-21990
56,-65,85,15489,5347,-17695
-117,-80,88,21793,10341,-4999
106,57,38,21841,10551,-458
-128,-56,-49,18689,10415,5085
-89,-2,127,13766,10413,10116
-92,116,-116,6492,14119,13378
96,60,-70,3865,11785,15295
-16,-22,-41,-3328,11841,19239
6,-119,-97,-2282,3425,19403
-32,-32,103,-7744,6055,15751
-73,-91,-99,-20621,3969,9106
-61,-35,53,-22354,2221,6526
33,-102,-53,-28347,-1706,3554
100,59,1,-25609,-4133,-4771
-69,-43,-9,-20660,-4028,-10013
-108,-25,-104,-10069,-12393,-10948
113,74,125,-6743,-8828,-18609
-3,-10,93,2574,-4868,-13770
-128,-61,-106,-2896,-6740,-29008
27,19,79,4277,2781,-21808
5,84,-122,14788,7890,-9688
-67,60,-81,20226,-2150,-3501
78,-43,-61,24130,2396,1959
-119,-32,-59,18663,4872,51
-62,-107,118,13546,10409,2545
-82,123,36,14312,11333,2965
-119,-107,24,9794,11639,5552
25,-81,114,4781,13976,11040
-33,-117,103,2576,12059,15743
-117,103,30,-1295,5715,16219
-71,93,7,-1193,7695,13239
-66,107,-10,-4218,6227,10631
-84,-108,-36,-12913,2386,8874
-74,96,-46,-14541,-3519,5061
-30,-14,-82,-26184,-177,-5339
10,100,29,-22562,9130,-6047
109,54,-56,-10737,-2507,-6537
102,-103,-84,-8331,-12237,-2953
114,97,-81,-26112,-3944,401
-95,-92,-118,-19697,-15959,-3331
-99,81,-97,-25966,-10101,4677
-33,105,-123,-21268,-18838,11729
-36,75,81,-29514,-29153,8701
69,-75,109,-24837,-14985,7907
-104,109,59,-23859,-10957,7376
-67,60,-66,-22787,-14934,11436
-9,-18,109,-18057,-17620,8866
-39,19,-78,-12267,-8801,7523
-42,126,47,-8638,-13281,12589
-48,63,-22,-5975,-19849,11122
-99,-120,-56,-6368,-4927,9930
48,99,-77,-4470,-4356,9280
-123,86,-87,-3658,-8655,7978
78,55,-109,-8148,-4329,6875
-112,-21,-99,-4085,-1549,5950
-22,87,117,934,544,3124
-50,78,78,1307,-8898,412
14,86,-41,1629,-8910,-555
35,109,110,1636,1007,-4306
-30,-96,50,1023,2328,-2702
-83,-86,47,3698,-1241,-1640
-59,-41,-12,3738,2562,-6270
-39,-20,5,1936,5733,-8923
120,-88,55,2878,6979,-14138
90,-107,41,2471,9043,-13887
-121,-42,41,4291,15035,-23657
-122,81,-55,5457,13657,-21153
-126,-64,-121,5293,10301,-20318
66,-91,56,8922,20828,-24659
89,-107,-113,8635,17021,-23932
-82,116,-116,3711,23890,-26524
95,-5,-24,3554,-32550,-22723
-7,32,-35,8982,27191,-16446
-68,-25,105,12047,17631,-9714
-7,73,-104,17004,27917,-5162
13,-104,68,30206,18100,611
45,111,-94,27727,15325,351
0,-65,-2,24210,15523,1593
-93,110,49,22483,19878,2024
-116,109,-41,17882,13278,3096
-3,-124,111,20356,3170,13659
65,20,-103,9468,8126,14314
-69,87,-58,2582,6400,11609
-110,-123,23,5773,-3388,16840
63,106,11,-5532,-217,13011
48,-77,66,-5006,-12459,13709
-120,121,-23,-2955,-9290,12198
-4,110,-55,-18455,-5734,15677
-102,120,87,-16301,-9062,8124
60,-49,-6,-29625,1536,-1867
1,-38,71,-20819,1408,-6926
119,-43,-108,-13583,-5332,-9777
10,-46,79,-11827,-3732,-19793
-80,-34,89,-8063,3405,-29695
121,11,-124,-14536,-5832,28885
-72,-14,96,-18068,11186,32747
102,23,47,6621,14763,-23570
-87,56,-60,14876,13230,-13605
-31,30,20,22257,12611,100
-82,57,-92,20770,13838,1876
-11,-52,98,18721,15328,8220
-15,-16,-24,17094,15332,7173
8,54,20,8173,20857,17470
56,-11,69,7202,17006,14204
-87,48,39,4197,12288,24742
61,-15,37,2231,6712,17497
-59,-52,-8,-1627,3795,20668
105,59,-6,-10528,2032,17135
66,-52,-2,-17537,1376,15190
-35,25,102,-24806,405,10633
-84,55,-59,-24180,-324,9259
-103,-39,29,-23218,-5980,-270
125,106,-80,-28975,-1182,-2503
13,22,-73,-20376,-20203,4921
5,-76,25,-18124,-16792,-5301
93,90,73,-18494,-19058,-29043
-41,-37,-102,-19754,-17652,-16821
50,-15,56,-452,5438,-24722
-71,-105,-25,3429,2052,-16852
27,26,47,22701,4216,-9127
-16,-59,82,19482,10867,-8694
122,-51,1,26002,9488,-8118
57,-9,55,19706,17858,-9151
-72,121,70,22760,13192,-6288
-3,-93,-88,15414,14142,-1232
-64,88,-8,21726,9575,2778
-88,62,41,17433,12506,2924
5,34,-121,9742,12372,8700
-65,17,-44,3242,11908,9759
52,-93,54,2035,9082,12551
43,-89,36,981,10328,12403
-8,-95,23,-6222,6081,11297
28,-60,-24,-7304,6030,11884
-116,57,-4,-22210,6308,9144
-89,-89,84,-21019,1462,10142
-78,12,-59,-18361,-9024,954
-54,101,116,-8740,-17645,5944
-8,-62,36,29308,7049,1397
-10,116,78,-27215,-5802,3985
-4,1,-61,-29552,-14784,3986
19,-79,-68,-24851,-12733,8308
25,-59,-62,-20141,-17507,5266
-5,-36,35,-25586,-17201,6388
-16,-113,-59,-19153,-14338,12293
-106,-26,-57,-15411,-20323,9739
-5,-60,-37,-22164,-13294,5652
90,119,-47,-19244,-8301,8554
120,-120,-48,-7728,-23370,10618
-45,-127,60,-8775,-13323,5570
-86,29,109,-6057,-6677,6394
-80,0,49,-5676,-14581,6522
24,-41,33,-7677,-10890,4519
-99,70,-76,-5914,-5876,3438
-128,26,101,-4600,-9722,3556
-66,-39,83,-7878,-2422,1490
-76,-77,57,-3794,-3293,55
-76,-107,-29,2169,-2829,-633
-70,-121,-87,-1360,-427,-497
-69,-105,-111,769,2253,-1545
-81,-110,116,3370,-1746,-2114
-48,-106,-125,3910,1844,-3140
54,-60,-69,3434,7408,-6543
85,3,-20,1831,6495,-8788
-36,-115,89,2794,11770,-14343
-7,4,-66,1263,12864,-18092
-30,-82,-75,793,17782,-19906
-40,98,45,7096,12509,-21204
22,-123,18,5718,12261,-20569
-62,-123,-28,1616,15069,-19616
-93,-23,-107,2605,23262,-19361
87,110,-15,8675,19512,-21275
-54,-94,110,8437,20453,-20641
-24,-53,18,8598,28598,-18735
70,22,22,9207,26929,-20384
66,15,71,9655,22086,-10640
40,48,-5,10938,22480,-7453
108,33,-76,9424,-32138,-2905
73,-75,-20,13245,14990,-2689
-92,-13,-97,17426,15149,1384
29,-126,127,19544,17095,5630
54,-74,100,18887,12940,11655
-25,-74,-125,14665,13197,12497
51,-13,64,10718,7488,14751
-32,90,6,8670,7370,14301
-82,-15,-89,722,6689,12317
-57,31,-40,893,-3991,14904
4,-106,-4,-4566,1206,15096
-127,48,0,-4923,-3175,17760
-17,-109,86,-16038,-6614,20428
-7,-12,54,-16287,-9826,14624
-22,127,113,-22935,-3848,5324
12,-113,76,29364,-3330,2170
-67,43,11,-26123,-7342,-4823
19,30,-75,-12273,-8695,-10004
-96,65,103,-12796,-8185,-13415
-11,49,55,-4050,-5020,-22340
49,57,79,670,-4541,-25607
18,-11,69,8424,3889,-21471
-3,-1,-17,11153,8170,-19537
81,34,-53,15325,12582,-14146
21,64,27,20762,11580,-7375
36,91,97,22284,8852,-4968
-115,18,23,18774,10551,1707
82,-103,-52,16606,11559,570
-88,19,-78,9366,14634,6926
5,95,95,8493,13322,9259
118,-56,22,5158,12892,14246
-16,-117,-53,-1178,13442,19482
84,72,54,-5420,11462,18300
-108,64,73,-7718,11358,17016
3,-40,31,-13456,1891,15058
-13,-103,87,-13317,4007,14703
54,-70,7,-28386,1132,3112
-25,-125,-34,-23882,369,3267
57,69,32,-29913,-6311,-4827
81,-108,72,-24177,-11843,-6748
64,89,-70,-8668,-13620,-10731
4,74,46,-10556,-12448,-10843
-96,-110,43,-9071,-10906,-22750
-51,33,10,7309,-13234,-27433
-110,-48,109,-5648,7610,-20902
51,-98,63,7375,1831,-22889
-76,80,122,15022,4599,-17252
3,0,40,18497,10758,-13155
52,42,-91,17093,12762,-10751
-7,118,-18,20596,9110,-1982
-57,-95,-74,18187,11137,415
115,-53,69,14073,11205,4182
108,-56,52,13066,12544,3437
30,106,10,-1184,19811,2263
5,96,99,-626,16367,3285
120,126,82,-10034,14111,10769
88,9,110,-9918,10693,8007
33,117,96,8803,-3706,2935
108,-60,93,9737,14169,8474
100,-7,80,-8928,6463,14415
-121,55,112,-8886,5006,7940
65,-124,21,-6085,-3175,-3205
-108,119,100,-12268,-18184,3489
-127,-121,81,-15143,-13156,-4699
-122,80,38,-22949,-7630,-4265
103,112,6,-23147,-12636,4801
60,-67,82,-17190,-21981,-664
126,-118,95,-16921,-13352,6497
36,29,-57,-14591,-10791,8355
-118,24,-61,-16103,-18126,2233
-112,87,-100,-22117,-13095,5872
79,40,-75,-7062,-14780,8528
-113,-9,44,-10444,-17014,9164
-4,-8,-51,-7842,-15806,11253
-74,-7,100,-8910,-15357,9581
-62,96,-16,-18489,-17953,16272
68,115,73,-12722,-20016,7647
-37,70,112,-9432,-6413,12158
-27,127,-50,-8079,-13162,12803
-23,120,-27,-4175,-14964,15452
61,-8,100,-5741,-13836,14267
-83,-61,115,-4111,-13706,14018
116,8,-77,-9196,-8892,11078
117,3,-49,-10165,-4496,5752
-100,-105,-75,-5906,-5808,3668
33,46,-42,-5523,-1051,28
6,48,-47,-6183,-5147,-4281
84,-78,126,772,-3766,-3530
81,-34,118,-2789,-975,-3247
24,-26,76,6009,1980,-2315
-23,26,39,4636,-258,-1511
-39,122,76,5783,1757,-1727
-26,-120,119,4927,3444,-1856
-106,38,61,583,4624,-3484
-111,7,79,1364,3157,-3440
65,61,79,2719,5880,-6370
63,65,78,3016,7188,-7284
97,-114,28,1969,8811,-10933
119,106,21,3888,12915,-11053
-24,-72,101,7377,17534,-21393
110,96,-108,9471,20201,-19057
-122,-26,-112,9562,15441,-22705
-84,-60,-88,18172,-32425,-27521
53,-33,-100,18588,32455,-32594
-88,80,121,11475,7791,-31131
-40,33,21,5713,26826,-31341
73,37,-123,6714,-27882,-32031
-40,70,-84,10795,26612,-13588
94,-49,18,6444,5522,-5175
-11,37,-14,7886,10927,5938
-89,-106,-48,15655,15696,7414
-46,89,105,18174,8622,10843
-122,-4,-123,13088,16249,11826
-124,-44,-26,12099,8772,12201
-123,118,75,8145,10569,11708
95,55,-119,4669,8379,15656
-72,104,115,3346,4567,17782
-22,-102,79,441,-2686,18941
13,115,101,4711,-4713,14988
-28,94,68,-3503,-10641,2563
-118,-126,53,-11465,-1551,4013
-30,100,5,-31460,-1261,-10496
-112,96,55,-19734,-1425,-3078
123,-81,-23,-8162,-6339,3955
45,-70,46,-6837,-3419,-5309
-14,-100,8,-3544,-11916,-19047
-83,47,-38,-7320,-2798,-22023
3,-102,32,1189,-439,-19859
-53,91,20,630,-3106,-15529
19,123,-11,14692,6314,-15432
-85,6,6,21894,11230,-5214
-17,36,-55,21698,4433,-620
40,10,-39,21625,4054,5734
126,-26,55,16380,7624,5235
119,16,83,9610,10286,5836
68,37,42,4075,11705,9179
-30,58,-52,-614,9065,16336
71,-63,-16,-2099,8156,18108
92,75,-104,-877,5092,19585
-26,-19,39,-7020,-1912,20721
-93,-69,106,-10843,-478,18305
90,-56,-6,-17170,4609,12687
-20,22,-113,-27549,-4864,8810
-117,80,-61,-30814,898,-3345
-93,1,28,-19994,-981,2002
-79,96,-101,-9425,-16738,-9507
-82,-27,72,-10531,-6977,-13807
28,-43,-87,-4851,-13366,-22634
-20,-52,82,-9728,-8766,-32569
-104,-114,-119,1996,8193,-21143
66,94,-95,9911,-1036,-17685
-108,-6,64,19495,-2085,-13252
101,97,-69,11202,19272,-3856
36,-79,-46,16993,17700,1474
-124,88,89,22734,1597,9736
55,113,-121,17697,5909,7738
-47,44,127,8839,2656,12766
-45,-112,111,7488,13019,11223
-11,-124,-44,-4556,7575,7856
13,97,-74,-4768,11393,5037
-42,-128,-103,-2841,7266,8477
-22,-41,4,-8237,-6206,4866
-25,-23,51,-5082,-13510,11888
62,60,52,-24054,8207,25
62,-63,13,-17749,4677,3483
120,91,-87,-3370,3469,10075
79,-22,-63,-30282,-14328,11424
96,-39,-50,-28041,-15602,6976
115,93,51,-22906,-12759,7390
-35,-125,-116,-22738,-16315,7446
-71,83,77,-22108,-22361,5369
117,81,-76,-21184,-7509,6690
-31,-52,-82,-12118,-17469,14369
-15,-64,124,-11958,-27197,8085
61,32,-95,-17275,-10386,8186
32,27,-17,-15038,-5585,6298
-4,-48,-22,-13303,-16788,4179
-103,31,-111,-8967,-11780,9479
30,-125,70,-1738,-14249,16567
82,-123,32,-1374,-20837,14150
59,81,-82,-1909,-11685,14842
28,15,96,-1703,-10624,14540
-54,-80,-12,976,-14257,7886
-40,-48,89,-3986,1482,4324
-21,-42,53,-2259,-8510,319
-69,-58,-8,-3087,7384,1434
126,-82,-22,6442,-5559,-1517
-93,-61,-15,2520,3333,-4177
-80,-59,-20,2377,1209,-5512
-37,-71,-12,4241,1442,-4943
-38,-64,-7,3062,2318,-3850
-29,-34,10,2830,2501,-2709
-28,-4,12,1695,1577,-2214
-10,27,26,1062,1004,-3587
6,26,36,968,4666,-3946
19,75,92,-973,5988,-3007
-11,96,110,-296,2965,-3058
11,113,125,1955,5020,-4838
55,-24,116,2179,8960,-11675
75,118,-92,-1585,10956,-16078
67,15,58,4012,10757,-30499
-5,57,101,7089,18250,-27834
41,118,126,10009,24240,-27550
-59,-45,-39,11633,18548,-24385
69,-28,82,10662,21218,-22611
-12,-70,123,6604,-26687,-17863
-14,-61,-53,8144,23396,-22000
-65,38,101,17165,10430,-19502
61,9,46,19438,15812,-18130
-97,-80,-3,18438,27466,-9057
-107,-1,64,18381,14112,-7950
-121,121,-90,19023,18943,-2682
-33,42,-45,18298,21317,5608
81,-108,-105,11987,16775,9638
124,-83,74,11790,11079,12242
22,-93,120,5826,10990,15664
-1,-33,96,2263,9299,15547
57,-51,-86,-1398,-1754,10200
121,-60,-45,-2921,-1619,19597
56,-123,-54,-7481,-9706,15544
103,113,0,-5009,-9328,17867
-12,-9,-88,-27889,-9022,11377
9,-118,-52,-25469,-8359,10873
-22,-83,125,32271,-11300,1669
-16,-105,-53,-22879,-15609,4131
115,125,-20,-21041,-14529,-15741
94,14,-35,-12641,-2127,-24747
-38,-24,-8,-6492,-1009,-21261
-96,-72,47,5596,1257,-16498
47,-113,33,7363,7176,-18826
34,-90,7,15452,15648,-13708
79,124,10,19062,10405,-9325
-9,-23,-114,30640,19474,-866
-12,73,-92,23240,21380,9595
121,-61,89,13174,16335,11788
31,52,99,6928,22430,7754
-80,-63,125,8300,4635,14576
-77,81,41,-289,14909,13490
106,-34,81,-819,6534,15769
-42,53,43,-2837,2158,14976
112,-122,54,-9768,3641,13840
80,-105,-108,-17797,-616,15039
-6,-37,56,-19243,-11075,2917
-127,107,67,-15044,-773,-6416
-18,35,11,-21848,-5365,-3209
-37,49,109,-11828,-13130,-3625
14,31,-65,-8679,-10077,-11273
2,-88,-69,-7973,-9906,-21989
-118,-30,-77,-2524,-4801,-30208
69,-72,-46,1882,1602,-23745
-82,124,-32,6985,4009,-16285
12,126,-43,15165,3786,-7412
70,97,-36,15370,3655,-6840
-84,111,-108,16401,8742,1242
-56,-70,-78,15824,10590,-82
24,-11,-82,15717,5665,6280
0,36,-117,12131,10411,7544
113,1,-38,-1681,18854,12601
-112,20,-7,11378,3397,9329
71,-107,-107,1040,-18833,-1476
56,-104,-69,-14276,-26193,-26
73,-8,40,-24239,9421,2670
10,-110,89,-13469,6047,2409
-27,-115,-19,-13492,-4419,112
71,10,-119,-13964,-8421,2557
0,32,29,-23799,-6138,5030
2,36,50,-20426,-1364,6659
-84,58,73,-9131,-6644,8028
-84,-101,-93,-14369,-10459,7785
17,127,-107,-17305,-16209,12533
111,73,-109,-18251,-12331,9943
-62,32,42,-16687,-11241,8469
-8,71,-62,-10468,-10641,6987
-87,52,26,-11418,-14955,10749
-63,-58,-38,-16511,-14425,11138
-13,88,-90,-17499,-13725,11433
-68,-34,7,-8157,-13966,15818
30,72,74,-6715,-22344,13264
-120,10,-20,-12123,-15727,14707
37,90,-104,-11764,-9788,13788
84,-1,117,-9582,-15412,14136
-125,-87,-54,3254,-20697,21938
-117,120,3,2099,-21995,19454
39,-21,-8,-3345,-18512,16295
99,27,94,-7536,-9228,13709
20,-23,63,-3304,-5959,155
65,13,-99,-455,-6515,1246
88,-32,-125,1414,-1665,-550
27,-76,-114,10363,-12027,-963
104,56,-38,4832,-3703,-276
-123,53,-22,3293,-2094,-2395
-115,47,-12,392,41,-3836
-127,21,-28,-840,717,-3623
-75,-46,-31,2293,1790,-5791
-17,-71,-42,1364,3141,-5897
91,-116,-70,420,2863,-4171
107,-125,-73,1925,1829,-5431
-77,117,-66,1185,2354,-4642
-31,-122,-56,748,3475,-5166
41,-88,-30,-50,3241,-3467
32,-82,-31,103,2573,-3390
104,-28,-7,-1266,5221,-3488
-107,6,24,-1379,7045,-2621
-50,74,118,394,4471,-1274
-59,82,-109,409,1097,-822
-39,108,-95,175,1984,-2449
56,-55,-15,261,7241,-2989
39,-46,9,36,4636,-2583
100,87,-110,-746,2263,-7100
-105,-47,-50,-1851,6724,-10059
-24,-77,-60,2540,16412,-18731
28,-91,37,8717,12977,-22730
-60,-91,-71,7539,14817,-22750
-23,-88,35,21671,-31325,-20908
104,101,-54,11626,-30136,-18882
-94,-49,-43,15674,15240,-31202
-29,-86,-50,10249,17256,-26274
87,17,-88,8622,19626,-23388
-108,-90,3,2710,17863,-20530
103,125,-72,4480,19674,-20204
-36,-117,-59,8356,23601,-17737
52,-102,-28,12106,19596,-13127
67,88,-33,11343,19570,-8248
-34,-76,-72,15546,28185,-4748
-65,-126,-72,19785,-30380,10793
6,38,-122,18139,9652,8177
72,-77,32,4913,15095,15160
-71,-11,-79,-7480,16056,13627
-8,101,37,3281,-4354,20007
94,-1,47,67,-7050,17946
51,90,44,6357,-15894,14641
69,3,62,3699,-20613,16109
112,3,46,-20891,2315,8932
2,-17,-32,-28713,-10608,6475
-102,41,-75,-24496,-8153,4046
-30,-65,8,-17975,4478,-5802
-96,-55,105,-13499,-3610,7989
-103,-3,-62,-20681,-2877,-1103
-40,-2,-18,1264,2705,-23387
-10,-110,42,-3342,-2039,-24082
113,61,75,2491,4421,-24317
-110,-127,48,9704,1001,-17624
-41,36,-40,18202,11457,-6007
63,21,-53,17576,8476,-2062
-74,126,71,16016,7393,7715
-41,53,110,9585,-26582,28540
66,-52,-107,9519,7841,3923
31,-56,104,13732,3125,11816
8,87,99,-4181,10645,14232
32,103,68,-1521,13128,12584
109,27,91,-502,2866,16473
-119,-57,55,-5380,7437,13065
-20,-4,-117,-13308,3924,15627
106,-121,-79,-15480,379,12521
-112,122,-87,-20297,-3066,12377
-88,92,77,-13838,-7065,837
-36,5,-60,-16285,-5231,2779
58,-108,-14,-21223,-9443,3439
-11,-77,-108,-7064,-13690,-7374
-29,48,53,-16102,-9000,-18683
45,-52,5,-11604,-8822,-25338
-39,78,-71,435,-8561,30204
44,-32,-85,1300,-5144,31714
9,56,-118,5378,7318,-29538
67,109,126,10855,2797,-22652
-25,-33,31,16415,7222,-7111
-108,-87,91,13252,7267,-8783
-69,-11,81,12545,12620,2468
-106,67,78,14860,9890,940
-95,-35,-88,18961,7128,9298
86,101,-87,13228,12271,10638
-98,114,115,3873,16965,15274
85,-22,55,6235,12283,17655
119,43,-68,12975,-1074,17102
78,-50,82,644,2790,11905
-2,45,-34,-7932,1398,8256
-22,-102,-7,-17024,-2017,3511
19,-119,-67,-23482,-8295,-5646
-86,-112,73,-30932,-9002,-8185
36,53,-60,-28247,-11330,-1453
44,-76,-100,-21613,-9924,-4120
-63,-45,73,-8935,-21195,5581
-32,-88,36,-24539,-15767,4600
-85,-3,79,-13678,-27866,5228
92,102,-112,-15627,-7271,13037
55,-18,72,-13529,-19756,10197
-82,-105,32,-16416,-11087,10996
127,-37,5,-8665,-14699,12084
-16,-75,-96,-10170,-21794,9288
100,-64,-64,-12125,-10484,13560
-12,100,59,-6909,-13089,11520
-108,46,55,-6027,-19262,12324
-27,-109,57,-8875,-10419,12824
21,92,-123,-5908,-11020,13009
127,63,62,-4743,-18686,14834
-57,-92,-36,-3869,-20565,14187
2,47,-37,-3389,-14062,13540
-71,34,-23,-4415,-13041,14161
27,-41,67,-4771,-11969,6675
82,-86,58,7083,-21927,5166
-87,-114,-119,-4493,2599,-1156
103,-125,78,-4786,-2444,-517
19,125,-31,8456,-6126,-504
-5,85,119,5204,-3812,-1261
-28,73,32,3043,1826,-2947
-56,67,-35,-1,3621,-2826
-63,73,-13,160,2175,-2531
-119,84,-29,-2573,1559,-1269
-107,96,11,-169,3426,-2407
-98,97,15,292,3656,-2745
-89,-123,47,1072,3312,-3984
-97,-98,51,1490,4398,-5068
-88,-17,84,1026,8255,-6954
-110,72,-114,-543,8273,-9988
28,-37,-6,-1288,10914,-11207
-43,-5,45,-645,10703,-13034
-3,-5,95,199,6038,-13784
2,-36,67,1667,7247,-16260
106,55,3,424,14377,-23610
-93,115,-101,32,18768,-22271
52,106,-4,4714,25058,-24342
80,123,-125,9170,19834,-22858
83,54,-24,14320,25289,-23451
47,-65,-82,14275,31892,-14688
23,-77,-76,24832,-5450,-18949
110,47,-95,5797,24548,-17221
-8,-101,-50,11427,29592,-10467
66,119,41,19101,20850,-8951
106,103,106,20996,17538,-7894
29,-18,-13,25109,15228,-3339
-35,74,25,22991,19026,-2587
11,-46,-76,19123,18998,6543
-33,0,94,22251,12140,6645
79,-44,-66,28510,-6216,15936
91,-31,-20,19282,9567,8005
126,-66,38,7236,8762,7661
-40,-121,16,1827,5680,10351
-78,93,57,2720,4774,14711
-58,127,67,-7832,-737,18718
-96,80,10,-13145,-5155,14864
127,-125,-41,-23116,-26,8207
103,118,76,-21584,-10073,6746
67,105,12,-32728,903,221
77,-105,102,-23019,2702,-494
101,62,-34,-8580,-14744,-16353
-59,95,-110,-10838,-1487,-19539
86,40,116,-1833,-1284,-26713
87,-122,63,6101,1688,-21190
-23,-61,92,13413,4230,-17411
119,-122,-45,17039,1524,-13512
2,101,106,19196,6350,-2646
-28,-56,110,19731,4114,-4004
-52,-42,34,15623,3950,1588
-84,62,112,11611,2172,3714
-122,81,-25,12572,7038,7317
-98,-119,-123,8487,11796,11143
-6,-127,37,3892,12031,17884
16,109,66,1116,9712,14099
4,118,51,-1053,11580,19393
-61,-117,85,-3068,11031,18861
-99,-104,125,-12475,7581,22254
32,47,24,-21008,9916,17837
5,-111,78,-24813,8572,14525
30,64,124,-32048,2730,-4359
12,-56,-67,-25321,-2344,-10655
-11,-40,104,-15224,-9375,-11998
101,-57,47,-15449,-10369,-17161
-41,36,80,-12354,-10227,-24582
-51,38,-62,-15947,-2716,-27891
49,43,91,13871,-20059,-22933
122,-119,-38,7331,4933,-18141
-41,-117,-9,10162,6892,-16342
81,-10,-79,14440,557,-8363
-20,10,118,12169,12083,-6458
-10,-1,-62,22300,4067,1388
-64,42,114,16008,4850,2245
-25,47,25,15322,1305,4406
-6,26,61,14283,5379,2750
65,-21,-53,13055,15445,-615
-2,21,-41,10058,12027,2359
-81,67,-112,4447,7493,11012
-52,1,119,-593,2174,15155
14,-117,87,-6977,816,15515
78,-115,84,-7930,5119,5620
56,87,90,-7519,14370,3231
-43,48,54,-10326,7944,6189
78,28,87,-26896,-925,757
123,37,17,-26541,2649,1316
-91,-78,57,-15729,3595,-10252
28,-18,-109,31200,11950,4554
22,-20,7,-25593,-9483,4222
-105,16,99,-27284,-20500,6577
-4,-69,120,-24563,-18358,6357
56,-104,-79,-28079,32212,8602
92,-41,-65,-18486,-14243,9633
-82,106,-61,-19515,-19809,16303
-10,87,23,-10273,-17373,9452
110,-29,61,-17434,-15139,9879
-16,-11,24,-21720,-13994,11172
82,-28,6,-14700,-8638,8506
4,116,-14,-9525,-10539,13299
88,3,-59,-8025,-16267,13277
101,75,74,-7534,-5507,10298
80,78,65,-6537,-3979,8652
-117,-119,-93,-5596,-5267,6063
95,-89,-82,-2926,-2586,3765
43,93,82,584,1557,1897
27,112,91,-710,-1301,2718
-62,86,-46,-1243,-4476,-1309
-42,88,-94,3066,-1786,-3854
-32,103,-98,11215,1771,-4050
-61,61,113,-862,-6470,-2594
-67,77,38,5271,4591,-5183
-25,63,88,7469,3788,-3891
-37,70,85,6214,1032,-2311
-59,59,62,3412,602,-1476
-44,57,54,609,1658,-2059
-44,71,57,1142,1685,-3022
-29,93,96,2966,2140,-1489
-36,93,99,3778,64,-1017
-25,109,117,2894,-863,-1135
-18,-126,112,2008,495,-3168
14,-83,-119,2650,3975,-4866
23,-39,-74,2836,3078,-4277
15,73,-14,5452,-1319,-4186
31,74,-21,6631,920,-7253
-104,32,56,7974,13584,-21654
62,123,-70,2256,14676,-27782
24,-2,-50,-1688,11032,-27293
-12,-22,-21,1116,11375,-31997
-68,-59,123,-1081,28279,-27185
-68,-126,-120,2722,17267,-24463
120,-17,-8,-2362,28769,-26559
95,-101,-7,-32,-29126,-19543
79,-64,75,22307,32132,-4310
68,96,-107,29684,27335,2302
-9,12,-7,26853,28451,11256
-112,0,-54,21708,-30676,-3376
-81,-66,109,10359,-32750,13357
-30,-104,43,5955,8934,16086
110,-71,-26,6901,17426,13834
70,-3,-123,4139,13789,4320
30,100,-126,9629,2285,8916
-97,-67,-85,-10445,3967,7061
-68,-100,-44,-3609,-6897,3480
88,-28,-24,-18501,-1451,-2893
-122,-97,-67,-23819,-14224,-533
3,-120,9,-16784,-11983,-3018
21,59,58,-15447,-5642,-4215
-21,90,86,-12492,-11594,5224
68,52,-15,2917,-17680,-11999
64,8,48,-5759,-16234,-2694
-26,110,-57,998,-2304,-21142
13,43,-72,2691,-7899,-13970
56,-58,31,9019,3659,-11515
-111,-54,25,7101,3890,-12054
-32,-121,-87,18204,2497,-1744
36,-43,-112,13358,10960,3144
31,-71,-120,16708,27724,24686
71,89,-75,4740,-26955,21909
-114,114,-7,-168,17861,1561
60,-89,-88,7874,4718,9917
63,-29,-45,-371,20693,13148
61,-46,35,-2483,11773,8618
-121,-60,127,-373,9871,9393
-127,-95,-121,-7973,10262,6272
-104,80,47,-10647,7831,8588
-114,104,89,-9651,27,7316
-107,-63,-5,-15490,292,-2225
82,-94,29,-14189,-542,-1533
60,-48,-125,712,-22596,5916
109,126,100,-8544,-12134,1329
78,-12,-90,-23805,-16298,2693
63,-93,95,-12107,-11565,2095
63,52,-20,-9328,-15728,-15326
-5,-99,-94,-9543,-16617,-9895
49,-110,117,-2967,-16578,-14853
-126,-77,57,13822,-12632,-16925
-64,-22,-100,10642,-13162,-23185
71,-99,-118,8847,2000,-17812
70,-33,112,13526,5353,-17194
-102,-30,106,15565,7165,-11948
68,88,-41,15558,10529,-4624
-26,-97,-57,12904,10823,-1583
-10,-62,-21,5880,13567,-1302
-12,-95,103,13912,9945,-1584
-60,-15,92,19016,5371,5235
86,-23,106,8873,14026,2512
5,46,5,3120,15835,7068
-116,109,-43,3504,16382,6164
100,3,-111,-231,10750,9931
-89,20,-100,-6932,9031,15800
-41,80,-101,-10828,5893,12971
-24,34,-1,-6984,-2,13627
55,-74,116,-17829,814,7236
118,-124,-4,-23616,-5196,7380
-7,-127,-23,-19449,-20123,44
-86,-67,-113,-19501,-26561,6518
-116,121,24,-27315,-10469,1998
-18,58,-5,-25240,25579,6906
47,-122,13,-18593,-18326,4472
-65,30,7,-20287,-9495,1516
-42,-87,-28,-20676,-13391,13822
65,114,-71,-6441,-15452,4708
-111,-101,61,-16288,-12977,2406
26,23,-9,-18494,-9980,4688
-105,-93,-106,-11985,-13320,7152
-83,67,-39,-11624,-14710,10264
91,-84,12,-12987,-10475,8684
118,-25,-128,-8643,-10007,12307
-13,47,105,-5907,-15372,11001
42,-31,100,-11413,-5666,12307
71,122,-98,-8149,-1953,12765
99,22,-9,-269,-8866,10546
-108,42,-5,-2080,-5596,10322
-10,-90,23,-5335,-2321,7684
35,-57,40,-4115,-2165,7915
83,-69,57,-1706,-2848,5043
-100,-64,45,-993,-2037,3371
-95,-66,27,-532,-2238,3057
-82,-78,-18,-332,-1992,-982
-86,-76,-19,32,1085,-2162
-122,-69,-67,202,1726,-7386
104,-65,-59,1124,-51,-6342
43,-46,-94,1114,3703,-11572
-16,-31,-53,-2381,11284,-16385
-49,-116,-39,8428,15338,-20613
-26,-110,77,5920,9989,-20655
74,98,126,4467,11199,-20844
-85,18,-14,8215,18696,-21742
36,61,106,15417,15287,-23399
-99,-52,61,17592,23358,-21072
47,105,-102,14395,20276,-14879
42,-29,-70,16834,21791,-13825
-70,-46,51,19123,17341,-12610
55,86,3,16839,22593,-17049
110,-36,-71,16552,23067,-9720
-2,108,-37,11708,20909,-4359
-21,104,104,12095,22678,-2129
-110,81,49,12783,21673,5212
-25,-128,-120,13143,14987,1689
-15,-2,127,11219,18326,4163
-73,25,-38,6255,17283,8667
86,101,72,-5959,18020,10363
-120,105,27,5139,162,10525
-127,-58,-74,-5530,-3633,11219
-44,-87,-40,-7984,2144,663
51,123,126,-18166,1040,2826
13,93,-116,-19611,-5430,-649
-43,94,-63,-23351,-13961,-8338
16,-94,36,-23008,-3890,-478
-39,-1,-118,-5685,-17601,1997
-124,-111,86,-6379,-10813,-1276
17,38,-119,-8225,3381,-4110
37,101,-120,-2443,-17738,-12219
-5,-82,-60,6410,2993,-25520
-13,-50,-41,12077,6245,-12316
116,122,49,20566,-10078,-6637
-49,77,-9,18015,5413,-3991
-27,108,22,15152,13969,-2706
-16,116,124,6700,20886,10495
98,-89,-5,6670,9648,2688
76,-69,125,-2113,28045,1324
-27,-119,-22,15645,5338,20922
84,-18,-107,-1531,13719,11329
-39,-66,25,-2887,9820,10792
77,12,-27,-5377,8336,9963
11,126,-67,-9603,8802,9786
65,42,9,-15319,2207,6378
46,36,70,-16374,3471,4617
-2,-88,-68,-26300,-2194,-5526
-36,-15,80,-6683,-15058,-9514
75,-56,109,770,-22486,2412
-96,85,-96,-25810,-16093,-1848
-31,66,73,-9603,-14642,-4473
-1,17,-77,-8668,-10295,-23267
27,102,-70,-7853,-11323,-19177
-58,26,-72,7418,-9139,-20099
-107,-73,-106,10598,-4679,-21934
-116,93,43,19111,2858,-13810
42,121,80,17621,1644,-12230
-47,62,79,23745,5388,-404
-49,-27,126,21073,4624,-1636
37,121,50,11075,13860,4839
-42,-37,-78,6829,13601,2867
109,38,2,4303,20394,3185
80,39,81,-5809,-30892,7577
61,35,96,8227,2230,13627
112,80,-18,3516,9271,12874
-3,39,-52,-2375,10193,14032
-120,127,-100,-4312,10524,14050
103,69,16,-8736,-3042,13208
-57,-100,101,-13917,3115,10681
-18,94,34,-21990,-3380,9098
87,-113,-50,-16299,-7687,6550
8,-79,-33,-4470,-4500,-2843
68,-34,61,-20979,-9070,2016
-76,115,-109,-21255,-16307,9416
-16,52,106,-10809,-11634,-15085
126,127,23,-15845,-13256,-29932
13,-109,86,-13273,-12354,-27101
-88,-56,45,11318,-13777,-11510
125,-124,-92,6073,-14291,-13836
67,61,97,12135,11716,-8365
101,41,48,17896,2043,-9176
24,31,-67,19996,8231,-4963
115,106,-93,25527,8332,-5520
-4,-82,-123,22731,7567,-1939
-14,109,-118,18501,3500,-529
41,79,-100,10138,7154,239
45,107,-119,9130,9964,2659
0,-81,-108,2539,1550,10151
-14,-55,-85,455,4241,6659
-29,87,-56,-12675,10783,3063
-12,120,99,-6074,1699,4449
-1,-25,89,-4902,-10205,10413
11,86,-53,-18713,876,9398
79,-47,6,-18702,3152,8777
-109,-91,-45,-21088,-13950,10240
-34,-56,-34,-29323,-8495,16369
54,-37,95,-29173,-18871,16200
-62,-87,122,-20464,-1074,10575
124,-123,0,32290,-16160,14460
101,51,-50,-18601,-10244,13259
114,113,104,-26001,-13775,12356
96,-51,106,-13776,1171,3991
-93,-4,-92,-15822,-13266,13238
-107,20,-11,-16933,-22631,6185
-40,84,62,-23762,2584,6016
-33,74,-25,-11908,-13320,8227
-13,99,107,-9646,-18956,7483
103,70,-19,-10491,-7399,5410
81,-71,-37,-10153,-7763,3317
-9,-56,-24,-10053,-8310,3400
-90,-48,58,-4407,-5377,2647
124,-13,30,-5690,-6828,1860
51,59,-55,-2657,-5043,-1459
71,41,-41,2310,-3825,-2653
74,13,-24,4979,1542,-1234
83,18,-45,-100,4563,-1944
-90,-2,-56,7461,4398,-9395
5,-27,-1,2465,5649,-6059
-105,14,73,4269,4932,-5615
-108,25,86,3412,5072,-7617
-50,-70,-110,9325,15413,-16093
-80,-46,-91,-667,22045,-15121
-25,-98,-17,16619,8170,-21640
57,52,-61,14982,20045,-21295
32,7,4,19875,24507,-20694
7,-100,117,19065,17671,-20765
-48,38,-124,15132,-31983,-17814
-56,-121,62,17575,24546,-23881
37,-34,50,13338,17484,-15473
-123,-52,83,13938,23531,-11865
-107,-24,-17,16682,27155,8722
105,-105,110,9671,9573,1635
-36,116,45,10202,24429,943
91,24,-57,12610,26963,-3107
-37,-2,17,9233,16076,9304
-7,112,-26,5358,9594,7702
120,13,-4,3588,15954,6692
26,-51,-119,2413,10669,14999
8,-81,-33,-6755,15433,12619
-15,107,12,-3782,1389,18055
56,-77,-95,-6601,-8316,17610
-21,35,98,-8366,-9998,11066
-74,22,-25,-18614,256,1193
-34,64,-27,-20429,-6675,5093
80,-128,-44,-28487,-7411,6998
112,5,57,-28065,-4641,3202
-93,-65,-75,-13869,-9186,5416
58,-41,98,-8702,-8237,341
118,114,34,-11164,-10186,-4276
61,37,-31,-3409,-12861,-18923
-109,72,-57,-4371,-9125,-23362
89,-119,-80,532,-1708,-28836
10,-119,-87,998,-3028,-26837
-46,48,117,11499,3406,-23211
-25,-125,98,11184,2553,-22181
-64,-76,81,17709,11678,-15113
31,-68,82,15391,9809,-14023
82,-88,-90,4142,32451,16355
-75,68,-86,17547,9676,-8419
-4,-2,-14,17060,10681,11314
-47,4,-27,8690,24395,13660
47,61,10,5957,17025,19954
36,93,-103,4858,11304,15917
61,-94,65,2808,8552,14808
125,35,-101,-946,5806,12958
-87,-125,83,-6888,6856,11710
72,-116,-28,-13314,6086,12905
-60,0,14,-15720,4897,11548
-38,76,-53,-25251,-1864,7730
44,-82,-46,-18098,-5395,3375
-69,6,-125,-20893,-5369,-808
-11,-84,82,-22561,-993,-2139
78,40,26,-19696,-18482,-3952
117,31,79,-14720,-21468,-4428
119,-128,23,-8999,-11000,-18015
-6,-58,20,-10015,-9761,-16055
-105,-35,-9,-4536,-14338,-31252
32,-126,51,2272,-3062,-28814
21,33,69,6301,-2831,-25146
102,8,74,15199,-2893,-17737
-125,4,-63,19102,1127,-11208
25,-9,-63,19006,6952,-10608
-98,-48,122,21117,7091,-5397
98,56,-47,23822,4405,-1506
28,-124,-60,14769,15541,4457
-69,-25,-91,11148,16608,1064
71,20,7,1169,28948,7365
-118,10,-1,444,-28512,5591
-8,20,13,5973,3018,14603
-82,-19,39,2233,15198,14785
66,56,38,2396,8557,23316
22,6,67,1877,6285,22282
57,-39,38,-9511,-3300,22010
-40,-4,-64,-16216,-4567,16461
87,-7,-10,-18789,-9954,2854
109,-50,15,-17453,-5556,3158
82,66,-81,-29479,-10029,1225
-48,-73,-2,30789,-22759,517
56,-29,-44,-14248,-11780,14218
62,18,5,-17001,-15127,12033
107,-28,127,-18992,-23202,15857
-25,-108,-27,-22056,-11177,9529
53,-67,88,-20239,-10322,9820
-98,-79,-94,-19706,-19300,15356
-12,26,-80,-16621,-12432,12313
94,-120,-66,-19213,-12235,6032
-36,-91,17,-12384,-3037,7982
11,52,23,-4881,-9323,11618
-6,3,75,-5836,-8903,7188
1,-14,61,-6679,-4247,7334
-99,112,73,-2226,-552,5903
97,78,38,-3259,-5471,6485
-63,-19,-66,-4125,-493,2520
-58,-51,-98,-3658,-1286,2871
-55,120,63,-4571,-2124,3157
-63,113,65,-2811,-3891,1032
17,25,66,596,4191,-4121
5,79,-111,-893,2698,-2921
25,-95,-79,3352,4773,-6768
68,11,105,1574,7007,-13627
51,-73,-106,626,10134,-19746
102,-68,89,1968,21941,-32304
10,103,59,3836,22589,-30836
106,-68,19,6868,28329,-30139
88,-85,-41,8141,26522,-30823
-74,-64,105,1706,-31956,-21748
-68,124,10,-206,-31925,-16112
102,-16,113,9880,-32744,-12493
10,-78,-103,14097,27720,-7695
-100,96,20,17477,18039,-2435
-96,-22,-42,15162,23146,1422
55,-119,98,15632,29457,-3443
-6,-117,17,16172,15814,16574
-119,101,-126,9141,22371,19382
-63,-110,-107,3871,10717,16363
5,44,-51,2688,3097,10116
53,53,-40,1931,2953,11231
-11,29,77,-2872,9158,14506
62,-68,-21,-7808,-782,17878
-32,69,2,-8794,-7178,12576
105,-45,114,-15435,-549,11311
-85,-52,120,30122,-11122,-3026
-104,-128,18,-26617,-12393,-7492
69,58,71,-13143,-22041,-6100
84,-94,127,-12637,-16402,-426
111,-14,61,-3251,-10120,-17767
55,77,82,-6074,-7923,-16003
-75,40,-114,2577,-1808,-19282
117,-70,-56,6124,6644,-18767
70,-61,-58,14319,12384,-17989
40,-103,-46,20264,-6502,-16797
93,-32,-44,20939,20437,-7783
7,32,55,23564,14171,-3546
67,36,-111,18575,17237,9874
39,45,-128,9169,7184,7997
-97,48,-116,19373,4881,16998
-122,-94,-99,-7975,-30139,13360
-108,-89,-28,4713,8814,22196
34,-6,-33,-3778,6948,21902
-100,-94,-121,-4943,281,20865
-5,-91,-127,-12939,3878,17277
-101,119,-9,-14794,946,14426
-97,-57,-45,-26377,6401,11323
-120,-36,-25,-30792,-7617,9780
-8,116,-102,-2971,-14223,-5978
21,-73,-83,-24707,-150,3824
-90,58,-115,-22634,-25579,719
126,17,-40,-22204,-24014,-18897
85,-87,112,-23595,3652,-14984
-73,26,-25,-12852,-12566,-23348
-120,72,-104,-3370,-8829,-24116
110,-82,-25,2774,-7993,-31521
36,-5,-1,3605,1471,-26441
22,-94,14,8972,12380,-23634
-66,-115,-4,25868,6589,-12315
79,-29,-8,28558,4823,-6537
-7,-92,-43,26530,2995,287
10,-89,114,20701,3613,-1672
14,27,61,3939,8241,-1245
18,-23,-89,6123,9353,-534
16,-108,24,4779,11079,4486
10,120,17,1983,9043,6313
29,96,12,21,7446,8025
75,45,13,2630,-3810,8130
-85,34,-72,-3171,-11343,1928
73,34,-13,-14120,10750,314
4,5,33,-13137,1669,35
-35,-18,25,-18350,396,541
-66,-43,-18,-20639,-3259,-628
-70,-80,126,-11408,-5446,2260
-113,-51,103,-9403,-11505,17712
26,8,-76,-5942,-13051,7575
86,36,-25,-10222,-4498,9539
36,26,-41,-17726,-10240,15993
-101,52,78,-2659,-12231,1870
-103,-29,-53,-1319,-10389,1010
-125,79,53,-14468,-5350,8459
-112,-72,-98,-13492,-14471,6535
51,-83,12,-8425,-5083,5569
119,-118,-49,-10014,-5174,6978
25,44,71,-6451,-6990,5029
106,-55,70,-4706,-4188,3832
-63,112,53,-4988,-1086,2257
-72,67,39,-5850,-4089,4070
-24,-26,25,-3935,-5397,2428
93,125,-15,1308,-1307,330
90,-107,-17,2974,-582,298
111,-73,-112,4479,-104,-3730
100,-54,-105,3880,1666,-3404
45,114,98,2361,2584,-5882
37,112,110,2701,424,-5641
4,-5,90,-218,7590,-7120
-13,-4,119,715,5468,-7591
57,107,-77,2796,5534,-9342
-26,-108,-86,3945,5576,-11740
-17,-51,-106,1889,13911,-13634
2,49,11,4567,23222,-9538
26,6,68,6201,17234,-10008
-15,-12,8,11795,9394,-10360
-121,109,-14,9375,14815,-13011
-91,60,44,12084,21132,-20379
-128,-89,119,9520,18218,-18691
26,-10,0,-326,13893,-8490
-58,-74,-36,4914,20007,-6530
-42,-114,99,17071,13813,11352
13,-123,-58,19400,8355,17861
77,-97,31,15018,8869,17645
-106,-101,35,14876,16546,15318
-61,106,2,8062,10810,17606
-121,109,-27,-435,12224,14517
-80,1,-47,9402,-1122,15324
11,6,-56,3675,9335,14429
-25,-35,-45,-2464,2814,17422
-50,-98,-65,-7164,577,17831
-62,37,-128,-8712,-4538,17316
-62,-33,-27,-23249,-2905,9950
-72,38,-51,-30106,-2797,1656
-70,-36,58,-29529,-3909,-2504
-117,-79,65,-22168,-14013,-1541
23,-75,84,-23604,-11835,-8964
-92,-13,50,-11408,-8617,-16567
50,35,-55,-8793,-6132,-20680
104,92,-100,-2631,-2403,-32007
-126,-50,118,11344,5424,-21618
-33,-15,-41,16274,3992,-17696
62,-119,44,21062,5866,-10484
-28,101,74,19071,8633,-9550
-67,101,29,20003,11462,-7937
-92,-2,-9,20637,11872,-2362
-55,-69,37,19712,11235,516
30,-28,-87,7591,15200,5325
75,-25,58,9414,15037,6553
32,37,-81,-7350,30124,3222
-49,-38,-77,-7788,20133,7431
76,31,-41,3118,-4936,22248
97,70,-96,-7694,9930,14811
-93,-75,121,-10961,5616,13647
-97,-34,95,-14166,6569,13377
-113,40,-22,-20914,-1618,19901
-64,14,-32,-21404,-6439,12144
111,95,100,-29231,733,-79
112,52,117,-30217,1152,-1318
-76,-127,-66,-13353,-13547,-9079
-9,48,-85,-28480,-15333,-7003
-48,-55,-89,-14843,-8639,-18331
111,-114,17,-7027,-9612,-16849
-128,-46,-20,-6205,-20085,-27813
-125,123,-23,-19245,16943,28313
-127,-44,125,18018,9628,-31015
-27,-16,70,25700,-70,-19205
-92,-10,-89,19279,13752,-13497
-40,50,86,11861,15864,-17272
76,-122,-20,7625,23786,-14495
49,24,-38,6508,19910,-1451
-28,17,-64,6708,14040,946
50,111,-65,13765,6962,11537
115,97,-91,9834,11749,9684
91,-128,118,11762,8371,12909
99,-118,70,8520,6951,12284
-121,120,-18,7231,5123,14154
-73,88,-41,3879,8590,14106
-104,29,-50,-2313,4736,12374
109,-28,-40,-6344,6014,12017
27,108,101,-2582,-9839,19078
68,114,91,-23057,1804,15976
-32,-6,-60,-30122,27,14055
33,93,58,-31093,-1289,15383
26,-125,26,-24683,-6726,11936
60,47,53,-26046,-10142,9128
-106,68,95,-24655,-10881,11076
-106,59,124,-21701,-16950,9663
29,108,70,-27610,-24875,12090
-128,-110,0,-23025,-17260,12067
12,-30,-124,-17316,-13605,6239
-3,33,13,-21178,-15602,5604
-62,96,125,-16350,-15013,7726
-24,-41,-78,-6680,-13559,3599
-23,-23,79,-13240,-11543,3814
7,4,-9,-7335,-11667,4744
43,-25,-74,-5694,-8039,4790
-18,-15,93,-1673,-1608,2076
-63,-3,27,-3430,-4795,2376
-2,13,7,-7826,-2640,-1477
-6,-54,26,-6265,-1859,-2772
-58,57,28,-1780,4309,-364
-71,82,9,-2782,896,-166
-109,41,-58,-6644,-1867,-4047
-67,-68,-42,-7381,5838,-5195
-124,95,-47,-2780,7151,-4064
39,21,-95,387,2127,-7209
71,50,-85,-1902,4960,-6118
88,9,120,-1508,6950,-12745
121,-46,116,1199,16658,-16058
-21,110,87,8288,19678,-17590
14,109,-124,7168,17040,-16898
-71,-76,26,9729,21886,-19993
-25,46,-64,11956,26891,-22358
54,125,-40,13905,17105,-23135
-111,-121,-94,8698,30836,-28656
68,-38,-27,9418,31683,-21979
127,-57,7,6749,24839,-18462
-36,-45,65,5705,28378,-9301
87,-74,-88,13569,20937,215
-127,-44,-13,18131,18478,4243
-1,-53,-119,14631,14233,12299
-114,116,72,14711,11417,14452
-53,-89,-37,14539,18553,15566
-96,-52,-69,9526,15583,15658
77,-72,13,-5741,10352,17398
8,-83,120,-12919,15796,11993
-5,79,93,-9978,5283,10751
-27,-3,-82,-14148,2541,10895
-6,66,-23,-10963,-1741,8688
11,40,-85,1298,-12842,8746
16,66,91,-24227,-329,8731
-70,-89,-38,-22170,-12090,1709
99,-92,-12,-17748,-8790,6872
49,28,-70,-10781,-18327,-7397
-81,71,-101,-19372,-5287,-22490
21,9,97,-8261,-9385,-29146
54,34,-102,-260,-3706,-20663
-90,2,-37,13719,-7037,-8304
-38,-44,-79,10522,-1608,-10301
-85,92,25,15158,13024,-15287
-61,53,96,21566,10722,-12587
-119,-53,55,25081,9520,-3121
52,-109,2,22538,13396,-2256
-106,-104,-127,17282,11060,4016
-26,-111,-67,15429,11502,12329
-70,45,9,2699,25342,8187
-14,-44,-57,-3612,-28512,11851
-48,-103,-15,6796,671,15762
43,-91,-69,-563,11532,12526
49,-52,-47,-12695,8879,11712
-39,123,-80,-14634,9929,10841
56,-47,-29,-23654,2374,15769
-100,66,118,-16740,-10693,9133
-89,41,120,-31135,957,128
-4,-128,63,-31307,-11713,-2651
119,-25,5,-6405,-24065,-8756
-113,15,98,-31712,4184,-4871
102,42,-125,-10289,-21019,-14155
-13,27,-112,-6533,-18183,-17822
29,-72,-15,-5585,-4799,-22238
81,-8,122,2468,-9503,-24237
-106,30,16,8275,801,-25223
-21,-116,12,14350,3983,-18956
-66,-53,64,16501,13118,-15553
89,124,18,15532,13712,-14040
3,-117,88,16219,12600,-6567
103,-55,42,19966,11858,-589
49,28,-28,21621,9025,7587
63,39,-2,18732,11528,6224
-79,-6,97,6299,14525,7900
113,3,-102,9139,15519,8673
-105,-14,-31,4564,16865,12337
-18,21,-87,716,7961,16852
90,109,49,-896,1609,23155
-13,-63,-61,-5437,3275,17787
32,48,-89,-6254,-6190,19269
44,33,33,-14796,-4717,21006
93,-8,55,-13345,-7817,17824
81,-36,106,-31898,-17292,10642
110,-103,-55,28926,-4711,8880
-58,-81,-108,-29555,-16775,1737
78,127,0,31501,-23883,14000
76,90,-82,-26507,-12392,10575
17,-118,26,-27353,-10658,17302
110,-43,120,-22929,28188,11934
-123,112,-77,-24499,-20594,14535
32,-15,-49,-22917,-9801,16202
-12,-85,92,-18862,-21553,9467
78,22,78,-12294,-11943,12980
99,-46,12,-14528,-16436,11124
109,-44,-119,-9323,-11382,12185
121,-44,18,-4416,-8365,9635
-128,-67,92,-3816,-9710,8581
-71,-41,47,-3730,-2054,2378
107,-59,36,-4166,-740,580
117,-87,106,265,-3456,-444
94,-95,113,2240,473,-137
92,-60,-11,3016,-4477,1537
87,-64,-6,137,131,-2612
104,-7,-119,2585,6772,-5311
78,33,-91,3161,13775,-5658
-27,-116,-91,1506,15987,-8568
99,-103,-101,2644,9980,-13064
-33,-111,75,-8,29143,-24641
-57,-27,-84,268,22522,-26074
-125,91,-50,7086,26962,-27296
0,41,43,8115,-30058,-19185
91,74,6,707,19834,-26983
-80,-79,34,9077,17304,-29551
126,26,-66,12309,-26113,-25642
120,7,-114,16248,26685,-25403
101,47,72,9861,-30713,-17690
-57,28,19,18862,24790,-13571
3,14,-73,22203,23518,-4558
-113,65,-67,22432,19385,-416
-51,42,-40,18316,10686,6780
36,27,-126,13125,18905,7569
-87,115,-7,12118,20821,13518
-65,90,41,14161,22648,5973
103,-89,-65,2910,7233,16981
-111,-112,-74,5275,6418,14451
50,75,85,-6581,5270,10243
20,67,125,-1796,6577,5718
16,-30,-55,-10872,5362,8271
-76,115,-83,-14657,3921,10455
48,-91,-35,-20724,-8780,12080
72,-103,71,-20864,-8758,11358
-1,103,83,-24291,-7553,2378
-33,79,70,-28232,-8273,808
97,81,18,-20448,-12762,6716
109,48,-102,-9101,-25147,-3302
83,-11,-41,-5857,-6804,-11020
119,93,23,-6175,-10197,-14459
-24,-4,80,-4852,-1190,-27049
90,17,2,3621,30,-21424
-72,-63,15,6294,-4195,-20385
92,31,41,7595,-668,-17586
62,64,35,10769,4364,-15868
-122,28,69,22537,9682,-7102
86,27,12,19354,7962,-7271
-102,-128,-27,18001,11125,500
-52,14,-21,16069,11540,1332
-4,-28,33,14732,12274,1719
14,-81,62,-1418,22287,3071
2,-55,5,7654,26066,17678
-51,-43,-22,707,10867,10981
97,-48,-49,-698,13240,15111
46,-118,-108,-6438,4126,12941
16,-78,19,-10352,4715,14853
-109,3,52,-15369,783,13358
-83,40,50,-19772,2143,10107
-26,-80,82,-18668,-6580,2337
-16,-109,-3,-14840,-9326,1112
112,43,59,-21717,-5873,-4549
79,19,27,-19737,-13797,-5482
-42,-61,-108,-14006,-10536,-12056
39,-109,-111,-12903,-11923,-22938
108,36,26,-3408,-10991,-18459
36,79,-4,-1906,-9678,-16800
114,-39,118,7002,-3634,-20875
103,-51,-105,6795,-497,-22769
109,93,-61,13573,10980,-19750
6,25,-24,18546,7387,-14895
-85,-41,-39,20769,7177,-9602
-113,74,-75,17280,11492,-7151
-42,39,-29,12127,17401,-4151
6,27,39,9652,10709,-704
-24,39,31,9624,10396,2296
2,10,39,7308,14365,8462
-17,-33,89,12640,8833,6521
-53,-24,67,10936,11816,9923
-86,-1,57,11397,7412,9277
-96,58,19,7590,9263,9748
-120,98,-28,686,7073,7204
114,-117,-69,-8349,7141,12085
80,27,-53,-16487,351,16709
-84,-77,41,31259,9266,14133
-3,-121,-25,-19787,-6242,12763
-97,98,58,30899,-8774,11031
-97,77,111,-22378,-4632,10370
-47,-78,-104,-16715,-23110,6816
11,-86,-10,-17413,-9553,1248
53,-51,31,-22528,-22969,15535
-74,-93,52,-20934,-18716,8758
-14,-24,62,-25335,-19553,11830
88,12,-54,-18181,-18581,9255
-104,-96,-29,-10926,-20182,9629
-94,-128,53,-10701,-13949,8869
-113,47,43,-15140,-12814,4726
-72,42,-87,-11677,-13260,8666
21,38,-26,-5472,-13619,7240
124,17,-25,-7745,-11439,7096
77,-63,39,-8661,-12598,8681
-70,94,10,-8257,-10691,7606
82,-101,-82,-8266,-5992,6901
57,71,82,-7899,-8313,6505
53,-26,-29,-8304,-6385,6944
-20,80,-103,-5563,-6434,7885
-102,61,115,-3693,-9937,8212
12,45,-16,-2476,-14086,8228
-53,84,-26,-3690,-13837,7543
83,-110,-52,-5653,-10846,5670
62,-87,-57,-5767,-8916,3469
-16,-103,-23,1078,-11544,2309
8,-117,26,2065,-8807,2147
40,-91,78,4387,-3049,-1375
78,-36,121,389,1882,-2968
43,-42,101,1862,2414,-2560
17,-51,93,2713,3093,-3499
-14,-104,75,5251,2142,-4063
-9,-108,82,5268,2047,-1563
-27,-95,83,5219,2158,2609
-79,-38,77,2440,-2306,-472
-76,-32,96,2578,-2145,181
-63,48,-98,2464,714,1207
-71,36,-112,2530,280,786
-91,73,-101,991,-1776,1303
-87,76,-97,191,-2080,1555
-68,-128,-37,-207,-2861,2631
-53,121,-34,492,-2469,2427
-12,-97,14,2470,-2906,3233
5,-63,27,2217,-4129,2746
42,-18,54,3095,-5230,1781
-116,49,93,5230,-3117,1254
-80,97,81,5109,649,1256
-81,-97,58,5338,540,1539
-88,-38,22,5952,-2084,1585
-41,66,-53,4362,-3005,1957
-29,64,-54,2412,-2591,994
42,-118,-120,-1079,130,255
24,109,-101,89,35,326
27,111,-107,499,-1314,-712
19,105,-110,1515,-2581,-524
38,109,-122,2101,-2582,-291
59,-111,99,98,-751,-836
48,-111,104,1298,-1740,-624
33,-89,58,2039,-2617,423
55,-79,27,687,-1831,160
76,-70,15,-1498,1771,-420
56,-76,25,-1537,1397,344
52,-83,31,-1365,1060,472
54,-90,44,-751,-367,29
59,-81,55,-183,-766,105
54,-86,43,2227,-922,560
68,-87,7,1739,-468,1446
92,-84,-29,868,-673,1756
114,-83,-57,215,-649,1592
-109,-77,-88,-1014,465,1547
-112,-80,-79,-820,11,1541
-80,-92,-98,-238,-371,1012
-82,-90,-97,-752,-418,1092
-54,-101,-104,-1333,5,167
-48,-108,-99,-433,-273,285
-46,-113,-102,-636,65,283
-44,-121,-102,-1043,959,-233
-56,-124,-99,-664,360,65
-64,-128,-104,139,-1170,159
-68,-122,121,-226,-861,317
-60,-120,117,-1305,556,610
-52,-127,127,-1289,680,400
-50,108,-120,190,-1313,494
-41,109,124,-204,-1078,294
-29,110,113,-520,-348,-713
-45,114,108,-444,-651,-217
-49,114,107,-184,-232,-379
-54,116,102,812,-372,98
-60,115,74,896,-1105,401
-54,115,68,570,-848,382
-36,118,35,-520,216,394
-35,119,41,-919,480,-69
-28,122,45,-737,803,-53
-34,120,50,-456,651,-87
-39,119,51,-190,547,97
