0,0,0,0,0,0
22,11,95,-905,-725,-404
22,11,95,-905,-725,-404
28,23,-95,-861,-527,-231
30,29,-69,-715,-597,-119
32,31,-51,-593,-498,-33
32,33,-36,-330,-838,130
23,36,-3,-585,-252,185
22,39,-7,-708,-609,81
10,49,9,-811,-563,13
11,50,8,-639,-222,160
15,61,4,-401,511,450
19,61,3,-148,36,371
25,53,2,684,-255,-7
26,50,3,714,-590,-32
27,33,3,1048,-180,-111
27,24,4,1280,-726,-280
5,-26,37,837,-2178,-1255
0,-18,42,-249,-1801,-1204
-31,0,71,-2867,-2362,-1536
-42,47,54,-2404,-2375,-290
-55,91,30,-1739,-1221,928
-61,111,14,-1290,-1989,1366
-74,122,6,533,4428,2183
-44,-120,-18,1254,-281,857
-49,111,-9,1900,-1160,427
-83,47,12,1824,-1621,-57
-102,28,37,262,-2394,-739
-107,23,57,-1227,1536,-746
-100,42,54,-1357,-245,132
-89,61,44,1065,2883,1562
-24,31,11,212,1755,878
-12,40,2,539,7257,482
61,32,0,267,7420,357
78,33,8,37,1534,55
83,29,77,-636,-5097,-103
53,34,53,-635,-497,-409
47,48,43,-1210,214,-1642
52,62,52,-902,328,-1631
67,86,44,-778,-1616,-1108
E
54,99,45,-845,-1813,35
44,113,30,-749,-1974,-45
8,121,33,-441,-1373,-295
12,124,25,-342,-1100,156
7,-128,2,1421,650,759
11,115,8,1079,-2234,611
-43,73,29,1294,-6091,44
-55,74,34,1040,-7278,514
84,47,76,1502,-922,235
93,36,60,2333,2022,193
126,10,45,1459,7664,745
-22,-9,-14,2224,2823,2214
-109,0,-106,-5030,23532,4711
-58,37,16,-6997,-23546,-817
45,95,-5,1220,4768,-339
112,59,-9,2479,17693,1341
105,82,74,-2167,8454,2893
108,102,48,-4287,-15572,-1010
109,-126,78,-1236,5961,-342
120,86,103,-3027,6628,1315
-119,-61,64,-7907,-8230,1220
125,-63,98,-6405,-1557,1173
-127,-10,-79,-6260,-8262,-1085
120,-28,-50,-6902,-11002,-860
-115,-29,-104,-5358,-1648,-907
-101,-61,113,-3508,2890,-777
-123,-85,70,-3190,4224,-154
125,-82,62,-3813,2582,-273
82,126,39,-4993,-1303,-674
94,126,43,-4541,143,-613
79,75,31,-5445,-497,-918
80,72,33,-6674,-2735,-1285
96,-81,68,-7707,-2593,-4272
99,-90,50,-7055,-2740,-4778
-100,-41,-3,-8453,-357,-8117
-12,77,-61,-14613,-7659,-5722
70,15,81,-14343,-4375,-5475
-87,-114,89,-11091,-4574,-10287
-12,-76,10,-20314,-5733,-8255
118,-111,-113,-23905,2216,-8308
E
-94,102,104,-8239,970,-13515
-111,-35,-49,-8281,-4613,-13670
-92,40,-66,-16741,1271,4463
-58,18,25,-14369,-4330,2754
-54,-117,-38,14383,-3238,5855
-42,-50,-122,25294,-3352,12646
-37,123,-80,-25694,24157,17211
-29,11,29,32715,-5685,11639
1,-40,-20,32715,5417,-4275
-2,90,-65,30252,7751,-17671
72,16,51,-22947,-23308,3980
61,-16,12,-16927,6082,-921
98,-53,85,-13073,-19164,-5657
-56,30,3,-10264,31851,-2179
-14,-99,-91,6223,20141,1667
-24,85,68,9793,9638,-3083
-32,18,61,14009,-714,-8453
-2,49,34,11401,3135,-7677
56,-29,-97,10934,3016,-4391
35,109,-56,1327,-10455,5614
87,-56,-47,-2946,1427,4173
55,-57,-37,-6165,5706,236
27,62,120,-21828,-868,-1051
53,53,83,-19824,-733,1749
71,-31,21,-18103,-6523,1997
111,-31,125,-12980,5442,-1797
-11,-120,68,-5160,-23936,-2285
17,71,-86,-4300,-8426,5227
126,-54,-108,2240,-2961,11230
125,93,-22,4917,-5253,9044
-7,-96,15,10015,2186,3986
-28,-55,117,6807,-10235,2737
-46,-59,-46,-3570,-19178,-1405
31,-84,-34,-1026,-9779,-3871
70,-70,-30,-6197,1801,-7170
90,-6,-96,-6182,-4320,-9803
112,79,-128,-3439,-10261,-9137
85,32,-77,2088,-2902,-4363
63,92,-122,4737,-9700,-1979
-26,-99,64,14627,-367,530
E
-35,106,125,14326,-3294,7082
63,-65,-122,-29459,2464,3662
30,10,34,-30679,7105,5091
-96,-72,20,32717,19607,6073
-2,43,82,32717,14489,1537
-70,119,113,32291,-25324,7618
-116,116,42,-16602,-1944,15787
41,7,17,-7088,-30602,1138
34,29,12,-20051,-21498,-10504
105,15,-6,-16036,7478,-11001
70,109,38,-17715,11469,1831
32,37,0,-14211,12807,451
-68,78,-2,-5689,-1169,-7254
37,-50,-123,-9676,-1012,-4815
64,111,-98,-11434,6862,-7742
71,-96,-78,-8486,7179,-8451
11,-7,12,-16578,-15766,11344
-116,40,-41,-17471,11900,4798
-21,-102,-9,-22734,20617,6143
-99,119,-125,-3830,-24468,15302
123,1,46,8090,21131,6738
-99,-39,-92,-2310,-21248,5302
-106,-66,59,679,2888,3267
93,125,120,9203,-16033,3937
-88,6,5,6080,-17152,16
-88,39,-68,719,-4934,-5127
-8,-48,40,-8032,-21965,-11875
-55,-47,68,-6029,-25622,-8870
20,34,-74,-11427,11530,-9983
-82,22,-27,-15895,-275,-11980
-51,119,-5,-12085,-31145,-5918
-31,35,90,-976,-4519,4356
28,-57,81,-4969,-8516,10787
54,-56,-103,24439,6051,3395
-1,57,-104,-23787,-603,3262
3,64,-23,32716,-32427,8774
85,-34,-39,32716,-27763,-2315
121,-14,6,-29078,-233,3196
-42,-124,114,-25649,32534,19227
2,55,0,-16815,-235,-28576
E
116,-126,-115,11916,32534,-19724
67,103,-94,-26665,-233,2219
114,-39,79,-9590,-14604,-5612
-127,65,-6,-27731,-17676,-1910
55,19,-35,-14132,-3119,-2978
-2,86,38,-2093,23422,-684
12,21,49,-4165,11779,4263
-97,92,73,-4444,-19475,2037
-48,-15,-99,-9071,-27928,570
-68,106,15,-6812,-24711,5233
-50,-125,45,15234,-4910,2814
-87,-91,-45,-4012,29243,-6728
99,79,29,-9773,28847,-9342
-17,-72,85,-15841,-31299,12244
82,117,-84,13122,3906,7644
0,-14,-77,12069,9117,-1431
-79,75,-54,3037,-12473,-1004
-78,-100,82,302,-10839,657
-26,-57,-117,300,-9470,364
77,-57,-118,2880,8471,1492
25,-53,98,2598,-4029,-18
15,-36,-50,-2442,-17738,181
114,-29,82,-7634,-25224,2033
17,-122,-81,1556,-32134,713
120,92,-88,-3207,-3393,-729
21,38,-125,-6342,-4741,763
113,-22,28,-5672,6123,-1327
10,88,-79,-4079,7243,-4490
-5,80,-69,-2487,2709,-4626
12,-99,-120,-5916,-7907,-6148
56,-82,122,-6755,-3202,-6645
48,125,-74,-6793,-8289,-10257
41,-84,-93,-4751,-4516,-8190
-9,-1,-70,1658,14667,-7349
-82,54,40,2216,2865,-5557
-81,-27,119,12199,17105,-7530
-86,-73,33,25086,-1268,-9405
-113,-113,-29,-31667,-17283,4573
105,-128,-105,-31009,28539,-5227
0,-41,-89,5808,21414,-5173
E
64,55,-8,-8905,-6880,7022
-26,-68,9,-26421,8033,10587
126,52,-83,-19954,-9486,4837
-39,52,98,-977,-6895,1018
24,85,35,5661,24169,5917
-89,-45,-35,688,12191,15232
-107,-96,-2,-2699,5846,6578
-60,-78,4,-243,1656,-332
-91,30,44,-3276,853,9593
-11,-94,117,-5744,729,11499
26,108,84,-1709,11194,889
-12,17,-5,-415,-1076,9026
53,-11,-115,629,-13669,18813
98,48,-43,2171,536,15826
-71,71,-31,5221,2806,9191
45,4,-81,6646,-15409,-11264
-43,107,-22,10739,24455,-9213
96,70,91,18557,21556,2738
16,46,29,16189,15997,854
84,-126,94,16542,-8646,1779
-125,-112,-60,20318,-17012,-356
-91,-27,-88,7933,-10380,2013
-119,-13,83,-3651,1521,3541
-125,-27,-118,-1345,1148,822
15,-61,-74,-3767,-16119,4597
27,-29,-110,-5126,712,6778
100,16,78,-9641,3980,5073
116,-14,95,-8086,3323,3700
-92,-87,-7,-2426,1053,2189
-29,55,-118,2002,7649,1731
17,-78,-48,2216,5710,-842
-8,-48,-9,-2765,3024,-1526
127,-113,58,-6538,-14564,-9651
111,-116,0,-1195,-11277,-6909
-24,-104,-114,-4445,-5386,-13744
-76,-8,-14,-21374,-10263,-8380
-110,-107,28,-22824,-19468,-3890
-98,8,52,-19421,2995,-4104
-106,106,-38,-28693,-7929,-1589
-15,3,-128,-22119,-13319,498
E
-50,-10,44,32648,-29948,6333
-33,5,30,-12138,-29558,-1373
18,-73,-21,-7463,-24784,20615
2,-9,-96,32719,1884,-4558
-30,64,-1,32719,-26175,-9684
65,55,-57,17720,901,19630
-60,-127,-3,-15964,24903,25686
-33,-108,125,6106,-4359,-27229
103,-85,108,-14618,16557,-136
56,92,65,30219,-20452,7252
-33,94,13,-19281,-30910,-2154
-28,-99,-72,-8953,-28801,-3503
-69,-3,47,2367,14581,4443
-70,-3,98,-15439,-4040,59
86,127,-75,-19386,-7691,4277
-70,-123,103,-12825,3802,12002
-91,105,55,-18819,196,9051
-73,73,-54,-13224,22137,-2521
118,-75,44,-20773,6578,3290
27,62,-113,-30278,7959,367
108,4,5,-21290,17045,-4056
-94,78,-11,9018,-29954,-13635
29,86,99,9609,31290,7231
91,37,94,8271,25440,4892
-61,105,49,8001,369,6961
46,-109,-63,4741,4820,6794
-94,59,44,5687,-16513,2489
100,45,-126,1244,-14748,4057
125,87,6,-5251,-11335,4431
81,57,95,-8027,-11630,2362
-53,47,86,-3371,-6611,807
-70,63,-22,-1041,5860,1427
-35,53,-48,-30,9929,-1188
6,25,124,-3301,-11439,-2172
8,42,10,-6495,-4306,-821
25,78,121,-9684,3690,-1879
27,-57,11,-15343,-7389,-7219
-48,96,-52,-18317,-11290,-7671
71,-65,101,-20405,8561,-6345
-120,23,-62,-18965,12260,-4942
E
126,-123,-71,-16322,7563,-1533
94,63,5,-8012,-5225,-1458
107,42,-52,1012,-2264,1249
-39,-88,4,-14952,-17603,7172
-44,-23,4,32717,19916,25456
-111,53,19,32717,28237,9805
-35,111,-58,32717,-5824,-8552
33,113,119,26870,-229,21736
-54,44,79,3436,29003,24795
52,69,33,12470,20743,4454
-19,3,-14,5167,6606,26718
117,74,1,12539,11070,2347
5,-68,-39,32717,32538,13678
7,86,-101,-27294,22495,-7896
109,-70,-61,30876,-18728,-6961
97,2,-89,-22012,754,-3987
60,-128,76,-2170,32211,-22001
-125,-91,99,-23351,-23715,5337
60,68,-53,-14235,178,-7831
68,48,-52,-13627,11075,-6147
24,77,-10,-26784,-16737,17534
106,19,36,-17495,2698,10979
-24,-32,37,32469,16483,-29915
90,-15,-97,18955,-231,-29214
-105,95,85,-30591,16753,-8947
-123,-15,72,-9602,8016,881
108,53,-8,-8994,-29493,-5112
58,-69,-92,-937,14022,-3946
-82,-7,70,5720,3496,-2167
-6,-50,-111,4068,-15324,1203
50,-76,-12,8303,-29860,-3829
27,-31,-109,3008,20331,4814
-118,-5,25,2618,9682,4002
-125,-42,-67,2015,2809,2481
126,-43,-71,469,-597,1216
-80,-38,-111,-1164,8496,-2381
-44,-21,-77,-3814,-3207,-415
-41,-51,84,-877,4346,-1113
16,-38,55,-4368,874,-1302
66,-4,7,-6529,1914,-4389
E
-124,46,-95,-7088,-6160,-6273
86,85,107,-7641,-12982,-6542
97,-111,109,-5725,-7593,-8411
-90,111,-49,5030,24644,-5879
-80,-22,-71,3388,10400,-5015
63,-36,-96,4035,9548,-3938
-103,-81,15,14347,-5353,-3333
-124,91,20,18932,-7385,4578
-58,30,82,-24686,-4982,15886
8,-3,19,32758,5222,15941
54,64,40,32718,15489,6582
45,62,87,32718,1566,2967
-113,8,55,32718,2740,-5404
124,113,110,21238,14345,13723
-117,19,-59,-16079,18670,9729
36,80,87,27389,13316,-7547
94,94,-57,29419,-21527,-10861
-99,88,81,32718,21655,1918
78,40,-72,-22199,-1119,3222
-17,-15,-107,-23082,-16803,-2654
33,-62,-91,-13671,24883,3453
-51,79,62,-20238,-198,-2383
-60,85,-11,-14355,9441,-9172
93,-73,-53,-16303,7809,-8881
-11,21,-79,-19496,5648,-1028
-43,26,67,-17340,-18330,5387
-77,-56,98,-4634,1206,11823
-102,-15,-17,-5442,8747,10226
73,-40,-62,-8948,-3705,-10042
104,-98,-72,-4724,-16326,-8719
125,3,66,-14106,-30213,-2030
-128,72,83,-10197,-19321,4724
78,-13,-71,4458,12141,7131
-106,87,3,645,-6396,4296
119,-125,125,-1275,-12969,-721
-1,-77,40,436,-27994,-1964
-7,-106,46,-4164,-1042,625
46,82,80,1455,-564,337
0,111,-109,1333,2245,-593
-14,-100,-108,-4129,838,1969
E
-36,-127,120,-482,4945,2044
-127,59,-110,2816,687,827
-116,80,-103,1404,128,1035
-103,81,-99,984,1657,359
-115,-1,-76,-202,-3067,-3400
-57,-31,-47,-4140,-6023,-3663
126,117,66,-11624,-2052,-6787
-89,44,108,-5613,6625,-9284
-4,49,-5,6694,526,-7908
-8,103,11,8296,7081,-6136
-68,105,65,12629,-5861,329
-33,-42,-40,17442,12059,-2145
-33,62,14,-24024,-26552,-10094
-9,-108,-10,25999,-14160,8787
18,-26,109,31579,22491,5481
-31,-70,-107,-31691,16305,6854
0,-92,57,32719,-10612,3284
-35,-46,-67,31711,-28292,4138
-2,119,33,-1109,963,5895
33,-67,-6,-14675,9329,6188
74,26,-46,-20466,-24586,-1066
-96,70,77,-22036,28464,-5673
-26,-75,-99,31634,-16775,1895
-31,-96,-67,-22738,25172,1797
-128,-108,9,-18112,5041,-3741
51,36,-104,-17586,3236,-8651
-5,-6,-97,-22471,694,1352
8,5,116,-17981,13768,428
115,26,125,-15183,2369,-1119
87,-4,-35,-11816,-2961,1760
99,-127,40,-14299,-5893,8067
-22,-3,-33,523,3012,6022
-20,16,-32,2349,-8761,1660
-128,-123,1,20831,26109,3592
56,-18,-42,9714,14043,10922
125,18,121,-10412,-4119,3826
18,-105,2,-8623,6066,384
-38,88,-52,-16229,-8084,2552
-5,81,3,-5294,-1905,3782
21,-40,-39,9434,-3657,-9117
E
97,49,52,1600,-19638,-3133
1,110,122,-2208,-23541,-283
115,67,-18,-19,-2255,3540
47,36,49,4108,8060,-1461
1,-104,111,-5116,-19654,-7645
84,124,39,-4726,-13647,-5823
-107,-106,67,670,14373,-3785
17,-75,-10,-2693,-2128,-7581
113,-121,11,-1532,-4775,-12406
10,102,-83,9727,-4175,-7711
49,68,-47,15313,-7164,-4740
-121,-35,91,17442,3733,4124
102,-67,-125,21118,-4140,2525
73,-17,-46,-26110,7645,8651
51,-100,46,28148,-3255,9231
-111,29,-33,-31292,-7276,-4813
-58,-63,109,32720,-8055,-5545
55,-46,63,10206,-6526,3778
41,-25,56,-22692,-9147,2341
11,39,-43,26934,6234,-6565
-2,-102,-64,-30017,-13577,-4265
-65,11,-61,-24313,21177,-4958
-59,36,51,-26158,-1095,-3718
-88,-54,-58,-15899,7032,-4760
-92,15,-89,-12882,9927,455
58,113,90,-10160,8107,6245
-85,-24,-48,-5150,13164,5302
27,-24,93,-7722,16680,8602
-29,124,72,-9922,-1167,12185
-15,86,-127,-8051,-21479,18567
-54,3,83,-2973,22495,3297
-92,-47,-101,6538,-233,17132
38,-46,3,-22457,-27557,-954
-34,15,5,-12137,25478,11588
-107,114,69,3521,11496,9029
118,8,-30,4365,16711,6701
69,87,66,15775,-15449,3462
84,121,105,17050,-5521,286
-22,93,116,14731,-16077,-4221
-53,-126,80,4637,7759,-3075
E
-107,-95,-58,-5714,-6144,-2804
108,106,-9,-3831,-7243,-6069
55,7,-122,-13193,-23015,-6949
100,-49,24,-11695,-3889,-5591
-58,-85,-5,-5475,-8963,-9160
-25,91,79,-13362,-15977,-8104
39,-95,-53,-20988,9098,-10426
-76,-25,125,-2091,13326,-10099
-24,19,-63,9043,-9324,-2133
22,-62,94,8896,-850,4124
7,-61,92,8446,11108,1436
-128,123,120,30442,2734,-1633
-7,116,52,-27935,-10571,-12658
56,-78,-124,32722,24971,-11718
74,40,93,32722,15389,1964
-105,-116,-115,32722,8623,-4090
5,-65,-49,-3235,-29616,12762
9,31,78,-16244,16968,3453
36,48,1,-21137,-1858,-10628
-33,-91,65,-24324,-29785,-4369
13,127,-23,-26230,-20168,2710
-127,-6,106,-25752,9804,1386
40,99,40,-3709,-13989,-6800
118,-84,-30,896,13556,841
-61,-9,-115,-12411,890,9782
18,108,-31,-13935,18769,11283
110,-43,106,-12386,15805,8107
39,-48,76,-9344,-15219,6579
-112,97,-106,-6074,-16856,12332
48,-94,115,-19123,22514,15354
17,88,-39,-6865,5768,5915
14,7,93,-16699,-13151,-376
-104,88,-33,-6720,-5049,-7005
-113,46,-81,15702,-5334,-2653
50,-57,58,10199,13131,-3707
-60,-38,71,5674,1235,-5398
-123,13,-10,10077,-11006,-7133
-64,-14,-100,9317,-16594,-2670
79,31,-99,4744,-27535,-6853
11,-47,-4,7984,-23968,-10332
E
-106,-64,-6,27748,20357,-12072
-124,124,71,22964,-8771,-3427
95,13,-117,25430,-3731,229
79,-122,120,18773,-6095,1291
67,-9,123,6041,3634,-2906
81,53,121,6795,-1208,-2147
76,34,104,25967,11443,-87
38,-16,-57,-30027,-12623,-8078
-116,-54,-3,8780,-16974,4097
127,29,-76,-31153,18502,-1286
99,-123,31,-27095,9894,-7983
38,-121,7,-25684,-3497,-9949
-39,61,82,-32206,-1959,-3696
-72,-22,-91,-19899,22031,-3838
-86,90,-37,-22240,-7265,1546
-12,44,38,-19823,19846,9569
49,-109,-92,-24325,15485,6618
73,46,-90,-19493,-11924,5377
-26,-31,-57,-14955,-14409,8173
124,-8,-72,-14966,15238,25230
63,-58,-71,-17443,5448,11166
-34,-83,-38,-23851,10909,3324
-48,103,94,-26635,-7503,-465
75,6,-79,-174,13332,-5189
51,58,119,2921,10476,4577
76,-33,-27,4608,25002,-13341
-126,-90,45,-4694,-1861,-5790
-33,-125,34,-370,8565,-763
-10,111,28,-5425,6448,-3929
102,-10,27,-10775,-3119,-12418
5,6,64,-8047,-9101,-9100
-67,-10,52,-9192,-38,-7086
-126,-56,-128,-5241,-7344,-3730
-127,93,56,20071,-8328,-513
84,62,17,-22077,-22827,-14243
2,109,90,32717,4249,11489
108,57,121,32717,-20802,-7187
30,126,-104,32717,9209,479
-66,68,-42,32717,30082,7067
-62,74,-49,6582,25242,6308
E
-27,1,75,-17470,10280,11234
64,-44,-95,21500,9413,-15301
-70,13,-38,32077,13601,750
17,-108,66,-31338,-32199,3469
57,23,-111,-21269,31929,1797
63,-14,-24,-13346,-16856,-6408
111,60,-113,-13046,854,-13922
31,55,54,-26719,24118,10200
31,-74,-70,-25488,-10275,10457
102,32,39,-14306,11034,-3033
65,-6,-105,-13778,-2169,3942
124,-22,58,-19746,-6387,21563
39,13,-89,-10343,13911,9276
-101,104,-47,-16089,12075,5610
-117,82,45,-18486,32544,-19127
-105,107,-12,-7793,-225,-6398
17,122,105,12046,-21422,15066
49,69,4,22240,-15004,-17219
-106,-103,-98,-2784,-29402,4014
103,22,-15,-1571,-4185,1459
92,-18,-27,2385,-15181,1171
127,23,-58,-8152,-29572,2018
-37,26,108,323,-6177,2844
92,43,69,5660,16845,2848
-91,56,49,2373,-10807,-196
39,5,-19,2124,724,-7635
43,1,-104,2173,-489,-5291
72,-65,121,2052,4879,25
51,-51,111,882,5845,-1847
-72,87,65,-12108,-4134,-10582
-42,45,79,-13234,-5091,-9877
-97,51,87,-17145,-6765,-9517
-86,118,36,-10086,3788,-9555
127,-17,-127,-4393,5702,-8745
-119,37,-37,-5544,9857,-9843
-48,126,-85,26780,-11059,-2712
-100,125,-24,-26551,4703,2301
126,52,-112,-32104,422,10147
-36,-126,119,32714,18992,240
-78,-128,-14,32714,-15431,-7704
E
-112,103,-1,32714,-29888,-1098
-65,-13,-88,-8331,-32356,19216
20,109,114,20909,9584,-6759
-108,-4,118,31806,-7871,-10373
1,-24,-115,32207,19837,7936
45,15,-32,32713,5343,7560
-49,-54,-35,-20220,-19581,5001
7,-118,-96,-13982,-21657,4213
-47,-69,-123,-14394,-28690,7731
120,-58,-43,-22768,293,5001
127,-108,-114,-23903,404,7871
-46,28,118,-27453,12087,10075
64,5,79,-27796,-7529,-4685
90,35,-6,-31389,-3454,-415
114,104,41,32459,31643,4169
-35,68,123,-24829,-5613,-6075
51,115,-38,-31148,29501,-4276
44,87,-55,22420,28219,3814
35,95,-8,14785,-22759,16923
97,-17,-88,11942,-894,7262
79,-4,123,11002,-130,2083
12,72,53,-2856,-10555,561
20,91,-114,-2915,-2364,-2293
28,62,-117,-4008,-3649,-3265
71,34,110,-4554,1699,-1830
66,2,74,-1880,9196,-1264
-3,-60,92,-2121,98,-3086
-12,-117,-124,-7733,-3373,-8815
-2,-46,103,-8503,3851,-11966
-50,1,42,-8025,1296,-10105
-36,8,34,-8914,-2597,-9925
-110,-35,-114,-8706,-9046,-13375
38,-32,53,-3399,-3478,-8926
-50,82,-103,13561,-6849,-434
-31,-30,-64,23775,-4559,806
2,-57,-8,-31609,-4052,4021
6,79,32,-30827,-4484,9307
-21,17,52,32711,-5502,-2539
92,23,64,32711,-29943,2373
-118,58,-79,32711,29674,-15803
E
53,-93,-22,29715,14967,18614
44,-88,43,24944,-26229,936
-126,13,33,31993,-223,-12076
64,5,116,-24565,32544,-22308
-13,38,119,29959,29287,-759
-32,-17,106,-28996,12267,-6980
-92,-4,-105,-18026,-555,-3925
-73,47,-38,-18953,-7201,-1583
-25,-55,45,-16794,21645,-1773
-46,-23,13,-23938,-606,6136
-109,16,-72,-20781,-5280,6287
-20,125,24,-18595,-8648,9813
11,-93,65,-27923,19835,17155
-39,-45,53,-8543,-26567,-32577
75,-105,65,-8145,10904,25610
61,-91,10,13954,-22872,-1873
-66,-101,-79,6222,-223,771
-34,31,104,9464,-24385,854
23,-94,32,7075,9253,4179
65,-68,13,5570,2714,5484
-18,-95,116,5397,1039,4936
-105,121,-2,-1701,-29912,-4524
47,-51,-94,-9875,25857,-3551
9,59,112,-12639,32544,1279
80,-101,-15,9333,-225,9343
-83,77,-56,-12095,32194,287
23,87,45,-3025,2012,-1613
71,-127,126,-4076,4886,-1123
84,-127,62,-4231,2176,-1025
86,117,34,-1121,9868,-1677
44,103,-94,-1419,-1202,-2226
24,99,-90,-3900,-8133,-3162
22,108,-97,-7644,-12369,-6932
16,90,93,-4111,5651,-5582
-33,98,92,-6465,-1248,-5851
121,63,-56,-10506,16843,-10115
84,-94,125,-11447,6208,-8592
58,33,-54,-10003,631,-7411
41,-107,126,-4629,-1684,-9740
113,8,48,-6777,-2688,-9644
E
-62,-43,11,-5884,-5264,-8850
100,-85,-113,4730,2782,-4015
107,-47,-108,17026,3966,-1982
106,33,-87,-32208,-8969,4195
-104,-94,-103,-29527,-3431,9614
-64,-93,101,32715,-2886,7679
-37,116,66,32715,7876,2949
-43,18,-44,32715,5960,-4724
-75,25,29,31809,19252,10931
-128,117,5,20804,32477,11489
-39,-109,-38,-9065,-24893,5687
-125,-119,98,934,26376,-7474
95,27,-78,-19926,-29287,-6958
-83,-111,-94,-20545,-11620,1191
-44,-112,95,-12074,18804,-3165
56,124,61,-13858,276,-1930
-12,88,58,-16999,6586,5199
105,79,54,-17299,15078,-1025
-65,-37,4,-23280,-26448,-3256
-38,95,-44,-17010,-9480,-3997
-2,-54,32,-26178,10056,2055
-59,11,-18,-29518,-371,2450
-51,90,-42,-31297,7035,-1753
109,-22,-93,-29190,-24273,899
-121,78,-31,-11109,-31300,4736
-9,115,-108,-264,-6190,9765
97,-70,-16,21693,-31645,16069
45,-86,12,24311,-6582,11762
-73,-39,-36,10757,1127,11498
-119,110,62,6944,-5338,7761
-35,-90,39,6646,-9759,-3856
-5,-75,-84,6925,-160,-4708
43,90,77,1215,-10947,-2291
66,73,47,4316,-3138,-97
122,-57,52,4530,-10994,4661
-78,13,98,-2225,-16936,1070
114,16,106,-4376,11297,3315
19,-6,96,-2968,1939,718
-48,-104,-66,-3368,660,-2935
-48,101,-88,-4369,1069,-3055
E
-83,47,109,-3016,-8747,-4205
62,-31,23,-8982,-2907,-7823
68,-36,-124,-10438,1641,-6898
103,-70,91,-16843,-12197,-8187
-10,76,3,-14084,-7762,-10163
-26,-8,-89,-16246,9383,-10619
15,47,69,-22643,13826,-10883
-87,-123,-101,-21803,-4381,-7805
13,-7,102,-547,-4062,3000
-18,-28,124,-186,-2531,3149
-113,-115,45,27576,-275,6072
117,-104,-83,25452,-4589,3814
22,-34,-95,-27872,-3301,13686
16,71,-115,32712,12554,11067
-30,8,92,32712,9952,11003
40,-54,-71,32712,9150,6326
23,-27,94,32712,-19196,6966
-57,114,118,32712,-464,22200
126,-85,95,23061,-470,12126
-42,-13,-114,-32219,8923,-6074
65,-34,-16,17656,-15465,-2366
-119,70,14,27099,5847,-7171
69,-49,115,32712,12528,-5591
-77,12,-69,32712,25751,-3794
-105,14,26,-24010,-16712,-1674
-115,0,-39,29774,-16314,655
-109,-75,-58,32712,-27874,777
-68,86,84,-22813,-31732,3364
43,-61,-27,31643,412,2566
19,12,3,31956,-6040,-1121
64,117,4,32712,2098,-2434
73,44,57,32712,9798,4297
53,0,88,32712,-10969,4792
100,-76,-7,-24383,-2189,-1090
80,14,9,2886,-26689,-625
-33,-100,-7,-1974,-24747,13410
19,-73,-114,30277,-6652,8281
115,-48,113,26678,-1134,3789
98,29,-89,25687,-4902,911
70,-35,-57,17858,-11972,1072
E
127,24,-119,-3202,-7169,-2383
-86,89,113,-5222,8296,-1481
-82,-109,-111,-10081,-1978,97
-105,126,-113,-6718,-3427,-1998
78,-91,68,-11141,-21765,-3666
96,-89,102,-9930,-12310,-3633
116,98,70,-5242,10763,-4239
90,24,31,-3170,5416,-5594
106,-102,-56,-2975,242,-8093
-117,107,-65,-5656,-200,-7076
-53,-6,64,-4566,7607,-6265
-61,-26,51,-2337,5610,-7063
37,-7,-64,-4056,2218,-10547
64,21,-81,-3661,7221,-9234
39,-13,-29,516,7171,-7201
-121,-43,-42,5403,3934,-6614
9,-44,6,8677,-4970,-3581
-3,-49,-18,14603,-2751,43
-42,21,-28,-22488,-6672,12448
-93,-98,60,32709,-7011,12001
-86,-109,-24,32709,21452,14675
-73,52,-8,32709,18729,12792
-11,-63,22,32709,-20241,-3099
-61,87,-47,32709,23992,6226
-29,-51,-12,-27158,-28061,-12253
111,25,-95,19897,25927,-4666
46,44,61,32709,26764,-1219
-21,15,-24,32709,29154,4710
-23,-18,62,32709,-24491,-2479
-30,-51,0,-31568,-18335,-9753
51,-99,22,-20191,-3565,6173
99,-76,-97,-25471,20251,7716
40,47,60,-23166,1292,244
33,-66,-74,-20144,702,-3287
16,28,-124,-32105,-5552,11151
29,79,74,30559,17531,15437
33,-37,-71,-25328,-17251,11697
-94,-59,-58,-9615,-5482,11120
-38,10,-111,-1126,25702,3710
61,57,118,10122,5542,9424
E
79,6,-90,22851,4099,-357
110,-2,-79,29470,6488,482
-124,-121,-84,24392,6993,2467
43,50,14,6610,-18550,4011
-69,116,63,5020,-12221,3371
112,-76,-112,-1704,-14771,2259
-22,104,94,-2226,-13975,1163
-118,28,-59,-6756,7490,4494
42,-49,-4,-4547,-1553,1715
18,124,-61,-2869,10718,2405
-12,-124,-56,-1468,7657,554
46,67,61,-1813,-1738,-2821
112,87,24,-1790,2554,-1125
60,45,11,-4137,3075,-1455
26,-1,15,-5795,-607,-2583
75,125,-41,-11738,-1751,-7194
-95,21,99,-14894,-2974,-6624
11,-108,66,-11984,14232,-7279
34,-117,8,-16069,17264,-11128
-14,-36,57,-22479,-662,-15823
-124,-66,-127,-11264,7204,-9632
42,93,-106,16533,-12084,3461
15,46,27,26508,2162,2110
3,-6,90,28291,-1750,1552
-93,-49,-63,-29198,-14262,9013
97,-13,-32,32710,-9202,6980
67,51,-21,32710,14234,11062
70,92,86,32710,17203,1440
55,-14,-62,32710,7451,-5858
-55,53,-119,32710,11288,10317
115,-10,-68,8185,-18232,14187
31,-24,-71,-26945,8338,7291
111,-92,101,28961,21041,-11323
-78,26,-21,30574,21962,-2260
27,53,104,32710,27921,-1034
-6,82,110,32710,13047,1734
14,1,-19,-26484,-30806,-9126
102,5,-3,-26576,-12511,-5556
-74,38,108,-20365,18829,6458
42,112,-36,-21760,15698,-2505
E
103,-92,11,-20513,-2785,-8996
14,14,-47,-18960,-10277,5581
-23,-68,115,-20078,-501,19980
43,-87,103,-12631,-10164,15370
-119,108,84,6188,21110,15744
-64,55,-113,9860,-22515,3615
-116,-109,102,-7859,-25136,11985
7,-91,35,9330,7746,1334
-19,114,-47,5981,-2918,-759
-83,-105,50,6926,-11132,-380
-75,-110,16,8083,-1237,402
-63,53,-40,11131,2464,745
-102,106,-68,7852,1595,757
114,-59,-81,-12,36,1856
118,-82,-60,-262,-2106,3111
-124,127,-54,160,4165,2526
-126,-125,-66,-743,3740,1222
114,-90,-30,-4942,4050,-2773
91,-106,-10,-1494,1366,-2738
42,-125,-9,-9,4784,-3841
15,-112,-11,-1459,3973,-4192
-72,107,35,-1881,2581,-7252
-116,68,56,-2668,-623,-7896
111,25,80,-6055,272,-7417
85,125,110,-8710,331,-7939
65,12,-123,-9335,-2473,-7629
78,9,-91,-12129,-4505,-10792
-102,-127,114,-14278,-4920,-12374
-122,-106,80,-19269,-2909,-14230
-124,-104,-30,-8613,-15984,-9387
-20,-35,-99,14841,-9889,5340
107,-63,84,21062,-15507,4347
4,-103,29,26620,-6876,3373
29,-55,45,31696,-6192,6463
-17,123,71,-30891,8416,-929
-37,84,-112,32707,16603,-1396
-94,-8,-15,32707,12054,3548
-18,82,76,32707,15999,2537
-87,49,126,-17401,8685,12911
38,-71,44,-24186,-8573,11780
E
105,24,-36,-28734,18895,-548
45,108,72,-26497,2273,-2208
11,94,122,-24887,24314,-7636
-7,75,-1,-31261,-15154,-3904
16,-20,-105,-19374,-26121,-9218
-87,-124,48,-22709,-18944,1126
23,-79,-30,-16620,22467,2534
13,-6,126,-21844,4471,-4330
80,-44,125,-18438,5252,-7052
-89,70,112,-21878,-827,1045
113,-93,3,-26786,-19935,4785
-47,15,114,-7888,28119,3293
-78,-24,107,-7092,18785,8239
-10,84,-125,-4343,-25414,18895
-74,-2,76,-9973,-10876,7304
74,19,49,-12139,-24489,7589
125,-16,25,-7900,-8485,5924
-40,90,-86,728,-2947,2273
-120,-125,-77,5,-9930,4751
20,-109,72,7898,2959,3683
-43,-82,41,5896,-3661,1714
-114,-2,54,6889,1462,-683
-110,2,63,6785,736,344
97,56,73,3724,-1610,35
110,44,65,2287,-1411,-495
127,32,62,-2878,2374,-4622
-128,9,97,-5280,-217,-4462
119,-5,-116,-10761,1586,-4280
88,-43,-84,-11151,1955,-7404
-21,116,-15,-11265,-1280,-13387
-59,43,-56,-4430,1291,-9378
-59,50,-66,-2955,-938,-8180
-92,-59,-101,1955,-3352,-10679
-73,-45,-105,2556,-9575,-9775
82,-7,77,5579,-22446,-5395
-115,10,33,13125,-18400,-100
-96,-71,-89,-21565,7168,12526
55,125,-6,32706,5066,6143
-35,27,-30,32706,17927,13397
-60,-17,-114,32706,25831,16224
E
-115,103,-128,12775,5261,-523
-55,71,127,-14882,32530,9210
13,104,31,18016,21086,9222
-53,-84,48,32706,9081,-1049
19,80,-115,-32036,4167,-11156
55,-126,100,32442,1567,-4212
114,-12,-117,-19659,8061,-10061
77,-19,98,-11119,17102,-12623
-98,-46,30,-17731,-2898,-5846
17,-52,3,-14613,25662,-5368
88,-99,66,-12945,-2448,-7776
-22,-72,96,-19548,9984,-7786
126,75,-6,-23170,569,-927
106,83,28,-23846,-883,2857
84,-88,-63,27794,15808,18255
-108,89,-105,32706,32530,-11425
80,93,-46,6406,-4864,9826
-65,-27,-105,6318,-3066,10845
-24,-116,109,-1877,31486,28530
-25,69,31,11091,-31715,28937
-57,80,-115,17706,-15729,9654
-109,-64,-107,13995,-24583,9029
50,-122,19,-13,-10055,-4029
1,-54,-95,3220,-10566,570
31,-8,-44,4420,6789,-4435
121,-10,53,11741,478,-3177
-115,14,47,14227,-4468,-332
-12,-110,41,8120,3458,1719
-74,113,58,4214,-1759,248
-89,-62,-87,1503,-1836,-3066
-82,-88,-59,1835,-3724,-1339
-10,-56,-76,-583,4107,-1354
-38,-65,-81,-1230,577,-1190
-55,-96,-101,1344,2414,-1186
-70,-83,-115,2723,-180,-1231
-70,-27,-99,1886,-456,-1645
-71,-3,-74,-229,-2158,-1537
-46,-18,-69,-250,238,-2355
-50,-23,-76,167,-787,-1248
-78,-19,-96,-45,2322,-1679
E
-92,-19,-79,-1055,-978,-1803
-81,-54,-83,-2434,1415,-1560
-106,116,-104,-4204,-3984,-2477
-81,29,89,-7047,-13015,-2816
-124,83,47,-8728,-968,-4437
-111,6,15,-14197,-904,-8766
45,-113,52,-22630,-9104,-14479
-45,-5,18,-21115,-4122,-13739
-126,104,-92,-22506,-2211,-11255
86,20,-70,-22472,-6278,-12006
-11,-118,15,-21002,-10644,-8953
-77,-23,-10,-3175,-1222,6787
5,117,73,17925,-6494,6690
14,-115,36,18000,-1887,5728
113,46,102,-23956,891,12688
69,-79,1,32705,-1968,12846
102,37,-105,32705,22693,8610
-43,-42,-6,32705,21143,12232
-30,-17,19,32705,6542,-16613
67,84,-52,12188,32532,11996
-46,-107,54,445,10249,31942
67,-94,93,-9117,-14654,15853
125,-81,-84,-8398,-17109,-28366
56,-69,110,32058,-16675,-15213
-92,52,-115,-30519,17108,-9836
-83,30,-45,-17730,25465,-7454
-76,-28,-60,-19330,-17861,-6539
-5,-16,66,-17482,-32765,-1827
97,-61,-98,-19563,13011,-3237
-98,22,-32,-18384,-8164,-699
18,83,-103,-14731,3912,-4616
-113,120,-81,-16116,-897,5262
105,-60,-2,-20490,-8631,10860
-89,94,-70,-8608,-23019,20034
125,-79,-87,-1390,25556,16443
69,-123,65,1371,20349,9
66,114,-62,-2748,-862,4861
10,104,36,4755,-6224,4886
10,57,-58,6313,-2272,3188
48,125,-53,12704,-2159,-2109
E
-51,50,64,7466,-2775,-1460
-112,69,121,-760,-11177,455
-66,86,-53,-2277,-3922,-1695
-3,127,48,-401,5269,-186
22,-118,-117,-3418,-1011,820
-2,-25,116,-4653,1611,31
9,18,114,-4563,-1872,-434
19,52,74,-709,2084,112
39,66,90,-1647,896,1247
58,101,84,-2811,3679,558
107,-111,99,-3025,-697,-1396
98,-117,104,-1927,-375,-698
120,-123,74,-1394,-154,-792
103,-127,113,-3684,-4634,-2857
39,-102,114,-4478,-1183,-3721
15,-72,-125,-7001,-1344,-2995
-24,-7,-100,-10240,1984,-5644
-44,27,-77,-9180,1257,-7454
108,40,-26,-848,-1445,-9443
51,-47,-83,3025,-3118,-9571
-28,122,-62,-1124,-6685,-6592
23,115,114,2057,5480,-2673
62,39,-124,24768,6837,2207
-19,-87,75,-31969,-19635,6054
-78,-47,77,-30484,-4229,7765
-76,34,-68,32707,14611,9186
113,-47,114,32707,29921,1212
23,-5,-2,32707,-11117,-617
-42,115,19,32707,-25971,-6917
16,0,-93,-8881,25793,-22630
-119,70,57,-16091,-609,1049
-118,4,-117,-25783,25093,-21895
-118,7,52,-32424,24090,-1748
61,-70,-13,-32199,27052,-3246
-120,98,109,-26522,12381,-3049
1,27,31,-19764,-4490,-6007
-111,40,8,-16601,10466,-8427
113,31,10,-26579,4150,-4506
46,71,-110,-28555,-506,-6272
-35,113,-62,-26443,-10458,-4823
E
-112,93,127,-30758,-18889,-726
37,-65,-105,-24903,32217,9024
-83,-70,22,-26846,4028,7560
-39,58,-11,-18888,686,18149
41,-47,123,-13423,-3942,11633
-71,101,-106,19804,-15957,17152
-56,11,-108,11998,19270,6925
21,14,47,3654,30084,11271
63,101,-49,5728,-12795,7554
103,-119,126,14717,476,-6628
-23,-42,-68,8111,-16894,-6546
-72,56,-2,955,-5030,-3117
-43,-111,12,-4989,6860,1131
37,-35,-80,-4102,5480,1177
9,-10,-51,-4094,-1917,473
-19,45,-93,-3138,-1786,-312
-7,119,64,-1804,1781,1411
12,121,48,15,5273,1546
50,104,59,386,1859,422
52,95,77,662,770,275
86,47,116,1206,1411,-1167
115,26,-124,-1116,1576,-2079
-85,47,-123,-5511,981,-4264
-86,63,127,-4589,-1941,-4721
-120,-104,61,-3987,-3962,-6496
112,-56,32,-5362,-2280,-6562
121,70,-37,-8536,2411,-11615
96,115,1,-8762,-4118,-11391
-13,-106,-20,1908,-3475,-5486
-30,46,-101,8476,-2644,-2188
118,-23,-95,8109,-8629,-334
79,-118,94,18755,1797,-2707
52,-85,40,-26649,-10418,607
94,-118,-9,-31917,-28302,9998
-36,-98,-76,32708,11093,-2758
-109,-43,-33,32708,17782,-9483
94,-112,59,32708,-9183,-2982
-61,-37,-57,32708,30587,9518
119,-31,-122,-16765,28706,17614
75,75,53,30729,-16726,-6813
E
-39,-18,-92,-25812,-6432,-8952
13,38,14,-31277,3714,2317
-31,88,-4,32346,1050,-3
34,-97,50,32220,16909,-5547
-102,73,4,-23195,1839,-6106
-58,33,-58,-19833,-1055,2300
-55,-4,94,-20348,11947,3276
-89,-66,-106,-22003,-2967,2613
-68,17,122,-25328,-26116,12690
47,-92,-96,-6807,28546,1491
69,-21,-69,-16241,2870,8902
-70,-81,12,-6842,-19919,24958
85,-26,60,-16498,18409,16415
-28,97,-71,-19360,13737,18422
125,-30,108,-21416,-2790,2767
88,-12,36,-19085,-32392,-2640
-48,-98,-100,-3282,5034,-7713
-111,111,-91,5253,-14992,-8453
-90,5,15,12925,-19044,-6287
67,-60,87,11320,-10011,-3662
-99,-96,-6,3662,22096,-159
114,-117,53,5478,-1037,8509
-84,81,27,16541,-13306,8053
-72,-72,-4,1303,-18018,-924
110,-92,7,-904,-5953,-2939
-108,-88,84,-467,8782,-2090
127,-71,-88,242,5648,-1369
-113,-41,-76,2089,77,-1497
-123,-45,-56,2160,-1621,-1473
-98,-17,86,3086,-1592,-1463
-99,-11,101,2021,3157,-534
-113,-22,-121,-1869,-4081,-363
-118,-61,74,-488,8995,-3752
79,-61,-85,-2060,1988,-8390
18,-37,-78,-4486,-7450,-10437
-47,32,74,-4709,1530,-11658
-112,31,87,-3902,-260,-14258
-58,-42,-120,-1845,-8517,-18423
76,76,-85,-4096,-11545,-16136
-126,0,-26,-6579,-11771,-14589
E
58,103,-9,3428,-8631,-6882
-103,-107,-21,5721,-8001,-2833
49,79,-28,22320,1497,5980
17,33,-51,30221,-4039,3140
5,-8,-85,-29244,-7282,2662
-30,-111,99,32711,-2872,-280
84,94,-56,32711,-94,-10257
-90,-23,-95,32711,5430,250
-58,73,-4,32711,9109,13988
-80,49,16,21189,-6836,12317
96,-125,107,-27696,20818,-8279
28,-113,-86,21359,-21620,-5021
6,-102,-81,32711,5635,-579
29,66,64,32711,6471,558
105,62,27,32711,16589,-2264
-24,-92,100,-22665,11390,-5475
95,-53,-20,-21827,-5084,-6962
97,33,-4,-24241,2785,-1809
116,-80,85,-22128,15165,-2131
95,-70,-49,-32613,-7716,6969
61,-93,29,-25525,-20010,12251
43,-76,115,-24832,25806,16056
-51,-75,36,-9135,8479,-5539
-25,-98,-31,240,-30709,316
-17,-108,85,12387,-1439,8164
5,69,-81,4741,-215,10921
-9,127,-1,4210,-7815,4824
-46,102,111,-255,-8047,-5375
-77,-123,-27,-4136,-8303,419
-62,-55,38,-3552,-11475,2846
-6,-9,-90,-1613,3421,2951
-23,-1,-117,521,3763,1574
-44,18,-120,-2738,-6796,-546
-36,35,7,-2587,-6396,381
-13,22,0,-595,-4384,1206
44,50,50,320,1032,1848
38,55,25,-463,1724,1597
32,62,14,-1756,1890,853
22,51,23,-226,3588,2034
3,54,-26,1385,5451,1643
E
-29,51,-38,-773,1256,-1214
-50,13,-62,-2521,5241,-3027
-74,-16,-90,-3813,288,-3174
-101,-96,-65,-6304,-1607,-5094
-105,102,-90,-6768,3549,-6696
-128,-44,110,-10116,3775,-7967
-127,48,-41,-7829,2395,-7109
-103,-39,-89,-7918,1158,-7494
-18,48,-51,-8203,8975,-11798
64,-20,-125,-8156,993,-15166
73,122,-4,-2179,-7914,-11878
-110,-74,-42,8806,-4214,-1965
-97,-106,103,16580,-825,3971
104,-83,39,25498,-236,-87
87,80,95,-27055,-6957,199
70,-71,-128,32715,6685,2426
-105,-52,-121,32715,-29375,-7881
58,42,-16,32715,-14412,-69
111,9,-78,32715,-15656,1884
-92,112,57,32715,21457,20137
-91,-59,119,-16083,17701,4579
48,-75,58,16214,-24581,-8812
81,-55,88,32715,-9773,-1488
69,4,-57,32715,-30660,4456
-113,-126,14,-22798,-21386,-2073
14,-62,62,-20694,-12224,11069
-122,-6,-125,-22395,1358,7648
86,-81,19,-25577,13712,5327
-126,-128,76,-23104,12217,7097
-110,-41,-92,31385,-2352,11129
46,-92,6,-32649,-8040,4159
84,123,-54,32389,-26065,-617
94,37,28,-17690,15855,6582
93,-120,-47,-8876,3633,3890
70,20,55,1337,-16970,16509
118,-64,-31,-1284,-24187,15360
108,122,-104,7225,11463,4704
-8,119,-13,7691,6770,2185
-42,-30,14,13504,-14178,-6222
-28,-24,20,11368,-7167,1187
E
-37,3,62,11144,-8979,784
-88,96,-13,8393,9719,535
-110,102,-59,8193,3499,-1124
85,-116,-65,601,-10890,-1956
-83,-107,-83,-1427,-9962,682
23,-100,-117,-3184,-1981,1810
14,118,-116,-2488,-7325,-1450
81,94,14,1174,3590,1908
38,106,46,1477,4495,1871
-10,114,68,673,2114,1619
-51,126,92,-1926,-469,45
-64,103,53,14,4530,-1280
-64,103,42,266,6070,75
-89,99,41,208,450,-426
-71,100,5,542,4862,-337
-97,88,-7,1060,3867,-1636
-117,65,-82,2765,6505,-3611
-127,37,-34,-1838,-2258,-1673
-80,-9,-97,-3568,-844,-4207
-44,-60,107,-4378,-1534,-6291
64,-118,19,-10120,-5954,-8389
-36,-107,23,-9329,5924,-7622
37,-59,-65,-8976,4631,-9737
-5,124,54,-12442,6132,-12517
8,-89,57,-12827,7919,-12043
-35,-92,28,-9816,-2841,-9501
-104,96,23,-4466,-96,-8781
-124,119,-98,9071,-872,-2307
-126,52,-106,10822,-86,-1258
126,22,-66,-20715,-2595,10257
93,-86,44,32716,-2213,10519
-94,-48,-75,32716,-39,12863
-68,-44,-67,32716,12433,8507
-89,31,-19,32716,-10710,-6696
67,-39,-94,32716,30783,9056
-74,-111,70,-11537,14943,5522
-1,-49,-23,-21584,-1680,-907
-59,45,71,22966,31627,18
-98,-87,-19,32716,961,677
120,-117,-73,32716,2892,3526
E
75,-68,-22,32716,9171,1640
55,42,-60,-23140,-29606,-5049
40,-34,103,-19424,-14683,-835
-92,39,35,-14124,7566,-2811
-62,-105,-108,-15390,14408,1627
124,-34,-78,-19113,-17379,6640
79,119,-39,-22791,-13989,12322
16,70,1,-18752,8236,12028
93,-16,-114,-10267,4330,3484
112,62,-97,-2654,16494,5405
-85,113,-29,10727,-27012,5645
72,43,80,11051,-26359,12682
-61,-122,-17,8578,31158,13713
-79,-58,107,1385,-18234,5525
59,104,3,11263,-13978,-88
-116,79,-34,14596,-17197,-2432
-82,-53,9,4098,-2795,-2584
-18,96,127,-4453,9379,-6004
-11,76,-116,-3719,-5567,-4269
-111,-78,63,-2248,5139,-596
127,-85,41,-3188,1582,178
-99,-72,19,-562,10792,426
-105,-92,47,-356,9959,940
120,-109,-89,-474,351,2353
102,124,-103,-200,718,1828
89,96,-103,-689,4127,330
63,65,-61,-403,1963,150
69,62,-77,238,3228,-141
58,37,-25,-422,177,-2273
69,42,-38,-1164,133,-2833
125,55,-53,-4181,-521,-2817
-93,64,123,-6244,-2512,-2522
-95,62,93,-7151,1415,-3791
-27,-122,-115,-11677,139,-8046
-26,-90,-108,-12136,365,-9458
103,30,-66,-14796,3937,-13465
87,-116,17,-12732,4098,-12103
1,122,-123,-12934,2655,-9374
-83,116,-46,-12813,611,-11615
38,89,66,-9877,-5417,-10392
E
86,4,-3,-1664,-3839,-5563
111,-13,-98,8717,5679,1246
96,-88,31,9592,-71,5651
127,-67,9,19839,4407,11361
9,-111,-13,-24374,-11918,19106
-47,-23,100,32718,-3876,16107
-2,72,-80,32718,1360,6285
28,-40,57,32718,11786,-4727
44,44,120,32718,12216,12446
-53,-54,11,19662,22852,12670
94,106,22,-29749,4919,6311
-110,-24,-64,22224,25156,-10133
-48,62,-78,32718,6857,5761
-18,126,41,32718,-10606,1960
-102,85,9,32718,30042,1628
98,-122,-32,-28006,-23748,-3365
29,57,-41,-20047,19740,-5062
-21,34,-93,-14573,27542,-6281
71,-46,106,-17523,11499,-7370
17,113,-95,-27308,-1717,8155
-17,69,28,-27379,14662,30996
101,-109,-127,-12178,12205,1057
-41,2,11,-32014,17455,-8003
26,-81,54,11587,-243,32432
125,96,-15,-1390,-7755,8182
61,-121,78,8285,15275,25516
90,-49,75,6885,18825,10970
-15,119,-86,17982,12853,-2209
9,59,-84,13853,4326,-2704
30,-95,-97,6257,-15736,816
-115,-95,-120,5547,-19587,1948
-90,-117,41,-5970,-13764,-4011
64,-69,117,-4401,6701,1537
67,-84,-19,1562,8360,1258
46,-68,-62,1729,-10213,2065
21,-38,107,1770,4669,1666
24,-24,-31,1700,14141,1505
36,-12,113,-953,1690,313
46,-12,117,25,2745,625
51,-11,90,906,5198,-503
E
65,-43,91,32,-6030,-3065
56,-49,112,19,-5705,-3224
33,-89,-1,-1547,-16221,-5167
37,-118,106,1407,-1764,-2930
99,94,4,2016,7372,-1523
98,73,-18,-825,4,-1418
111,66,-104,49,9300,-1363
-117,15,50,1094,5521,-2543
-116,-96,79,1259,-11276,-2041
-116,-122,95,-148,-3395,-3323
-64,95,45,-6579,-2031,-4871
-62,76,3,-5427,553,-5925
-57,28,-20,-3816,-1099,-6615
-22,-88,-62,-5621,-5144,-11614
-108,104,-112,-15313,-7062,-16978
56,-53,-26,-13126,-4402,-12733
-79,94,-2,7690,-19865,4463
-1,74,25,11286,-6915,7743
-95,-87,-1,29134,17924,9268
104,-19,-82,-27470,7252,8187
118,-1,11,32721,-20041,7884
-39,127,91,32721,-4401,4131
-85,91,12,32721,14087,25182
-31,85,-127,32721,12414,28026
85,117,110,8823,-25159,13383
84,94,-21,28179,-29478,-15593
-64,-29,-23,25968,10969,-21326
76,123,-14,32721,23816,-7191
12,68,-91,32721,-16214,-1841
-23,-6,-47,-20353,-22821,-3893
-77,-97,-102,-17800,23837,-3184
76,14,117,-12337,18509,-8831
-23,80,22,-18141,-28049,-651
-34,-38,-96,30122,-9783,11894
4,5,20,-26742,574,7580
10,-81,103,-23248,15685,3608
74,-35,105,-26472,-4074,2119
65,86,-119,-26452,-7045,6428
-56,-31,-67,-26764,-17617,1910
-123,110,86,-12597,-24063,-2301
E
112,-50,83,3240,-19441,-11102
22,-2,-63,11014,-16777,-7161
5,-106,-78,18056,-4439,-8321
50,4,-27,20767,-6370,-5525
61,28,52,17285,-11015,-2043
72,36,-70,10071,-5156,5390
40,76,104,11793,969,767
-98,-112,-81,3173,1270,2112
106,-105,-37,-667,-2440,139
-124,106,-57,-2274,1114,-4961
-95,92,95,1435,3739,-3418
-68,80,-102,3548,284,-5004
48,100,-41,4692,377,-5565
51,119,-58,4413,-2732,-5848
-41,0,106,4568,-11850,-10922
-22,6,61,3435,-13052,-10749
20,100,127,2129,-4289,-8271
-36,65,110,1750,-3214,-8006
-94,20,125,-3819,-21619,-14143
116,28,93,-7186,-23343,-10096
-11,50,-74,-20177,12374,-4596
-21,-44,-125,-17411,-5412,-8065
-85,30,-85,-28835,-18316,-2007
26,19,7,-28328,-6311,-2114
-127,-46,50,29884,-7859,2623
123,-95,-46,-32236,-3328,1392
79,93,-40,-27436,1300,7198
77,113,-55,32324,-6285,15769
-2,78,110,-28230,-14332,29725
72,-51,-16,-10253,17458,-30879
93,-53,51,4201,-12019,24575
62,54,116,31572,-11591,11304
-44,-23,-101,-26525,-11991,11558
48,14,-95,32718,-13734,24194
-13,-39,-45,32718,-17590,-19550
75,-11,-82,32718,-241,16001
-55,81,87,32718,32526,16570
-78,105,-110,15282,-243,-1090
124,-7,-90,-24386,-28047,-20453
-112,-9,-9,28063,-31181,5925
E
61,37,-78,30338,27725,600
-85,27,-92,-25792,32526,28832
-62,-95,44,-6388,-243,20130
32,79,-75,-29013,-241,6519
12,52,114,-14412,22375,-15110
-5,-18,60,-27745,14065,7218
-125,85,19,-12524,-25884,-1820
75,88,-98,-26350,-8993,1482
2,30,9,-32042,16447,6695
-51,-88,-39,-16238,-243,9777
114,117,-28,-27755,25169,-22992
23,81,45,-24129,-28023,-17761
-62,-6,120,-25842,-21581,-12703
-74,-67,50,-22159,-3425,-7025
-72,-92,19,-25561,18469,5153
-119,82,32,-2182,-20971,12360
-32,51,43,9848,-15774,17572
-80,36,-80,17274,-30621,29382
-99,-114,-1,21789,29368,19950
79,75,-92,31744,-9127,20030
100,-30,41,8290,18470,11717
49,11,-66,-3558,-18097,-512
60,-32,53,670,-10666,-3880
-31,30,54,3987,11843,-4422
-50,76,-109,3646,-1746,-3728
-8,32,30,183,8212,619
-45,-15,27,1101,4940,-1558
-51,11,-119,-71,479,-1744
-75,37,108,-3816,-3954,-2642
9,3,82,-2844,5097,-2297
-35,5,66,-3308,4761,-4186
-71,-25,-96,-7927,-6427,-10137
-15,0,79,-10972,-7062,-8326
29,12,-50,-10388,1310,-10044
-21,14,-26,-12067,-8735,-17124
-12,-111,-96,-15968,-4598,-12989
-32,48,-125,-19285,1057,-8126
-73,-1,-115,-14375,-19,-1410
-75,86,18,-8668,1679,4114
-94,68,-32,-11554,-2688,7630
E
-78,122,-121,324,-9738,278
-121,45,11,20549,22380,12692
-81,84,-1,16876,3563,18547
-8,-61,-53,2704,-13306,9013
-51,5,-75,-32587,7383,10554
-65,101,-106,-28594,717,15907
45,-112,33,32722,19375,15608
29,85,83,32722,-17100,12133
32,83,10,32722,-28632,-10783
40,-93,-78,32722,30992,-19991
-7,98,-29,32722,-1669,26507
51,-15,67,31321,32524,912
-64,-22,69,422,18035,-24232
96,-29,-86,32722,-25035,-8105
15,-105,-53,32722,30294,5374
-67,-41,75,32722,5182,-1097
57,-67,42,-32274,-2765,4418
-113,-45,-73,-16339,-14660,-5515
58,54,50,27171,-242,-2848
102,-102,64,-31438,32525,-8465
68,-118,116,-30414,-25248,1254
-25,-100,-104,31770,-4171,-5395
95,20,-111,-32047,3868,-3567
62,-38,2,32467,-25636,5805
38,-70,-126,32722,8824,22360
-125,-30,89,-11289,27963,6877
83,46,-104,-16058,31399,14626
124,82,4,2844,5207,1187
17,86,-61,6646,-23120,3614
-28,-98,116,12440,5428,2736
81,-113,-29,10633,-7426,2909
-98,81,59,8957,-477,1070
-127,60,107,9324,-3396,1035
53,-5,91,3823,-535,-9
48,2,-120,2266,-5140,890
-33,1,-88,-2364,-7887,924
-75,37,121,-43,12977,712
5,57,-110,-2230,1064,-971
-12,92,-41,-3563,-2295,-2021
-23,-112,-42,-1484,866,-1852
E
-1,-111,-59,-1509,3416,-1274
37,-73,1,-2757,-57,-144
32,-71,27,-1282,2043,-358
47,-82,24,-906,2998,-229
52,-75,54,-2637,995,-253
44,-67,95,-3495,123,-1394
37,-65,89,-4059,375,-1275
22,-91,100,-4426,3463,-1631
16,-87,-122,-8232,1662,-2996
-35,-80,12,-15392,-1354,-8905
118,85,-98,-14223,-2019,-10785
100,-4,-114,-9140,1818,-7562
67,87,93,-5301,756,-5190
77,110,79,-8096,2971,-6358
12,-79,-55,-53,5147,-4973
17,-78,-26,2399,-1029,-3761
102,-70,38,7065,-12118,3384
-67,12,82,4630,-9318,3270
19,-84,51,20762,921,9176
-12,-28,11,22915,-2973,7492
84,-71,-125,-26664,-2018,9897
117,77,-27,32721,-2710,8927
16,-71,-111,32721,-4585,7518
-70,47,-53,32721,23715,-24807
126,59,-100,15031,15721,5144
-11,11,-78,-24934,2777,29110
-118,83,-88,-9185,-702,-15636
-11,-37,83,-27362,-23644,-5897
21,-92,109,26990,-25116,2056
105,107,87,32720,-15548,1916
70,-43,-57,32720,-5974,-6468
25,-37,-62,-24017,-22596,-5702
-11,-59,-29,31178,-17879,-998
37,97,-48,-17602,7265,-6459
120,-69,90,-17625,-5805,-546
105,-114,104,-20982,4572,6479
67,45,-36,-26822,-23144,4255
-20,2,110,29147,23366,-6075
54,-36,-108,-7872,-242,20524
-60,72,-67,-23860,-2677,-5856
E
-106,32,-41,-6150,12950,-1455
-69,-124,-11,-4321,10197,3721
-124,-89,82,11374,-1600,6816
-53,-63,39,9590,-14801,5986
-33,-66,-19,16351,-1754,3738
-92,61,-23,19558,-18368,-672
-102,52,124,20516,-16279,-4038
-110,1,3,13956,1715,-1563
-74,-23,59,7403,2263,-848
-52,-31,93,5415,3765,1763
-52,-67,-102,597,-10235,1782
116,-64,-13,-1097,-1819,-1473
113,-48,-27,-3214,-3595,-1503
112,-59,-70,316,3954,-3062
-124,-85,-105,1656,516,-3138
-106,-113,-64,1311,-3367,-2960
-88,-125,-46,895,-2287,-3234
-55,73,21,555,-8782,-3117
-64,68,39,4840,3758,-4081
52,-75,91,4566,-2690,-6194
46,-58,109,3860,-184,-5469
-101,98,-101,4790,3166,-7580
-51,38,-64,5509,-2972,-8298
83,-29,81,3089,-9295,-9516
-63,-26,117,919,-8531,-12134
-14,-12,61,-1229,-6876,-14205
102,60,6,-2859,-11668,-15650
74,26,56,-8804,-16188,-19112
45,23,103,-16646,-11501,-14565
100,-55,-32,-27223,-13836,-10381
75,-98,81,30699,-24467,-1865
-67,104,-5,31689,-7794,7898
97,-71,-55,32721,-6868,20790
-48,-91,-6,32721,-6175,20848
-125,-87,51,32721,8763,-27395
17,-26,18,-21260,-7134,-32457
93,-24,56,19220,8430,32630
-111,-117,-7,-18676,7392,32630
-121,45,70,32721,-6308,32630
5,22,6,32721,-17793,32630
E
61,85,30,32721,-32314,1349
-6,35,101,32721,-239,-17449
-67,-127,-20,31276,32528,-3380
29,-58,116,19290,-12249,-1774
-20,-70,-75,-14625,-26944,-15630
92,9,110,-10575,20919,-22185
42,102,111,-31619,32528,-15755
-67,-96,19,-5080,23185,-13510
-81,-55,-100,-1709,30980,-19489
-53,-59,110,-12558,28706,-3759
-127,-1,-73,-4611,31971,25488
117,-60,-70,-10001,3574,1862
-25,7,113,-12446,-30698,-8071
-117,23,0,-5916,-25401,3118
-100,59,125,-2999,-5634,7901
-15,-27,58,-6476,-30617,13416
-117,-122,-22,-12644,-30191,19938
19,-45,28,-4491,-16144,26178
-69,-84,0,8396,-6925,11968
98,-75,-127,-23572,4057,25868
-19,-18,-48,-7926,31094,21742
-49,-74,33,985,19344,13764
-109,92,100,-2651,15174,14077
-74,46,61,19774,-32272,-1692
3,-32,-11,14952,25411,-5285
35,105,119,11125,-17269,-12716
-92,-63,14,6987,-11101,-7875
-8,-87,-37,-1528,5056,-774
-78,126,-97,236,-1006,-979
-69,-108,-62,863,-4163,4339
-91,-115,-82,994,-2804,3604
75,-125,-118,1791,478,8265
-15,120,-93,1904,-1594,7897
64,121,-41,3361,-2120,8807
0,-112,-2,2697,-575,8595
-72,-62,11,1920,2685,8904
90,-24,7,2119,1113,5689
-24,-3,62,2306,-2540,944
15,-15,45,69,-1610,827
23,-109,20,-1286,4872,-7419
E
29,98,1,1442,-1904,-9866
97,69,-90,-469,-8499,-10577
120,80,-126,-10881,-8811,316
-108,74,15,-4278,-92,3112
100,117,-37,736,4574,-1481
46,-110,119,-756,19846,-3582
96,43,4,-8514,30802,-2932
65,60,-66,-7796,-13025,-4906
59,58,-119,-10106,-11187,-3046
72,86,-21,-8793,-16925,-2557
25,107,-19,-7188,-22086,-1583
-74,-123,-107,3830,25953,-3298
8,110,-8,-4394,-5860,-350
-61,81,65,613,11343,3836
112,124,88,-2322,-2023,1300
62,9,-102,-1917,-5964,-4581
90,13,-114,-2333,-5018,-3010
-96,-32,65,-4525,-5791,-3158
-25,-40,-22,-6262,-6220,-1660
0,-44,126,-5095,-3878,-3388
62,-77,-19,-4148,-4603,-7788
-121,-35,-119,-5058,6812,-5068
-2,54,18,-6204,15962,-6163
121,86,41,-3601,11327,-8815
5,-25,-100,-15377,22056,-6586
-5,57,61,5110,5739,-9243
-39,-114,93,-5611,-3941,-6373
-21,-33,-128,-1972,11791,-4762
-96,6,-17,-3163,18170,-1669
-25,51,-6,-4085,15534,-194
87,11,24,-3584,9356,-3797
-10,-20,64,5147,-3419,-2569
28,-68,100,7361,5051,3705
7,48,115,13546,11039,7401
-106,-25,98,12369,15747,18666
99,-21,75,11902,-8804,-2962
-107,-75,48,18313,-9139,-2077
-79,-83,13,27682,13713,9451
30,9,-15,17954,239,874
-1,-21,90,6002,-16730,-5638
E
74,38,9,8288,-15206,-2154
44,1,-4,3885,-18620,-826
77,-6,45,-1736,20943,3586
-53,55,55,-711,7617,-1785
98,-61,-41,1100,11186,-5975
-80,-82,20,-1431,3709,-4223
45,-114,102,-8968,-2616,-7174
124,-28,53,-5567,26060,-4693
-101,92,117,-5717,13144,-909
-35,-128,-48,-8392,10980,-1986
18,-28,-76,-8456,16047,-5181
-51,33,61,-7222,3284,-2934
116,81,91,-6776,-7551,-7099
108,82,20,-4986,-4396,-12073
-80,111,-101,-2198,7089,-9900
106,98,-92,-75,270,-10504
-17,-125,-83,-1621,-11833,-11719
23,-52,-44,1688,1541,-4181
78,-62,-39,-3295,404,-2463
92,-64,-96,-9284,5857,12595
-104,-75,-82,-9088,8608,15627
-5,-45,53,-6822,-4505,6833
37,-120,-78,-7801,-13571,7040
4,-29,38,-3445,3074,6547
-39,-108,-125,3616,-11026,-4883
-37,-113,58,-12707,-25243,5523
94,-109,14,-5566,-6393,5003
-123,-37,100,-144,-5078,12683
74,-108,39,-2507,-2134,16132
105,-60,-24,-4782,96,14228
-47,83,-14,-31,-3139,8265
80,33,-19,2452,-4269,2651
-69,23,19,2060,-8061,1745
-54,43,18,1878,-5099,2366
95,68,37,1012,-6419,3663
42,77,61,-306,-5118,3175
-15,79,45,2473,-878,3566
-103,115,101,2020,-397,4646
-103,113,94,3090,-2220,4420
-22,-126,-25,3076,-6931,3224
E
0,-124,-37,3352,336,3275
-71,-105,-44,2543,5769,2825
-105,-104,0,1868,1015,631
125,111,37,2399,39,-2026
-114,109,36,2241,1710,-2351
-60,98,111,-3660,-2173,-2349
-55,115,86,-2886,-475,-2023
30,-111,-24,-585,186,305
11,-117,-19,544,415,-754
26,117,-12,2610,-5468,-1344
22,123,8,1535,-3825,-881
27,-126,38,575,-3063,1155
11,126,38,70,-2892,771
-22,106,59,-1042,-3815,-532
-37,65,38,-2447,-1606,-3200
1,1,12,-2540,-1126,-6642
61,-52,13,-7304,-6679,-8060
-29,-84,-128,-8743,-317,-8674
37,-50,6,-11971,2168,-7949
-75,63,11,-9218,4534,-12356
36,127,-46,-6897,5608,-15586
16,-58,-84,-8693,4510,-11798
59,98,-61,-6352,10849,-12377
102,66,82,2691,5735,-10555
65,41,78,3204,6245,-10058
-36,-36,-35,966,-3071,-9713
-60,-27,-5,-2368,-8112,-8934
64,65,-43,-4417,2899,2218
105,74,-63,-282,3497,4439
-125,54,-36,13630,-2337,11097
-97,-16,-127,27867,-71,13372
-75,108,37,-27181,23828,17460
78,36,97,32725,3929,18677
-9,-32,25,32725,-21071,9074
79,25,-122,32725,19544,-19157
29,63,-48,-28714,30601,-13936
-15,-59,-41,-25813,30245,5074
-11,-84,30,-5671,-1615,1308
68,94,-12,-18598,-4329,2647
60,-117,79,-2722,16392,-6849
E
-88,27,-124,-3226,24194,-4270
-26,-88,37,-667,1390,-8535
60,-77,-111,-8466,1713,-7087
108,55,55,-29,4226,-1457
90,64,52,-1958,-887,-3603
126,-34,45,-10596,-10354,-4029
-85,-19,26,-10181,-29534,6537
75,-57,-20,1163,29867,7942
48,94,-106,-5664,11219,3471
-6,-98,102,-9121,-11011,10041
-92,22,-86,-8479,-17463,17160
31,-87,-104,-7074,31640,18891
-67,115,-63,-5433,1683,19166
53,-110,-29,-8077,-8143,15585
30,-125,-58,-8537,15807,9862
-10,-8,-52,-8058,12744,7027
-71,-84,90,-4016,-2802,2650
2,-73,-110,-4898,5459,-3206
-46,-76,77,-10120,20599,-19
-23,-70,42,-5389,-8303,1647
40,115,51,-3921,-3519,490
64,74,47,-5215,-2460,-2338
113,5,-118,-4347,2606,-1559
100,-15,76,-4679,-6578,-1504
-13,-63,54,-4200,3373,2902
-42,-57,1,-3242,8526,3026
67,108,-33,9,-1284,-717
110,125,-34,-731,1611,658
100,-71,-126,1412,14266,4346
118,-66,38,-1897,-293,2767
75,-64,109,-1617,-972,-2
84,-96,86,-672,1170,-1887
75,119,48,-1982,-2980,52
90,-123,62,-2504,-1012,569
98,90,6,-315,3850,-1665
97,89,-6,-725,2623,-1831
90,86,-10,-1441,-1835,-2732
-127,80,-9,-1053,-131,-1185
-119,76,-14,13,738,-361
-114,86,-40,110,3209,429
E
118,105,-80,-1271,1055,-111
116,94,-77,31,1434,-1177
108,31,113,2988,273,-3136
117,3,118,2304,885,-3869
-101,-69,-123,223,877,-6017
-93,-75,-121,-460,884,-5618
47,54,36,-3447,6686,-4768
30,75,42,-3726,2948,-5785
-116,-20,-14,-5378,-5287,-10924
103,-88,116,-7689,-2443,-9898
-99,-3,31,-10385,-6721,-7853
-7,-123,7,-8499,2374,-9984
-11,-105,32,-7191,-2589,-11629
70,-80,98,-3877,-1063,-11417
94,-19,46,-4060,3330,-9023
-112,30,46,176,107,-8434
-50,36,30,1835,1488,-9192
-54,27,42,2604,-783,-7450
-104,-36,40,3799,-18532,-5799
98,-1,15,4429,-14343,-2970
-99,1,-47,26288,19263,21585
-97,-33,34,27748,18436,5659
-66,-57,71,28147,32446,3513
-29,35,19,-29959,-8798,9322
104,-56,-91,32727,25697,6011
-123,29,-48,12567,24947,3098
54,36,-111,-25767,4083,12497
-110,38,-32,-10626,19645,7001
55,31,116,-18563,16435,-16862
-4,-28,-23,-24951,-8858,-24512
-59,-67,-92,-9271,-8033,-24630
-33,-74,-14,-4519,9675,-12954
70,14,81,-1499,12910,-6069
-128,77,84,-4326,4312,-2074
90,36,126,-2173,1264,-8334
84,-87,117,-9750,-2140,-5039
92,43,-55,-6475,11489,3006
58,-49,34,-1601,-838,618
12,-63,11,-3204,-1734,-541
-25,-83,-89,-5824,-13990,740
E
-66,112,24,-2607,-25960,-3731
-117,-57,57,-4140,21524,7659
-79,-78,38,-1504,-17391,220
51,53,39,-622,5374,10221
14,95,-1,-25973,12406,21859
-32,-53,-23,8082,26579,15090
66,-8,-3,-4239,-17294,15970
-4,-88,-128,-1991,-3003,4360
102,-73,48,1415,-10453,4489
-108,-64,-17,536,-23369,8314
31,-52,-6,1815,-10595,14304
76,-47,-81,1929,-11889,12923
26,-94,35,873,-5806,6634
53,-116,72,4108,9699,7650
5,-74,-109,10566,19647,-8438
-44,-75,-122,-8519,-15608,527
-95,-28,-87,-6763,-9393,-5106
-75,-60,-74,-3776,8789,-1581
-88,-31,103,-6212,5616,565
-96,-13,60,-4976,6666,825
-90,-3,-76,-911,15537,1125
-79,6,-112,-2313,4557,616
-3,60,100,-1292,1184,4371
0,53,89,-812,5735,3707
54,74,34,-1255,2524,3246
107,88,17,-505,1975,815
100,75,20,-535,1410,-150
-101,54,-72,3351,9206,-481
-45,14,93,3633,5581,-568
-27,-6,123,797,1292,-1073
-8,-52,97,2167,4447,-4437
-6,-63,90,2359,2605,-4547
-16,117,91,2662,3985,-6977
3,113,75,960,4901,-6900
35,122,101,-246,1950,-6444
84,-118,109,2080,3308,-5354
117,-127,116,2775,3133,-3130
-93,96,-100,1014,757,-167
-97,84,-97,628,142,-1114
-64,-5,-66,-1596,-3523,-2061
E
-52,-100,-91,-1741,-4037,-4308
-62,124,-100,-5258,-7227,-6430
-128,-106,73,-9190,-2567,-12117
62,-105,-10,-4412,-7656,-14932
13,-114,-13,-3222,-5631,-15189
-19,43,-52,6484,1003,-9113
4,-20,-86,6250,8929,-8068
94,-110,-11,12344,-7291,-6429
118,93,-68,13467,-1472,-361
95,51,107,20822,-13580,9090
59,114,110,19819,1642,8263
46,43,-40,-26038,-8061,23878
-70,99,17,32734,11625,24640
-96,46,71,28216,-15362,3617
17,7,-128,17267,-28189,5834
20,-91,-75,-10046,-13420,10939
66,-76,-45,-6253,26366,8601
119,-41,-118,-9879,29054,645
116,63,-44,-10769,6865,-11158
67,-112,29,-9211,2607,-12532
-74,38,100,-6543,3865,-9595
-91,-4,20,-2515,12292,-10069
35,-123,-68,-5090,-4755,-10673
-26,100,-77,-7658,4443,-8499
-97,-36,21,-4992,7154,-6086
111,-86,90,-10575,-7660,-5470
62,75,-128,-9851,-11335,-1239
96,7,74,-8478,8933,2781
45,-115,74,3549,-5004,-5547
-18,3,-107,2190,-15581,-11726
-113,4,35,-11711,-16341,-5097
-24,-59,32,-10316,24675,7781
103,103,27,11990,-22542,-6727
90,102,27,-7844,23916,7333
-97,8,60,-10186,-4480,14716
-84,20,-64,-7315,19043,17830
125,34,96,-7062,5061,11377
-92,-66,72,-14021,-23949,10696
67,-45,-43,-15602,-10435,15316
70,61,-79,-13928,2533,14679
E
37,-124,-11,-10971,-26574,13607
81,39,5,-3756,19096,16918
96,-104,45,-4020,-2752,8633
71,-26,-109,2399,-10378,2730
-126,17,-70,1860,-7661,1840
-64,63,-88,-2357,-2951,1559
-60,37,-97,-1333,-3696,461
-56,19,-81,-695,-7569,-2479
22,43,-124,-273,-5762,-2930
66,75,76,1208,1049,-1200
74,107,102,1074,3577,664
56,-111,-85,184,5131,2175
35,-121,-75,799,2882,1768
-27,123,-19,1831,-2865,815
-25,-121,-44,-13,-2529,1283
-42,-122,-66,-422,-1695,1226
-46,105,-99,1539,1273,1173
-99,91,-66,3945,2716,1585
-101,92,-39,3328,933,772
124,107,42,2623,-2192,-210
-105,97,20,5376,1736,-1894
-85,-122,-127,4433,-2794,-2978
-33,-69,-106,2204,228,-3848
34,-14,-74,2463,-742,-4394
59,16,-59,811,-3783,-3804
117,48,-99,-531,-2728,-3602
-84,99,89,-1223,225,-2753
-93,108,68,-1865,1618,-2353
-104,104,64,-1067,2617,-3797
-112,116,81,-1129,-782,-4340
-91,-121,71,-1302,273,-4010
-50,-118,70,-313,1770,-5799
-31,-98,112,-3033,-1230,-5670
41,-94,58,-6350,4045,-3589
22,85,30,6,4030,-6276
-7,67,70,2235,778,-10137
-12,-99,60,-1475,2131,-12741
-80,57,24,-5349,10354,-11081
64,10,10,1875,6068,-11387
-36,8,10,5185,-10634,-12444
E
13,-82,-60,8515,4381,-5216
-11,26,-59,8752,-2710,3660
-19,75,-85,14466,16432,12054
31,-67,-52,24945,-28676,548
-1,89,4,27015,4896,6058
-72,9,33,-28894,-11044,15283
100,24,95,32737,-11090,5118
-84,102,-116,3508,-22154,1695
-102,-113,-68,-25077,3151,7002
27,-39,-86,-18321,-32206,7412
-57,76,-4,-12382,19102,-2739
33,-18,95,-8281,5693,-12536
54,75,-105,-7602,8947,-6990
-76,103,-71,3286,8987,-3456
-101,34,38,-1270,1377,-3715
-84,20,3,-3519,9445,-3979
120,-1,81,1944,-936,-5138
96,-19,62,1345,-6239,-5306
-11,23,-119,-4887,2128,2523
48,20,-94,-2296,7937,2365
-115,-24,-77,-3896,9899,10982
-69,-58,-88,-4722,7761,11744
67,28,100,-13553,-7782,13881
108,-123,84,-12629,-12217,14650
68,-84,-49,-5683,-4522,10352
31,-20,44,-7857,-4076,12430
61,-120,-8,-22368,18372,15762
-120,45,-78,-6839,-17466,6459
-117,-121,52,2582,26563,-4566
-37,58,-117,-10715,-20112,5617
112,46,-55,-3146,-4268,337
-125,-22,43,-3640,-15113,44
-109,32,-13,1617,4208,-3062
-45,38,-7,-961,266,-2635
-65,92,16,26,-378,-4228
-68,80,11,903,-4832,-4356
78,102,97,-3007,-19299,-3474
23,105,-84,-794,-16875,-5280
-72,67,28,5299,25155,-1106
68,36,127,-1249,-2186,1243
E
105,107,-106,-4280,1540,6021
72,-88,-40,-6529,2940,4711
-113,-13,-105,-3952,8151,1413
-55,-10,-99,-2749,741,1373
-59,24,-67,-515,-7191,1117
-79,15,-69,754,-6556,227
-107,-1,-113,4989,3768,338
-57,-34,118,5221,592,1107
-11,-119,-114,3857,-1417,1566
27,114,79,4418,17068,2980
-106,46,-125,-309,-4355,1069
89,6,-61,-2912,-6593,-1472
23,-3,-92,-2211,-2508,-3843
-76,-8,-56,-5909,-9156,-6230
110,70,-49,-10864,-2890,-4874
60,-23,0,-14945,-1979,-7575
-11,-7,106,-12916,-7635,-8890
125,34,-8,-14613,-2813,-7199
-100,-2,-46,-15723,5551,-5513
117,91,-97,-12616,5080,-10253
112,-95,114,-5971,-7526,-12724
-17,-54,61,-7029,6532,-6052
80,-73,115,-7614,8386,-6890
73,-93,118,-6305,4458,-8934
12,48,-103,-3725,4788,-5356
0,116,-80,-3738,2420,-3148
67,-73,67,14438,5407,1427
58,115,-42,19112,-9264,4245
-104,-25,66,-24181,-794,12804
44,-5,56,32736,-1480,9753
109,4,-114,32736,-29511,6001
119,114,-32,32736,-4628,6168
-85,117,-33,32736,11447,-2029
14,38,-23,32736,22536,2294
66,21,-65,-9404,-16081,25794
-75,65,-119,26957,-27497,-5294
83,-31,-81,-13168,27683,-16424
49,-113,17,-16608,-29394,-7068
83,-18,2,-31797,32231,-4244
-99,107,-2,-23860,-19761,-6801
E
-15,-106,28,-14188,8877,-7434
94,-23,-17,-215,-23356,-17331
-94,-78,-74,-27283,27843,-8260
124,-22,-69,-20641,-21864,-10235
-46,89,90,-16848,15838,-4832
47,-63,105,-20986,-14555,-8919
-103,125,-18,-13724,-1418,-4432
12,40,58,-15395,21432,12301
26,28,-36,-19909,8801,14560
74,-32,64,-16008,762,16003
14,72,-103,-14286,8640,15731
113,-28,83,-14362,-4066,16201
10,-107,-42,-7943,11305,7284
-59,47,17,-10660,5854,6183
-105,115,99,-9029,9386,2675
114,50,-114,-9450,-11299,6563
-97,121,-102,-7305,3708,6857
94,20,99,-2681,3030,2784
32,-34,-121,-2580,-3116,1908
54,-7,88,1186,-3173,-3501
94,44,72,-785,907,-305
97,58,65,29,3946,1399
77,45,84,2069,3569,25
-12,32,3,2884,-6124,-2260
15,87,11,-841,-9599,-1872
52,122,-66,-4506,-3695,-821
114,-117,32,-5921,2892,488
104,-121,19,-5984,3285,2173
66,90,-40,-2852,2932,470
75,83,-48,-2110,4161,-714
82,107,-30,-1245,-2843,-916
92,-119,-61,433,-1896,-272
99,-116,-96,3180,-580,559
92,-117,-78,2066,-1157,721
55,-99,-40,-1006,1320,723
61,-105,-51,598,338,906
33,-117,-47,4140,4122,3719
26,-125,-35,6276,3468,3019
-68,77,-66,7597,-2387,1084
-48,103,-80,6234,-1542,1636
E
-63,107,43,8367,1831,2013
-77,117,108,7039,-3388,2453
-92,-111,-38,3794,-974,2437
-110,-126,-4,2396,-4488,1047
-77,100,5,-677,-5219,-372
-67,103,-19,-1540,-4405,-287
-21,36,114,-6670,-6999,-6140
-6,45,77,-5288,-7962,-5792
-102,-111,86,-12015,-5902,-13433
-117,-64,119,-12708,-10007,-15185
-46,-97,-102,-17874,-4172,-11745
-115,56,52,-16472,-5136,-10593
-67,20,-81,-10370,5327,-9042
-75,-88,-78,-6844,2980,-9732
-110,31,75,-8889,75,-12242
-49,-3,35,-8131,2919,-13248
82,-88,83,-8091,-11508,-14309
58,83,60,4621,-11618,-2139
96,-113,18,-16863,-25961,364
-67,112,52,-10864,-9314,5644
37,87,-70,32740,-10407,14648
1,-116,-74,32740,-6825,16337
-95,13,84,32740,5238,9734
125,124,30,32740,-17119,-4254
67,-52,-114,16486,-249,11450
34,-31,30,26515,11654,23981
-113,70,44,-6242,-17672,3116
-57,-90,-2,14260,594,-18133
106,-93,48,-29742,-25139,-15770
-97,-68,-125,-13924,13831,-7840
117,8,-83,-15885,-18506,-4661
100,-2,55,1569,-32431,-5362
104,-17,7,-8283,24089,-11567
100,46,96,-8421,5916,-15313
87,86,-15,-11692,31780,-3018
-83,-66,-45,-15338,-14691,-1655
-2,55,-67,-16738,-21663,2130
-83,32,103,-21645,-815,9491
53,127,-7,-6029,-22527,5877
-105,-91,-100,-13425,28198,20790
E
105,-99,110,-21672,9142,24795
-35,-32,48,-15082,-2381,17738
-115,11,-81,-9718,3090,13112
26,6,-50,-18616,2911,15724
109,123,-49,-13288,9982,6736
-74,5,-91,32,-14440,-14278
-5,51,-97,-3875,-22357,-10843
-104,-56,69,-10275,-27148,-9727
-107,94,-54,-2841,25131,-1951
-62,86,-83,-6148,-9851,-6909
47,124,-121,-3772,3292,-7309
7,-59,69,-1140,30537,-3711
-4,-75,1,-3475,-14326,-2966
-10,-107,-120,-1713,-1258,-3101
56,125,79,-1395,12286,-2759
-66,114,-122,-2222,-1760,-3139
-111,90,-92,-3398,-1294,-2040
-92,61,-76,-3390,-2959,-2411
-3,-5,-114,-1102,287,-2140
2,-5,-124,320,8,-1288
-3,8,120,-891,1526,79
-17,4,-106,-2036,-4231,115
64,-63,-115,-250,-3730,746
64,-56,126,-599,-4289,942
-119,-87,97,-541,-2142,2873
-118,-103,67,209,697,2294
120,112,61,1508,-3581,1769
-125,126,62,1244,-2841,2939
96,-116,-12,945,7339,6082
35,-119,36,-308,276,3595
-34,85,64,-3098,-4067,-1106
28,49,-14,-1849,4320,-599
-11,26,-22,-3243,3932,-1076
-68,-58,28,-6768,-6044,-7211
57,126,-31,-5503,1453,-6915
-120,65,-120,-5707,4541,-5874
111,37,-79,-12525,-7360,-9891
89,-2,-102,-17021,-7503,-14237
-50,116,-30,-16228,-8192,-14452
-124,105,91,-16116,-1116,-9707
E
58,59,-30,-16473,-6879,-10444
-125,3,36,-17274,-3978,-10897
47,-64,-110,-16168,-5517,-14320
119,39,-126,-15080,-9496,-13279
-93,105,-85,-11693,-10484,-8087
8,102,95,-9777,-5688,-5630
73,-2,-67,6480,-4517,-2000
64,81,-70,5917,-12782,6207
47,-91,-116,-18519,28853,20012
86,33,-74,32738,-28102,2091
34,75,72,32738,22737,-25142
9,33,98,32738,5054,-21527
-68,-126,64,32738,-17047,18107
55,124,104,21116,-5620,31848
56,74,98,27778,11904,22113
-112,-3,85,-29463,9879,27823
-124,6,94,-29933,-29078,-20211
86,-119,-39,30527,-17289,-10911
-69,73,-3,32738,23452,-6073
5,42,59,-29462,30449,31924
-90,92,-71,15682,-255,-15786
83,-81,-105,16208,-253,-12450
114,-113,64,-22430,-11120,-13921
-66,-46,-73,-7095,-22840,-981
-116,-108,29,-27896,-3801,1033
-38,-21,-123,-14527,21251,-877
-41,63,19,-20359,-18096,-1414
96,54,-28,-29504,28481,11118
82,25,49,-11413,18571,14223
-42,16,-62,-8429,-648,2096
-56,-3,97,914,23719,-2352
-128,9,-84,28976,-24788,8830
-21,-29,-5,-23825,-12998,22558
35,95,40,-7664,-8733,18550
-79,79,-127,-8385,-23325,10892
78,72,-32,-18819,-13327,-1484
-56,-23,-104,-7000,18376,903
14,18,86,-6424,-6141,242
0,-24,124,-5591,-3042,2461
-12,-126,112,593,70,7092
E
2,93,120,4450,8605,5158
25,40,-17,3338,-8800,-23
-67,35,-24,-47,-7051,-310
-125,69,-15,-2276,-1379,563
105,125,-13,-2597,2133,2274
121,122,-26,455,2362,866
-116,82,-32,488,-1362,-1624
-107,108,-15,-1622,219,-96
-69,122,-52,1070,4947,543
-30,93,-22,3352,1766,1895
-2,39,1,2556,-1357,1158
-14,37,-10,2737,3014,271
27,-9,30,-266,-118,-726
16,0,30,424,1334,-641
33,-41,29,671,1149,-3048
36,-43,33,-501,-1388,-3539
48,-50,13,-651,1167,-5237
79,-32,15,-3013,1769,-6490
78,-15,15,-4061,-1327,-7095
72,75,0,-6282,-1255,-9974
62,75,14,-6700,-1676,-9817
-1,-80,48,-11799,-2824,-11126
-62,-66,101,-13854,-654,-12865
-54,108,37,-19716,-2794,-19466
-37,65,34,-19043,-2670,-18010
-22,-85,-19,-22288,5574,-16662
118,82,11,-18625,-7808,-17038
70,85,33,-12426,-11050,-5202
112,22,120,-1651,-275,1053
94,-103,41,16741,-7617,8383
-48,9,115,-21010,8516,8322
30,-6,-30,32736,2979,2946
-13,44,-15,32736,-13415,-18764
-103,85,20,32736,26572,7759
20,79,67,-4611,8455,10328
-67,-89,-15,-8304,-10708,11753
-35,-46,57,-22484,-17319,-5527
15,-92,66,-24622,30455,-11807
-53,-1,-37,-8411,-2145,-29706
94,-31,-14,-7773,20098,-23757
E
-76,-39,87,-3748,6705,-9706
13,-63,-90,-2627,-8237,-12894
-18,94,53,8045,19133,-20710
-89,-46,-5,5970,6150,-6162
-42,-23,-1,-4917,-28512,4070
-69,100,87,13869,-8634,5766
-89,120,49,2925,-569,18696
38,106,-4,2061,-4804,27723
64,67,-126,26723,-655,21545
-63,-7,-35,8049,-16983,-31112
11,6,89,-9535,30099,28385
59,-64,-77,6107,7600,1850
115,6,19,-17374,8327,-5563
61,-34,125,14299,-8333,15135
-89,111,107,-9689,-19231,3970
-57,43,-49,-10654,-18027,4205
6,73,49,-4902,-8263,-1730
-16,60,17,-1471,195,-3089
-20,79,-10,-4554,-5718,-1756
-26,109,52,-6497,-9736,-928
-2,49,96,-183,7272,-5013
-94,60,121,-2861,505,-5558
116,93,-57,-7489,-1829,-1415
127,39,-40,-3747,1019,-1921
98,0,-6,-4981,1254,-2312
66,-43,44,-7012,-518,-291
82,-59,24,-4916,2231,-740
35,100,9,-2599,-25,1587
29,119,27,-4985,2226,2175
16,94,14,-4051,2911,551
-15,38,-16,-817,6369,181
-125,19,-63,-474,3811,507
-125,27,-48,-1300,1946,365
89,-6,-15,-127,-4131,-2434
116,-2,-8,-1500,-4069,-1782
-75,-35,28,-470,-319,-3670
-58,-68,28,115,-3539,-2600
22,-87,79,469,-3933,-1174
25,-78,62,522,-1581,-284
51,-65,41,1667,-44,2830
E
20,-41,32,1587,665,2345
-12,-21,13,743,1096,2115
-51,-17,13,416,-2887,-632
-66,-78,83,-946,-8603,-4603
12,-125,112,-2934,-7998,-5471
-82,36,-100,-7786,-6509,-5055
2,-26,109,-10164,-6203,-4003
-118,57,-67,-12563,-3242,-4976
-83,-5,80,-12622,-7849,-6711
69,-75,23,-12767,-5654,-8444
-126,-15,104,-12254,-916,-10040
12,-51,-106,-13356,-1289,-12747
37,9,59,-11012,-4361,-11641
5,120,47,-10281,-2504,-11215
-86,-113,-103,-18923,864,-7615
109,-56,47,-17229,1188,-7915
-5,-54,-101,-8551,8798,-9570
-101,57,-40,-6343,-11330,-3738
12,96,15,-2431,1788,12400
90,-123,58,-4848,17273,12780
-35,78,-25,31316,-5420,12460
-115,-71,100,-26090,-10910,19280
-54,-17,83,32739,4839,31375
116,17,28,32739,15778,27793
-92,22,-25,32739,10600,17494
-94,99,-83,22383,32509,25773
121,-85,102,-9277,-26461,-706
62,-80,90,13042,25585,21391
31,-112,-33,11589,4961,-6555
77,-10,18,32739,32509,-1809
-99,38,61,32739,-25936,-3681
-7,28,-9,32739,27100,-8246
99,-10,19,-25283,-27351,-9855
13,-61,-44,-13264,-13715,-12243
120,9,54,-23929,12114,-2936
32,54,78,-21455,16053,-14683
75,33,88,-15152,7021,-15675
50,48,-97,-16553,-4491,7936
-2,-71,-77,-23160,-4792,9086
-51,120,125,-3505,-195,5298
E
-63,119,-28,-2785,-13517,157
-127,-18,13,4315,30358,15581
-39,16,-77,22039,-25325,-31230
0,-100,-119,-2038,-16237,17751
25,-45,55,-4753,-11785,22120
115,7,120,-10953,-4117,13501
114,-56,-105,-6167,-5185,15646
95,-123,-29,8254,13340,2380
26,16,-30,7338,-11111,-32
-92,-27,-76,9007,-8446,-7306
-21,16,102,1234,-14584,-9203
116,85,-94,-4285,-18493,-4812
-11,-74,-47,-3028,4755,-219
61,-84,-46,-2159,75,31
37,-41,18,-4704,-5613,1040
18,39,22,-2585,2260,1310
33,28,1,-1752,744,1333
13,83,24,-2675,-4328,2937
11,89,26,-2120,-1868,2797
-1,101,29,3685,-2217,92
-8,79,32,2433,-2138,731
-22,61,41,2421,302,-512
-27,47,49,-809,-2686,-829
-48,50,-128,-4114,-2260,-1803
-41,43,-104,-4284,-1244,-1489
-38,0,-70,-2976,-3228,-3117
-69,-70,-42,-3245,-6396,-6833
115,3,105,-8282,-6387,-11667
-120,-60,101,-9716,-1183,-9093
-121,15,-128,-11569,-8592,-9739
-24,50,-97,-14372,-9837,-12790
126,-38,42,-18836,-4215,-13485
119,111,-62,-9869,-2059,-15316
82,109,-83,2812,-2192,-17213
-60,35,39,-2253,-2685,-17137
119,-78,124,-18360,-353,-3314
114,-10,-34,4832,5462,1382
89,-77,-3,3407,3351,7232
99,44,125,38,-5222,5912
80,-4,-117,-30004,11419,12362
E
-99,0,-20,-28378,-4044,16594
57,-78,-98,32742,-7186,14773
103,-47,125,32742,-17402,-8630
-61,-45,115,32742,-7569,-8813
72,-6,-92,32742,13443,-31099
14,-94,-10,546,2585,18050
-62,-70,63,-9994,-12132,-17868
-39,3,-74,17797,-23367,-21414
-24,56,25,32742,-16495,-9252
-51,-53,-36,32742,29346,4205
-20,-83,-2,32742,-4668,-3219
-2,-76,-20,-14485,-21077,1812
-70,-115,86,-14231,3835,428
68,52,92,-4957,23716,-6591
68,-85,-47,-14351,13434,-309
75,-55,-128,-21024,5125,-6268
-45,12,26,-11203,2437,-13587
-43,-28,-113,-16189,2468,-3807
-15,-112,-49,30762,-18956,15026
57,-84,-48,-14184,-26936,9252
-63,-118,125,-4470,-2843,2785
111,88,65,9240,-23441,23393
-69,-18,-120,5013,-15788,25413
-102,-86,47,8289,5774,5847
-12,-56,5,-71,-19264,6296
12,-100,18,1039,-13747,2800
97,-105,-121,-2520,-5750,3250
58,-125,121,-2519,-5082,1243
12,-98,86,-8936,-6132,217
-8,-60,-35,-8087,-6334,-1433
0,-3,-20,-4861,2831,-832
2,14,22,-6610,-2198,668
-84,-95,-85,-6388,-7496,1375
110,-55,124,-5952,-6146,-217
8,74,18,-4582,-9436,-665
-5,65,37,-4029,-8431,-155
77,-55,-31,1054,6674,1251
-112,-90,-39,-7,3165,865
-47,-108,-42,2809,4947,-560
-10,106,0,3053,701,-1629
E
20,72,40,4944,6100,-2316
114,13,61,1167,-275,273
-119,14,-117,640,3717,733
-89,-17,-98,-357,-1708,-667
-94,-40,-115,-797,-1435,-2805
-56,-22,88,-3960,50,-2496
-65,-9,84,-3824,262,-2070
-47,11,-20,-3645,-3039,-9466
-55,23,3,-4299,-2590,-9686
-115,2,-23,-14001,-6794,-9002
75,83,-125,-4899,-9975,-8240
-22,-121,-82,-9169,-6857,-4894
119,70,-19,-14559,-4273,-4474
52,-30,54,-8556,-4068,-8412
-49,60,76,-72,-5827,-7738
-22,103,87,-4918,-1057,-1364
-39,-97,-34,19202,10181,-1616
-50,-87,9,22444,-12441,4605
0,-48,-71,-25797,-3978,8958
39,-113,98,32740,-1081,9503
-20,-113,24,32740,-4771,7226
-118,116,-43,32740,28784,-7881
40,-37,-55,32740,-9070,1598
1,-14,-64,-16802,16038,-28313
-124,-29,0,22897,31967,25077
78,19,-92,-7759,-21926,30693
26,101,-29,-29308,-28249,-18719
76,52,-84,28559,-9160,672
-24,67,37,32740,25614,-9370
-69,-44,74,32740,925,-6489
69,106,26,-16396,9177,-12741
76,-124,-107,-19863,7059,-1226
90,-60,81,-27847,8769,700
18,-34,-86,-16903,3786,-7782
54,89,-20,-17224,12766,-1922
41,-123,48,-18290,2586,4854
56,-99,83,-14969,4704,2942
116,43,-105,-14129,-4280,12982
101,73,-21,-18233,16612,12673
92,73,108,6341,-261,16108
E
-38,-74,57,-5634,2643,12566
-3,113,-73,2804,-5920,9550
-57,59,43,1326,-6579,5054
67,114,56,-11158,-8742,-684
87,113,72,-4511,-948,-469
91,43,113,3798,-6388,-2399
108,71,63,4268,-11516,-1059
110,-122,-20,3460,-11107,1131
96,-72,112,3507,-1223,4256
89,-83,87,3053,-4356,4356
61,-114,98,3563,-6036,2254
15,93,6,3260,-6924,937
13,106,-11,2264,-7476,1331
-60,108,-118,1363,-4576,1360
-63,92,68,939,3472,-62
-44,87,103,66,710,-150
-46,84,-118,-1996,-3074,139
-63,72,-114,1554,296,2306
-35,32,96,3892,2878,2164
-1,-18,90,3435,1856,1994
0,-60,123,2690,-1498,254
-19,113,121,3811,-1352,-1554
-20,87,99,3829,-151,-692
-15,53,99,3316,1098,-886
0,2,110,2569,590,-2751
7,-39,120,1226,1692,-5300
23,-49,-110,-3251,-5675,-7647
-36,19,122,-5204,-5034,-7307
-114,57,78,-4846,-3594,-11735
26,88,-85,-13507,-15363,-12343
4,-26,91,-23505,-6927,-13026
-60,-124,-2,-23980,-3551,-10929
-34,-29,0,-21775,-2716,-8365
47,2,93,-20949,74,-9235
74,-3,24,-18684,-1789,-10651
-116,-87,-115,-9711,-23059,-3359
-65,-113,-7,14145,-7427,12690
-53,-71,24,-18976,21057,26022
-2,-31,114,32740,-30934,22813
94,-29,29,32740,-21648,18173
E
-117,111,11,32740,9391,9718
64,87,87,32740,5380,-3543
55,-45,23,32740,13467,9064
-61,-58,-41,26748,-12460,-31524
41,-17,1,-4180,-7117,30327
-73,125,-100,-1,32508,-24530
126,114,-77,18867,-259,523
-118,-100,-11,-30796,32508,-14427
-65,-28,14,-15532,-6996,-5180
-36,-103,105,-20052,4232,-9483
97,-35,-53,-15840,-28943,-12686
-110,-67,8,-15473,25984,-8720
-51,-111,22,-14944,-10846,-3843
-60,4,-125,-19583,20291,1743
-69,-50,56,-18673,14516,-69
-116,-68,78,-18549,-1873,721
93,-108,-96,-23240,-16734,10215
108,-77,89,-17749,21011,-3599
17,-15,-31,3715,-262,31227
-76,7,112,5969,-10279,12586
-56,28,14,-2612,-16413,29439
12,-59,53,-471,-6555,10346
-35,-96,125,-4592,-10188,11955
38,-66,11,-6739,4906,7494
-75,-102,73,-517,-4219,2777
-4,-97,-26,452,-15712,-6806
5,-27,-107,-243,-122,-2489
-42,-83,122,-1529,4368,-2835
-83,-51,-82,-2697,-5384,-2112
-108,39,-103,-4205,-2177,-1594
-86,80,121,-2458,3660,335
-93,65,-102,-666,-934,644
-101,64,-71,370,-5194,396
-90,69,-100,-688,-3675,176
-62,75,118,-1649,1977,960
-66,65,-123,-259,6726,919
-91,0,11,3218,4749,-688
-88,10,-24,2311,5637,-614
92,38,102,-3391,-698,-3625
84,29,-119,-4354,-7970,-2816
E
-121,-26,10,-6086,1834,-2121
118,-24,34,-7033,-1696,-2786
97,120,-125,-13603,-13171,-10053
-121,100,55,-12592,-10061,-13686
-79,-83,2,-16571,-11916,-9767
27,83,-52,-12622,-12503,-11602
66,117,-65,-15867,-13414,-1541
-115,5,-103,-4873,16599,12826
-15,84,-39,457,2865,-2999
-63,117,-82,12189,-10167,-7265
47,109,27,-27250,-8976,5056
100,32,16,-30408,334,7845
63,-67,38,32739,-6178,7092
-8,65,62,32739,12215,4129
-111,-44,121,32739,19467,6114
-26,-99,2,32739,-16277,-2648
53,23,102,32458,32507,6198
-52,-43,112,7663,13778,18207
-51,22,8,-32745,-29736,-4059
-97,121,99,-26469,-20027,-17499
86,-55,66,-26424,-9589,-20753
53,-107,-120,-24814,-4240,-17071
38,-43,58,-21340,56,-12317
42,103,112,-19782,11162,-10764
-45,81,-77,-11535,-1761,-8358
24,108,76,-11818,3001,-9658
59,47,60,-7525,-3154,-6752
104,-85,105,-8019,2398,-4917
-26,-15,126,-9110,10376,-1214
-21,-79,106,-9386,7020,-6698
47,-43,89,-6841,5133,-5457
126,33,-28,-7429,10480,2223
31,109,-60,-1993,15127,13
108,104,45,-4054,-7410,478
-2,-96,105,-9769,-26532,5847
-23,44,10,755,27716,8298
-64,-10,-48,-2361,-6063,5225
70,-101,105,-8276,248,8041
116,-118,82,-18032,-8610,13288
-34,78,-17,-14865,3670,10579
E
-31,-124,121,-12969,-14394,3688
23,109,-27,-13621,-14098,-930
112,95,-116,-10100,1391,2701
-50,-51,-36,-7852,-6068,5467
-2,-115,-81,-5943,-2489,1872
35,29,-107,-1061,-3061,-885
48,52,123,3344,-3154,1516
69,103,41,4582,1745,2923
51,92,92,3063,-819,2436
4,104,-118,2705,3082,719
-6,104,-104,2726,48,-283
-57,123,-58,3999,1095,-1057
-71,-63,-52,2637,2720,-357
-65,-61,-41,2760,2331,-822
-79,25,25,3970,-1395,-2884
-72,16,4,3247,-3015,-2203
-27,61,-73,2894,-216,372
-33,50,-68,2787,-1054,301
-38,-27,125,2105,425,-5090
-55,4,-114,1347,-345,-5465
-128,34,-93,-3715,-8504,-8471
78,51,121,-6399,-10700,-11214
-110,38,-124,-9733,-11674,-18347
0,-34,-47,-12682,-7939,-14628
12,106,20,-14443,-3902,-12693
62,47,30,-10930,-8379,-13231
-53,-108,-109,738,-10126,-12002
-107,-16,6,7736,-23099,5431
-109,79,-96,10820,-12384,5118
-55,84,-107,-20697,24951,9458
119,-119,-124,32744,16646,5066
26,-55,-45,32744,-24299,-4633
116,123,111,32744,-5448,-3501
-12,-20,84,32744,12392,14490
42,-82,6,32744,-16205,10272
-78,68,56,29976,10200,-4818
37,105,-43,22745,25405,-9779
38,-60,-115,32744,-24016,-2808
-29,50,80,32744,9740,-2987
113,-108,-42,32744,15444,-8155
E
80,89,-121,-25256,-1029,-8917
29,-15,124,-13738,-7403,-4310
120,-8,71,-11408,17353,2915
-92,-78,-48,-9821,18731,4404
-82,-54,-70,-12037,8028,574
25,-23,-91,-5657,3283,-1967
30,-6,-84,-9473,6029,6467
92,-33,18,-2775,25132,12463
96,-120,108,-1952,9954,7934
19,74,-1,-9180,-20999,14097
30,-61,50,-18223,20844,18013
-100,21,121,3102,-263,15922
-102,102,-16,-24261,20762,-1732
15,-87,24,-18182,-7270,-1457
-120,54,-125,32559,-261,19829
17,47,24,940,-26077,9188
107,68,-2,-8767,9085,3534
-54,126,-29,-4628,-10237,-2037
124,-40,16,-4715,99,-1484
-107,16,-55,2731,359,-3387
-92,-11,-26,1778,-5125,-2133
127,-3,74,2862,92,-185
-122,-4,76,2279,-1100,-621
63,-8,-97,881,-7356,-1556
63,0,-111,817,-61,-919
86,42,114,-622,3292,1854
96,42,116,377,880,2355
93,49,100,432,3805,3801
105,50,57,1501,6670,4433
97,3,95,4056,48,2558
38,-59,-86,4164,-5444,629
18,-100,-78,3651,76,-1875
35,92,18,2485,-5356,-1158
30,94,18,3325,-1777,-1424
62,-35,118,1644,-3745,-5511
68,-9,105,794,-4201,-5005
-120,-25,98,-500,-2861,-5368
-101,-31,66,-1002,-6185,-6589
-85,1,22,-7928,-10897,-8716
-64,78,-123,-12107,-6122,-10940
E
-67,43,-79,-14432,-13452,-14771
-10,-78,88,-4677,-14235,-11868
-75,105,104,2467,1298,-10305
-55,-25,60,16286,1056,-3807
-37,65,83,29923,-1797,-6200
5,65,26,-28155,-10641,-3510
81,103,-95,32746,-11062,4302
-92,-81,-64,32746,-3482,10733
-82,0,-93,32746,10674,1390
81,46,-60,32746,-3618,9199
87,99,60,32746,-12159,4736
40,117,20,32746,-14016,13686
-6,-40,84,32746,-20412,10763
24,93,88,-2612,16288,285
-30,65,-71,-6438,5339,-6494
-43,50,82,16969,-23786,-14413
-58,-26,-91,32746,-450,-14080
64,-46,63,32746,-2484,-8743
-21,-1,-5,32746,5554,-7501
-128,123,47,-17025,23119,-12105
42,46,-99,-17000,12855,-7771
-16,-125,-97,-25867,18558,-7309
-5,-96,-32,-20990,-10753,-8010
44,-7,98,-22346,-12410,-3850
-117,40,43,-19673,-29651,2891
54,57,-103,-19535,-9562,6566
38,8,-55,-9100,3271,-1063
-72,-6,-38,-16455,-17970,15223
14,-110,-19,-15988,9628,8579
80,121,67,-13574,-21311,9008
-115,-34,-126,-15338,-4093,6117
-72,101,-106,-10360,-9363,214
-11,22,-69,-5225,-4281,-405
31,-28,76,-4943,7049,62
-19,-26,85,-3904,3497,174
-82,-102,105,5581,-2542,-1503
-57,-52,119,3336,-126,-730
-40,79,-96,1515,-1308,2699
-45,108,-78,2384,-400,2043
-63,113,-41,1452,4766,-2443
E
106,-104,7,-1500,1405,-2740
96,-112,8,288,1480,-2420
92,-126,4,2949,1283,-561
98,-56,-45,2562,5036,2660
89,-38,-66,2210,4896,2588
28,27,-115,2399,2470,2252
18,37,114,2178,2120,2668
17,88,49,3299,1517,2637
20,84,49,3734,344,2721
41,119,-36,6083,3425,2442
43,118,-54,5444,5060,2002
61,120,-125,3862,-2134,1159
87,11,123,4300,-7236,-4200
64,-8,-106,3122,-8981,-4584
-18,39,87,-6829,-16954,-9714
-3,43,121,-5845,-16009,-9813
-79,-101,4,-21733,-21930,-14275
10,-104,122,-21269,-17888,-13778
11,24,37,-31702,-4458,-17717
89,57,37,-28959,-4213,-16368
-92,-71,106,32439,10350,-9979
74,83,96,-19976,-3057,-11665
-38,-92,-77,13143,-6822,-4651
36,-25,-61,-28529,-1861,10551
-60,-6,102,-28888,25546,20676
92,-44,127,32747,-20749,25985
-20,-35,-128,32747,27134,20113
63,-13,-53,32747,-3759,8968
85,20,28,32747,14698,16154
119,-106,98,22620,-638,14896
111,84,-81,27144,9125,-20754
-82,3,51,24818,-26538,-32571
60,-34,-34,32747,6606,-18774
-87,-104,44,32747,-7412,-12232
-20,-30,-108,32747,18396,3469
-118,17,29,-16311,-265,9918
-27,-33,114,-14477,9912,-2467
123,48,103,-19923,20395,16667
-66,-120,-128,4656,-4641,10938
62,-73,-105,-12744,-9958,3730
E
-42,-29,81,-4254,8157,12166
114,-28,72,-5373,-12799,13981
-103,-103,5,-4475,-1825,9760
-56,105,-117,-307,-19818,5512
9,115,71,-14248,18022,24932
-66,45,39,-19488,-25384,13637
-70,94,6,15689,-18485,-20937
87,24,102,-736,-11531,-7413
109,3,83,-18943,15410,3602
-48,-78,116,-1061,14597,4043
-115,46,93,7009,7896,5771
78,55,-84,3937,-8478,116
39,-93,27,-520,-2300,-1571
53,-106,30,-2247,-9716,-2240
-112,-104,-70,1154,-19771,1358
31,-93,-39,7217,-3310,474
94,16,-122,11904,13839,-2049
-18,86,30,13425,12385,-1433
-93,122,48,16462,10929,-737
-66,94,-5,18536,8555,-1859
12,110,-67,18550,6998,-1426
35,79,4,19054,6692,-1994
-101,-30,101,21276,2692,-2122
-87,-115,23,18411,-708,-461
-40,110,86,13645,7072,1952
-99,-75,-10,12886,5224,2248
74,11,-67,15336,7155,-2204
53,29,-41,16425,-239,-3071
88,-126,-40,11017,-9587,-745
117,124,117,11235,-3832,-600
-10,-87,78,6939,14840,-2367
-108,-115,18,7556,3240,-4396
-86,53,-16,6630,7288,-1105
-58,9,-48,7928,223,-1948
-124,75,-53,8225,-3537,-4483
-102,92,124,6627,741,-3805
-121,96,72,4922,2615,-3866
104,67,96,3298,5764,-3240
87,27,71,3288,5700,-3638
73,-29,-16,3720,2941,-4288
E
66,-117,-102,1106,1825,-3920
84,101,115,1144,5245,-4172
105,48,66,1976,4452,-5384
-101,-50,23,2380,-311,-5620
-51,-71,0,911,2193,-4221
-3,-82,-10,-1230,2942,-2728
76,-91,-76,-2058,1168,-3292
61,-88,-64,-1682,2765,-3196
-120,-103,-123,1321,-83,-2588
