0,0,0,0,0,0
56,-96,118,847,-1426,1116
56,-96,118,847,-1426,1116
7,-115,-5,715,-2278,1629
-22,-127,49,604,-3685,1566
-50,119,90,625,-3914,1437
-96,105,-68,-873,3906,-71
-70,118,-90,-1109,197,266
-94,-102,-61,-853,-4634,1108
116,-112,-52,396,-2086,487
115,-112,-55,-251,-4453,170
8,-58,-18,-1702,-5128,314
30,-66,-19,-1082,-2684,140
35,-48,-10,-841,962,-66
39,-44,-15,-987,144,729
47,-16,-20,-337,-2198,-279
30,-19,-16,-129,-3373,-581
14,-10,-4,-303,-2206,-843
11,-15,-2,-748,7,-302
36,23,-2,-1451,-1575,-123
41,19,2,367,359,-398
47,13,-2,314,-203,-273
83,6,-16,-1010,816,-205
84,17,-15,-1422,-256,628
-116,43,-18,520,3881,428
-107,28,-24,610,3181,444
-57,-1,-42,2650,411,960
-51,-19,-52,1465,-886,1115
-50,-19,-49,1179,747,1117
-8,-34,-55,1900,6528,1099
54,-60,-58,2038,3945,675
98,-86,-49,303,1026,209
89,-77,-48,-5,3178,-185
-100,-75,-34,534,3560,-231
-67,-80,-22,477,3840,-208
-37,-77,-7,418,2514,607
-12,-82,5,811,3413,257
9,-83,22,609,3259,27
28,-87,39,875,1771,44
28,-96,47,729,318,25
E
26,-94,45,37,1522,83
62,-91,59,-988,4072,132
71,-86,66,-1173,3968,264
117,-77,113,-1465,2839,-195
120,-69,124,-1403,2167,118
-97,-52,-110,-1485,2939,184
-88,-49,-96,-1133,2815,66
-76,-46,-75,-1201,3795,447
-66,-42,-43,-965,1593,249
-67,-43,-49,-939,589,52
-66,-40,-47,-1401,2157,-192
-62,-39,-32,-1601,3072,355
-45,-33,0,-2377,1959,-150
-39,-28,6,-2040,2661,104
-22,-27,24,-2112,4229,352
-18,-30,56,-1950,3921,268
-24,-35,104,-1705,2713,-155
-21,-35,115,-1441,3404,82
-11,-34,-118,-1029,3930,492
-6,-48,-73,-738,3226,667
-11,-50,49,-1245,3074,681
-19,-73,62,-2148,4045,450
-17,-73,60,-2026,4216,308
-34,-96,108,-2050,2770,220
-32,-94,103,-2270,3022,366
-36,-122,-108,-2647,3350,187
-38,-121,-113,-2246,3123,194
-57,94,-71,-1746,2956,112
-60,102,-77,-2019,2730,-11
-78,76,-54,-2477,3531,-219
-91,65,-44,-1833,3428,-343
-110,50,-28,-2923,2468,-312
-109,50,-31,-3364,2679,-353
123,-1,-23,-3846,4233,-512
120,1,-21,-3847,3705,-702
92,-37,-17,-5303,3512,-990
91,-49,-25,-6120,3584,-811
99,-92,-62,-8640,3111,-1244
100,-116,-94,-8425,3665,-737
112,91,104,-8387,6959,-1889
E
111,91,110,-7454,6744,-1362
75,61,69,-9640,5122,21
85,69,54,-9660,6321,-493
82,47,93,-8514,5416,-1327
91,47,-114,-7584,3492,-1047
-126,78,30,-3560,575,-2313
126,83,47,-4505,2446,-1777
-110,-119,-14,-4780,-4781,-5043
-41,6,-97,-6779,2567,-2508
-29,7,-79,-6471,7090,-1157
44,92,20,-8594,7862,-2500
18,77,33,-7657,3904,-3628
-9,-109,78,-6368,-5943,-2913
-4,-87,37,-5411,1655,-1851
39,-75,107,-3010,10765,-3276
15,-56,-60,-2673,7811,-1506
-49,-42,-126,-3093,3452,-3570
-113,-3,-100,-2396,5088,-4465
117,57,-43,-471,6662,-1743
108,54,-46,-497,5193,-2424
21,120,9,-1391,-723,-9389
31,100,-10,1539,8934,-9835
69,3,0,-751,4187,855
103,-17,-4,-1718,-3871,-2386
-75,-45,23,-4111,189,-225
-84,-59,26,-981,5050,-78
-115,-72,41,-1612,8286,2522
102,-82,36,-1503,4743,2525
90,-82,36,-1669,2609,6360
-100,-117,31,1989,-3915,7346
-26,124,1,3624,3563,7483
-7,112,-38,4164,-451,6059
63,85,95,4102,-18274,4173
86,76,55,4972,-12374,6097
-54,-69,-124,16700,-25141,15521
-15,32,96,26531,-30332,19264
-121,38,0,31343,-26301,26108
-37,39,-120,-30460,29548,-28441
4,93,123,-32752,32680,32413
-127,-73,-108,-32752,-20802,32413
E
69,32,-60,24612,-31769,31316
-73,-103,88,-19569,-8919,12987
86,72,-109,18376,24134,-22983
-95,48,-91,-19817,-1075,-7584
30,-105,29,-4296,-32528,-4414
-67,47,-56,18729,-427,18873
9,-81,-102,26548,19130,32343
59,-1,-102,-24993,-4006,-5704
45,-48,-42,-28153,25675,-10096
84,-82,115,219,-25535,-10745
-58,-21,92,-930,32680,-18682
107,17,81,-12930,15815,-14018
-36,17,119,-2276,-16578,-16665
44,-60,91,1000,-15358,-23190
-89,86,45,-2215,28211,-17996
-75,-97,-48,-4656,-30467,-14241
115,-86,-113,-7654,3406,-8427
110,58,62,711,14762,-11037
-65,7,116,2070,16426,-3518
39,71,-117,-4971,2198,-2025
-40,-2,86,-5720,-12367,-2416
0,-112,-16,-7053,21271,-682
-49,-100,-36,-10577,18447,-249
-51,35,47,-7099,-8378,2563
-61,22,-35,-5105,-8781,2278
-94,58,-18,-4781,-12007,5933
79,92,10,-3083,-8738,5686
1,-115,0,-4,303,4007
17,-113,8,-679,-506,2622
-47,-48,-14,-2022,-6367,1623
-53,-16,5,-2390,-12772,4379
-92,26,84,3130,-16370,9909
-77,67,-50,11691,-15711,8859
24,-107,51,14936,-16815,12857
-87,-36,-68,28965,24398,28775
53,-114,-24,-28131,32681,-28404
-122,10,15,-32750,32681,32417
57,115,-28,-32750,-5343,32417
30,52,-21,7055,30623,23549
18,-78,80,-11563,-10332,19422
E
117,76,48,17661,24384,-11577
-29,61,38,-20207,-88,-19087
96,-95,118,-13193,6796,-23913
62,82,55,17689,30743,25975
122,-128,-100,32755,-22052,-27991
-109,51,-90,-30470,32681,-9023
82,-126,106,-2048,32681,-28017
-104,-104,-5,-3109,32681,-20944
1,44,-53,-22907,-12121,-7650
-87,26,16,-6061,18828,-10176
-84,-74,38,-1396,24144,-14849
-104,11,-105,-8044,-26811,-13118
-9,21,124,-8829,32681,-11085
43,-23,7,-8790,7778,-6207
-111,0,-43,-8299,1617,-9315
-32,24,-59,-6818,16346,1420
-38,-37,8,5927,6013,7013
-116,127,-6,11101,-2880,3236
-104,-60,102,737,-14657,10126
-105,-122,-61,-2750,24287,16285
26,-87,29,-30890,31583,-27474
-34,58,73,-27771,32680,-31845
-46,-117,-80,-32748,32680,32419
-1,87,-24,-32748,-22605,32419
-89,66,91,-32748,-18337,32419
-93,-79,77,-14680,-8666,26141
101,-101,-5,15843,30822,-9397
124,114,-67,-19350,29948,-5998
-72,25,59,-4447,-89,16874
-48,36,-43,31989,-87,31034
108,118,-41,22132,-89,25649
-52,-1,7,-32748,32680,32418
-85,25,63,-32748,32680,32418
20,75,124,-14002,32680,-31544
57,-15,68,-4424,32680,-23949
78,1,118,-10991,23555,-26477
-46,-93,-9,-29489,24292,-19077
63,-11,-101,3503,-29047,-21806
56,37,-41,-18228,18183,-11742
66,-99,-107,-6598,-2742,-4254
E
54,-52,55,-2885,23663,-5292
126,-73,-96,-18216,11390,-2562
-4,37,-60,8332,-23941,514
-107,-3,31,11697,20570,1291
41,60,61,-4933,-6761,12883
57,16,127,8658,-19168,2787
-75,86,-58,13136,-11345,-4094
-44,112,-86,11218,-10802,-1699
-99,33,-3,14303,-10351,5613
-101,-23,-7,13114,-15596,10742
37,89,-57,20481,-29740,30735
-27,-46,46,-25370,-28149,-31233
84,-1,-121,-143,29711,-32209
-124,75,34,-19764,32678,32423
48,49,62,-14937,-29064,32192
-121,101,47,-31624,-16728,32500
121,-127,-128,-7096,26880,20076
24,-110,117,-19452,9336,-4685
-30,-102,15,25735,-19366,-794
83,56,118,2374,-13535,31829
-71,87,-127,-32746,-20736,-23335
-93,-4,-21,-32746,5227,-17872
-126,-62,100,-28693,-23276,-31871
64,-48,-110,-19667,32680,-12067
-127,-60,-37,-25773,29210,-11102
-22,-40,4,-12259,27894,-10928
7,-108,90,-6998,-30876,-14070
-86,-61,-80,2831,28517,-2780
84,-88,127,-5931,21311,-8695
-67,35,-52,-64,14041,-5376
-9,42,83,-523,13066,-7859
-125,-86,8,-4551,-30785,-10347
11,-28,-98,3400,-8630,8491
-24,-7,-26,2294,-22793,6941
95,-23,25,-7672,6710,1349
-42,-20,100,-978,-13578,8961
-105,-25,115,4297,20809,22322
-52,-58,123,26701,32679,-32706
120,81,-116,14285,32679,-30706
41,27,60,-26536,32679,32424
E
-118,-104,-68,-31964,32679,26448
6,64,55,14313,-27260,22428
-106,94,97,-20827,30814,-15609
-127,-26,51,-12818,10053,-31904
-103,-115,-35,-16522,-14392,3344
-69,11,107,16463,28693,18424
-30,68,-114,-32744,-9683,-9576
-34,-128,115,-28721,25928,-26948
-29,-33,52,-5055,-30606,27753
-103,124,-68,-15391,32680,-30602
0,87,97,-12894,32680,-25796
-104,107,-95,-9548,32680,-25406
77,-73,110,-13712,12043,-12927
116,8,70,-9312,-28746,-20870
90,88,63,-9531,17687,-2837
-119,-59,88,-17991,6220,-3643
16,-80,35,-1858,532,5822
-6,-105,19,-3594,-1222,4378
86,-53,-24,9138,22115,16803
48,-49,-58,2216,30629,15552
60,-104,-102,16593,32680,24782
-121,-24,-66,-22378,32680,-27577
11,-125,-18,-32742,32680,32425
82,21,112,-32742,32680,17735
47,-30,83,12164,-13272,29728
-100,-24,-25,-25598,26152,10150
0,67,-41,-10986,-10402,7926
127,-18,97,-32742,-7573,18090
-54,-73,92,27,-4641,-22665
0,-19,67,-32742,8266,27296
70,-81,26,-32742,-20570,833
48,111,121,-26727,22696,-22888
12,35,-62,-11674,-29526,25096
-76,3,85,-17157,32682,-26514
31,127,12,32350,-18482,-796
31,-88,109,-11091,8489,-12320
31,36,15,-1745,-20227,-13388
9,70,-38,-11678,-32480,-9838
60,22,-48,-8018,32682,-15349
-9,-108,59,-5872,30030,-19763
E
-23,-124,-100,-8495,12828,-12417
-97,56,-9,-11576,25885,-2129
-98,121,-72,-10698,13961,-3272
99,-52,-81,-3299,1284,7085
75,-77,-76,-7082,-10133,9805
30,-26,-86,-4808,14962,8048
59,2,9,-6795,-12644,4329
41,109,121,-5653,3574,-2346
46,-120,-82,-7019,-2897,541
75,-100,-107,-7598,-3304,2327
-72,21,125,1576,-8791,1707
119,8,85,-624,-15789,42
-72,-64,58,2472,32250,4107
-4,-122,-86,7214,29480,5550
86,-64,34,29856,32680,18686
32,26,-109,21606,32680,21280
-125,39,87,-29583,32680,-26325
46,-85,-84,-31931,32680,32427
10,-54,112,-32740,-26041,25447
30,26,64,26244,4899,13702
-96,49,-125,-23412,-15894,15251
-128,1,-65,-30309,22580,4344
-113,-120,-66,-5217,24888,28587
-115,110,-104,24254,-19335,-887
123,99,38,2877,-17478,25229
-109,26,67,-32739,-16136,-3790
106,15,-45,-25678,23016,-14613
19,-111,105,-3281,-29634,-22769
42,-30,-112,-30111,17073,-18251
61,96,-49,-25355,19379,-11534
-41,56,44,-11368,-27937,-12356
-78,-86,-125,-16437,-32439,-19265
120,82,79,-8586,32681,-11488
23,94,81,-13195,21789,-11411
34,117,29,-16205,27792,-15365
50,-90,-25,-5618,29517,-13565
60,-24,-11,-11522,22293,-1603
55,7,60,-10246,4015,2846
48,36,-108,-7254,-2257,2317
-89,1,-55,6844,-1336,5293
E
-118,9,-73,3660,-13812,5708
77,-12,-97,2230,-17688,2209
55,24,-41,-4103,-9729,3270
49,92,108,-1172,-25163,8734
58,71,119,7210,-29266,9423
77,-34,61,28028,29438,12112
11,-40,-58,18880,32679,11355
-40,86,43,23797,32679,25605
-84,78,-123,30618,32679,24964
83,-98,-60,-30259,32679,22759
-29,114,119,-32736,-25145,15112
-68,6,117,-1067,-2713,18767
82,-103,-85,-6365,-13547,17457
19,-96,108,6665,29125,-10337
25,-18,-29,-18419,-16942,16357
38,-65,27,21304,-27963,27520
-125,65,-79,3865,492,19069
-66,-50,94,-32736,-282,-13642
50,118,-78,-32736,32680,-13150
-29,10,53,-16194,32680,-24478
-51,24,122,-12715,32680,31194
-4,114,-60,-4548,32680,-28909
-62,-127,-69,-26280,-3433,-6079
125,70,-52,-21327,-11511,-12517
55,-116,8,-1387,-14114,-27759
37,21,-57,-12723,32680,-26580
124,-115,39,-11787,32680,-24527
40,25,-20,-138,-3797,-5052
36,-12,-27,-6705,7325,-9117
70,-27,69,-10382,26913,-5728
37,18,99,-9314,1332,3789
43,-13,-73,-9901,-4023,2865
106,-58,-42,-8287,2422,2111
-96,-69,-44,-7905,1630,3270
-43,120,63,-6660,3847,4883
-70,125,57,-5263,1970,4934
-36,2,-117,-5968,-11547,3389
-26,7,111,-5667,-10582,4353
20,20,-56,5291,-13896,7622
-28,33,-91,4960,-17835,8313
E
1,66,111,5137,-29709,10004
76,-44,-22,8841,-29239,11948
-49,-5,-16,22773,30190,21612
89,52,-62,27429,32680,17895
-48,117,106,18551,32680,20284
-14,32,32,20891,32680,24683
-20,114,106,-26704,32680,26196
0,125,-108,-32736,32680,24736
125,-33,80,22928,13352,12222
15,60,-21,-20241,-20661,6478
113,-114,47,-2100,-22117,399
-55,-83,-2,-14845,-27362,-32478
12,-1,-27,10729,798,-25212
-122,14,80,29234,24589,27692
54,84,-35,-32737,-4008,-4617
11,-120,-104,-32737,13363,-7794
5,-49,-121,2156,-26417,-19553
104,-128,-35,-4874,32680,-16757
33,61,110,-16351,19264,-8660
47,-120,-49,-4073,-31015,-9777
98,-104,-124,-9012,-31979,-14577
-5,-99,-117,-7585,32680,-8239
-86,-33,16,-9230,16585,-10328
21,-107,83,-19226,31467,-12207
-106,-113,-56,-5800,-30664,-11772
-77,-91,-77,-116,-22273,-7692
125,-53,-107,-6613,-3467,-9286
-12,42,-5,-13309,22470,3815
-55,37,-83,-9910,22853,331
-35,-82,27,-17908,-24458,-4637
66,-57,-127,-10080,8490,-1641
25,81,56,-7470,-4699,-649
24,115,-108,-4355,15764,-882
48,44,25,-2942,-5452,-3740
44,53,71,-3128,-5361,-3700
51,3,-122,3867,-22000,3820
96,39,-92,5549,-17358,2810
-13,100,11,13973,-20182,527
-27,-122,-11,11403,-30881,1902
-22,-101,-45,21546,29724,8318
E
72,77,-28,28003,32679,11916
-103,-123,17,-28683,32679,19874
-99,-42,109,-32734,32679,-26509
21,-37,50,-32734,32679,-32661
-54,-8,127,-32734,-4711,9292
-128,84,-117,-32734,16740,17804
15,37,-75,35,13020,-481
-88,100,101,-32410,32679,-26303
68,-15,90,-75,-90,-4551
-65,96,-43,-32734,32679,21399
-71,105,99,35,-1722,7696
62,10,117,-32734,-21390,-25292
-106,-55,63,-32362,-25709,1865
-99,94,86,-5564,-21163,-10304
-100,72,-99,-11050,-8423,-29649
-86,21,110,-18937,32679,-1414
29,-115,90,-29324,-22889,-6052
67,67,-128,-11274,-14335,-14246
94,110,-83,-16943,32679,-8451
-126,46,-72,-16443,32679,-8021
1,9,65,-15133,32679,-15978
55,-55,-44,-17989,32361,-14992
-98,72,-111,-13747,-32751,-12088
-93,-118,-122,-5258,32679,-11744
106,50,84,-7364,-6548,-12621
90,-56,-58,-7455,-3421,-5751
80,-4,-9,-2084,-17735,-5578
-103,2,-66,-2040,4350,2119
126,20,-34,-4113,-1885,123
103,126,41,1461,6358,4752
-93,98,-4,-544,-6365,4883
7,121,-29,-867,6967,6450
-19,-125,-19,-1724,97,4835
51,52,10,6312,-26250,3766
18,28,33,8201,-19282,6243
91,-38,-45,11690,-28071,9092
82,45,-125,3694,-29467,5440
15,-51,101,12810,30220,12562
117,40,-16,25471,32677,21264
76,20,126,-26564,32677,-29480
E
-119,71,90,-32730,32677,-31850
-52,9,42,-32730,32677,32433
83,115,49,-32730,-10003,11229
50,120,-98,32565,9134,11706
-29,5,-116,21964,21072,8279
96,113,56,-9026,-1053,10641
-6,48,87,-7865,-20238,-31342
-29,126,-105,26450,-29861,4463
8,-81,-34,2157,-2916,17788
49,-11,28,-32730,-20996,-23317
-64,-8,-11,-32730,32676,-11214
24,108,57,-11046,5460,-14179
-89,-121,7,-5174,-23788,-23937
65,-1,116,-13176,32676,-11051
66,124,-11,-9075,2493,-12687
-113,-95,-99,-10581,27612,-10947
-106,-79,-46,-4566,-27819,-7848
-34,-102,-68,3105,10747,-7706
-117,-60,-12,-12474,4582,-6711
-107,85,31,-1403,20283,-4083
-124,39,72,-2313,-273,-10835
7,-92,-121,-15740,9517,-10233
60,15,-18,-11824,3316,-830
61,53,-103,-11004,5795,933
17,2,99,-12029,15064,-4516
-76,-51,-102,-11212,16878,-7177
58,25,-25,-3710,-518,-7422
-75,33,-51,-2886,3477,-5985
-77,-25,-110,4516,978,-271
-41,-18,108,1614,-1766,1054
48,14,115,4289,-7878,7664
78,10,121,7402,-9409,7630
62,23,-20,20482,-22064,11834
29,11,61,16889,-28072,9023
8,-96,98,9501,28501,9480
-34,117,-102,14413,32674,13533
-76,-3,-60,-25635,32674,23228
-84,-100,-117,-31883,32674,-27762
6,55,-117,-32728,32674,21628
-96,89,123,-32728,-9723,16001
E
-22,73,-66,-16710,-8109,13501
33,-19,47,-32267,21852,-2525
-125,29,-52,-5535,-2104,-25719
-53,-65,-80,-32728,6022,26664
-75,56,-21,41,-4936,31461
-106,86,19,-32728,-15442,25170
52,24,116,-32728,-11634,-379
-43,47,11,-32728,10032,-8749
34,-41,64,-4754,-25316,-25237
92,18,46,-18694,32673,-28305
43,-47,-70,-23022,32673,-10087
-13,-2,-44,-12339,10293,-5755
-86,-28,-78,-17660,-32479,-14496
-32,18,-9,-18380,25023,-14168
-109,120,-89,-14194,-29863,-6556
-104,108,94,-25631,24303,212
-60,-88,122,-20966,17697,-302
88,42,-71,1498,-9727,4334
-118,38,67,-2270,10984,1677
-80,39,92,1377,17176,1406
-94,105,43,3286,3644,5253
-90,111,-13,2727,847,444
-17,-114,-64,-5807,3556,2255
38,-67,-19,-5474,3029,4147
47,-86,22,-103,-11824,5088
10,77,-6,4651,-25531,4924
-4,67,-37,6714,-31560,6177
119,123,123,16734,29977,15736
-104,-111,-89,21645,32672,16987
-48,-55,-82,-25693,32672,32578
-105,-4,-99,-32727,32672,-30314
70,-95,124,-32727,32672,23935
1,-17,-94,24391,-20508,9056
59,-19,42,-11494,28554,-10201
125,88,85,-4882,-20278,-24428
48,-19,22,-14929,600,-5459
46,26,6,31752,-12648,7948
-24,-7,-125,-19907,32673,-12119
-77,79,96,17732,32673,19562
75,-26,-5,-32726,32673,-12004
E
101,-22,119,-15830,-105,-670
-90,95,85,-15511,-21937,-18062
-79,69,-95,-14946,32673,-12760
-65,113,50,-19435,-23087,-403
2,26,-60,-17436,8705,147
92,91,-125,-10931,30427,-4490
34,-116,-101,-10206,23020,-10496
-122,-12,63,-18809,-1393,2674
-57,-43,-15,-18344,6081,1029
75,20,14,-12061,16139,-5814
86,6,39,-7590,15318,-5522
25,-118,100,-3899,11775,-4575
-20,-110,110,-8528,8265,-2771
13,110,-114,-14726,12438,-1498
-27,48,117,-11633,8560,-4772
97,16,8,-6598,20782,-5715
58,-4,-26,-5721,18250,-4165
-15,-91,-70,-5056,13993,-3425
53,-78,-102,-7429,13023,-2779
-97,81,-35,-1244,-267,307
-57,104,6,-3001,2582,-376
-15,122,95,-3856,9719,-1098
-17,119,74,3162,3680,1138
-48,124,-21,9211,-13062,3386
-25,-101,1,-466,-5725,1435
7,-42,25,-1629,-5998,3491
27,-8,82,305,-7706,2682
49,-14,84,-2062,-3465,1594
-41,56,125,-7811,14250,4531
-23,78,108,-3600,4692,4927
23,74,123,-5106,4579,2839
26,72,-123,-6963,6614,1166
123,83,99,-4144,9997,5475
102,51,50,-3923,11335,2235
31,-4,113,-1984,6528,-6056
-27,11,114,-693,5050,2496
9,92,107,-497,2096,4595
76,43,89,2237,-137,1028
61,51,77,972,-2034,1974
100,76,25,-180,6343,821
E
102,73,35,-2181,501,1105
-128,72,63,-3706,944,-827
-100,55,81,-1878,3003,20
-65,43,92,496,3115,1226
-39,27,86,1594,2527,1538
-14,1,43,4428,-3615,2054
-16,-5,22,5038,-4685,2209
36,-73,-21,5811,-14685,4760
44,-113,-78,7164,-15837,9110
-83,-69,-47,21466,23354,20053
-76,88,-14,-26584,32673,26051
-88,-105,100,-32045,32673,24779
-119,-22,-13,-32719,-32498,26962
104,126,-26,-32719,-15543,19608
-68,20,124,27957,-19382,13445
60,40,120,7030,-4399,9535
27,-33,-7,3826,-6927,8030
-20,-80,46,-17702,-27346,-21
-67,75,107,-7339,-6125,2060
79,-59,79,-13267,337,-1059
91,48,58,-32401,-14798,15281
13,106,115,-30028,4678,30639
63,-73,100,20997,-1684,29845
59,44,24,-32720,28859,-16345
45,-53,-101,-32720,27377,-16494
74,-122,-8,-10355,-30671,-26369
-123,85,-18,-5696,32675,-27106
70,7,72,-17030,32675,-15101
73,106,13,-21714,12030,-12342
13,84,48,-16086,-25980,-13680
32,-4,-91,-5537,32675,-9186
22,29,-9,-9449,32675,-9467
-98,-17,59,-16968,5432,-7528
-26,-49,-47,-17211,18314,-6276
78,56,33,-678,11834,-4246
93,85,-63,336,3088,-5526
7,18,-105,-75,-10039,-4182
101,36,-47,-2214,-6081,-3071
-108,4,41,-762,-14390,-1230
-84,-1,64,634,-17605,61
E
-30,4,14,11513,24021,10031
-67,36,109,15478,32675,12617
-35,-120,31,23145,32675,22418
22,19,-107,28538,32675,24265
-31,40,-93,-29111,32675,28237
-84,-48,-69,-32719,-30774,25450
-46,-66,-127,-32719,-13472,18763
124,22,7,7488,6682,1287
-35,72,46,10967,-1941,6372
-7,39,76,1974,-25995,-10803
-75,-119,-92,-30710,8797,827
-118,109,-86,-31945,23805,22648
57,-15,-22,28397,39,-13261
-104,29,23,-24574,-23157,27238
125,-97,45,27068,-15498,-13415
-112,-110,-50,-32719,12175,-18918
-39,54,-83,-32719,-26467,-10414
64,-65,-46,-8770,-2506,-4964
53,-1,91,-12344,29802,-8811
11,-1,-72,-4062,-27773,-8617
71,-106,42,-3783,20189,-7828
80,-83,73,675,-28697,-17112
52,-73,3,-4498,32677,-16848
-96,-91,-65,-5335,32677,-22199
6,79,-29,-2881,27733,-19285
51,32,13,-8973,27984,-5742
31,14,39,-10862,306,-4081
105,-128,-29,-8255,-5106,-1437
-88,92,-30,-2643,689,-676
-124,123,-34,-1893,-4644,-279
-49,-47,122,-2268,29005,6835
-40,-23,104,-273,28917,10314
-72,-128,-67,10469,32676,18198
-117,75,63,21438,32676,23990
-122,91,-16,32597,32676,28834
127,-1,-123,22143,32676,27667
-74,-1,-111,16925,-25216,25456
-1,84,20,23067,-6411,6202
72,-79,28,29134,842,5589
17,-27,-120,25687,-4897,7347
E
-80,-93,127,15128,-21418,-2971
-117,-36,-122,-25687,-836,2615
-28,-23,-52,4967,-13609,8353
4,83,-76,29352,11570,-22134
-6,119,69,26147,-26150,-29575
-3,15,-117,-32717,25378,-14800
71,42,-92,-32717,28191,-23127
84,-72,25,-22970,-29733,-25002
-94,-93,-119,-800,32676,-26305
-17,-99,-45,-11974,32676,-15325
45,62,-14,-19883,26128,-13461
-105,-108,76,-11671,26950,-13931
2,49,-26,-8037,-30224,-11270
117,-111,-117,-14952,32676,-6914
-108,39,-39,-14640,-914,-3643
-97,110,-95,-8252,13029,-4010
74,-48,-74,-9008,8062,375
-128,-13,120,-2835,2224,2197
48,11,-57,-6250,-3881,-3052
4,78,-33,-2808,394,-3550
-16,103,-6,5010,-7776,-1097
-93,49,-37,3668,-9352,-4145
54,49,-39,-3806,-16932,-4608
112,73,74,-1934,-16602,-4258
96,24,-60,3400,-16183,-1038
48,-53,-36,12926,-27741,2342
106,-35,47,15265,28162,2968
80,-44,-70,18353,32674,14012
-53,-5,70,25020,32674,21734
83,-83,-24,29843,32674,29990
-86,8,-81,31177,32674,19926
-16,-11,-101,29384,-5166,-928
104,-113,-124,-31969,-11053,-5715
77,82,-64,-32418,-2787,-4332
86,-97,-109,-32714,27934,6498
49,-68,4,-12552,25025,-3662
11,-9,-82,15179,-27642,26562
70,-90,-44,-32714,32674,-19521
123,-52,37,-23906,1084,-13188
-34,-43,-25,-15947,-25703,-23649
E
50,72,117,1804,-31739,-19234
74,-34,-41,-13597,-19717,-5459
74,-80,33,-12660,15130,-15308
-122,14,-9,-18805,18199,-14190
-21,-36,-74,-4068,9339,-1129
97,90,-71,-8255,-7720,-4814
93,8,-121,-12571,24877,-7275
-70,121,109,-2036,-6773,4143
-73,61,113,3990,6162,2586
-40,32,-16,13873,8308,1482
-28,63,60,-3236,1726,-121
87,-81,63,-6750,-736,4131
77,120,109,-206,-253,4362
-76,58,44,-8036,4429,-2820
-60,-93,-106,-27447,16963,-1231
92,-13,46,-578,11231,-3490
30,-85,-85,-2051,13206,-1838
-101,-80,50,-9247,13345,-3371
102,-43,38,-6266,-7773,5847
-85,-13,-28,-1991,-25388,10782
-74,-50,23,1360,-15481,10039
20,35,92,18920,31450,20847
58,70,66,25737,30280,24876
15,121,92,29927,32673,24901
-72,-128,91,31696,-27613,16982
-88,58,36,27216,-28908,706
61,-67,116,11228,-29419,-4830
-91,-122,15,-31024,-24301,-9766
9,-128,-84,-30618,12838,6860
-113,-128,-39,-20653,-19821,-12298
-31,-81,56,-28485,-8813,-26087
76,-93,-41,-25151,2176,-12048
-51,-35,-33,-24490,23362,-9204
50,100,-45,-7768,11522,-12156
49,81,51,-9749,18075,-10079
16,45,77,-9591,16671,-15546
97,100,-123,-10020,26978,-16092
-126,28,116,-18738,-30815,-24655
72,106,-103,-23173,26865,-22370
38,-91,-51,-10991,-30643,-12034
E
41,78,24,-24741,27326,-16436
-13,-27,109,32509,-31078,-16090
120,69,126,-7592,32675,-3384
-89,-45,-49,-996,-16780,2506
-116,-13,-128,-21630,5682,-3408
43,-99,-95,-6136,10110,-523
-93,67,124,2071,-1593,3430
-127,33,13,-11522,-9158,-1067
-113,80,-3,-16143,-5930,3468
-120,-3,68,-6074,-23186,6321
51,-86,-109,-1533,32132,8096
-101,113,105,-6695,-32416,6425
76,-9,-106,-3722,-32717,5425
-88,-4,6,2505,32310,12333
-98,-24,44,25329,32674,25926
16,-114,3,27036,32674,20169
-53,-49,-92,-28134,-31864,15513
-68,-59,9,-32709,-15438,9511
-1,0,14,19042,-3763,4099
38,-35,108,15534,-15276,3858
-125,33,-55,13226,-16028,-2532
90,-57,-49,-23744,8585,-1883
126,-50,-83,-32709,-31072,2546
82,16,93,2172,-14163,-19835
59,49,50,32123,27321,-17522
-30,37,-69,-32709,-26869,-14121
-37,-27,-63,-32709,-32354,-17616
-66,89,26,-17971,32675,-21699
42,102,125,-18332,32675,-20427
115,100,96,-15125,12986,-11428
-1,-62,-104,-19725,-32066,-13603
-62,-44,32,-7408,-30939,-10799
-52,-70,39,-8959,25855,-1201
32,-15,-114,-16473,4342,-1701
101,-19,-108,-8653,8778,-1269
112,-66,-60,-583,11302,3681
66,125,79,5325,-727,245
26,117,-2,4637,-424,-1622
-70,-89,6,301,-2799,-2201
-19,-54,39,-4417,-16898,421
E
-51,-47,70,-2571,-6771,295
113,-50,81,-50,-29033,895
101,-88,78,4324,32329,1778
-121,112,28,16802,-29845,3509
-122,88,-34,21094,-31939,8364
-117,20,-69,26585,31841,14442
-62,-42,-19,28165,-27510,10017
4,-71,47,24827,-23565,12581
44,12,70,22841,-24105,14859
-17,6,58,20775,-15417,10947
22,-71,-55,21854,-20913,7891
-3,62,124,15826,-4971,4081
-3,17,6,7901,-24476,-7643
71,-10,50,-32523,14110,8711
-16,72,81,-29165,-181,11575
16,25,-39,-32707,27110,979
97,-3,73,62,4669,29678
85,104,-59,-32707,22905,-29498
101,14,-117,-32707,-28183,-14054
-38,63,-122,-32707,29251,-16379
-32,7,19,-9454,-31448,-26176
-25,-9,-41,-14920,32672,-22927
62,26,34,-18905,24084,-10719
101,51,59,-19499,-30002,-12770
48,-58,118,-10238,32672,-15375
1,-7,39,-7246,23325,-6059
3,-52,119,-11286,9793,-4245
63,-4,-82,-23004,10425,-1913
-104,25,-114,-12550,19782,-1462
107,4,91,1241,-9491,-2323
-119,82,-4,-2651,14790,-1176
-27,-74,50,-372,417,3720
-78,-68,84,3034,-3055,3561
84,-66,110,5440,-12524,-1097
83,-24,-77,-6056,-3145,2188
69,115,-34,-7261,-9824,3956
6,90,54,193,-19565,4974
9,88,-125,10555,-25093,8434
125,-41,97,17919,-23612,8900
82,116,-22,14471,-29148,14097
E
-54,-115,-55,21672,29799,24004
114,-4,-100,-25906,32670,30461
12,-121,68,-32706,32670,28582
-31,-56,-80,-32706,-4801,18118
25,70,18,23366,-9047,11501
-87,-100,-73,-26797,-16158,787
82,-83,-56,31458,32697,-7724
-89,-125,-71,-10789,19104,-3235
4,73,95,-30253,-18455,16483
51,63,-36,11454,-3583,-9789
-29,-60,-98,7187,-20783,30637
32,29,31,-32707,32669,-18000
17,-49,-15,-30101,10400,-14760
-44,106,-12,-2640,-25444,-18866
-16,107,-101,-16710,32669,-25243
-27,-67,-128,-21619,32669,-20670
116,74,-5,-17408,32669,-22288
87,92,-50,-16470,32669,-27944
-30,127,73,-661,17364,-21657
60,83,-40,-7521,15672,-9134
23,11,-78,-20314,19333,-2410
61,86,99,-7838,7244,2351
3,39,-75,-4811,-23665,3913
-32,-24,-85,649,-275,948
-63,0,-92,-2215,-10538,2328
90,-33,117,-680,-6802,2657
103,-35,121,-868,-9615,2763
1,-44,88,1366,-19715,4273
-32,-43,83,5043,-17974,8672
110,-112,63,17949,-28303,13429
-14,62,104,19324,28560,12470
-97,-111,-128,30530,32668,26185
-43,19,105,-29341,32668,31149
22,-63,19,-32703,32668,-30818
-115,74,7,-32703,32668,32455
-102,-118,-50,-32703,-1812,19652
-17,58,-125,24285,-16893,-2521
43,-34,-17,24760,-11802,-3087
31,-68,92,64,17103,-1038
-106,29,-105,-32703,-20073,28496
E
-127,-107,-98,66,-12925,6529
68,-76,105,-32703,-17671,32455
-4,77,-76,-32703,24313,1472
76,-8,112,-32703,-1840,-13087
-68,-92,-96,-4785,-20437,26329
72,61,-89,-11104,32668,-31288
-27,0,51,-18023,6431,-23809
-97,-114,10,-19802,26371,-24893
-87,69,56,-14154,-27854,31444
30,97,11,-7651,32668,31498
-53,78,-37,-11679,-7003,-25929
112,-102,-19,-17529,525,-18789
-68,47,20,-14578,16740,-18
60,-44,-80,-15612,10615,1555
101,-72,-63,-15968,-6144,9135
9,-39,42,-8575,-8592,7670
94,-37,-114,1082,14533,5115
-126,-78,-114,2055,7572,6070
100,-97,113,-4090,-9977,10002
105,-106,106,-5289,-399,8814
108,109,-105,-7323,4099,2423
104,103,-50,-4534,3515,794
114,113,-13,-942,-3228,3109
-116,89,-44,2311,-4640,3016
125,39,-103,5906,-3332,174
53,-5,7,7328,-11859,5268
52,-14,4,7571,-10259,7251
106,54,-88,17501,-11271,4565
112,56,23,12425,-20866,-3378
106,114,-75,8767,-12388,4972
95,-36,-97,17307,-13515,20606
-63,87,-1,-32123,23083,21247
79,-55,-83,-29909,32664,-26398
-127,13,101,-32701,32664,32456
58,105,95,-32701,-27229,32456
124,-51,-4,10441,-27215,23286
-10,-59,-88,-27503,-20543,-27100
107,-44,-25,-19296,-5052,2289
78,-90,-24,31764,32664,21319
112,-8,25,3332,-103,14514
E
-37,127,-106,32207,-105,-27109
-117,-10,-120,-32701,22050,-6900
-117,-6,-14,-32701,9743,-16187
-106,99,-8,-12212,-24053,-18812
-41,-97,-119,-7215,32664,-18151
-108,-18,24,-10687,32664,-15020
18,59,-20,-11781,16989,-13862
-80,27,23,-12705,31568,-14221
-17,-34,-1,-16070,-30765,-15398
104,44,-57,-11892,19537,-13920
-85,-114,25,-16638,14705,-5524
102,-80,102,-27369,-31104,-256
105,81,-21,-9862,20468,-280
-58,-120,85,-7401,8795,-2881
-67,-8,17,-5978,2732,-6666
107,-31,66,-4902,-4560,-4992
29,-39,-113,724,-17831,3134
20,-4,-103,-3947,-17585,1583
47,95,-6,-3274,826,4392
88,53,-27,-1793,7110,4795
-107,61,28,-1174,3048,2370
-5,101,15,-2275,1306,6392
7,99,26,6,-5678,5577
10,78,26,3253,-3032,3097
18,-10,-48,10063,-14555,193
-19,-54,124,11871,-8743,3889
-109,71,1,11994,-20812,2538
29,13,39,10525,-20830,5164
-70,-8,-58,12850,-10745,7115
-67,26,-19,17770,-12990,12395
121,-98,-23,26487,22839,19904
-66,103,-116,-31353,32664,27610
-78,57,-32,-31501,32664,-31201
78,78,-95,-32698,32664,-32289
-37,58,35,21334,-9245,27954
-32,-47,80,-13317,-13630,5976
-114,119,100,-29098,-17643,-6197
-109,20,79,-6499,-15161,4866
-121,42,-52,-32698,28840,18102
-86,71,99,71,1947,19451
E
120,-35,29,-32698,22346,29082
-105,-32,-51,-32698,-23959,-9473
2,18,-33,-24103,4829,-22169
-116,-109,48,-8744,-22987,-20830
-11,85,-58,-8802,32665,-25980
6,-102,5,-12085,23635,-22654
-7,20,-63,-10447,21999,-13789
-1,22,-84,-14889,-28313,-13364
-12,-117,104,-11247,17684,-13269
-53,73,31,-19862,25484,-3890
103,-107,110,-22209,-28813,-5708
-36,26,-124,-7206,2701,5794
-44,37,-7,-8450,11978,2800
39,-4,121,-1889,-24283,12377
35,1,106,-4306,-21315,9501
-111,-111,116,-3506,-19869,3453
-69,-128,24,5056,7628,7206
-82,-90,-61,8143,24110,9542
-53,-78,-67,26211,30266,12075
-18,72,15,25473,32666,16832
-105,-57,-68,31528,32666,24055
-104,-14,-117,29261,32666,27745
117,-103,-118,20846,32666,24595
-77,50,127,19933,-7827,14502
94,57,-57,17302,2244,10652
21,22,4,-7614,-15154,4528
-20,-98,25,-8662,-15358,4427
-9,-64,-10,-13981,-27582,8118
86,117,97,-32563,13099,14413
104,-8,105,28564,-17699,31102
77,91,-104,23341,8947,-30071
97,42,-1,-32698,15263,-9888
52,92,-32,-32698,13889,-19436
30,-116,8,-16637,-23072,-31268
109,77,26,-12548,32666,-31654
45,81,36,-5075,32666,-27331
-39,113,56,-7107,32666,32525
-19,64,52,-2416,32666,32214
-20,38,61,-1676,32666,-27494
105,-87,-2,-12343,15404,-12910
E
77,42,-62,-20018,-3085,-6233
-78,-18,-112,-15280,25853,-1540
-35,40,17,-990,-19957,6540
-100,126,16,2040,7893,9124
49,-73,-34,-7271,-12238,6415
63,34,-97,-13870,-17383,7766
-88,-11,-79,-9459,-16611,6151
109,-53,13,1030,-26688,10005
30,-93,-105,3791,-27719,6047
-77,87,-123,6942,-29105,5482
75,29,12,11354,-29205,10295
-122,91,-89,16823,30651,13115
-77,63,-87,21981,32664,15235
99,66,-36,-26562,32664,26582
-6,78,10,-32502,32664,31596
-114,108,96,-32694,-24223,26568
-81,107,112,-32694,2035,17077
-62,70,65,797,-2908,5981
81,-125,-21,-907,-10798,-1036
-32,-112,22,-17884,-32333,6820
-63,-81,-49,-32694,-26158,9891
40,84,-124,75,-12719,13891
-71,16,86,-32694,-17745,-29434
79,-59,48,-32694,5911,-13955
-113,-45,18,-27006,19727,-23026
-100,38,-73,-16753,-25588,-17451
-47,61,58,-12863,32664,-20748
35,72,-114,-12152,32418,-11251
-108,-95,25,-14727,29725,-10187
-48,84,29,-16538,-31865,-11777
-21,92,114,-18789,32664,-8053
-110,42,-128,-17163,32664,-8594
-121,-45,114,-4242,9496,-7747
34,-122,-58,-374,12096,-10255
32,-128,-53,-1100,22310,-6053
53,44,-19,-18118,-12113,2600
-64,-13,-34,-22332,3171,3641
105,123,93,-4626,9503,7664
-116,26,-106,1788,11072,2655
-24,-61,116,8041,22036,10402
E
-28,80,-94,12077,29272,12256
104,31,-16,-26485,-19442,12045
29,65,64,18129,-30848,17103
97,-123,16,14159,30492,25343
-118,32,84,-29904,32664,25973
-92,-41,58,-30936,32664,-30841
-91,-7,-106,-32693,32664,31128
23,-89,77,6504,-23570,21981
93,46,-113,-5043,-32562,16177
91,-50,-95,21058,-24912,10955
9,120,58,-23581,14618,7575
-121,121,18,-32694,-30499,3591
119,-94,99,75,9263,21602
120,93,-123,-32694,23674,-31079
-81,-88,-19,-32694,32240,-14925
58,73,-88,-32694,19949,-21378
3,-82,-67,-1324,-27907,-27838
-9,-70,-55,-4516,32666,-27870
127,-62,85,-14745,32666,-13726
123,46,111,-9737,8495,-10910
74,47,-94,-6855,17636,-10798
-63,-42,74,-16444,29348,-15297
-22,42,-78,-15001,19627,-10493
-115,20,-68,-16058,20626,-5372
92,-53,83,-17300,31821,-5380
-47,-109,42,-11299,26411,-2486
53,-84,35,-10545,8785,-127
-20,39,3,-15534,8744,1473
113,121,-29,-6177,10351,3486
71,-58,-126,420,-9321,3728
-88,-22,-91,-1543,-4852,1409
-44,-44,-79,-6441,-1234,15
-43,-60,-85,-4221,-10943,-103
-53,81,-63,7153,31120,-557
48,121,-105,6356,-23522,-145
97,-9,-51,4949,-22025,1521
-91,-33,75,6271,-31789,2808
-91,-14,124,25769,30622,15469
124,-23,-116,24441,32667,10103
-118,79,-40,22165,32667,21288
E
115,-47,3,22270,32667,22593
123,-22,-41,21096,32667,22969
107,-28,-18,19688,-24281,20747
-72,7,-77,1538,-2552,16112
-113,-27,59,1760,-17359,13033
-121,80,117,-30725,3601,-2829
115,-88,-89,-28506,26638,114
22,-90,-16,-16738,19823,-22164
40,-91,-75,20570,23116,32007
44,-28,7,31519,-27378,-28934
-125,57,-33,-32694,32669,-26545
-38,34,-3,987,32669,-29303
62,-127,33,-722,32669,-31875
51,29,43,-4277,32669,31315
57,-51,-17,-3107,32669,32462
-71,8,61,-17868,28176,-21560
50,-67,-71,-23367,-31370,-21949
119,6,125,-7112,12024,-14511
19,16,60,-12231,15980,-12629
-88,62,-7,-15896,25724,-4721
112,-74,-98,1290,-1366,4241
-23,-109,-59,6580,-17264,6702
49,-123,1,-3558,-17597,4718
76,45,-117,-10213,-23862,11395
56,-73,57,-4848,7562,13702
-115,-38,-20,6279,5179,10907
113,-107,92,5170,14826,9417
118,-79,-25,17272,32668,9872
67,-121,-20,25422,32668,13301
-99,9,16,-29115,32668,21813
40,81,51,-31953,32668,25796
-14,-6,102,-32692,32668,-32650
123,-80,-114,-32692,32668,30300
51,-35,76,14275,-5371,14365
-70,58,-117,-2003,-19488,8206
-94,89,121,-16977,28887,-17154
67,30,35,-11527,14988,-6693
-88,39,-91,-32693,25708,12910
-52,-32,-111,21004,9525,-29446
37,-67,-96,25867,9009,24694
E
28,-85,-71,-32693,-30908,-13049
-18,83,28,-24117,15343,-20601
-51,92,-72,-5207,-26052,-22667
-112,-77,80,-316,32669,-21779
-128,-47,-111,-8043,32669,-16759
52,54,-31,-13918,32669,-9899
124,27,-118,-13369,32669,-15331
-5,-25,-15,-6347,32669,-12506
-79,-111,-57,-8040,28188,-9643
-47,-61,45,-25076,13732,-10736
116,84,-120,-19953,-28010,-7566
120,-24,-36,-12929,12219,-1707
-125,-36,8,-11027,-9053,-3890
93,21,68,-7004,4131,639
-98,33,124,106,-750,3574
-27,-34,-107,-2227,11343,1670
-1,-23,-54,-4446,6212,4601
-38,-67,-8,-2318,-8296,1533
123,111,-87,-677,-10893,-995
98,119,112,2786,-11071,-2375
-87,90,7,5392,-20740,-2409
-42,73,-16,5649,-30035,-975
2,-53,-47,12852,29115,-1754
62,-43,64,9037,32668,-1125
-30,-51,-104,5203,32668,10263
96,-46,-63,9918,32668,14071
-62,-5,-81,-28668,32668,25726
-16,64,116,-30027,32668,23336
71,-38,69,-32690,-21103,21221
72,-74,-13,25827,-20050,12868
-75,26,-120,10375,27089,-16388
-88,-1,40,27836,-19480,-15340
-80,20,93,-28264,-15398,9160
61,125,97,6325,-29257,7264
19,69,31,8918,-99,19968
-53,51,52,-32691,29981,30448
-104,-120,83,-32691,-21050,-13690
-2,96,-15,-26731,9297,-17304
-102,64,121,7157,-25077,-19257
53,125,-95,-3089,32669,-19818
E
-52,-30,-89,-9939,23243,-9862
92,104,-30,-13035,16219,-3819
-113,-127,-19,-16016,24184,-5055
-99,-65,-5,-10740,29712,-6521
114,-74,-26,-7570,-30213,-4162
-15,2,13,-20436,19340,-3880
-67,43,56,-25121,-30770,-4135
-125,-77,-119,-14909,27739,-5613
-81,-64,-26,-12818,-6122,-9838
27,-57,72,-16861,12230,-8591
-51,44,-80,-6848,6827,-4751
-38,-94,-74,-7572,10056,-9566
-106,74,-34,-12098,-30222,-11566
-4,-126,-82,-2315,610,-4618
64,114,-57,-3004,9494,-10202
-5,50,-50,-2611,7781,-6455
-30,66,-58,43,3671,-1226
6,51,-60,1500,-158,-876
61,51,-59,1231,5305,1183
6,105,-73,-4037,-82,3085
5,80,-78,-3352,1622,2853
-80,30,-127,-3865,5977,2155
94,28,87,-2802,2270,2476
-56,13,9,747,8125,-1519
-57,14,-1,1123,5154,-1883
-126,25,-89,2325,4338,-3483
-104,59,-114,105,477,-1186
-84,57,125,296,-4295,-812
-78,53,-115,693,-827,-1629
-16,60,100,-50,4011,405
-40,70,88,-6,1949,725
-68,94,48,-54,2592,2069
-111,113,12,-1225,2918,1874
115,-102,28,-2434,8656,1488
121,-87,-17,-2083,5939,1940
-128,-68,-82,-1790,175,1954
-77,-56,113,-673,537,5526
-75,-44,114,-321,-51,5495
-88,-35,104,2321,-4977,7564
80,-41,-113,8319,-11329,7379
E
-27,-55,-19,7169,-26938,6173
-67,36,60,6301,26653,6411
29,124,-82,14805,32669,13110
-3,13,58,-26725,32669,22760
-65,-116,-48,-31209,32669,26372
-69,-31,-67,-32690,32669,-28751
116,-74,-84,-32690,-27069,31186
-88,-69,6,-3268,1633,-3304
14,-85,20,-11549,-5895,3018
126,-43,-88,-32376,-10616,-5228
-117,-99,-77,10787,-8490,6061
36,29,-25,-28004,-7434,10509
-39,17,-60,-28688,6727,-1037
114,-100,-127,-2962,-25620,-18409
-66,-94,-93,12015,19318,-28301
-121,72,46,-32690,25354,-19426
-14,-62,22,-32690,-28643,-18322
123,21,39,-18819,32669,-21012
-13,-27,-21,-8843,32669,-26800
64,-100,-88,-12715,32669,-21883
-127,24,-16,-17892,32669,-19065
-70,73,-61,-14812,32669,-19869
-37,-101,-2,-16055,27741,-14118
7,-26,-121,-13316,15459,-4183
113,92,-127,-8634,-17409,-6474
111,93,-83,4166,-29733,-4916
82,6,-118,12172,-22590,497
115,-101,-101,11635,-15635,3282
41,95,-125,-4439,25148,14220
36,-115,-29,2691,32668,11967
57,43,62,-17249,32668,25594
26,-112,115,-32691,32668,25138
-97,29,-55,-32691,32668,27491
-98,27,30,-32691,32668,24240
-121,-17,-54,19604,981,21387
46,80,-6,10285,-18393,19662
26,-117,-71,-13266,-666,-4001
-8,81,-32,-8456,-8163,-4540
38,-48,-56,5381,30594,3162
-10,46,-9,13801,-9194,11245
E
81,-33,29,-26952,28010,-5910
-1,-114,-71,-20057,25006,-31848
30,100,83,18364,16645,-28453
-110,-113,53,-32691,18345,-20892
29,-122,-100,-24210,-25769,-19687
-118,56,97,-11006,32669,-23321
77,-26,1,-2437,32669,-27351
53,98,-47,-2694,32669,-25438
-81,-9,15,-6960,32669,-27506
49,-127,18,-10094,32669,-27224
-93,67,-10,-14856,29324,-17881
3,-75,72,-13451,-14134,-5514
75,24,-50,-7400,-27490,1745
25,-16,32,6669,10239,1783
55,-83,10,9926,-4419,4966
-59,-90,4,4373,-19756,4253
23,76,69,-10766,23269,9033
-118,-123,-63,-8468,32670,10017
25,-94,87,21090,32670,15496
-96,-127,-78,15758,32670,15315
-3,31,44,22788,32670,15810
58,122,-104,17736,32670,20180
-97,-45,-7,29835,32670,28684
-40,-76,-67,-29425,32670,27417
43,125,-65,27144,-19178,20489
-40,85,-84,8845,-22939,24821
-83,59,105,-9735,-30972,1459
72,120,39,-17528,-10425,-19271
121,3,-98,-32343,31345,7548
-84,-108,51,-25310,-5083,23616
-72,68,110,9195,172,-11477
87,34,-114,22213,31817,26242
100,-82,98,28098,-27252,-30560
20,-80,62,-32689,32671,-22409
-122,92,95,-28135,24344,-22194
-81,3,-31,-2890,-30090,-23221
-61,79,-117,-5745,32671,-28612
102,-104,80,-4447,32671,-22818
48,67,91,-10705,27364,-19640
40,56,-26,-10787,16450,-19704
E
-93,24,19,-9220,-26869,-15032
-102,-47,-81,-17119,13736,-8824
4,96,40,-20439,-25287,5558
42,-39,-9,-12486,-11412,5467
-35,119,127,20740,-15559,7787
-96,7,7,8054,25096,4190
-6,101,55,1186,-32354,6582
-47,76,87,-8534,32295,12835
49,-119,40,3041,32670,12680
122,104,31,18223,32670,19953
-71,-70,42,23571,32670,23138
21,-68,1,28049,32670,16621
103,125,39,25942,-20311,19285
-81,-35,-98,30346,-14014,18281
105,-124,-31,23971,-8523,10567
-37,-128,-40,6234,-1357,12604
67,114,57,-13043,-6530,10667
-76,-1,-65,-20567,-10111,6107
-76,-120,66,-24332,-6756,4704
49,-43,48,-27469,9216,16718
6,53,116,6835,-146,-11032
-31,-57,115,-29780,-22738,-23361
-25,6,-37,23843,-18436,-22139
-66,114,64,-32691,13277,-18267
79,-29,47,-29020,23650,-19269
31,-108,-21,-12540,-27361,-24222
13,7,-2,-2863,32670,-21224
55,113,87,1120,32670,-21625
-123,-86,-64,-533,32670,-25422
43,-77,9,2720,32670,-28199
-76,112,-15,947,32670,-27275
6,22,-18,-17149,32670,-18851
-23,101,97,-12063,22771,-6067
111,64,-29,6325,3202,11555
-28,64,-91,5819,-23371,7946
105,-55,23,-2278,-26036,12632
122,-43,-74,-13464,-26552,10931
116,-16,119,-5368,29455,14467
44,-50,33,5824,32670,19097
-49,-7,12,12933,32670,19533
E
-25,-30,57,16299,32670,22783
-117,11,96,27275,32670,29477
125,39,120,27568,32670,-31761
-78,18,63,-32573,-28871,25149
-47,-92,22,25706,-11797,22087
-89,-110,-57,4034,-20282,16328
-115,-119,-64,-7757,-7972,4953
11,0,20,-23817,7502,-9709
-91,-15,111,-8153,10080,-4256
-123,-83,105,-10832,-6010,17386
-35,-62,41,8446,-19867,3189
-90,-69,-54,-31873,11156,19703
44,-85,-79,26139,-25229,30296
35,111,80,-31810,32673,-25186
1,57,-101,-5950,32673,-22015
-112,74,6,124,32673,-21982
98,-2,-91,-1914,32673,-17103
-87,-59,-38,4716,32673,-11933
-106,25,-30,1893,32673,-10306
49,-114,14,-4850,22660,-10430
62,-64,53,-3107,-29526,-12941
-49,-60,-125,-9120,32673,-7711
-91,-127,-52,-17537,17850,1381
-52,-89,38,-21737,-27922,-4174
43,55,107,-25992,32673,-275
-91,-50,126,-22612,-2927,3462
55,-73,62,-13849,1228,-3046
18,-106,-102,-12142,-12171,3487
27,37,-103,619,2753,9047
32,40,78,827,1005,9377
97,18,-95,219,-11137,4772
125,0,-66,501,-18453,3946
4,-19,42,3994,-18163,2836
121,-54,-71,6213,-8274,2375
78,-68,-108,4006,-3113,64
44,-73,-87,4706,-3547,1493
2,117,-62,4799,-2807,2868
14,113,-58,3720,-4270,3302
-2,46,-88,-433,5735,5095
11,56,-68,535,3645,5409
E
11,15,-20,844,3665,6743
-14,-63,28,698,3883,7186
-20,-62,21,430,5055,6830
-75,120,68,-976,5775,7076
126,108,86,-1805,3503,6197
77,94,76,-2176,2820,6135
20,75,26,-1557,3452,5878
23,84,28,-2047,3956,5988
-19,95,-23,-1848,6087,4643
-27,97,-16,-1711,4385,4131
-31,98,-23,-1190,988,2428
-29,102,-23,-1633,509,2733
-15,-100,-89,-1651,4084,3225
-6,-108,-92,-1189,5294,3605
14,-85,-98,-193,4956,4932
-4,-74,-79,-1349,4118,4181
-12,-39,-100,-3067,5063,1924
5,-29,-108,-2068,3715,970
22,-16,-102,-1391,1115,15
