0,0,0,0,0,0
2,-4,70,-62,117,88
2,-4,70,-62,117,88
0,-4,-119,-125,-273,120
0,-4,-93,-146,-277,167
0,-4,-76,-28,54,172
0,-5,-63,79,292,205
0,-6,-51,35,219,178
0,-5,-41,-364,139,107
3,0,-25,-185,333,263
4,-1,-32,-25,429,239
6,-3,-26,223,13,157
1,-4,-20,-131,-218,78
1,0,-21,-214,686,22
5,0,-21,-1,853,-2
12,0,-19,-79,117,-25
13,1,-15,-120,-113,52
15,1,-19,-81,190,190
17,1,-18,44,93,175
15,1,-18,-9,56,178
10,3,-13,-282,-299,38
7,5,-15,-222,129,-4
9,7,-19,-157,410,2
11,6,-21,-140,220,-4
8,10,-22,-97,-377,59
7,9,-22,-89,10,86
7,9,-24,56,311,48
9,9,-29,85,297,-9
7,9,-25,50,193,15
7,8,-24,92,162,-67
8,8,-25,250,249,-40
10,5,-22,135,47,-55
10,5,-21,13,87,54
13,4,-18,-173,238,53
18,7,-18,-201,367,140
22,7,-15,-159,80,204
18,10,-7,-321,-219,285
14,18,0,-675,-606,225
14,23,0,-1053,90,485
28,49,-9,-1655,644,1075
E
26,48,-10,-1417,94,989
23,53,-30,-645,97,1138
20,51,-28,-960,-451,1157
-2,75,-19,-2998,-1231,2724
-7,103,-11,-2186,811,2595
8,-112,16,-3389,1221,2140
12,-107,7,-3737,31,2367
57,-40,40,-5207,1519,2509
81,-8,61,-4868,1185,3440
127,26,72,-4313,4460,4053
-29,16,-116,-852,3693,3340
-45,6,-118,-1566,2216,2945
-4,-13,-77,-419,-942,4996
0,-20,-99,-866,-1269,4809
21,-65,-89,-4200,-8151,6369
-4,-72,125,-2323,-7237,4838
52,4,0,226,4678,2541
42,-55,-39,1255,-2241,-394
3,-93,105,-6897,-3136,6616
11,-78,60,-3612,847,6047
20,-100,90,-2996,-358,6676
32,-117,110,-5515,-1175,5785
30,-108,122,-6866,-572,6791
49,-109,-128,-11102,6575,5756
122,-65,25,-14144,2900,1510
-126,-94,125,-4743,2458,870
-112,-108,-116,-6538,-42,5455
-107,111,-89,-5613,-4368,733
-98,64,-120,-1651,1145,-114
-94,69,-128,-2140,-1624,992
-95,74,123,-3349,-7338,1968
-82,59,68,-2834,-5049,2164
-67,49,23,-4713,-2685,2589
-61,41,2,-4993,-3146,3962
-72,23,-14,-3721,-2756,3954
-79,-12,-36,-2356,-1935,2824
-86,-29,-86,-4022,-1831,3077
-94,-22,-74,-4313,-1429,2880
-90,-15,-70,-5876,1007,2245
-86,1,-47,-5960,-1671,3191
E
-92,11,-25,-6523,-960,2601
-89,22,-17,-10301,-2510,3996
113,94,32,-17354,-18662,5948
74,107,-46,-2836,-5081,-2829
43,88,72,497,11126,-403
80,87,-76,-1800,606,-671
63,124,-32,-908,-2217,291
44,-128,-38,-2478,-1260,-201
-3,-117,-14,-2577,-1204,-373
-26,-115,-3,-3360,-1006,-1149
-14,29,-26,-4444,3032,1202
-26,-104,-16,-4260,-1323,-1825
-10,-69,35,-3330,1969,-1371
-18,-85,30,-3212,3643,-1308
-55,-88,90,-2081,3426,-2975
-62,-87,89,-2602,1235,-2358
124,-93,-107,-678,3810,-3922
-124,-90,-127,-961,3989,-3454
34,-100,-113,604,849,-3773
40,-103,-120,1015,1580,-3705
-63,115,102,3063,-636,-6388
-59,111,112,2448,-1238,-6211
114,54,57,5289,112,-7498
61,-3,23,8094,-2284,-7586
-7,-86,2,8472,-4369,-7431
-127,22,79,8710,-7701,-9649
104,-21,-99,1292,-8006,-6391
95,118,41,1796,-10445,-7949
-101,71,88,588,-9772,-7480
-19,19,-109,-2875,-8680,-5909
-88,-63,-89,-323,-4471,-5060
-12,-78,-97,-1968,-2942,-4564
106,-126,-121,-2901,-4939,-4022
-64,55,108,-2335,-4752,-3615
-9,34,81,-3021,-4336,-3473
78,-33,7,-3629,-2833,-2526
64,-36,8,-4417,-3655,-3099
-54,89,122,-5580,-1856,-5975
-42,102,113,-5403,-1214,-5246
-65,77,-105,-7248,-2766,-6734
E
-97,105,-103,-6037,-2907,-6669
-32,20,68,1017,-7123,-3546
-77,7,104,1664,-4836,-3540
87,-96,-63,931,-1623,-4500
106,-97,-13,130,-3022,-2964
-125,105,-31,3487,-14297,4784
63,-107,114,20133,-11584,5896
-80,104,12,-28102,10318,1179
44,79,116,10894,1022,28038
-61,-60,-92,10100,-4813,31475
127,73,-59,-6803,1000,-23766
-45,69,19,-14552,-17590,-4341
97,-7,78,-7937,-11925,-2082
-91,126,119,908,12218,-4195
-117,116,-88,546,2718,3987
78,-95,-70,-7544,12615,1064
0,110,-106,-7398,526,-4964
24,-44,-96,-16136,1551,83
50,16,100,-13627,9697,1625
97,124,111,-8144,2712,-8749
79,-81,-35,-16640,204,-2110
-49,-36,-59,-16465,11100,-2075
-75,-45,-34,-9404,-4338,-4492
119,-84,-102,-5454,13411,-6966
99,-76,119,-9328,6317,-7194
20,-100,-9,-11491,-4175,-6047
-9,46,-41,-3510,2628,-4702
31,-7,-128,-5788,9159,-2562
15,-85,84,-3997,-4073,2681
34,-66,120,-1930,8153,1750
-128,98,-38,-521,3160,3821
99,115,4,18,810,2271
123,86,19,1307,3453,1622
-98,76,57,-1726,4773,543
-103,85,58,-2023,3734,618
-85,71,93,-2059,-3861,-1338
-64,53,62,-945,-5258,-609
-54,-7,-13,3726,645,-1167
-63,-18,-45,4488,1513,-1185
121,-128,118,8574,-5552,-878
E
124,-95,-78,7120,-6174,-866
103,-46,3,10948,-6066,790
92,-50,-28,11961,-7300,965
-9,21,34,6193,-17637,2914
-20,55,107,9791,-19206,3335
-2,62,-16,23258,-7147,3076
4,98,-68,20320,-4853,3395
12,-3,-40,28384,-9411,6091
54,72,-30,24012,8936,14018
-77,127,100,6683,-12527,23065
-68,-89,-70,776,23086,8946
75,39,56,-8512,-5189,-7408
49,-121,65,-7472,-12255,-4436
90,-52,85,-3567,4224,-3337
92,-43,123,-4002,5005,-1528
-125,79,-39,-12692,13009,2031
-122,100,10,-14001,11351,-1730
-74,-27,51,-20271,3582,-2652
-16,-9,-16,-19300,27570,2801
35,-7,44,-15940,6619,-14318
49,-112,-56,-11331,-12299,-8217
-70,-11,-95,-4771,19304,-4181
73,-88,28,-6349,12936,-8920
32,-113,8,1656,1208,-8880
107,-95,9,121,3495,-7724
61,4,3,3171,11273,-2529
79,7,38,3760,-3837,-771
66,-9,41,3033,7349,-989
60,-2,94,-1350,-3524,1350
104,12,120,731,6078,5828
80,20,7,-732,144,5897
21,40,103,-1288,-9449,5169
-55,-106,26,-3880,3663,8588
-37,-34,-88,-2045,3687,6766
110,75,103,-49,1702,2601
117,60,108,-687,3544,1641
46,-115,117,-2602,-2801,-1034
78,-121,103,-2380,-1269,-1259
56,126,-110,-6641,-2810,-4246
67,98,120,-5640,-275,-5863
E
-123,113,90,-4488,-6509,-6930
123,-126,-108,-2969,-7196,-6369
-66,-126,-66,380,-1187,-6349
-68,-82,-21,636,-4806,-4154
-58,-107,63,9389,-12302,-682
51,21,-3,13066,1178,-38
85,-16,28,9449,-3591,2113
76,-117,86,16087,-10215,1802
-85,-16,-25,16276,-623,2404
-63,-114,-73,16399,-5271,6117
30,-9,-27,21690,-812,10089
90,96,50,20868,13808,9826
98,122,-119,17876,-4574,10770
3,69,85,2031,-1497,7446
-2,34,1,4713,988,5996
54,-32,-64,-2868,-3161,-4287
34,-49,-66,-1122,-14998,-3850
22,-44,-47,2282,5054,1344
107,-48,-100,1932,6739,2522
-74,-15,-7,-8862,15279,1069
-78,-124,-106,-16573,8408,-4505
113,-83,-108,-20342,-1517,-11751
-12,-111,87,-16437,1559,-4455
45,125,-91,-22000,12716,-4458
98,-5,-122,-10290,1319,-9356
19,105,3,-11935,6348,-9440
6,64,-12,-13850,4196,-2438
36,66,-78,-12450,4952,-1883
-52,97,56,-4863,3725,-1153
-48,-67,105,-7929,2977,-2527
48,-23,12,-6541,-25757,7713
54,25,103,-7932,-32351,5729
-28,-77,124,2441,-25022,5296
111,55,-117,-2196,-13511,115
-78,14,-24,-784,28826,-621
-102,-8,-34,-4347,-23895,-1560
-112,4,44,-543,-5516,-4871
-48,67,-66,6229,-7051,-6437
-46,82,-26,5288,-3151,-5880
83,73,-73,10183,-7637,-4253
E
83,111,-92,12531,-3078,-4406
-113,94,81,12990,-4865,968
-94,8,-93,22236,-10635,3292
83,2,120,22468,-6172,3076
-122,-6,-32,19260,-4871,10131
38,-78,-2,30476,-4007,14832
77,-109,-42,32020,-358,13425
20,-120,-46,14752,23660,-31606
-3,18,-39,6711,14351,10462
12,-36,-49,-11184,-15711,-8231
-96,115,48,-18845,-14117,-5195
-18,30,8,-6240,-25,-131
-11,34,18,-4132,16661,1784
1,-85,-110,-12533,5636,-277
-91,-44,9,-14566,10021,-2544
120,47,32,30748,10934,-12949
104,50,75,-30161,10170,-11025
77,-45,-103,-25732,21444,-6858
55,-22,-124,-26015,27044,-10383
-67,45,61,-14184,1987,-8447
-49,117,70,-11758,8303,-5951
-122,87,31,-15164,-1440,-7195
-90,5,22,-12640,-2276,2677
-15,85,46,-3561,17254,6459
94,108,-83,-4276,2003,-1105
70,-120,89,-5498,-12025,4036
3,-19,-104,-3339,-18793,-270
35,84,-2,6893,-32133,3348
-86,-111,-50,-3262,-5260,678
-113,101,-82,-1374,613,-206
93,41,98,3226,25801,-6505
16,-101,77,22822,1382,-5236
60,13,46,29875,454,-3080
61,126,37,-32356,-2018,-3571
9,-10,11,-32372,-10792,4952
24,-25,94,31724,-26241,-1760
60,-75,26,15369,-9199,-23
60,-73,-97,12016,-7642,3013
80,-18,66,17895,-19023,4935
61,-101,42,24541,-17312,1974
E
39,-40,43,30713,26094,12527
79,101,121,20917,7926,-28775
-112,-8,-125,-40,20123,16742
122,92,-65,-15294,-7377,-17863
-88,88,49,-20275,-27506,-10120
-59,-50,10,-10044,22534,-779
-111,-22,109,-13034,17537,-1093
-57,-27,-82,32396,14278,2965
101,-32,14,-31279,13559,1803
20,-95,90,-31824,919,-15805
23,11,93,-30223,3326,-8333
44,88,57,-23866,18234,-10786
16,99,77,-14012,2081,-12222
62,-8,34,-17729,9014,-6607
103,37,-3,-19357,-1067,-4566
-42,-127,97,-6590,-1747,2281
-70,94,-49,-6884,940,3101
-76,22,122,-1333,-1583,6068
-3,-96,-6,4712,3733,6338
-20,-95,69,2345,3220,6218
22,11,80,1755,-15706,-644
-38,52,125,-13127,21290,12208
-59,119,-59,120,99,26012
-94,80,-57,460,-13763,-14423
52,32,62,-4664,-27639,-290
-1,39,23,3339,-32046,-8843
78,23,26,6030,-23466,5285
83,3,35,-4387,30345,-3158
-10,29,114,32244,7731,3625
15,73,69,16585,-4862,-3226
35,-100,3,19909,-21991,-7690
1,-124,-10,15070,-32300,-2162
-56,43,-14,14187,13504,-3878
-88,-49,23,12013,434,4723
-98,21,99,14916,-2961,-978
-101,-6,-119,9194,-13906,358
-48,119,-11,12486,-6429,3580
-32,24,-75,20485,5745,4909
-69,20,39,24013,3576,6123
-12,-127,-125,9583,-17312,-32046
E
-47,-81,-20,8310,19098,22754
-107,-5,-68,-5851,-6076,-1629
-28,-35,105,-13386,-7069,-13300
98,87,-80,-11741,-15946,-7021
-84,-53,-69,-2338,15127,5007
-21,-2,37,-7657,12947,658
-8,71,-62,-13302,10088,-1383
88,112,10,-17822,13846,-5084
-91,66,114,-23821,13582,-4585
-40,39,-111,-17568,19082,-4923
-125,-6,47,-20438,3599,-10647
-24,44,-4,-6653,6347,-4263
-6,-25,104,-9220,19212,-2318
-58,-82,61,-10296,3710,-4225
-76,42,-9,-9771,6520,-3846
-110,-118,90,-7793,1358,7743
-128,69,35,-5273,2392,5508
98,22,-8,-1986,7189,8192
-69,116,17,-6202,-5732,8147
-65,108,58,-451,-1576,5298
-66,-95,33,-1180,10091,4399
94,16,-64,-1328,8469,4345
40,46,-106,859,6423,1665
8,99,-94,-694,-12516,3378
-6,-120,37,-1719,-7842,-582
6,-128,95,-197,16,-2227
8,-126,86,-1677,-3172,-2099
-98,99,-32,3957,-7712,-3352
-91,93,126,6850,-622,-4641
-70,48,-71,5376,-847,-8968
-90,-43,-75,8803,-5806,-10364
-10,-84,6,28860,167,-8899
15,28,110,31541,-845,-9763
-42,-95,1,12241,-4893,-2027
-25,-112,-117,21242,-14196,710
46,30,93,26972,-11546,1885
20,119,70,18646,-16147,4464
78,-52,-108,19679,1212,6946
60,-112,69,26876,-6454,4698
95,117,101,10036,-14801,-30523
E
67,-30,-58,14249,-2673,22823
-126,-77,112,-8044,8357,-3170
114,-73,-71,-10386,-1287,-4493
-21,71,-80,-20037,2560,-8634
-75,-66,-32,-15380,7209,-6215
-126,14,-48,-21922,11524,-5114
76,2,73,-21444,19937,4690
-48,58,-93,-19528,-24461,-2220
-38,-128,36,-17243,31712,-15576
-95,-100,74,-9661,-12205,-13697
70,36,56,-8588,11408,-7519
-83,27,-44,-11415,7960,-5118
126,-11,122,-5713,26830,-5992
21,10,-107,-4225,13526,-2756
-32,127,35,-8136,13071,5096
-108,105,16,-4819,22273,7673
-46,4,-81,-5849,-7131,4770
-99,-17,-122,-4672,-4761,4955
121,-120,57,-3002,9551,10015
75,44,-45,-2579,14252,11863
77,101,-8,1176,19057,-2446
75,-94,88,-2136,2082,2803
-26,-85,-113,-1726,-21589,-2064
34,-32,49,-1573,5304,-4073
7,38,-128,-1073,-9891,-5175
24,118,5,-1644,-18679,-4525
17,-86,-4,3926,-1482,-5759
-34,-128,-3,6216,-1055,-7367
-93,79,-88,10175,-6053,-9531
-123,25,89,14325,-11644,-6480
-47,47,7,27085,-16060,997
-90,-116,-126,18779,-4637,-494
15,-94,-89,8330,-27865,3931
-26,23,-32,17234,30733,6375
109,-16,4,11758,-26639,4911
-91,14,-31,16492,-11706,2419
93,123,-124,25318,-10101,-1921
-7,-68,-19,23134,-16588,-2460
-1,-43,125,16541,15198,10368
-26,-51,-90,8084,-30550,19847
E
-38,23,-28,-8876,29851,13755
-58,-62,-123,-10578,12527,128
-3,77,119,-16968,-1675,-13183
48,102,89,-19743,5421,-9155
-89,37,-38,-18543,17441,-1129
-80,-44,-68,-13233,18670,4443
-47,-70,46,-13323,9589,-5068
12,2,-72,-11348,12738,792
-47,127,-24,-9057,-31215,-9996
-65,-26,37,-10205,-19123,-2795
-13,90,99,-10099,14299,-1498
11,-102,-43,-5510,5726,-3449
33,-117,-127,-4856,3017,2407
47,-95,-65,-4143,13109,7943
22,-82,-85,-3496,8053,5657
-102,-13,21,4098,1550,5739
-104,-13,92,2321,-5246,4622
65,-27,-91,5679,-311,-6654
-32,-118,100,-2903,-3083,-1587
0,50,-14,-5854,4380,-7996
32,9,-105,-5714,14274,-6340
-13,-17,-3,-4548,32258,-7300
48,105,2,4323,5153,-8899
-86,10,-11,11264,-17382,-7755
125,80,-47,7534,-15925,-249
6,-60,32,12542,-7282,240
89,121,-94,23946,-12785,2245
44,-92,-42,17495,-5963,4194
58,93,-106,17037,-12771,2872
96,69,-70,26348,-24437,-3899
39,77,-119,29203,-2420,540
-5,-32,-44,18216,-3245,9278
117,107,96,17098,-22720,14475
-86,-35,125,-3992,22392,25053
122,-68,-112,-6222,6089,3438
72,-125,42,-11369,-120,-10823
-66,-26,-99,-8073,6657,-7358
89,97,68,-13273,18183,-3815
-41,-4,-90,-19679,14608,-7754
-123,53,-94,-17973,22065,1640
E
-66,24,-28,-14771,-30513,-4000
-89,-113,-82,-13553,20963,-7705
96,115,51,-11906,30197,-9080
-92,-89,51,-7511,6903,-14252
-94,-93,-53,-5972,-14810,-5706
122,98,-125,-4487,9075,2651
-67,56,-90,-63,-13259,6710
-39,75,49,-721,-11486,9962
-66,-39,-118,6143,11262,17869
118,31,105,8594,-4936,12108
-96,117,-6,4575,-5827,7867
-71,95,-47,4504,2165,6501
112,96,98,-4535,1702,-671
121,112,-41,-1658,-1972,-3344
88,120,-26,-10117,18789,-3606
-27,-84,36,-7179,-21941,-6295
34,106,-30,-6695,720,-7220
23,35,-28,-8146,-10464,-6994
99,95,113,-7271,-12215,-10586
29,117,-111,-6649,-8464,-12767
-118,77,-19,-280,-1001,-10856
-50,-89,47,19986,-6137,-5880
-52,-75,-73,19617,-3829,-5974
-90,119,54,8531,-10797,-125
-68,116,44,16452,-11196,1809
-56,122,-50,20666,-4433,2602
122,-121,-21,15112,-17054,5533
-94,-43,31,25046,3643,880
-75,-74,-13,20696,4298,1729
35,45,79,9187,-16783,20857
-41,24,48,17150,-5897,11207
-24,-13,31,-7847,2184,6947
21,-56,-57,-3112,-3162,1540
72,25,-9,-7949,394,-8976
113,70,-84,-8400,1375,-4669
-44,104,-33,-10398,9472,-2313
24,-91,-28,-15428,8689,-226
108,-90,-68,-18539,14318,1215
-104,0,-68,-14263,11698,-2174
-119,39,60,-8717,4232,-2477
E
-85,80,90,-11407,11368,2463
43,8,108,-6096,18088,2050
9,-33,110,-4291,8255,158
-12,121,-99,-4056,-2323,1720
10,81,-43,-2565,5182,-1630
16,70,-101,-2010,13591,746
112,-26,94,-2039,6948,-1677
-126,-4,-128,-2393,2542,-1330
5,-14,-122,-5554,5670,8971
8,-22,99,-2773,3932,8143
109,-94,40,857,1550,9134
108,-78,62,-864,-1646,10161
52,32,88,-1681,-1508,7711
-5,24,90,-787,-4887,5781
-21,-121,68,-5940,-5264,-2291
-33,101,88,-9505,1060,-4222
124,-30,-35,-11975,-1371,-10670
73,-57,-62,-4683,-5553,-11061
21,-43,33,13733,-7501,-11273
2,-112,-63,1209,-4866,-12265
-34,-78,-110,5200,1023,-7551
-37,-109,50,17282,-490,-5871
117,-95,93,11413,-5629,-11700
-44,-121,-21,7222,-16238,-4540
-21,48,0,12816,-9224,-3878
-61,86,-99,13004,-12098,-1853
-72,-55,20,17853,-20143,1765
64,39,-53,30083,3532,4206
56,113,113,20488,7394,7692
87,124,-18,9176,-12401,24102
93,-98,-45,4765,5745,18139
-125,-91,69,-16332,14983,-1162
114,50,-27,-9235,-7955,-14328
40,109,123,-5971,4762,-14865
65,-76,56,-11973,10489,3048
69,-97,-74,-12165,11626,677
-45,85,-102,-15618,16713,9332
-55,-2,-114,-17560,26465,8412
20,102,-115,-10499,-142,-11223
-8,6,26,-3256,2113,-7100
E
56,-45,33,-2986,12610,2736
49,-3,14,-4232,-949,2486
86,-67,114,7251,14938,3423
91,-16,-98,3749,20082,8414
-128,-88,-54,-426,6817,6599
-67,-76,-67,830,9689,10940
-13,-52,-66,488,3588,8506
85,-37,-45,-3313,675,11485
-18,-80,-84,-26,4701,12997
-119,36,109,4598,561,6681
-61,92,-108,619,13484,2526
-78,105,-34,-1495,-29189,-1784
60,99,96,-5733,786,-10369
-118,-95,-15,-7977,-553,-7147
-117,33,96,-8295,3191,-13505
-87,0,45,-8064,-3395,-12919
-128,108,-94,332,-8231,-16342
-59,77,110,4614,-6350,-15198
45,82,114,3434,-1923,-12436
86,121,127,3610,-5761,-11368
114,53,120,17439,-8420,937
69,114,99,14190,-5155,-4162
-120,125,121,15343,-21758,182
-52,-12,46,8133,-3433,1839
105,-31,73,8725,-21196,-1300
-92,12,43,32040,-10811,999
-120,-10,-76,28009,6318,4656
-84,45,50,3703,-24857,30606
-8,41,39,5303,-7633,18689
75,-58,-71,-4459,11642,4491
115,-102,-8,-7209,-7328,-8182
57,4,-111,-9797,-7011,-7116
52,-69,-25,-10246,7589,-4669
17,122,-72,-8659,17790,774
-118,45,-31,-20684,23708,5416
-8,-26,-86,-26256,31139,1378
-82,-43,60,-18158,27404,-3375
23,22,33,-14824,26502,-6923
-66,-112,12,-12483,22828,-5184
17,-22,-110,2418,18237,-14991
E
-12,44,90,-6319,3669,3515
-62,74,-77,-4176,6133,668
57,-97,-41,975,-8796,5434
29,112,-59,-1494,-1141,5593
9,-105,-90,-6721,-4205,10420
119,-59,-25,-8466,23173,10442
4,-29,-6,6261,28578,-5765
-111,-46,30,-5403,4477,-3275
82,-59,74,3228,29461,-3641
97,-63,79,3676,2155,-3508
-105,62,81,19465,-20978,-7988
95,-71,127,11968,-6567,-8252
-74,53,-49,13718,-13142,-1747
-91,121,-51,15402,-17237,-1432
47,88,-45,10649,-20072,-1625
59,-110,99,10540,-20040,-1033
112,-28,-62,22340,-19036,-483
121,-82,27,29629,10418,2453
94,-127,85,21150,11049,7655
3,-82,-99,19938,-21098,17964
-50,20,38,-4735,13196,23449
-93,-81,-85,-10365,14077,-4386
22,120,-128,-13377,2313,-18050
43,-33,33,-21086,6378,-13101
-83,-44,-66,-23077,15148,-3230
-18,68,-125,-19399,18308,-324
95,-11,18,-20153,15344,-6549
-123,2,-24,-16512,16014,-12064
120,89,29,-14411,7473,-12150
-100,-121,-87,-12332,-3705,-5341
79,-49,35,-8734,9558,-8180
68,37,-123,-8170,8069,-5540
-25,-66,19,-10212,-1133,11565
-49,-99,20,-6709,-1045,8904
-103,-95,24,-1483,170,8204
-7,-80,-82,2730,-20602,-1483
20,-35,-124,1343,32011,-2788
122,-98,-28,8552,13833,-4728
-99,-109,0,20178,21303,-1952
-115,-59,-93,29718,25566,-796
E
45,14,15,6330,-2040,-443
75,-6,75,10385,-21787,4252
-5,79,47,28307,-1068,374
27,-53,110,19753,-16034,2546
20,22,38,24821,-17915,2684
-32,69,-46,-28126,-24493,2317
-128,57,-50,31656,22031,14406
106,100,57,9042,-20063,29329
-113,-43,-38,-7091,13331,4650
111,20,95,-24587,-17310,-19982
-20,-126,84,-10796,-12911,-9338
63,20,-98,7856,13906,709
90,21,-114,2208,8380,4440
44,37,-8,-1096,2361,2442
-59,-36,-29,-506,-1743,-2937
-58,-37,6,-974,-108,-1714
1,7,-4,-8339,14642,6613
89,-127,-105,-14200,27204,5308
-124,-103,-23,32530,26186,-9405
34,-97,-69,-25374,19545,-16523
49,65,-125,-22711,-531,-17493
18,79,-43,-22788,2993,-12912
-124,-85,-32,-16690,12691,-11555
-40,-41,-114,-9459,9954,-9743
-118,39,30,-14327,-3537,-4744
-34,55,50,-10267,-5724,-4245
-12,56,-24,-5904,-3217,-2392
22,-127,89,-8647,-1250,7523
-58,-86,-112,-5359,-8096,4730
-69,-62,70,-2168,3884,5569
-42,-18,121,-2018,-1112,9107
-96,-77,-54,5374,-3617,6185
-116,-128,-57,2683,-801,5828
-101,-68,-97,-2852,-5121,-3811
-67,-116,99,-1240,2858,-3169
-125,58,-126,-1417,-3576,-8114
-89,-14,85,1193,347,-8701
-107,97,62,7169,-7408,-13502
-103,35,38,20477,-3789,-17042
17,92,85,27470,-1514,-14094
E
26,-34,102,25799,3780,-9338
28,-98,63,15625,-10703,-4750
-13,27,81,19230,-10265,895
25,-9,-27,30226,-10679,3519
79,-11,-91,23473,-10595,3305
61,33,-25,22764,-7812,7456
70,-76,43,-29309,7722,11349
86,23,-7,21948,-535,17954
84,-18,56,19710,-14284,21493
-89,-46,-67,-2443,32190,14631
-23,6,69,-4974,-6627,-6164
45,-122,-102,-11875,-11360,-5416
115,-103,87,-8720,-2543,-1553
57,-57,67,-9695,1440,-539
127,20,10,-12584,16772,-2346
-40,49,80,-27746,12687,-2859
58,95,-80,-24955,16710,-2935
87,-57,80,-30264,2926,-9638
-13,-111,-84,-28832,-4542,-5564
77,-55,-32,-15527,19317,-6548
37,-51,55,-19925,8111,-5321
69,7,41,-10725,3212,-1238
89,39,6,-12892,13824,-2316
49,-20,10,-14421,-5786,3212
80,90,71,-12130,-2572,5433
56,69,-80,-8710,-14359,5366
-37,41,-119,4127,3074,6396
-31,-61,-25,6965,29533,5616
-30,-117,-23,4109,3842,7215
82,-102,-62,-406,32495,2520
113,-24,-91,-4464,15857,-1004
75,59,-49,-6244,-20264,-2544
105,38,111,-2345,10407,-4234
95,19,89,-935,-6109,-4453
88,18,-118,-1673,-1201,-5134
-127,-71,86,66,-2036,-3162
118,-66,116,809,-1382,-3680
-104,75,93,8521,-752,-4551
-84,22,108,7554,-9735,-5397
13,-22,-48,7740,-10847,-5051
E
127,-5,-92,10994,-1586,-3708
-14,126,-65,21601,-5098,81
6,51,-73,23553,3368,130
-32,21,-98,16227,-3135,2662
16,80,-56,13528,-6001,7320
45,40,-108,17922,-6299,5720
-65,-86,38,30990,-149,13525
-76,115,54,31678,1053,13563
95,-39,121,24363,25824,25094
-25,-97,-80,25636,-22633,26373
124,0,20,-13542,8160,-7172
-120,-69,53,-10015,5584,-11608
89,-122,51,-21097,24777,-13305
-42,83,-76,-6440,15932,-62
59,125,-81,-1199,6229,328
117,108,-21,-3388,11093,3402
-79,-117,57,-7432,17372,3775
-39,7,-29,-6552,11699,-1892
33,-48,-15,-27935,6902,-9684
-6,-123,-71,-17494,583,-8645
-38,-110,-5,-14508,16544,-7328
96,95,52,-17608,11308,-11360
-61,-75,67,-16071,8616,-2972
-94,-101,-114,-10183,-3877,-1621
-61,34,-13,-17865,-2508,-106
-32,-81,-20,-10276,-2848,2717
73,27,-122,-5981,11497,6623
-36,64,-91,-6408,3604,5278
-67,-112,-36,-2655,378,4471
26,-63,-26,-3965,3208,6497
11,-42,-32,-2548,12335,9930
-91,38,-106,4531,5493,8411
119,49,-117,7789,-3173,4487
54,92,76,2480,444,-1390
25,127,-62,-4451,2675,6900
-61,81,8,-4362,-30880,-10776
107,95,-81,2619,11368,-7186
18,30,74,5750,-5431,-10746
92,1,49,9333,3073,-10098
-42,-6,-45,15233,636,-9781
E
-42,47,99,4973,-3689,-9916
103,89,51,-1945,-10228,-5577
-15,43,-3,4823,-6295,-4629
-99,-121,37,12236,-8246,-2075
-57,56,45,9303,-7513,-1623
20,-18,73,11176,-10973,2785
-78,16,-71,19953,-4099,1568
-112,-38,99,19516,-7400,3252
-52,-30,127,25427,-5358,8896
2,73,20,23735,10763,8545
54,55,-22,12114,-3034,28321
103,18,65,3224,11450,24598
123,-99,4,1221,843,-1330
121,-12,20,-6200,-521,-7273
90,-1,-127,-7598,-6602,-11615
-23,-79,-66,-3167,-1872,-5488
126,34,-2,747,5564,2684
108,22,36,336,6085,4728
-87,7,53,-1019,13300,6981
106,-57,-93,-920,9631,2662
56,-53,78,-4710,11147,-6217
106,88,-90,-7785,5990,-7852
-115,73,-28,-23872,15628,-8193
-52,-44,-65,-24490,8697,-2541
-126,104,29,-14253,11557,-10056
30,59,72,-14637,19591,-10132
6,-102,-7,-18416,7347,-15124
-29,-76,-114,-15574,847,-12631
113,-77,102,-18344,-2050,-9271
124,-9,-104,-13573,6819,-192
-123,-106,-70,-7213,-7697,4294
-10,-18,51,-442,12664,11719
-65,70,49,5908,5658,10215
-70,19,-103,16510,8558,8598
-128,63,-21,10282,26685,5039
96,-123,-43,-2942,-27149,-2911
70,121,-9,-1601,-7521,-1827
-86,-96,-54,2920,-14929,-4937
65,-77,-126,7173,-4081,-6199
65,10,88,7304,-3690,-6289
E
37,-1,-122,3341,-3779,-4116
-61,-17,-75,10506,-4454,-1455
-101,-39,-81,12624,-5392,-1869
-45,65,-56,5794,-8966,222
-68,24,-46,7419,-10732,-745
31,-74,12,16710,-11467,-1280
-2,-97,3,14053,-8993,-818
-126,-51,-8,24685,-5572,2323
84,115,28,29625,-658,4957
43,-52,-30,14778,4466,12976
74,49,-82,13464,-22610,22290
106,-101,42,3805,13603,11908
12,45,-20,-3442,1647,-2494
12,-88,-44,-7540,-9382,-11161
14,81,70,-4244,-5329,-6876
-80,-124,-75,-2045,4469,-1565
0,-79,1,-2443,14634,6600
-64,-90,6,-150,17681,5997
-86,-15,-19,3821,24276,6943
-7,18,5,30443,20532,-17820
79,127,86,-26127,-13252,-6904
35,-58,-32,-13947,13766,-9907
77,-82,68,-20057,9373,-7519
-29,55,99,-13536,2212,-8528
-61,-67,65,-9625,5798,-2703
-63,60,65,-13447,14824,-3335
-41,6,41,-9570,-8140,-3216
4,-101,33,-7527,1252,-1012
17,-68,-2,-10183,-24443,-6067
18,90,-102,-7315,19512,1932
5,9,0,1429,15391,4239
-49,55,7,3188,11279,2999
15,-119,78,12397,-779,4821
-92,-85,13,6710,-23527,892
-33,-85,87,1245,4828,-4545
-95,-119,-78,-2281,-12584,-4607
27,-126,-42,4691,-8486,-7023
-21,-56,26,8996,598,-5645
-47,41,40,8228,-6418,-3593
14,-110,37,12812,6040,-803
E
-12,111,87,13574,-15332,-414
52,-58,-17,17666,-651,-168
57,-87,103,22337,-11360,1988
26,-35,13,23903,-20619,3487
-120,-48,-118,-28724,1434,1686
-77,-113,-97,23325,15116,6765
64,127,55,20006,-30126,28971
84,-70,-31,4401,21472,27709
-38,-56,-26,-11010,3009,-12816
24,-123,-26,-13444,-13393,-14375
-46,-36,-123,-8179,5505,1296
-58,-32,91,-10260,12534,1020
47,106,-28,-17274,15110,-3053
56,-104,53,-21724,16611,-720
-117,86,-108,-24746,12685,-5529
-24,-99,-14,-20826,7841,-13178
58,92,18,-17539,9539,-10201
91,-117,57,-14800,11721,-5070
82,-107,-128,-16259,-1125,-4140
-108,77,31,-15127,197,-4914
-45,-74,47,-14710,-6134,-1308
-34,-53,0,-14855,-13809,554
-22,111,65,-12390,-204,-319
48,102,-78,-3818,18530,3778
-18,22,69,6136,17394,9507
-51,-30,116,9365,28887,6070
14,-96,59,2300,-20769,-229
-63,115,-41,2347,-21555,-3026
84,100,65,-1257,-10208,-2249
-87,123,79,1895,32307,-2251
-28,102,-118,17352,1435,-8867
0,93,-81,18222,7643,-2901
59,-17,-32,23610,-2103,-3401
51,-112,33,17292,-7404,55
110,108,117,19590,10563,2986
38,-78,19,14440,7026,3008
-23,-58,-126,18209,-25791,-327
-57,36,91,19464,-14385,2746
36,89,-114,20184,4339,7265
35,101,116,23032,2362,14485
E
73,101,56,4643,-13947,27490
77,33,29,-1339,-3713,26063
-40,88,-5,-9357,9631,-7122
-77,-88,-25,-322,427,-11289
-122,55,65,710,-8505,-13652
-114,-60,-11,1772,71,2124
-50,-82,116,12279,4832,3250
52,-92,-74,26176,18527,5699
-76,9,-61,10225,26851,-1732
118,44,-41,23232,557,-6022
25,40,-57,-22145,1833,-2546
17,-59,-2,-14850,17420,-5807
-41,-90,55,-31013,15682,-2931
-103,89,113,-17616,1345,-8526
-41,-92,31,-19370,7390,-5956
-55,2,-126,-25692,-4791,-6975
74,-25,125,-27482,-9744,-3425
-35,77,9,-22763,7544,2449
-60,-104,86,-21902,5207,-174
108,-100,118,-13262,11782,-2891
-16,116,-14,-452,12451,857
119,83,-61,9830,2311,12443
80,-8,-61,6868,13359,5845
-97,-72,-66,3326,13790,-3402
-115,32,-16,-1307,10616,-4209
-37,65,-82,-882,2289,-2262
-6,-114,37,7542,-4427,-5536
-33,119,-7,13589,-3818,-5827
34,106,-73,24441,1663,-1464
19,95,88,17060,-3609,-2231
-78,86,-45,14266,-7937,2038
-87,118,-36,17881,-7019,1623
69,42,-60,22586,-11312,1012
90,-37,-92,23654,-7028,3119
-99,-70,-52,-27737,-8479,695
-58,-114,-116,32762,-2884,1451
-16,26,-102,32762,-8165,496
4,-115,-16,23306,-10043,21230
122,-41,79,-910,3434,31547
-119,-93,6,-8868,16709,-1406
E
67,-69,82,-13237,-12006,-12646
-55,29,32,-3373,4807,-2517
7,42,5,-2937,4592,1798
-71,92,-39,-4074,17653,2527
22,69,127,-10367,12199,568
100,38,126,-23469,20484,-5085
-47,-88,-63,-28965,2014,-10616
32,83,-103,-25548,17363,-7620
112,12,29,-30364,5402,-9173
20,-50,-39,-23876,2729,-6367
-54,40,74,-15064,24341,-13682
13,69,-96,-12877,5975,-10622
96,-47,-31,-12079,-5653,-1794
-47,98,84,-8725,4519,3302
-21,106,-5,-9762,3425,937
-71,108,14,-2862,-10551,4888
-21,58,4,-206,10086,10566
78,-48,52,2888,-1477,9644
25,2,114,7008,-13619,4346
-125,51,13,4797,13231,-6027
65,99,71,-5108,9818,-6219
-52,-42,114,-4981,-20070,-9453
-91,-75,-71,3697,-5258,-7483
101,-32,90,12212,-4808,-4736
76,-101,87,12594,-13277,-1892
-88,-33,-59,25237,-4208,-525
-115,127,-64,23558,-7773,-656
116,1,12,22968,-12174,1659
-76,-6,-43,29907,-9566,-884
21,-54,-128,-31049,1506,3438
98,89,82,25232,-4017,11755
-91,91,-55,23076,-9240,19640
49,25,95,9257,-5385,23455
-79,74,-128,3714,5407,6169
42,41,100,-10792,-9541,-14325
109,-127,60,-10126,-11518,-6132
-115,-63,-51,-2163,13012,2851
-21,107,-13,-3025,8988,-925
75,-75,8,-11926,5703,1953
47,-56,42,-14101,9587,174
E
-27,13,94,-28884,7993,-3969
-57,-85,83,-22830,8857,-2817
16,-71,-23,-14002,15106,-1793
-29,95,99,-23119,22321,-9184
73,64,27,-13052,-4192,-8643
22,53,-126,-8024,4160,-4386
37,118,-98,-8678,-2095,-1204
-117,-83,37,-8380,-9914,-2040
120,120,-79,-7886,-6692,-2365
-48,61,-127,-13504,15855,2531
0,72,-112,-16782,8106,1248
-89,-37,101,9531,11767,-2799
22,32,-46,19143,3081,-3249
79,126,-1,-3358,6690,-7137
11,-17,23,-7994,-15320,-4564
-54,24,-36,-7550,-4773,-3337
38,-33,58,-5148,-10073,-3552
-29,-33,-113,6438,-9933,-5700
-106,69,87,19134,2970,-2508
-50,-57,-65,20137,1323,-1710
-30,56,74,26694,3400,-605
-16,-126,119,19313,5547,1656
-84,-33,89,15787,-1049,5036
-95,-51,-33,17607,-1167,3215
-6,73,97,-32606,-22223,3171
111,-126,-100,31076,-11782,5211
-124,41,18,-31378,3980,13756
72,60,121,30971,-3467,22206
95,-90,81,-1825,12728,24128
-12,-117,114,2900,4755,12070
80,-95,117,-13659,-7957,-17686
-27,-109,23,-8257,-12953,-7600
117,105,85,5629,15563,6985
126,27,-110,1882,10982,5518
13,-68,91,-5389,8404,3026
-19,-20,112,-5555,15511,4651
125,-16,-122,31926,12611,-13316
18,2,-72,-24890,-3466,-7239
9,-37,-87,-17295,13864,-6444
103,96,-20,-29977,7370,-5332
E
-9,-60,-18,-24484,-579,-7914
-122,-69,-18,-15352,3622,-4741
-92,59,32,-12278,3244,-5923
-28,120,-27,-9621,3285,-4402
19,126,122,-8425,9493,-3417
14,99,-24,-10401,-2877,-3590
83,-117,52,-9337,2434,-3606
10,-48,60,-6508,6953,1810
-22,-37,-125,-5130,2711,2437
17,-84,114,4053,4984,1509
-15,-99,-75,999,5844,1166
-56,100,88,4526,7341,1689
-43,68,-41,3616,-2419,-50
-118,50,71,52,-3768,-3770
-66,85,-97,3248,-5267,-5043
-6,125,66,8898,-9094,-4137
46,-123,-24,16961,-4197,-2482
97,-116,65,18381,-3065,774
102,-88,-74,15609,670,1743
35,-7,6,17292,-5950,4029
17,-7,0,18582,-8108,2689
27,-58,-76,17133,-8424,6420
65,59,-81,16166,-7178,6755
33,9,36,25095,-19073,4926
80,15,-22,31983,-11514,5163
-32,-2,-94,23085,2668,20326
-114,-46,-37,22443,-1689,22379
18,-83,-44,1063,11484,8758
20,-93,-128,2101,4238,3086
-62,-81,-63,-15005,-7538,-9176
15,-72,-56,-8794,-184,-2900
59,-88,75,-4615,5881,-3720
85,-96,84,-12442,4755,-2169
-93,-23,24,-20043,19484,1920
121,39,-1,-19342,11888,530
99,-72,110,-14211,12655,-4774
-87,23,127,-14987,10450,-7485
-46,44,-2,-25250,9461,-7652
-64,61,77,-21446,11848,-11466
120,51,-44,-14593,-4861,-5787
E
-59,-41,54,-13211,17221,-2881
8,-55,-97,-13056,-1577,-4739
2,-37,65,-7396,4320,-1756
19,-21,31,-10355,6863,-2718
9,-93,-125,-3497,-8301,1178
75,-25,76,-2369,3689,2796
34,109,-65,-3462,4752,4024
-50,53,-49,121,497,2655
-83,-107,-61,5002,11241,-199
-19,-55,80,4090,-8180,953
-5,-46,-53,2659,-5850,-1039
-118,-113,37,-283,-7082,-3172
-112,106,-15,304,-12499,-2794
-104,-53,69,7157,3102,-2899
92,-43,105,6718,-1690,-2462
120,-10,-113,8773,-544,-1623
101,-27,-90,8689,-5410,-1957
-59,15,96,18546,-7975,-1161
-51,1,19,18853,-4703,356
-45,-52,-4,14278,-10821,318
-110,-41,-83,10421,-16634,2511
0,91,-114,20303,-9502,1008
-88,-9,-91,20686,-7624,3935
12,111,-105,28109,-271,7918
-35,77,5,31003,717,8558
108,102,-78,27024,3184,20751
-36,56,116,8965,13261,11532
-107,-110,-24,5445,-8386,-3832
51,-43,-101,-5924,-4961,-4915
-97,-87,113,-10778,3958,-2111
-90,72,13,-17224,11143,-3486
126,43,87,-22557,13773,-4747
-114,86,67,-23048,10112,-5639
-1,81,-22,-17157,11378,-5507
35,86,-66,-13917,13412,-6070
-90,-15,-68,-17612,16658,-2645
-81,-21,38,-14499,17994,-9248
21,-110,105,-8889,10547,-11772
7,-113,5,-8672,15479,-10883
-123,-31,-20,-5104,-9161,-9452
E
-119,-125,-56,-3970,2477,-3794
-73,125,102,-4765,9043,802
-126,78,58,-3060,-2950,-483
127,74,114,-3746,-5838,506
-33,39,-52,-5793,1986,6650
-29,41,-78,-3162,1061,4505
66,4,-51,-2013,470,4275
98,21,-73,-224,7140,3161
77,19,-110,-679,3289,1747
16,30,-19,-1363,-4102,-485
-64,3,69,-4116,-7998,-4021
-71,-23,104,-4130,-2987,-4829
-74,-106,-108,-2102,-14561,-7032
93,88,-64,7336,71,-7332
85,110,86,9840,-676,-7448
103,-56,-106,19233,-3237,-5083
107,29,101,6959,1389,-5563
110,65,7,7327,-9506,448
102,58,100,10303,-5781,2038
-56,-53,-46,16989,1161,5508
-87,-66,-44,15169,-7241,4285
108,-127,10,23500,-24533,8844
-128,98,-44,26345,-10798,8877
99,-61,31,-28598,10290,9285
97,-114,-114,32148,3761,10339
26,-67,90,31164,-10227,19266
35,-21,-5,16528,-7632,15638
-101,118,-45,-13080,14001,-6758
-45,-18,-7,-10793,-10636,-12637
-95,122,34,-4189,-15871,-2079
59,123,15,1715,11987,709
-6,111,-32,582,-2202,2262
-32,105,61,-2246,5097,1218
-45,66,-32,-7590,2625,-1934
-53,-125,-11,-21775,17767,851
-34,17,-94,-24861,-2703,-521
-55,-46,-46,-24205,22754,-3860
-8,34,-98,-27099,6933,-1413
-9,16,-99,-18673,27882,-5555
-49,37,-57,-24234,-11431,-3265
E
-90,116,-124,-14277,2429,-4481
-88,-66,42,-10879,-441,-2251
-79,-6,-111,-7163,23114,-2877
26,-75,-96,-9707,7408,-1442
40,-48,-69,-8423,3290,-2024
34,90,16,-8481,4206,-3769
56,104,25,-8012,6180,-3967
-75,-26,31,-1191,13888,440
47,-11,-72,-4483,7179,4846
12,19,1,3277,5045,10245
2,8,26,4041,941,9264
-59,-36,-103,-4640,-31627,2468
-111,9,22,11720,-16099,-8424
108,-73,-70,-6402,-6333,-896
-122,3,30,-3389,-21491,-6697
61,62,-49,-5615,-12575,-4718
51,58,-36,-114,8978,-6959
100,19,-109,2243,-2910,-8477
-37,-84,2,11240,-408,-2944
-4,112,54,9852,-10719,-2020
-40,109,74,13440,1382,-1423
-7,111,42,17833,-2295,3761
-13,-89,-126,16309,13965,7598
80,55,-113,13421,-12451,2218
-1,77,97,16982,-11723,-1306
118,81,-66,16021,-17176,2825
-51,28,54,23711,-16196,6912
-87,47,-18,27035,1307,10520
-73,-60,121,12550,1738,19922
119,120,-4,6252,1925,21192
-39,56,-114,7224,12860,9710
-8,59,-26,-1300,-2924,-1938
-73,-75,53,-2424,-10431,-6116
-94,3,-93,-4335,-107,-2697
-66,125,82,-5189,1575,-1876
-59,117,85,-2453,2173,-2760
-17,-97,-103,-6506,8554,-41
31,-29,33,-15720,13027,1474
93,89,7,-23742,24180,3331
-82,-52,9,-21633,11939,-7716
E
-63,60,17,-23951,5436,-7836
16,-108,86,-22037,17618,-5581
-120,93,-42,-13909,2092,-17156
-127,-61,-73,-8249,5199,-15201
-17,-7,-64,1994,17116,-19727
119,93,36,4691,12704,-22020
-54,76,-86,3465,7905,-16984
-54,-62,27,-1206,5867,-10918
-127,-62,27,-988,2246,-5910
-122,-28,9,-4010,5698,3098
-115,-87,49,-6384,7785,6244
106,50,-118,-1753,-2707,10116
-65,-95,-80,-5220,-3159,15735
-61,-61,-117,-1744,-8496,14470
-51,86,82,-1004,-7162,13543
-126,119,-51,-762,-6853,10394
12,1,-53,318,-13415,1625
-14,84,-115,-2752,-3513,-5439
70,-57,38,-729,-5647,-7530
-67,-82,-67,3793,834,-6691
76,118,118,6190,556,-7068
63,-118,-114,3090,220,-6318
-73,16,70,5252,-888,3161
99,-92,-110,6932,-6072,723
-5,-102,100,1958,-13048,-2616
-3,-75,-19,1083,-8320,246
0,110,38,7859,-6890,2391
0,101,40,8846,-8158,4409
-70,-30,-105,13419,-5107,5956
23,-101,-45,13553,-9043,7232
-78,115,47,21230,-2523,9808
67,-92,10,22464,4502,18245
14,22,18,26732,11373,21568
87,-117,68,18482,18214,21683
-54,120,94,15293,-16261,23656
83,32,-4,7930,-10208,10535
101,83,-70,-8362,-241,-11014
11,95,22,-14436,-12326,-12120
56,77,115,-11112,-3774,-6694
-75,18,-74,-4443,8400,-1983
E
-92,-70,103,-11149,20285,3845
80,-22,49,-15040,19151,4002
-6,93,-53,-19487,17519,-8085
-51,61,-102,-15266,5921,-17741
91,-69,-67,-11600,2925,-23541
-39,-102,81,-19637,11547,-19015
-18,-102,69,-13389,1702,-17300
99,-111,-121,-8838,1382,-10563
-96,-122,74,-9370,1982,-7794
7,-94,-18,-5281,1345,4295
39,-74,-65,-1729,4613,7198
50,-110,-115,4020,-249,9420
46,45,-95,4548,-13881,12714
-104,2,63,4965,21217,7401
-8,-66,55,12843,23085,13326
53,-117,-45,4699,11017,15627
-22,-32,120,12123,-2307,15186
-82,-27,106,16175,-8625,12557
47,2,33,8054,-1156,-1045
81,98,86,8261,-3221,3556
71,125,-18,-6963,-32209,-3664
5,-56,-7,-2790,11765,-7400
-8,-39,84,-5747,2446,-7714
-22,-94,107,-9914,-6409,-9997
-91,22,122,-14090,5243,-10973
-60,-89,58,-13021,-1729,-10125
-30,68,103,-965,405,-10462
-53,33,82,4301,-2800,-10037
-21,126,-74,16656,-1442,-6167
-3,33,7,11596,-8013,-2724
-61,-20,-34,9762,-11595,2303
-108,-14,98,13536,-5770,2738
113,-28,-102,3636,-12589,8454
72,100,72,28020,-18163,4172
-117,-2,96,-26813,-30626,957
-44,-85,25,22209,-25263,25443
-14,105,39,7270,20300,32675
-70,-65,-104,2247,24280,25094
-79,72,113,-12664,-1233,-13211
-108,-113,-59,-11377,-1025,-5552
E
-80,81,52,-18082,13906,-10424
13,-70,97,-16328,6328,-16944
121,-99,-11,-19824,-10614,-10667
-70,-23,100,-6496,-13924,209
-108,106,1,-14379,29967,-20562
77,32,12,-13720,-2665,-27666
6,27,-46,-9863,13343,-26685
9,-108,-14,-4700,6058,-13745
87,14,76,-3317,12695,-2368
53,-22,-91,-1113,-1939,-1183
54,109,39,-4891,12342,6546
89,113,68,-6024,9401,7021
-26,-48,-29,5830,-15565,2522
-82,-102,-9,2796,-2975,2835
-56,63,-120,-152,-12167,1240
-99,-119,51,2597,2657,1635
59,-71,40,8263,-25810,4559
34,61,-22,16836,25367,-2858
-110,97,-116,11190,-1008,5494
119,25,-109,5182,-28444,4129
11,-85,-77,18319,-22498,2923
74,-12,-106,20921,-22414,3370
3,88,74,27196,-6868,3865
-86,-20,-22,26789,-8394,4270
24,-60,40,20614,-1834,23094
-37,-21,-49,13844,-5326,18856
-26,-40,-128,-8739,13245,5876
25,69,66,-5126,5703,2200
-110,1,26,-18483,10066,-10325
36,-4,-65,-23540,11356,-6580
14,-90,108,-20462,13519,-10067
125,-12,-55,-12780,19831,-7705
-97,105,-58,-20934,14745,-13772
-12,9,51,-14350,12699,-10502
113,27,-1,-15170,14906,-8905
97,-124,-46,-9240,3119,-13275
106,17,-95,-7314,9575,-7126
7,19,-16,-10522,11842,-8310
84,34,48,-7884,11752,-6503
107,102,97,-8604,6420,3826
E
-63,53,61,-1744,14925,4054
-49,80,9,-1503,10583,4630
-116,-59,19,9463,-7728,2632
-97,83,81,10340,-29240,2403
-78,11,-107,7106,-9870,-2993
-59,-118,-51,8293,-19248,-2791
106,-45,53,15600,901,3086
-127,-50,101,15631,-8288,-230
78,-20,-95,12960,-16313,2602
-59,76,3,14032,-16597,3210
127,15,89,11731,-16998,4195
-26,-107,96,23043,-14064,5788
64,-73,-32,21065,-10112,4837
95,-63,122,23370,-19671,-1480
81,83,-102,25224,1411,18142
-24,-62,37,6099,9703,22107
1,-65,-26,2031,9229,9390
-128,30,13,-11393,3028,-2149
100,-11,81,-12847,3950,-6382
-16,-70,-72,-13463,16771,-11222
-44,99,105,-16347,10224,-19081
-31,94,-88,-24226,6215,-2075
-51,-1,8,-15431,10197,1807
124,-58,-103,-9020,-20942,-224
69,-9,-92,-17115,29778,-19293
84,-25,70,-8087,-20681,-9077
-57,-81,6,-10013,198,-12690
34,-2,-108,-13341,3756,-9246
-110,-53,-87,-8815,11342,-1501
-52,-19,86,-9024,-8598,-2485
51,32,-21,-9562,-3427,-280
13,-128,96,2439,7357,10706
-19,-100,102,9621,-3858,10031
-37,76,-29,597,23434,9396
-60,56,-103,-3630,-25592,4708
69,-128,111,-9480,-2663,-857
-73,-44,-12,-5837,-5142,-548
-128,-82,14,1318,24817,-4017
-115,95,125,9939,-8049,-4046
-91,-8,-111,22397,-8280,409
E
114,78,-17,15233,-335,-1057
-61,78,-108,12133,-10793,2913
-52,-13,115,14719,-5033,609
-32,-65,-32,4313,18309,21308
-72,-99,-69,11561,14248,14929
29,-98,-74,-21692,-29576,-674
36,119,30,28715,-17321,-1276
122,-108,53,733,-9709,-20826
-102,57,-79,15,-18882,31449
119,-56,125,-2683,-8300,-30067
75,80,22,-9022,-12958,-18970
106,122,-76,-5948,373,-8092
119,40,-87,-9677,8223,1083
71,-102,86,-975,19127,-561
57,-110,-119,-6038,18474,-1642
14,-53,-6,-23030,24791,1417
-28,-118,1,-16588,31183,3103
53,-106,-39,-11663,-30341,-1810
-55,126,87,-13557,-32673,-5487
-92,58,-115,-11835,-32673,-5000
-42,-83,-90,-14331,-32673,-8682
12,-101,-60,-14240,-28,1868
-71,124,33,-6121,-294,-11652
-24,-97,13,-2989,24664,-24586
59,-88,108,-5996,-21510,-12764
-83,33,-125,-4664,-10798,-7250
-47,113,-30,1716,7755,5510
-55,44,14,6539,-30659,14311
-54,56,-30,4728,-26576,-1475
-38,59,33,1742,-20706,-6687
105,-106,-118,418,-6003,-7110
123,-115,-103,5257,-15036,-10606
57,23,-50,13395,-14496,-7620
106,119,68,16962,-13571,-2977
119,-82,-21,22468,-2217,-4508
-99,61,-102,21646,-22595,-452
107,-84,-97,26123,3071,3518
-88,-48,-43,12432,-13722,3985
-117,-26,-127,22370,-26258,8687
87,-30,41,-30146,-6530,4220
E
-102,-36,78,29681,29516,8623
-106,81,-44,17662,-297,-31627
112,-6,-85,-6935,-29868,29984
117,15,-35,-8254,6304,-11731
8,0,-86,-6260,-15458,-15782
4,-86,85,-6409,-4519,-5333
98,-90,11,-1846,10596,995
20,125,39,-2033,24141,840
125,-83,22,-18844,19627,-649
-79,-72,-19,-25734,21717,-3169
107,81,-104,-7682,20269,-10286
-42,-17,61,-22720,-9133,-20173
-104,-38,-101,-11106,-40,-10215
-85,107,50,-4954,10786,-15651
-43,126,-9,-7271,19626,-16019
65,-2,120,-10073,9547,-12321
12,3,57,-14937,-11869,-4403
-43,-19,21,-13919,-8615,-4640
87,65,126,-8639,19008,10081
12,-7,126,-8114,16622,5668
89,16,28,-3168,-28747,13475
115,6,-80,-1666,-11783,10529
35,-22,57,865,-32618,-3824
56,82,-121,915,-7670,-2642
-39,-63,-17,-5320,-17890,-4209
-99,59,49,2964,-7175,-7040
-94,39,77,9102,-7693,-5719
31,53,-9,17477,-12743,-1603
29,14,52,14163,-4069,-635
-55,-102,33,17123,-12527,4790
-122,58,110,26873,121,8658
81,-16,42,17209,-62,11964
-35,-127,26,14588,-14903,8829
55,87,-25,-32475,-17690,4874
-57,-76,21,-32290,6287,8530
-30,83,110,24999,-7540,23423
76,8,106,5065,5445,26417
-78,72,9,-8043,19333,10098
-123,-97,-57,-18659,-8784,-17732
46,54,31,-14803,-13436,-10326
E
45,20,-89,349,18478,-11247
-87,-13,-66,-3376,15747,-10775
9,69,-49,-28053,12079,-5423
15,-10,-89,-23612,15919,-7348
38,124,104,-16529,9175,-8394
61,87,18,-17709,10887,-9410
-83,26,17,-16237,14686,-11171
-55,5,8,-14037,2953,-13866
-109,125,-1,-10431,-1286,-8362
-80,62,-18,-4807,-2311,-2238
4,-60,-16,-7134,-3965,190
57,-72,-57,-4388,-491,3062
117,-82,-67,-6189,-9344,6919
-67,12,-72,4827,6599,4480
104,-19,-79,4268,14049,1946
105,-3,4,-3202,-27843,2915
3,11,-125,-3755,-9739,1711
-119,78,-9,-3957,-6595,-1162
-83,79,-29,-4230,-7381,-154
-66,113,8,2947,3787,-4240
-60,97,-21,1405,4690,-2215
-73,87,-60,4699,784,-2449
-50,14,109,6651,-348,-1350
-25,-55,39,9261,-1827,-3347
62,96,53,13906,2877,-1344
65,122,55,12940,-8191,1738
48,-116,107,16074,-17675,5529
45,-91,120,18685,-16899,4273
16,106,9,30267,-18217,1218
30,104,-46,27619,-12168,796
102,94,57,25205,22979,10243
-99,-120,62,31869,31208,14899
119,80,-75,21142,-21507,-30276
46,-62,-5,5629,10564,25901
-86,-50,-8,-27091,-6165,-29367
-27,-73,87,-19616,-4661,-12877
-43,24,52,27794,3347,-10759
-95,87,109,32481,8684,-9741
-71,-100,30,-20216,8934,-5800
-114,53,-21,-18805,6598,-9157
E
105,-123,39,-12313,17617,-6117
87,-69,12,-3797,6365,-10891
-91,-37,-111,-1256,466,3160
-56,14,-115,-3330,5466,256
-11,60,38,-7121,-7535,5948
-12,119,84,-6440,-119,5608
-109,122,67,-2077,3408,7525
-122,-115,-94,-810,-6348,8023
-18,-47,-122,7336,20373,-815
61,-100,-104,1803,-1682,-2739
125,117,74,650,-5766,-6370
105,71,7,369,-14930,-5787
83,27,18,5571,-10024,-6413
114,38,48,6074,-15478,-3978
22,-122,80,16555,-1214,-1376
-4,-97,46,13231,-1361,-622
21,-86,-90,15998,-9073,-1181
45,-106,124,15553,-5548,1281
-66,-54,87,26775,2920,5161
-87,-75,21,25861,2157,6352
43,-84,31,-30127,-14197,22679
47,-103,89,-32317,8545,-30901
-3,-62,-100,11250,-320,13126
-25,29,24,-5566,-5675,-10493
8,-65,106,-26103,-6097,-12714
3,-98,37,-18548,2941,-10794
-8,-25,59,-14233,6633,-8187
-96,-107,114,-3116,4445,-18339
-55,-1,-83,-17451,4791,-10990
-34,-54,31,-15572,9754,-244
14,-39,60,-15796,6374,-2210
34,-7,93,-22045,11410,-5704
-49,-124,-122,-15559,28827,-8773
-115,97,-35,-17667,-6297,-15541
100,-121,12,-14936,1693,-11642
-58,26,-28,-13109,13721,-4480
-70,-125,59,-5613,-4378,7110
-68,-99,108,-4251,-3454,5384
56,98,-87,-1706,9692,4462
36,114,-66,-268,8172,2403
E
24,-95,-36,-981,20787,110
-7,-111,-67,9426,6102,-344
61,25,0,6545,9114,8089
19,59,-91,10945,-24700,2202
-3,-99,126,10560,9086,8431
26,10,-37,8539,-6582,2113
-46,86,106,5543,-17599,1292
-15,117,-60,11813,-18897,2842
85,8,-43,8915,-11337,736
82,-10,-29,11417,1136,1228
125,-53,73,17863,-16432,6455
91,-46,-108,16330,-16024,4236
-113,101,-25,13467,8545,8342
-97,45,108,15153,-17194,9656
99,-48,-13,13343,1121,12359
82,-114,-1,11750,-3516,5946
19,102,-114,-6794,5425,-464
105,101,69,-12363,9686,-41
-92,0,51,-17834,2908,-11655
-119,-95,-125,-12582,1716,-7948
-87,-88,-88,-21218,6495,-9363
80,-2,81,-13948,-224,-4943
71,-78,75,-14342,17822,-8276
-120,-5,-64,-13778,12610,-10488
-118,-53,-114,-13160,12785,-4623
-109,9,-124,-10631,6118,-10376
127,72,95,-5301,-2227,-8232
-80,9,-44,-6439,8114,-2049
-60,3,-41,-11685,-5724,-300
79,-54,-70,-11495,1392,4234
-102,-67,115,-7366,-496,8062
-23,127,32,7501,4708,6677
-18,-113,-118,5661,-19258,1693
-91,-50,-48,-2251,16879,-6039
89,-19,-91,2857,2457,3709
102,-51,80,12045,-23530,-4181
69,-3,-70,4606,-2448,797
106,34,-66,10971,-8619,465
110,-106,104,12334,-8890,4088
75,-32,-94,8871,-20082,4812
E
70,16,-28,18381,-3662,-455
82,22,-121,23072,-14961,-2661
-14,13,54,21269,-2545,-3617
120,120,-104,26489,-11561,5907
89,-76,20,30138,10871,20938
46,123,113,7370,12148,-28274
94,93,-115,556,11170,13774
-107,70,-104,-8338,7160,-7088
-82,107,-32,-12181,1331,-11656
-123,60,90,-13370,795,-11703
100,63,92,-4410,9924,-12003
14,-13,-105,-12357,7613,-10157
-22,51,-104,-21259,13360,-2123
-88,-41,-67,-13853,6156,-5470
96,80,-80,-5616,21860,-8490
100,6,-78,-8857,18039,-16417
107,92,16,-10516,-9850,-20912
-120,40,31,-10782,-1624,-13294
-121,-12,38,-16369,-21428,-3107
-79,-108,23,-5119,4719,-3563
35,61,104,-6668,7897,-2427
84,50,19,-7213,4669,4891
100,68,-3,-3573,-391,4899
114,76,-38,374,10847,4771
51,77,2,-665,15359,4719
27,61,70,-1121,14882,4142
81,89,-40,-749,-4605,-6520
29,86,-107,2528,-26195,2751
70,17,-5,11066,-17653,-6987
8,70,-27,-3809,-1211,742
49,51,115,4049,-10321,-1038
0,102,113,10840,583,4049
11,-116,115,9425,-5342,3189
-26,53,-49,16083,-5973,5971
-37,84,-49,20594,-6505,4775
-80,-58,49,14969,-13379,2405
120,57,33,15828,-27798,2850
53,-10,-33,32505,1911,-224
66,15,119,24225,8177,7125
-83,96,124,12835,-17834,25542
E
-23,-124,-78,36,23013,25670
82,45,66,-2410,3880,-2294
-6,-115,-80,-7450,-12312,-11036
-83,-108,106,-6521,6557,-13381
-68,69,-81,-11979,8537,-708
-46,-106,-17,-8397,10651,-2728
-97,-20,62,-14355,6235,-1277
-120,-33,98,-11141,10248,-927
42,-88,100,-15263,9304,-3155
-60,79,-72,-12710,-669,-3756
122,77,-112,-7602,5662,-6753
-125,-31,68,-8445,16892,-7812
-25,-110,-100,-14367,-6637,-21601
-79,-23,32,-11037,4174,-18032
-83,-73,37,-16532,5924,-5220
87,-21,16,-14279,2382,5322
-98,32,3,-9378,16626,1692
51,-96,-123,18,-15376,4922
-70,-102,-25,-155,-26237,17729
124,98,10,7757,-31254,3689
-47,111,13,-2277,7771,3176
-91,47,0,-1129,-15839,-7515
-2,49,32,-1364,-4177,-3215
15,62,56,4582,-10854,-80
-21,61,-79,7202,-17356,67
-23,60,85,10867,-9409,1410
49,-25,-68,14149,3746,4167
6,100,-28,19622,-9216,3651
31,-17,-27,23102,5477,-1159
-14,44,-91,19292,-11542,2919
12,119,-20,28736,-304,980
56,-5,90,-31284,-752,6374
-124,91,-98,22098,8429,21399
-116,-65,95,16380,-14417,29442
-53,30,15,-2280,30298,-1622
23,-11,50,-3443,-10772,-8411
-90,-7,-120,-13531,-1321,-10237
17,122,-101,-6362,1016,-7236
30,51,-73,-3917,5769,-7817
113,80,-47,-3923,7048,1345
E
-85,8,47,-21252,16452,-6327
-115,5,-64,-25497,2083,-7530
12,28,43,-9387,2595,-11452
-5,-59,-7,-7710,280,-8018
113,-90,81,-9872,10088,-11286
-109,-91,87,-7731,3677,-7283
-66,102,-126,-1482,4839,-2068
-67,-97,-92,-2926,31,-1116
-36,52,-94,-6452,-2146,3449
-24,66,-89,-5683,-1402,2676
57,-21,-111,-3498,5126,4297
71,-51,-104,-3401,396,3020
-102,-56,-94,-6380,6701,2274
-121,-55,-80,-7214,-11242,698
-116,125,55,-3904,-1988,-687
15,-63,-55,628,4022,-2438
-62,-56,-54,1114,-10876,-4506
-66,-69,99,-678,-4421,-6329
-41,126,6,1755,-4597,-5485
-35,-128,21,3505,-9099,-4910
94,-104,69,10877,153,-2118
65,-75,55,10502,-4014,-1782
-121,-39,122,13280,-1867,1965
120,-47,104,8985,-3967,1724
-93,-39,-25,9025,-15076,2806
-85,-86,-62,11099,-11715,1525
62,-74,95,20891,-8660,3564
60,-89,53,20540,-4410,5049
-92,-128,-104,13953,3284,20638
-50,-78,-59,2851,6282,23787
-52,77,-97,2499,12752,11555
-27,57,-13,-5936,-9415,-13281
-40,-12,-69,-3866,-7305,-7269
-37,111,7,-6602,6889,-1807
-20,121,66,-6776,4096,-2672
-99,79,118,-13626,20277,8120
-84,72,-88,-10346,19240,6082
89,49,-94,-992,20262,-13277
-35,98,90,-10628,11967,-11475
68,106,54,-19128,-2120,-9115
E
-55,-31,126,-16786,8710,-9978
64,60,36,-13255,-1497,-10320
-108,116,48,-10576,-3527,-8078
-43,-76,-126,-7796,3589,-1039
-124,-68,29,-10430,-3738,-2045
-46,51,-108,-11776,-11368,-2982
53,83,98,-17749,5971,2388
-2,-67,70,-9873,-418,4478
1,-68,32,-1657,1484,4565
118,99,-75,18002,6637,5357
93,57,81,11218,-455,5669
-89,-114,-41,6785,-341,661
-55,-54,-72,4460,-4381,1159
110,-92,31,2027,-12404,-6114
-89,-79,126,5691,4611,-2169
-122,-27,-40,6026,-1265,-1300
88,103,10,2913,-1290,1108
108,-121,69,3160,3052,4137
43,-92,72,8310,183,3957
-55,12,1,7935,-2361,4672
-39,65,20,4425,-2887,6017
-54,52,-27,1081,-21872,9172
96,110,-24,9437,-15024,5604
93,-32,-92,24497,-3893,2757
75,58,-127,21379,13651,4674
47,-32,-121,32533,-14356,7772
-91,121,105,17039,8827,13228
-49,-70,-110,-1179,4950,13244
-98,-121,-91,11,5661,-1242
115,62,-95,-5590,-8010,-9338
-111,-30,14,-2508,313,-3946
-69,12,-72,924,4755,-2737
-18,9,-42,1868,8523,-109
-7,-9,-20,4264,9908,1457
22,34,-47,-7917,9214,-8428
-77,9,-108,-16756,1174,-5523
83,-15,31,-11093,10291,-6492
-5,-61,82,-3991,10153,-10393
-100,-1,-15,-24662,6653,-16570
11,26,-41,-17744,-3829,-12872
E
-76,-4,-19,-11385,-11793,-10470
73,-64,-2,-4928,11970,-3312
-21,-107,-3,-13655,2888,-3821
14,-102,86,-13003,-10017,2070
93,55,-121,-2700,-4553,1859
-96,106,-119,262,7346,6375
45,-115,-17,1576,1720,6445
-100,117,97,3418,-1417,5251
64,107,-52,-2251,27981,1576
-77,-70,104,-12325,-4720,-2445
81,-58,-73,2577,-28031,-2626
88,-80,-8,-3099,-14164,-2130
-88,-45,73,-4898,197,-281
-78,-40,49,-741,-4582,487
-79,122,37,3324,983,1017
106,-120,-95,2404,-1366,534
92,-88,-40,5188,9424,5282
56,-20,-86,1961,6721,2194
-25,40,-11,4833,-11779,4161
9,34,-35,16561,-3084,4561
-51,92,85,14873,-18409,-1997
6,123,-86,13367,-19315,518
120,115,-104,21117,-2952,14989
-5,51,-115,22401,7950,17096
-7,-111,54,15230,4899,15939
88,98,9,3867,1132,-268
48,41,35,2045,-1591,-694
-1,-110,11,-9362,-10221,-7712
-40,-27,-58,-7334,-3456,-4108
-43,33,102,-4538,12996,-93
-43,36,-52,-10042,10320,-3438
92,69,11,-13558,11518,-1129
28,35,89,-9322,15017,-3171
114,-24,88,-5500,14158,-9701
37,102,51,-9211,6091,-12983
4,-11,-7,-14203,11403,-12604
-27,-73,29,-9315,344,-11224
88,65,-87,-8546,3334,-8852
-18,-88,-112,-7688,-1715,-6470
9,-115,126,-3511,-11852,-6696
E
-128,-13,-62,-973,5747,-5589
-76,-18,-45,-6112,1333,-2697
6,-24,85,-6733,1021,-2008
73,-19,-12,-3579,5250,2385
-104,-2,-105,-4400,6720,3003
-116,73,-36,-4788,-10937,2640
22,-77,-90,-2253,-3489,1286
10,-91,-50,-1669,-10785,3297
-23,23,86,482,-9828,2224
-3,1,114,-101,-6424,-490
-90,21,-38,-3869,280,-3396
-23,30,-121,-2381,3725,-1943
-6,13,-111,3935,-2330,-2349
-6,4,-99,6112,-2700,-1591
-3,-19,-6,8478,-699,38
-11,3,-2,6996,-1718,-270
-32,37,90,7390,-9408,2450
-36,118,-26,15329,934,6734
-29,-112,-77,14500,1697,4045
-127,98,75,3754,-15147,438
-79,47,70,10614,-10044,410
78,39,1,31134,-7378,7430
70,101,27,27675,-7613,5554
-91,-39,15,30448,19487,17574
-38,-86,69,18786,-2362,23926
-61,39,94,2695,21568,9604
-63,-44,-120,1388,7338,-4512
-85,-104,86,-10614,-21285,-17240
-46,-111,113,-8874,-149,-9650
99,52,-4,-9510,11672,-3845
-93,127,62,-14279,10848,-3755
20,-90,45,-21031,20611,-221
-20,-89,39,-18270,10398,-4771
1,56,81,-9460,2688,-9060
-6,10,7,-11795,10473,-10917
115,-52,-83,-13506,7392,-12703
-87,-80,101,-9946,4333,-9301
107,17,-95,-9323,-182,-3860
-113,66,-112,-9804,2323,-6554
0,-99,105,-5444,-10643,-9713
E
50,-27,-89,-5439,-13462,-8114
118,61,22,-11863,6347,-5008
88,105,26,-9564,4336,-1764
67,-40,20,-3551,10131,8534
28,-51,-115,-3279,8071,6009
-18,-77,122,4303,-2116,7270
54,-120,2,57,-8995,3868
-82,-104,-98,-3972,-7213,5539
-9,-9,-112,-4675,-8090,3260
-33,13,-116,2375,-20992,1139
-119,-19,-128,6992,-2757,-7371
-11,-66,-51,11533,-3822,-4927
61,-5,11,10929,1939,-1002
77,83,62,11904,6955,1571
-33,-53,-77,14596,-224,311
-46,-49,-44,15200,-5514,1731
-65,29,-38,14273,-7201,1707
-44,15,-67,12448,-10827,2828
-117,119,34,23082,-11106,904
-124,82,-66,26048,-10318,-513
-47,-62,-22,31254,8000,418
-81,112,84,30135,-273,5106
-80,11,-109,15815,-3104,32610
5,-110,67,1605,27843,10153
54,27,-1,-4076,14655,-5725
-119,-104,5,-13419,-20231,-15064
-105,81,101,-7560,7290,-6856
42,-54,57,-9454,14201,-3288
82,17,-51,-13597,12032,-5122
119,12,-9,-22761,11852,-4850
49,35,120,-20511,2741,-5263
-72,-101,-6,-12482,2087,-6719
30,-96,37,-13518,8343,-6368
-70,58,84,-14053,6354,-5857
77,90,50,-13668,2417,-2316
107,-7,-91,-10396,8427,-4199
49,8,-37,-8639,-5149,-6538
106,-53,-16,-7932,-14933,-1966
-4,-15,-44,-14835,26788,-7324
-40,67,47,-7636,-3475,-16785
E
104,31,123,-9746,-1784,-8239
127,-59,69,-19070,6179,1651
-89,-62,44,17443,-4527,755
-86,-45,13,17038,12016,5507
6,-69,34,2570,-25578,213
1,-73,63,-2746,-234,3082
52,-51,-3,2050,-14455,290
61,-68,51,-228,-998,985
82,-46,73,2258,-4028,1680
103,-29,76,5313,-9633,2707
-118,76,124,11329,374,6021
110,102,-119,12506,-4458,5233
70,-82,4,16733,-3530,2429
75,-126,-26,14798,-5760,2324
-82,-37,-1,26875,-19568,1605
-56,28,-9,30431,-12979,3575
-94,52,123,27754,-23269,9304
-118,17,11,23455,-857,4794
70,-53,123,7143,-4720,15546
12,68,-124,-2490,3874,4590
11,-24,64,-12214,5420,-2607
65,57,-46,-11451,-11095,-8556
77,-74,37,3448,-1057,385
82,-90,46,-1730,3801,501
-128,-26,-6,-1288,9044,-1239
84,72,122,-2758,2475,-12336
111,-83,-123,-10824,4052,-10856
-52,-36,-90,-20319,8856,-11627
-45,125,-38,-11214,-629,-5896
-105,17,36,-9707,15409,625
-48,21,92,-15260,13923,-3137
-95,11,27,-11761,13721,-5315
97,114,30,-6723,9148,-6327
-42,90,-14,-7303,10539,-12498
-78,-25,-77,-6477,1741,-5866
61,63,76,-10906,-1884,3068
-98,1,110,-12562,-15024,4193
95,96,-128,-1789,-31279,2059
20,-75,0,-13014,18933,8598
-19,-26,111,-2638,-8751,4647
E
-124,-61,69,163,21939,779
-113,-6,-25,-788,3860,-2498
76,-3,-19,-4983,-17301,-5962
108,-38,62,-4272,-4629,-5856
13,-118,28,-153,-15303,-7390
-118,124,-108,7563,-4981,-6822
-29,-39,23,17654,-1545,-5609
-72,42,-46,19048,-10219,-6004
-65,9,-31,11574,618,-1801
-103,109,-10,6720,-2272,4015
127,40,12,23213,-19654,13587
-121,36,76,32030,-4080,12014
98,83,-3,24260,8289,12922
123,112,-118,27658,9473,21538
74,89,5,10488,-2597,27074
-1,-31,99,5980,5651,26964
104,-61,55,-5927,11880,-2416
-86,19,-61,-2560,-10429,-8757
-53,-34,-17,-5910,-7457,-7012
71,-10,119,-5076,4844,-2801
-74,-46,14,-9005,9730,-2717
-28,-35,-49,-6379,7676,-2968
48,34,-113,-10063,6191,-1677
93,103,83,-8341,8624,-4045
-45,-35,8,-8215,8196,-8925
-61,-22,34,-9187,3966,-9344
-32,-68,-3,-4847,2452,-8422
-34,115,-34,-5469,6920,-9169
-20,37,-70,3737,-3275,-5352
-10,16,-89,3301,130,-4240
53,-48,-82,-138,-2227,5971
80,-46,-101,1904,13894,5526
1,-70,61,4066,12284,8557
10,-89,101,3501,5242,9510
-128,42,-126,4310,9477,11207
-80,-70,-14,146,5888,14542
-99,-77,-30,1127,9695,14991
85,98,121,3872,9096,13481
48,124,127,3621,7804,12855
100,-73,1,5343,17222,14658
E
-12,-81,1,6417,5543,13176
67,-77,107,11080,10542,15207
-66,86,73,15497,2820,12146
74,16,-101,14052,4057,9927
-82,80,-11,8578,1087,2021
-59,57,-9,7009,-5053,-1002
-30,-87,-43,493,-5174,-11201
27,99,-115,1599,-1955,-8848
25,-36,111,-2856,2,-6504
11,-26,75,-2193,1155,-6495
105,90,-86,-3108,5327,-3782
86,51,112,-132,7274,-3191
69,14,42,-1745,4738,-2519
56,-45,-18,1184,1527,-2021
55,-38,6,2031,1163,-2238
46,-67,35,1224,567,-2879
66,-77,37,670,1846,-2504
84,-98,27,1031,3264,-2229
113,108,23,1471,2529,-3180
114,109,26,1017,-303,-3152
-71,55,95,1000,-10686,-5383
-53,64,77,1505,-6204,-4684
90,70,59,2502,-4702,-3775
121,95,88,2238,-8078,-4080
-20,-113,77,818,-5068,-4501
-19,-108,66,139,-2889,-3201
115,-35,-7,-1003,-2223,-4155
99,-41,2,-2241,-2615,-3265
-67,51,-112,-3464,-3754,-2906
-86,36,-104,-2897,-2904,-2509
-22,98,-12,-3124,-500,-1411
-29,86,11,-2473,-1523,-1630
29,86,-61,1867,4395,-1215
15,85,-24,3320,7187,-250
30,56,87,3435,323,-1716
26,71,67,2571,1420,-1674
35,105,108,-1192,-2642,-733
55,123,50,884,-2679,515
49,113,8,1646,37,908
52,91,-20,1532,1911,1316
E
55,74,-36,2821,4314,1932
15,34,53,4950,175,1855
8,40,57,4457,-423,1611
-48,22,115,3638,-658,1197
-42,19,122,4179,-1149,996
-46,3,-72,4358,4924,1858
-50,0,7,3629,2944,1981
-70,-5,78,2789,1317,2269
-70,-14,123,2658,3838,1386
-72,-3,-69,-2700,-147,3009
-76,-6,-115,-3249,2826,3696
91,-57,18,-4511,2632,4342
83,-63,25,-4013,739,3548
-22,-92,-123,-3053,1244,4066
-68,-84,90,-2354,-400,4244
80,-89,14,3105,186,3416
82,-95,40,4055,1229,3082
-15,-113,-100,6568,1912,-673
-18,-92,-9,1602,-2967,-2436
27,-78,40,317,-304,-2237
42,-84,12,1182,-610,-2169
-112,-84,17,-452,978,-2225
-123,-83,12,-328,1081,-2054
-72,-75,-2,-361,896,-2288
-59,-69,-10,-824,576,-2573
-3,-57,-51,-1869,-221,-3534
1,-55,-61,-799,124,-3475
69,-32,-97,1899,-358,-3789
85,-14,-86,454,-1326,-4023
-128,29,124,-761,-776,-3498
-107,31,71,235,1530,-3085
-93,43,62,1190,-908,-2721
-87,75,85,1024,-100,-2595
-84,81,86,703,-447,-2519
-67,-121,110,-207,-15,-1299
-44,-109,102,-230,965,-1764
15,-88,80,409,141,-795
11,-93,80,1073,60,-914
38,-87,49,2369,1694,209
27,-97,72,1769,460,341
E
2,-102,100,2391,-550,330
-26,-103,102,2194,-307,-421
-32,-121,111,2300,-2176,322
-32,-115,95,3352,-844,-310
-20,-113,117,1689,-4361,-167
-30,-122,125,1684,-4415,-936
-34,-123,52,2847,-1576,1087
-36,-114,62,2781,-4452,394
-107,-126,62,3659,325,-39
-68,107,38,6305,-1725,-1145
