0,0,0,0,0,0
19,-22,68,1270,-451,177
19,-22,68,1270,-451,177
24,-31,-124,1003,158,248
28,-34,-96,537,413,163
33,-38,-77,453,475,-102
35,-44,-63,716,407,-550
53,-70,-33,1387,176,-1022
53,-70,-41,1074,353,-749
78,-91,-21,203,1833,-1150
78,-88,-17,52,1131,-1209
102,-88,12,-426,988,-1477
104,-82,8,-417,1377,-1288
-110,-48,20,-2008,2252,-1043
-66,-15,22,-742,2369,-1423
-65,-19,24,-320,1819,-1621
-10,19,52,-681,-95,-2137
-21,19,50,-700,559,-1841
5,46,51,600,1044,-877
7,41,49,756,1093,-853
23,40,57,639,478,-467
29,52,71,-1107,-162,-251
24,75,77,-1173,-310,622
33,81,45,354,644,1202
36,75,46,237,117,1225
37,69,40,708,-681,1920
32,46,29,1804,-234,1988
27,4,23,3008,-623,1656
11,-47,35,2725,-1561,1227
-21,-118,51,1537,-1801,296
-30,121,46,1007,-2911,323
-48,105,21,862,-3994,1071
-92,85,0,1621,-3734,1976
79,33,-13,1161,-5470,823
68,39,1,282,-6130,542
-97,41,42,-1255,-12749,73
-114,47,36,-997,-7839,1589
-70,111,120,-1687,-5783,-1007
-31,102,109,-1524,-7396,-1798
92,121,27,-825,-9508,-3400
E
122,105,14,-92,-7741,-2916
112,54,-35,-3182,-6991,-3612
-122,64,-49,-3814,-5138,-3460
-38,109,-13,7274,-5452,-10426
-40,-69,11,2784,-5369,-5966
-90,-123,-101,-3098,-2535,48
-124,-118,104,-796,-2466,-2311
-19,38,5,2443,-12675,-2291
1,76,-9,-1614,-6230,-151
105,13,-97,-5034,-1381,-2771
-123,-81,-84,-2647,-13310,-5660
76,-70,-82,-5913,-7665,1809
-126,-13,56,-8701,-5023,3529
63,12,-12,-8532,-7857,3104
6,109,-122,-4893,-7754,3633
-121,40,25,-6237,-11212,10920
19,-85,9,-5398,-4989,12252
78,-60,3,-4670,-5693,11383
83,-54,28,-6627,-7207,10615
-31,23,46,-3305,-11172,11506
0,-53,126,-67,-3421,11185
122,-72,-75,2109,-2163,11934
-121,-108,121,1778,-1617,10813
73,-72,112,10097,-8454,11221
84,-85,73,7543,-6519,11432
75,-9,127,6720,-974,7173
28,-20,-100,7136,-2828,8080
32,5,37,8909,-8328,7239
-5,-17,-7,9782,-2651,6773
-69,-98,-71,17913,-3957,420
117,24,51,14635,-9295,910
-24,96,-48,10236,-1639,-120
-24,52,2,12519,171,-4317
11,-40,-99,14114,-1262,-7045
-105,-22,-63,11731,1464,-6869
-35,45,65,7071,8473,-10291
108,-54,-81,4251,4614,-10839
-120,48,-111,5066,5564,-6973
69,-42,11,1745,8306,-9696
48,-50,57,-4795,1608,-9342
E
-35,35,87,-4209,22881,-9356
124,-32,70,-3048,17401,-13439
-127,65,-79,-12027,15609,-13684
-17,32,-110,-12273,-1551,-11739
120,-14,96,-21672,-7593,-9113
99,-122,-120,-18685,-6696,-9061
48,57,-28,-15055,3926,-5241
118,4,-48,-20101,-3640,-436
99,-84,110,-17331,-1635,2099
66,30,-103,-15977,-4769,2052
-5,-23,41,-13716,-11302,2808
-29,-24,119,-11917,-996,790
-59,-60,7,-10904,-8370,-879
-57,-128,81,-6256,-13887,1308
90,68,28,4618,-9409,8609
102,98,-13,3698,-12165,9307
53,-15,62,2686,-25401,8930
3,-67,-6,7378,-15000,6041
-83,-33,122,18775,-2226,5118
-121,127,-101,14231,-3809,8033
35,95,28,14202,-2763,11065
-74,-42,-97,14868,-2182,10356
-67,41,-79,14487,465,8160
81,58,41,14817,2943,6389
-44,101,-32,14100,937,1712
88,-47,-62,14371,6509,-7186
113,-1,-115,11419,602,-10963
-57,-100,-105,9637,5256,-9039
-70,-77,113,10585,8997,-8760
73,-66,64,5688,8069,-11367
44,103,72,559,3046,-10810
82,-27,39,-165,707,-11348
-69,28,77,-5430,4160,-12480
-36,31,38,-6724,9081,-14870
100,113,-117,-15457,12864,-6557
-12,-50,-98,-10621,-22447,-7131
1,54,-122,-21633,-14574,-8014
-8,45,19,-20884,-4543,-6281
-88,1,81,-20331,-21665,-3003
14,99,-77,-17924,2398,1437
E
32,-55,23,-15963,-4417,1376
18,123,-125,-15049,-11869,1060
-105,-32,-37,-6129,8404,2776
46,-83,58,-2719,3002,2213
35,119,-103,-408,-9296,2762
70,113,106,1108,-5133,2010
-86,87,70,7830,-24269,5416
-43,93,-4,6645,-26287,4761
64,-3,-16,11561,-15844,3678
-77,-114,120,11705,-16464,4000
-21,-94,40,13697,11851,4613
35,47,-6,12947,5929,2860
32,118,60,13203,3199,4618
18,-93,68,12053,-4415,5829
98,52,-87,12248,-262,3968
118,87,-121,11714,-1816,4006
31,-97,107,11178,-5022,3237
16,-48,-117,11202,7488,2722
80,50,126,11267,4763,-6423
49,-110,-116,9081,2999,-7490
-18,53,125,6603,10890,-5934
-46,17,118,5527,7564,-6443
-5,23,72,-265,10679,-10600
16,-33,42,447,10253,-11085
-23,-7,39,-4403,7862,-11873
95,-99,-21,-5940,11047,-10394
86,12,15,-9173,12457,-10268
-9,29,-102,-8372,20624,-12775
-57,-72,34,-16661,-10136,-12598
-64,105,43,-16089,-2646,-10604
118,-17,42,-15253,-4443,-10613
-69,25,-47,-18654,-5825,-3283
127,108,82,-16618,-4471,-804
108,23,-112,-13659,-5930,-2493
76,-123,-5,-10462,-6217,-2693
101,62,-19,-9095,-2970,90
105,-74,-18,-5253,-12290,-942
-49,126,-27,-3092,-12878,407
-64,65,-87,308,-22681,3090
-39,82,125,1481,-18986,4685
E
-60,-8,-37,8539,-2084,2313
104,1,66,7243,-6915,2107
81,-3,49,10680,-2360,2536
75,-17,91,11950,-6533,4963
60,-53,108,14185,-3488,5778
4,-86,-39,9514,-5130,7652
-29,100,-25,11542,-3813,8868
103,-5,35,16903,-2110,11803
21,46,-85,11792,-2878,12784
-99,22,-23,14727,177,8412
-40,61,79,18352,756,4379
-31,-110,127,15943,3392,1277
105,-28,-16,12353,1938,-3946
125,-83,-74,13225,2887,-3826
-31,81,61,6006,8014,-11835
-32,28,57,6626,6537,-10823
87,-61,-81,1309,9767,-14022
83,101,121,-1001,6340,-13986
-121,-89,61,-6537,3568,-12592
-51,108,10,-5950,11247,-13829
-97,-14,109,-9848,3399,-16830
102,123,90,-13245,6427,-11527
-56,-10,-23,-12276,7834,-10071
-13,-17,42,-15493,-6687,-6377
-78,96,49,-14118,440,-5303
-120,-9,-101,-14501,-2866,-3063
99,51,9,-13856,-1622,-1158
100,17,11,-12561,-1689,-1239
53,-77,-81,-7768,-12638,-670
72,-81,-71,-7410,-12787,929
-34,78,-13,-6051,6268,4603
-102,82,-34,-5749,-4123,3953
-52,-2,41,-2447,-13505,6683
112,-30,-11,-1472,-15110,9732
-39,-64,-38,-85,22647,7163
-73,84,88,8803,-7007,6622
97,-5,-3,17304,124,7608
63,0,-115,15322,-340,8975
-123,-128,77,17037,5264,8309
27,126,28,18254,-2478,4993
E
-17,8,27,15523,-3752,5738
0,87,18,13305,-3397,7879
-5,102,23,17340,1599,6118
-30,-95,43,15924,827,2786
-58,-8,14,14521,1781,578
-62,-24,-22,16154,4233,-2185
85,109,-123,11721,1541,-7325
95,95,-126,11307,3671,-5050
44,90,-65,8789,9517,-10418
60,74,-18,7847,6777,-9741
61,58,-48,3404,3605,-6309
106,55,-114,2928,14108,-7856
-93,22,-39,-452,1693,-10695
114,83,-73,-2271,3792,-6330
72,95,-83,-3327,4496,-14661
70,91,105,-2014,26019,-12711
-120,-107,-116,-6006,5181,-10470
-33,-30,-93,-7169,-4003,-5109
-117,-32,-31,-5923,2987,-6967
54,63,-35,-7389,-3338,-1662
46,46,-22,-5324,-9805,-2938
-117,-14,-27,-3879,13207,-7793
-98,-7,10,-6535,4195,-6238
33,-101,-102,-5962,2620,-2715
71,-108,36,-4530,14455,-3254
-35,33,122,-8042,-6060,-4112
-10,37,101,-6403,1031,-4462
-51,-120,-65,-6357,-10260,-3024
-27,-103,-57,-7085,-9685,-3685
95,-14,37,-4499,5482,-807
67,0,-30,-4770,1472,-1449
48,-100,-108,-3062,6477,-417
19,114,106,-3783,200,-1465
31,114,113,-3849,-723,-1058
57,29,-111,-5491,-9475,-1760
76,41,-81,-6000,-9417,-1113
-9,13,-79,-5583,14434,5263
-94,42,86,-6096,-2572,2221
113,102,102,-6946,-8844,4596
112,-107,112,-6608,-9079,4330
E
113,-9,122,-5999,-14515,5515
-109,6,-101,-1867,-1882,6003
-87,79,-110,65,-13666,7328
-21,-123,-86,1284,-6084,9876
-13,22,-100,6291,-4054,14079
-58,-120,-79,6967,-11956,11207
59,-15,123,16885,-4680,3759
85,13,-32,20587,-4146,3167
83,114,22,17495,-14416,3533
70,0,-112,16713,-12367,2733
51,39,-1,19773,11933,-1606
-121,-64,-117,14127,2763,2652
-111,62,-11,14084,11112,873
-46,28,69,11561,7814,-5759
-54,64,-31,8398,8234,-11099
72,0,-37,909,6868,-17538
57,90,-61,219,4989,-13900
47,-95,118,-868,17575,-15116
-86,-52,-77,-5823,2577,-13615
-22,-23,-26,-5950,11441,-14415
70,85,9,-11760,-7456,-12811
-56,39,-87,-23179,16690,-6446
35,-119,99,-2096,-375,3237
-5,-101,116,-15075,-21774,3306
61,126,13,-8616,-23927,-5670
-113,-68,-76,-5906,5014,-8289
-50,81,68,-8468,-1681,1200
-9,48,-46,1459,-379,-7385
-35,30,-22,-2362,-10596,109
74,-4,76,-976,-19320,-1138
-67,-83,20,-2354,-31305,-352
-63,53,-8,-904,6849,941
-28,77,-43,-5266,-28803,1619
-83,32,16,-4717,10972,3520
116,46,-84,-4192,6207,3822
78,94,95,-6295,2057,8186
83,-126,78,-6360,9815,8711
6,113,-105,-9283,2129,2994
9,55,-68,-8416,-2604,3163
-12,4,-2,-6200,-5132,4874
E
17,55,-21,-5803,-3363,5471
25,-123,-6,-5087,-6395,6554
68,-38,70,-2256,-10368,6726
-118,-32,115,-146,-11889,6807
16,6,92,3694,-8383,5510
18,-5,96,4444,-8005,5455
-101,48,18,7820,-2511,6672
-57,30,-73,8590,-5675,6956
3,-40,52,11973,875,4466
-7,-53,58,11698,4132,3710
32,79,-20,9060,-890,6249
29,7,16,11193,-10502,5259
-37,25,88,14377,-2917,-3151
-55,13,-89,11830,-11666,-5103
-60,96,13,10275,-9440,-4404
-20,101,20,13280,5431,-7128
-127,119,28,5569,-2416,-8803
-128,-51,-9,6240,-848,-6940
117,-64,-87,5186,12682,-10008
100,-27,-48,3949,5640,-9524
23,-60,-78,90,14135,-10231
-14,-56,-91,304,13127,-9529
-64,-122,-62,-4190,-75,-11985
113,-6,-47,-5854,747,-11317
101,-12,-45,-6858,382,-10375
-45,53,-82,-6761,4637,-9047
-41,17,-124,-6902,3228,-7940
88,-73,-56,-10285,-557,-2466
123,-91,-74,-8823,956,-2950
84,-43,-114,-10359,-2817,-2303
102,-25,-123,-10444,-4205,-1414
-86,20,-36,-7275,171,3941
126,60,47,-7598,-1889,1955
100,16,-45,-5541,-5253,1144
107,5,101,-4313,-5746,3808
82,16,48,-2724,-4017,6080
19,21,40,-795,-5651,6198
-43,45,76,-816,-11342,7762
-122,-123,71,1057,-3707,10737
60,-77,114,3714,-4649,9197
E
-14,59,-25,4036,-5806,8759
9,74,-38,3599,-2887,9853
-35,66,7,4649,-1854,8876
-17,28,-11,5011,-2660,8358
58,-63,-38,8171,-4614,7860
81,-50,-58,8028,-468,9448
-22,84,44,10817,-5704,6052
-38,47,15,11351,-164,6514
28,10,36,13759,2619,2193
14,-25,59,13430,-1461,709
8,15,123,10796,4360,-1242
17,19,-92,11696,3757,-1852
39,49,-82,10799,739,-6915
46,23,-57,8555,4310,-5325
100,-25,-16,7228,7527,-7704
-54,-67,-107,2557,-202,-11888
-40,13,-127,800,2177,-11028
25,126,-90,-364,10749,-12392
53,-57,-14,-1515,14528,-14152
4,118,-29,-5242,7277,-16617
-94,-60,23,-8140,3603,-12838
17,-11,-87,-11925,-677,-7336
0,-67,-34,-13499,-1616,-6051
-9,67,10,-16519,-4686,-3158
10,-54,-116,-13185,6427,-3638
-78,5,90,-15792,-3599,-2285
-48,-87,21,-16770,-935,-1671
-24,-38,-120,-14940,-4062,-3057
3,-45,51,-16195,-5582,-2117
26,-32,5,-15690,-7013,-1359
12,40,-96,-17849,-7086,-1599
-89,-40,11,-12578,-11064,-653
87,-6,28,-6569,-10827,424
32,31,34,-4391,-7357,2477
-62,97,-92,-2355,-8468,692
-91,62,-28,1525,-8060,92
-109,52,26,4070,-5051,1238
114,84,-127,6069,-6537,2627
118,94,-116,6662,-8373,2066
126,-79,24,10638,-4878,2194
E
-126,-77,-8,10238,-6484,1472
-48,69,33,12947,-5938,4870
-52,71,15,10855,-6009,4590
3,-109,-32,10982,-3117,4213
3,-112,103,12480,3061,1581
-6,64,-95,11210,1162,-2482
-9,33,-93,10355,1999,-1287
55,89,-55,8063,10365,-1005
84,77,0,8159,5378,-3426
-66,-113,-7,4857,6326,-2065
4,-115,-26,3794,10352,-838
125,51,31,3077,6428,-6919
-13,62,-88,-1963,5022,-4937
44,123,-99,-725,12853,-6652
-59,-43,76,-2682,9676,-9174
-83,-19,87,-2996,9758,-9673
-58,-10,-119,-7167,4529,-9186
-92,-39,88,-6489,4638,-10084
21,113,63,-8465,-2108,-9295
33,89,31,-9671,-526,-5898
-7,97,-108,-10900,4453,-48
-35,28,-57,-10644,1303,-1798
-122,-127,-126,-9272,-2663,-5645
-124,1,69,-7102,-2940,-1983
-96,0,43,-8657,-2254,1333
-87,-58,17,-8528,-5772,1335
-45,80,70,-6583,-7507,604
-9,61,11,-5417,-5999,1863
10,45,-54,-3483,-6246,3470
17,5,98,-1853,-8216,2970
14,12,103,-1614,-7639,3418
-14,-12,19,3258,-9566,5805
-20,-5,48,2604,-9802,5345
-71,-1,56,5120,-8971,7676
-81,2,63,6274,-7526,7871
51,63,-58,9699,-7917,7147
80,78,-49,8596,-7680,8144
42,-63,39,8973,-6463,10741
37,-71,20,10389,-3542,8092
-17,55,76,10440,-4103,475
E
8,65,49,9944,-4752,2492
53,-56,-59,12668,5946,526
25,-60,-48,11128,3998,-998
-57,125,113,8410,5204,-2974
-44,85,92,9985,7438,-3625
-119,109,-34,8078,7016,-4452
124,98,-84,5787,10284,-4431
-127,5,113,3467,7930,-6555
126,-14,113,640,7033,-5669
-122,-49,108,-1080,8480,-8858
-102,-82,107,-2884,12503,-9941
-39,-86,88,-3105,15143,-9814
7,-68,80,-3483,13338,-10017
33,3,-66,-10372,-551,-6604
21,13,-56,-10361,3157,-5162
36,-125,-127,-12390,-4266,-1669
9,-124,-71,-13030,2256,-2857
-25,115,39,-13086,1345,-2724
-54,64,65,-12089,-1344,-2725
-85,-42,91,-10328,-2782,-2254
-79,-87,89,-9667,-3936,-794
-52,90,48,-7133,-4812,1185
-49,88,48,-6179,-6443,366
57,-23,7,-1486,-10465,1291
69,2,12,-1690,-8773,2166
-66,-7,1,1644,-11222,5170
-67,-7,10,2138,-13140,4979
-124,-23,-45,6444,-10948,6912
103,-18,-48,6031,-10917,6550
-57,-32,125,8089,-9843,8248
-78,-43,120,7943,-9248,9051
-125,124,49,10070,-2087,11528
4,9,-128,8454,-7180,7103
9,25,-122,8314,-6185,6161
-59,-19,-125,10303,-3267,1916
-40,24,-68,10015,-7718,368
5,93,-91,9721,-146,2375
-15,-112,-79,10677,4657,312
-49,-32,74,9796,-3807,-3602
-30,10,63,8003,625,3027
E
-36,-125,-21,8770,16762,3552
91,66,-96,6005,-1396,-4564
56,-88,-70,3516,5774,-5661
44,-66,-93,4127,7218,-6406
-11,-2,-72,1370,3213,-4928
-39,52,-94,-221,5538,-6074
-57,63,-81,-1977,1267,-3637
-74,120,44,419,14711,2522
-95,122,7,1514,13715,-11
85,-98,-42,-1451,-9879,-652
-102,-77,-34,-652,-304,3454
21,-22,-47,-1379,-2592,10516
108,-4,14,-2595,-3160,11858
-47,-94,120,-3117,-4915,6589
-59,75,-108,-5549,-6114,8979
-8,-50,-40,-13534,3445,12188
-77,47,-76,-16528,-8124,6843
-86,20,0,-19680,-3080,4519
-115,-67,-26,-19667,-6652,4844
41,104,-124,-19771,-7496,2230
4,-31,-66,-16753,7338,-2312
26,0,116,-15907,3934,-10226
66,-51,-107,-14162,3861,-10027
72,11,-4,-7019,15291,-15523
-24,79,-89,-6722,9307,-19685
-51,-53,40,-2373,12372,-24245
39,91,11,-1576,7275,-23448
-62,46,-119,3298,16379,-23385
-102,55,73,8943,-30087,-20175
-48,92,29,5796,-9014,-13157
-124,120,120,10372,19556,-5688
85,64,124,12169,10161,979
6,42,33,12269,10613,-761
-50,46,-39,14509,6208,-1360
-123,-44,-1,12559,3871,5369
76,45,-24,13792,8755,8386
-23,-87,-128,13673,3825,11680
33,-83,-51,10033,29218,14476
-64,123,82,21372,-17123,11796
47,-112,-109,11019,-7374,18002
E
-103,-94,31,4028,-13756,12908
-116,-34,-18,-1909,-14305,11500
-35,-29,7,-11134,-27725,17839
90,-56,-46,-6024,20802,12628
-54,45,94,-18363,-26385,8811
124,-74,-76,-22405,-26028,8172
2,100,16,-16011,17044,4666
37,-110,46,-18137,-4057,-2714
-27,-83,-22,-15061,16057,-6650
18,34,23,-15044,9005,-7036
-62,-90,35,-13920,6283,-8475
116,-71,62,-9745,14488,-11666
-99,93,-97,-8101,10684,-13099
-83,-52,119,-2884,11633,-15844
-93,-20,93,-2389,3311,-13950
29,103,90,-990,-5058,-12833
-86,-89,-9,3562,22153,-10740
-37,65,69,8968,20039,-573
106,48,103,11516,18550,-3135
-108,-85,-36,12177,944,-7075
-79,47,-57,11116,7264,-4225
-108,-74,-47,10915,988,5468
-38,60,91,14391,2651,8731
-11,109,98,9437,-14313,10428
-12,5,32,799,20133,-88
-22,-91,94,30889,-13135,109
-94,-91,-117,9028,27257,9405
-65,126,31,10886,18567,14795
-38,-9,-119,740,-20005,20966
73,-34,-60,85,-3815,18891
31,73,17,-8808,-16382,20696
-65,12,-33,-16896,22327,22160
-59,-53,43,2056,-376,13980
73,94,-108,-15233,-1288,1257
-112,-120,74,32331,10853,11462
-45,10,100,-6583,-376,18693
-52,39,69,-16245,-16090,-6640
39,-73,26,-15527,6836,-2542
-73,5,-65,-12871,9975,-5197
-111,-77,70,-9289,10178,-8201
E
-59,49,69,-9158,-1150,-9227
49,43,59,-7695,-3252,-9844
-38,-25,105,660,23254,-11284
6,-26,30,-298,7126,-10033
-53,-6,19,5751,-28460,-8597
-77,56,-59,5448,16663,-7292
90,79,-15,6925,14823,-8780
89,1,-56,7249,-20,-10255
-123,5,56,7781,7484,-7957
-115,-25,122,9657,7432,163
82,5,126,9473,3984,-2360
78,56,-68,9316,-10164,-2924
118,-113,-118,10197,-30715,-3010
36,-48,22,16890,-10923,8871
66,0,112,7147,-3782,10085
88,-91,-67,9717,3857,7567
-112,78,70,8688,-10723,8888
-59,-107,-76,4835,-4584,11797
-106,7,-50,-87,-17253,11390
-31,102,63,-6266,22386,9485
-47,-89,-65,3107,28296,14624
96,17,10,-13038,27385,14422
-119,108,7,-6158,12706,11393
-36,17,120,-15139,-11254,9764
-34,49,-78,-13792,842,6990
-3,56,12,-15663,-2256,3558
17,34,-82,-15091,3759,410
2,-18,-30,-14880,5376,-899
-44,-91,42,-13363,6898,-3122
89,14,72,-10538,11974,-5707
-2,-49,27,-9198,9861,-7210
-72,76,-94,-5932,11403,-10441
-35,40,50,-3617,13180,-10837
109,-21,-63,744,6181,-11542
2,11,-47,-1218,309,-8638
-107,33,-81,1834,8287,-5925
-17,32,115,12141,25998,-6055
-79,71,46,11850,7864,-7316
-63,-101,-52,8838,1513,-2368
-48,11,9,13224,13381,2342
E
92,55,44,13632,2199,1224
74,-89,112,10886,-6673,3732
-75,46,-114,8556,-23850,7782
-81,47,-103,13863,29043,-3271
-2,-26,24,15014,18627,9769
67,-51,-96,12620,1789,7481
50,-16,-93,6152,-13071,11055
-59,-95,-37,3422,-11298,12895
-72,-10,84,-3926,-13988,15746
-43,-49,122,-9035,24121,14417
20,35,-20,-947,30701,12067
51,112,-29,-12643,-29888,10327
-39,-32,4,-7973,22377,4132
-106,28,115,-14934,-10063,3774
120,83,-36,-16402,1279,1561
-120,21,-18,-15760,5548,-1436
71,-89,-75,-15957,4230,-3412
39,61,-116,-14662,11535,-2647
-118,107,54,-12380,9489,-4863
111,35,-108,-9775,11979,-8630
-79,-78,109,-7209,9085,-8980
62,-52,-17,-5556,7224,-5757
-6,14,-21,3055,28806,-6708
-103,-20,-43,5818,-28722,-8194
104,62,112,10357,9693,-9478
-105,122,-11,10938,14950,-5942
-91,67,7,16777,7800,874
100,-79,48,14609,5163,1438
63,59,-98,13511,-960,6003
-128,-1,-104,11965,-20913,9787
-115,-39,122,18391,-22516,-361
-44,47,101,20326,17933,9594
-121,-28,-109,21108,16767,4755
-39,-38,-4,13381,-18654,7587
99,-109,-126,12251,-7425,12242
-41,-6,-75,5462,-19183,17222
90,91,18,-2004,-24662,13140
61,-10,-45,-2017,8099,19254
70,96,44,-12453,-31471,18563
-31,-12,-57,-11410,14466,18493
E
118,-109,12,-20688,-18639,15437
10,-7,-113,-16598,8046,9981
-14,-80,-126,-19054,-4414,4465
-52,44,29,-16887,11258,204
51,60,-26,-16298,7381,-7765
126,30,-85,-18957,3015,-7011
39,93,30,-15205,12812,2420
2,-57,-81,-11000,20923,747
25,-4,-68,-10031,11610,-14625
41,-7,-65,-4337,3481,-22245
-60,11,127,5,9507,-14924
7,119,-9,6242,8588,-12607
-37,85,-34,7338,20313,-12273
-128,109,-122,18750,27529,-9823
34,65,50,14730,-8365,-5594
93,-24,123,17485,11325,-729
11,-37,-41,15722,9162,5303
103,31,24,15187,1489,3072
115,19,-121,14954,-4834,-44
53,-8,56,9832,-27855,6827
104,-49,16,15439,-26594,2845
-91,-106,-44,16675,11743,12415
32,-40,-123,19177,30871,9804
-103,-75,-92,1068,32142,26597
45,94,93,2657,2186,22456
105,-29,66,-7356,-18332,19959
-30,98,-18,-17022,22545,16693
74,67,10,-2457,-16727,7794
-51,90,-69,-9189,5893,754
112,-79,-30,-19500,24742,-7003
9,-55,68,-12275,29596,1553
8,7,111,-23093,-8043,-767
42,-9,35,-21619,-2337,1487
77,114,-122,-17921,14999,1696
-26,52,123,-15885,5298,-3969
-6,85,-75,-11047,5668,-9655
51,-72,120,-7560,4654,-11012
-109,127,100,3285,14190,-15291
113,29,7,6023,6873,-14153
27,56,87,10480,13461,-14374
E
-115,-128,54,16106,24229,-13634
96,-34,64,16481,-554,-7669
-94,120,84,13857,862,-2152
45,-10,-50,14246,4455,3135
-13,120,-88,8493,6385,13409
66,103,87,9715,9887,15652
-115,-77,52,16715,2141,11039
17,94,-51,7788,31730,9147
-103,100,-14,6942,26382,1924
-4,-64,-44,20107,-377,13164
-82,21,56,542,30629,7160
121,53,55,-1151,-2820,13528
-2,20,15,-5382,-11378,19744
0,-75,82,-8126,-15741,19137
67,43,-55,-13491,22667,13872
-29,-125,68,-1777,-14198,4142
2,57,96,-27899,4232,12227
-1,-22,52,-21280,32392,-556
-46,119,-81,-12860,20763,-1182
-88,-58,-118,-16516,6075,-1238
-21,27,-80,-13552,-24572,-4498
-106,91,-105,-15835,3589,-5785
53,-76,-89,-9412,7194,-8449
-58,41,107,-7672,8416,-8087
-100,-30,72,1228,11625,-12258
-18,70,-74,3536,10732,-12928
44,107,112,7571,8970,-16163
14,-33,101,13546,-23916,-14266
113,46,-67,11992,-13525,-12662
-89,0,71,13584,2471,-4091
-71,-45,71,13154,6799,-2599
-115,49,-18,13634,10045,11911
-101,4,72,14032,4042,8063
-75,-90,104,9173,-26788,10639
108,-61,-95,18750,10482,6014
-55,83,-82,14282,-9084,8318
-87,-65,89,19782,-24957,5994
-101,84,66,-716,-23926,21481
-86,-88,-87,587,4275,22826
-86,-17,-23,-9455,-15093,26469
E
-113,-9,-109,-16614,20796,25548
77,87,-65,-71,-377,8345
68,-45,-120,-13413,-8485,10538
-40,67,-120,-15104,14608,-4783
98,-81,-23,-18022,-6739,-3263
66,77,-127,-18475,1807,-3043
119,105,-57,-16174,16110,-6559
90,99,113,-16345,4603,-6696
-13,-111,28,-13923,4698,-8691
85,-4,-50,-11909,-7076,-12576
39,17,-62,-4975,12145,-14811
-120,-66,32,-3464,7567,-14368
-7,-24,-112,7620,-22817,-12515
-60,-78,58,12304,19911,-16709
-32,-47,14,9805,-5108,-10344
-105,-53,-31,14821,12515,-7913
-94,80,-110,16329,-788,-9228
-72,84,122,12964,1999,-539
27,15,34,14496,4545,1419
42,-112,-85,17630,-15153,3505
81,-18,-32,18524,9591,7199
91,-16,-117,18100,16302,8661
-104,105,-89,14865,-2113,14622
-11,96,-111,14475,132,13834
108,-77,46,3162,-12497,19606
62,83,-102,-2591,-25972,22917
-7,29,-109,2923,22763,21300
-84,63,-20,-11755,-11172,25821
39,-42,26,-18451,-10855,19207
-3,-65,116,-19391,3249,8239
41,99,125,-23112,-13323,8641
-60,48,121,-18198,18696,-1170
-63,-77,-64,-19564,3334,-5640
70,8,-35,-16839,10236,-10975
-98,-52,14,-15307,9407,-9743
-43,-36,-88,-10639,13467,-13870
-114,9,58,-7512,8649,-13775
-18,95,-85,-1818,6180,-14736
-85,80,125,1596,10306,-13864
7,51,43,5579,5818,-11860
E
37,32,31,11840,-28703,-11008
-14,65,65,13030,-9384,-615
18,72,71,16004,13190,-5349
116,110,86,16320,2218,-3044
63,-64,-76,14942,3036,-1121
-49,8,-58,19699,4621,-563
-41,41,-94,16522,-2392,4186
-122,-31,-122,18354,7024,10749
37,8,-77,13740,-26199,7058
28,-121,-1,17329,-3033,3673
66,59,-36,14920,18013,11759
112,113,78,5645,10430,18030
-41,-112,-90,-6280,-11134,18723
-2,86,-10,-13340,-10690,19636
-28,-125,-82,-18166,-25240,19115
-106,-121,-67,-7113,-7126,11736
93,-101,108,-24161,-15300,2500
23,93,56,-29013,15519,5022
-100,-7,123,-14697,-12754,47
44,107,9,-20971,-8152,-8521
-56,99,-1,-17329,2753,-8345
-123,66,58,-12210,22236,-10785
82,-66,-56,-9317,3182,-13030
21,92,-74,-7579,6270,-11501
-50,-96,31,-2664,13371,-12142
-44,66,-99,132,10622,-12831
97,-125,-85,6827,15299,-14859
9,84,-60,6842,2310,-14689
0,45,19,13147,-30564,-14190
-128,90,2,6891,-8796,-5160
-91,-72,-59,10343,13812,-5312
-8,13,70,9111,9605,4766
-87,22,76,8350,9070,5718
-26,-127,-51,13142,4531,7981
124,14,-117,15806,-5179,10150
-62,-84,119,13019,-23200,14224
-52,15,127,23616,3487,6185
-62,4,113,20286,-20044,13453
81,-124,61,5921,-22180,18345
-115,-61,-48,4053,339,18468
E
77,24,-75,-9647,-14407,18145
93,-45,63,-14012,-23607,17463
107,-125,-123,-20003,25365,9814
111,66,21,5423,-381,263
98,36,38,-27257,18526,12741
49,-119,-60,-18836,31990,-6380
122,-38,112,-18947,5939,400
-2,-62,-36,-16061,8204,-796
61,43,-87,-11320,18523,-10364
-1,52,-10,-9593,23084,-10408
-58,19,42,-8956,-1260,-12367
72,31,-63,-8273,7854,-12270
40,-39,-119,763,5026,-13540
80,18,-51,-618,1100,-10678
-118,-16,-103,1360,-4641,-2818
-7,-63,51,5094,884,-7710
34,-72,-66,8366,-27708,-1621
-128,-82,2,2531,-5220,-3385
-86,-93,-50,4533,13107,-4739
105,-122,67,-1952,-2497,-2002
-113,-123,5,-558,1309,-964
-99,70,-61,-1898,-17670,1049
-96,82,-10,-1588,-22005,-779
91,53,14,9461,-28943,-7339
-70,78,-11,-1197,-4483,-1206
118,85,-18,3653,17108,-5592
63,67,32,-999,-938,-3337
-109,16,100,-1350,-2519,-4021
-22,16,76,-2491,-7090,-2496
-126,51,67,-4316,-16092,1429
-89,71,0,-5632,-26955,1355
-4,100,72,-3940,-20749,3333
-56,-49,43,2223,14494,9619
64,-28,118,871,-10134,11117
15,101,99,4667,-175,13453
-1,117,126,4440,-2975,12361
88,123,77,11611,-8909,10606
-78,117,73,11665,-2132,11599
33,22,-52,10342,-7789,10839
95,-53,-97,11530,-4233,9418
E
-104,55,12,14297,1506,5412
-77,44,-118,12084,1330,6538
-43,123,-121,15637,6903,-742
-59,-83,75,16322,4166,-6678
-82,118,102,10366,-500,-13446
-16,22,-61,7209,2790,-15368
-6,-90,-111,-3350,9009,-15011
-77,12,-66,-8249,10392,-13195
-61,-4,68,-14879,12666,-12842
-22,-92,-57,-15306,19418,-14187
-71,-89,18,-19107,4879,-12063
24,-72,114,-18635,2343,-5571
3,78,32,-17819,3250,-2421
-72,21,-34,-22133,-29437,8989
55,-1,-103,-15377,-14918,4131
102,-34,-16,-15600,23897,1767
125,107,-66,-10042,-8675,2652
32,-109,76,-3382,-10773,4775
-36,-101,23,368,-2747,8543
-21,-86,7,4486,-8457,10693
-59,-79,-120,3353,28301,5158
89,-28,83,13011,-7417,6692
-128,-9,-125,11252,-16132,7307
-65,-86,23,15972,-3725,4594
99,-96,-31,14724,-13469,4634
-33,53,127,15120,8888,2460
-98,28,-99,12573,3910,2467
79,19,117,10586,8601,-4391
28,24,61,12710,8534,-5803
-67,50,-28,12022,17836,-10770
-111,82,-23,8147,12654,-9207
-111,13,-76,7837,22446,-6951
-27,-99,-42,1613,15149,-11173
-23,60,-97,-9466,2691,-18093
-33,115,-57,-10813,7793,-13730
-26,-87,56,-16399,-18207,-8946
13,119,-99,-9551,-17790,-5706
-17,-128,-99,-15778,-455,-6279
42,26,-81,-14106,18788,-1848
-6,-63,105,-19806,-20141,2627
E
-88,64,110,-11741,-4938,-633
-113,31,-82,-11307,-17254,641
50,-67,-122,-4274,-4675,-183
-120,120,-10,-3170,-20970,1402
-115,75,26,842,-19068,5495
42,21,100,5159,4050,8341
20,-75,-113,4319,-22103,8867
93,-114,-28,5242,-10139,11688
-4,-82,92,7953,-10645,14576
97,49,83,10517,-14154,12523
-67,-62,79,12631,-5277,11040
-96,110,-23,13141,-746,9194
14,-125,110,15052,-2390,2998
110,-59,54,18958,4441,-9740
-102,124,-108,16808,3027,-12039
121,-68,-113,15312,13142,-15144
-71,23,29,11911,13240,-11928
-105,-122,-128,10070,16193,-14408
80,-113,-64,-1590,11458,-13941
-97,-74,-13,-168,13162,-13353
-16,46,-68,-12368,2427,-14968
-94,-90,-55,-13702,3451,-13546
-57,-31,-29,-19535,685,-4450
119,99,52,-19167,-12607,-4045
113,-121,-45,-12769,22975,-4297
3,110,-56,-15845,4634,-3444
68,-107,-65,-11410,-27474,2296
-75,2,-115,-11451,-25273,-735
21,3,-93,-10087,-23127,2062
-52,-111,-42,-3459,4468,6670
-90,118,73,-3973,-27105,9629
-21,-13,-109,4295,-5553,9043
-23,-48,-55,8130,20843,10866
18,50,0,11407,17415,5282
-16,50,-83,16290,-17236,13838
-125,98,-41,11128,31447,10318
-16,-97,113,10565,-14533,11594
62,5,-44,12636,-1058,9066
64,26,-39,12160,-5512,8773
14,-5,38,11934,-7896,195
E
92,0,-89,13587,11954,-396
-60,-84,-69,14858,7871,-5631
-122,113,-57,14565,18178,-3993
56,99,-128,10135,748,-13964
6,81,109,9446,-821,-16672
-44,61,-85,9726,10208,-16080
-105,56,-48,5786,9222,-14604
-8,-126,-88,4057,10328,-14881
-7,27,121,-655,6451,-16677
-74,-24,-65,-2928,5075,-16802
38,74,5,-13090,1647,-13996
122,45,-34,-15193,-2600,-9789
127,-32,-27,-22889,-20899,-2500
9,-108,-66,-10775,-16974,-578
102,86,40,-15656,7468,-3858
-118,126,52,-13463,-7914,-6392
16,116,-12,-12589,-9363,-4033
90,57,-110,-11134,-6856,-3235
9,-87,77,-5161,-14226,2162
19,-76,37,-5779,-9175,2058
-58,47,-107,-8553,20823,6007
-19,-25,-41,-2772,-14895,8143
42,73,-36,6093,16378,9449
7,38,96,-220,-32659,7901
-18,-32,118,5752,5283,13195
19,53,-122,9812,-9311,13467
97,1,6,11594,-12076,13482
42,18,25,11918,-5052,12744
61,69,45,11392,-6664,12656
40,58,125,10647,-7289,3456
111,19,84,10746,-7754,2876
126,113,-15,11321,-5635,-486
-104,-73,-97,13912,6237,336
72,-55,-16,15045,7022,-5459
29,114,-52,11906,3595,-8948
33,-80,45,11162,9827,-13550
70,116,71,10358,6540,-13589
-78,-76,92,5854,15759,-15662
-36,-11,119,4261,13672,-17876
-79,23,-71,-5549,6120,-18863
E
96,118,-123,-4204,10045,-17612
-11,-94,-106,-15674,2529,-10870
-83,-8,-76,-16141,3298,-7671
-118,113,-68,-16352,-558,-5132
111,66,-2,-27858,15359,-6409
-118,55,-97,-1280,-384,8225
-107,38,-85,-22876,16991,-894
65,96,-105,-11735,27523,1555
119,-72,-65,-11654,-10385,3983
-94,124,-3,-10470,-14647,2697
-96,23,-112,-4761,180,1017
101,56,-72,-7674,-26018,7919
-102,6,86,-1279,-13400,9213
121,34,115,-1033,-25423,6946
-72,69,67,5646,-18826,7969
41,72,97,7657,-1968,7460
122,-27,-56,8988,-10138,12853
60,-81,-74,12009,-8151,10515
111,24,-70,11723,-1465,8679
125,-113,-98,11222,-3623,7379
-66,-4,53,13530,-10502,3252
-42,11,-49,13779,-3020,276
-58,-43,-102,16573,5788,-3296
-87,-127,74,15207,8057,-5441
-39,96,-58,16526,7536,-11558
19,-57,27,13328,6589,-12751
-5,9,-40,9543,11147,-14172
-91,22,125,5407,11046,-12404
-73,100,-114,-906,18328,-8936
-78,-71,76,-3112,12350,-13481
99,-120,-26,-10208,3568,-17898
2,8,-41,-11971,6238,-12471
100,13,55,-12640,4627,-12124
48,-80,-108,-18853,-18926,-11174
112,-63,105,-9463,-11523,-1055
50,111,15,-15294,-3044,-4458
33,49,8,-15714,-21863,-959
-81,47,32,-13431,-24624,76
-21,58,-2,-12116,-4656,361
-104,-37,-71,-7534,-5705,4184
E
-110,-35,-8,-8128,-6751,3669
-64,-95,-111,-4368,-7435,8435
-11,-128,73,-4755,-9859,9301
-1,54,-11,-1099,23875,11056
103,83,26,-488,31181,10725
78,47,-83,16291,-14137,19860
-100,100,90,11915,14500,14803
-28,-15,96,6745,25710,10816
-109,-93,-45,10079,-18376,8241
-14,-16,-56,16044,-3049,6886
-78,-27,39,14572,-8076,7041
-52,-125,65,16601,-9310,-2327
-36,-100,-126,17577,-8822,-3304
-33,-19,-7,23179,26417,-21665
111,-40,-120,17440,8789,-16612
103,99,69,11870,11566,-15980
16,-82,38,7732,10811,-13574
97,-60,51,2428,14840,-14155
-11,112,26,700,10797,-18175
127,7,37,-5347,6186,-20232
82,25,-50,-7543,9539,-18107
-81,-31,-76,-12344,-449,-13077
84,-57,111,-17445,2987,-1657
-126,77,48,-18466,4171,2897
-91,34,-100,-14376,8272,587
113,99,-12,-18480,-321,-1978
-28,-18,-18,-5285,-17979,-5901
-33,24,114,-10316,5243,-7041
109,51,57,-17095,-2999,7225
-100,-37,-30,-5515,-439,-8646
119,-98,53,-4084,-5165,-5436
-119,108,-65,-3822,-9969,-2588
-66,19,-100,-772,-14426,-580
-63,-61,103,-3414,30886,-4721
-36,-58,-96,6270,22372,222
27,18,-111,6969,13791,2633
59,105,-36,8146,3322,-1084
28,-103,99,12224,17386,-687
-112,50,-2,9191,-2763,864
-52,33,-13,11456,8596,841
E
-32,1,-20,17166,5091,-2662
11,-125,-73,15068,973,242
67,9,32,9743,-13905,11483
59,39,63,10700,-6696,13623
-22,38,69,11700,-1738,27640
-49,27,103,9194,-6190,24099
15,-35,-66,-1534,-24785,30656
-41,-99,124,-1514,29251,18444
42,-98,-94,5809,-1815,31837
99,32,-125,-28689,21527,22262
54,-94,50,-20285,-9391,23899
46,-120,-52,-28313,-18760,-3328
59,-107,70,-26318,-7650,-2108
93,16,-95,-23562,-1809,-5667
94,93,86,-19386,-2775,-10545
59,82,-109,-13550,16336,-16270
124,112,-76,-11687,-33,-17569
43,-3,-63,-7642,1249,-21526
-20,42,-57,-9104,-24681,-23521
61,-77,-91,-20922,23714,-28973
-54,-102,79,13633,-15028,-17546
-121,-122,8,7452,26468,-11574
0,75,124,7813,9305,-12361
67,35,-76,9574,-9349,-16652
-124,49,12,6738,-5705,-15121
-3,-127,34,10147,24684,-7096
-94,-63,-22,8916,17324,-5137
-104,94,-126,18332,5602,-5326
-108,74,50,8648,-8373,820
-78,-65,-112,13599,8918,4086
-124,-75,-78,12856,-1059,4093
112,-101,-8,14551,31338,10513
89,-85,89,10480,5130,11415
-121,116,-54,12975,7964,15609
-79,55,-88,13423,5506,14478
118,2,89,3759,-1977,20304
91,-17,-108,3806,-5035,19475
-6,50,-3,-143,-22801,10352
114,59,41,-3507,-14255,14314
125,10,113,-11535,5232,19900
E
-13,47,-51,-15150,-9589,15443
74,66,115,-21165,-9279,13720
-117,5,92,-22517,-4004,12919
114,-41,82,-21590,427,4238
40,-111,-31,-22301,5690,-1825
-25,98,94,-20939,1263,-6400
32,-115,-49,-16299,10363,-5894
41,-33,-11,-12316,10662,-9919
45,19,44,-11089,8312,-11937
53,110,108,-6098,8793,-13694
36,-87,-123,-1769,10256,-14501
-70,98,-48,6824,6055,-17816
120,-95,12,2659,-10826,-13700
39,40,-11,7696,5311,-18290
22,108,-8,13974,-30130,-19303
61,67,115,17644,21332,-17453
-5,74,-118,10189,-15237,-7683
-35,70,-64,14135,15437,711
44,36,-89,14526,14992,-962
-97,80,-97,12343,-5409,-560
-100,88,33,11457,1621,2920
-93,83,71,13581,240,7190
32,-120,-85,6134,15503,12509
-58,-121,-55,28425,13163,-15254
-70,-118,50,4140,-24113,27441
69,-94,-2,25624,-8547,20656
-125,65,-34,1000,-31083,20819
104,-9,-108,1245,10676,21133
-5,-58,-57,-6153,-23066,19210
98,79,86,-12297,22860,22524
-13,28,125,-2577,-4803,24199
107,-9,-64,-18734,-26421,16721
-46,47,-90,-12428,24891,10604
29,22,88,-25145,-19796,10136
-41,9,-55,-19356,12896,9527
55,-32,63,-18837,17788,1231
-39,-108,-80,-18389,11807,-7431
77,70,-59,-14382,15966,-12497
9,26,-89,-12005,9119,-14863
81,-39,3,-7302,12638,-16941
E
-109,-27,-44,-7745,4858,-16243
-81,-50,75,-1294,4453,-19475
12,81,79,1466,2816,-18210
88,-45,-8,16173,-18804,-16584
-37,118,89,7172,-12849,-10685
-125,69,-105,13099,16066,-13874
93,7,121,12725,-2733,-5459
-68,60,72,14143,13484,3925
-103,95,-44,16686,12329,3901
-128,53,41,7353,15620,7696
116,89,52,13244,30533,-9999
-39,-89,122,16164,14599,15149
23,-92,-118,16876,3271,7791
19,108,48,7990,-10373,13487
-85,-120,97,9451,-6758,13135
56,62,-48,1426,-16075,28194
8,-128,-10,245,-22650,28078
-121,74,53,3995,-7264,32184
49,86,126,-15974,-31761,22970
-2,-125,-75,-15053,13748,10934
104,-101,-123,-21918,-10148,8042
27,101,4,-21709,2908,3110
55,66,-54,-20509,11706,1310
2,30,40,-19059,8627,-1692
-50,-4,13,-14932,19583,-7421
43,-59,62,-11635,12348,-13822
71,-53,24,-9161,12319,-18421
-69,13,-40,-4834,11669,-19935
79,106,-83,-4,7290,-20172
78,117,-42,-369,-2723,-20119
31,-24,16,8765,15780,-21160
-115,-41,72,10399,27244,-19631
-12,1,-3,13474,5629,-5319
-109,121,-32,12823,6938,-5227
-52,-30,58,18668,18951,3329
-14,-57,86,16108,6394,1180
115,-89,105,16315,-135,8645
123,96,-96,16339,4839,10259
86,-77,113,12974,-12821,13567
69,-12,-76,1038,19370,14635
E
116,105,-50,-19107,-389,9236
-120,0,18,-10058,-387,29800
-101,100,60,2481,384,14065
103,57,50,-1095,4248,25795
-10,-98,-79,-19849,-25226,27107
-61,-119,92,-18907,-27341,15802
-76,-15,67,-15793,-30000,8682
65,-55,-127,-25273,-31209,4383
-43,-91,-118,-16400,32084,960
-108,-74,-73,-18123,11012,-3430
110,-59,-103,-17413,2768,-6256
119,7,120,-10390,18297,-11187
-53,23,94,-7199,7236,-15615
-76,40,50,-4755,8383,-18896
-106,66,58,-3009,3259,-18864
-93,92,-22,5386,12744,-17278
100,76,-68,7948,-4814,-21282
52,123,-82,15962,-17062,-10149
-119,-75,47,16646,-7962,-13732
126,17,-119,15984,19604,-7518
88,-37,101,15100,9045,1125
88,-71,111,14107,-4159,5819
47,21,-68,13605,6303,15258
0,73,-43,11514,-6127,16862
-58,-76,-58,11816,17093,1884
-33,12,66,29809,-10542,11984
-123,-76,-77,3720,27946,14935
-7,11,-75,14700,-25161,15840
119,-4,-34,-6133,-25676,21186
87,-2,43,-7190,-11021,22649
-30,79,8,-16512,-27832,18275
-8,-95,-127,-8721,-16190,22633
-103,-128,52,30568,3038,5207
-23,-88,110,-17984,-9425,2991
80,113,116,-18597,17223,-2445
29,37,3,-19080,-2551,-5833
47,11,6,-13093,29418,-10391
22,-35,-33,-14753,-1076,-11380
18,38,71,-8084,15468,-14910
15,36,69,-7652,11885,-15095
E
81,104,79,39,17506,-15919
104,-115,92,166,14986,-15562
60,110,104,3575,-8552,-12454
123,-22,-53,1243,-22845,-14130
46,62,87,18763,-9246,-5332
-4,85,96,8161,-15104,-3852
-55,45,91,14042,17777,-4943
-79,-17,-91,19946,9192,-4164
-46,-34,-77,15984,-541,-2609
37,46,-111,16264,4669,9045
58,2,-67,17738,3896,7976
-61,-84,107,13237,-19683,19442
-124,29,-98,16401,21700,24354
-18,-67,-44,4751,878,-25001
79,-54,-32,-14442,21034,27723
102,-22,57,-6054,-19720,24208
-2,77,1,-10279,7226,29574
55,81,-73,-17365,-20484,26304
47,77,-74,-16233,-2883,3999
-77,63,-29,-13759,-27287,9168
-48,53,101,-29347,4190,-1558
2,17,-128,-17743,14348,-1211
-7,-31,-97,-19473,12192,-4827
-90,105,-120,-19836,5104,-4885
57,119,28,-12916,22521,-8674
-24,49,33,-11321,7848,-10705
100,-5,18,-5165,12673,-14555
-21,41,-17,-2509,11516,-17971
48,-33,-1,2854,12972,-18907
103,-119,72,5149,4137,-16190
21,-113,52,18276,-20438,-16785
55,-128,-71,14459,12777,-15402
5,-102,-88,17072,11421,-2827
-1,-126,-117,17988,9029,1625
84,50,-104,18434,1595,5461
-106,-50,-73,16567,7548,7420
-36,-52,-26,17696,-6367,12683
-23,-57,-28,13252,16827,-1783
29,72,-4,17180,30842,14424
36,112,-68,8860,-21215,17854
E
41,-111,6,4275,4142,21482
-89,-40,66,-1655,-8314,21726
-62,72,-70,-10666,-20470,19843
-64,-75,81,-15490,23597,19840
-16,-104,43,-12696,-16951,18465
84,107,113,-30845,5131,7934
-70,46,80,-16505,13965,8135
121,103,-67,-21728,8932,2384
102,121,-14,-21192,6444,2162
93,57,-52,-15958,21479,-7107
101,119,65,-17266,12926,-4394
-119,-9,-12,-8984,15231,-14363
-108,68,89,-6259,12632,-17663
-126,66,-43,1127,25269,-22387
-82,-89,31,1829,15144,-18683
55,-67,46,4017,-17725,-19943
48,-113,49,-882,28628,-14761
20,-127,10,23224,-3650,-16998
20,-3,89,5278,-24581,-3660
-5,-43,95,19156,19849,4669
-28,-30,39,18411,24717,5043
-126,34,111,17415,-691,11871
114,22,-84,17371,5563,13366
69,13,-105,14843,-8536,17787
-16,58,-71,8075,-30967,17521
-31,-80,-13,32249,-6018,12857
122,23,33,-4319,22030,27212
-108,-111,-84,10625,19502,12733
-27,-108,-38,-7023,-7985,22077
101,5,-98,-14660,-27546,21245
53,59,-67,-8486,22918,17071
83,52,-50,-18448,-12518,14306
35,-111,124,-18465,-3752,9338
-115,6,-118,-21863,-12879,1927
-120,-96,105,-18988,14346,79
-123,60,-91,-18638,-1657,-5666
-116,41,117,-14967,13597,-9276
126,120,29,-13248,5941,-11881
11,20,-75,-7356,10900,-18082
-102,41,-39,-5329,13236,-17754
E
111,1,-17,-719,14644,-16628
8,-124,-125,2473,5162,-20200
82,85,94,-768,-21734,-20251
-120,16,-13,8666,23299,-22008
119,-4,121,7993,4396,-4400
85,18,-120,8440,4811,-636
80,32,-43,17595,29324,-3264
11,25,-27,14994,8295,-2182
-90,88,-115,17574,7365,2130
-96,114,59,18793,11016,787
7,101,98,19045,-6811,-4595
27,67,43,13782,-19136,915
116,-15,-30,6915,22357,-25875
119,-10,-85,26042,-392,30429
-61,73,3,-4504,-390,-5587
-39,68,68,8201,-392,6670
-49,-98,1,-1443,-21470,-1799
56,53,37,-3677,-9446,-4450
23,70,88,-7009,-14406,-2766
52,-23,-17,-4934,16382,-2417
49,-22,-9,-1350,-22712,-368
19,-93,32,-16094,20651,-5448
49,83,25,-7584,24290,-291
-46,-16,113,-16494,-19571,2193
115,96,-123,-14171,-1761,2463
80,59,36,-15343,-10007,4326
97,8,23,-14545,-7572,3989
100,32,-5,-13899,-3547,4746
-23,-65,-128,-12445,-5429,7879
-28,-45,-97,-9337,5233,7396
63,58,73,-7789,-8190,10773
72,36,-82,-6787,-7359,9601
3,22,-12,1868,-7527,11463
52,89,4,2806,1123,11558
111,-62,-114,-5180,5582,11886
-18,17,37,10973,-18898,13175
-36,-43,-79,9741,2941,11577
-25,71,30,13547,-21433,11642
86,-81,-1,13504,27053,7351
73,-36,-3,14088,31111,-1135
E
122,-106,-122,26315,-32430,3816
65,-72,-36,20857,15275,1022
19,-62,58,13160,-25404,-7293
100,127,-20,18819,30754,-15883
85,-112,48,9272,-2711,-17794
-14,1,-22,-317,3349,-20678
121,-57,-25,-3236,4397,-18338
-125,-39,62,-9359,7544,-15078
117,34,104,-14048,2826,-9121
-72,45,-71,-17119,5163,-5281
-90,-47,-61,-17617,1042,-5392
-49,79,83,-25715,14653,-2417
105,83,-31,-5903,-393,844
122,-106,80,-26673,21755,4489
-32,11,-90,-13207,22730,178
16,-106,102,-18449,-18007,9470
93,-52,58,-10271,-2663,7613
-89,46,127,-6304,-115,6283
-126,90,-116,-10421,-15017,9328
-99,-54,111,-1867,-30485,10941
68,-84,64,6590,-15367,10076
97,-80,-73,553,24892,7325
43,34,-88,13667,12402,8138
-59,12,-35,10752,540,8912
-68,60,-20,12734,-11604,6594
-73,14,-66,12710,-1053,5139
-76,124,80,12133,-6945,5885
-116,45,84,10686,-4564,6592
84,-66,69,9780,558,1907
55,-84,5,12620,8524,-5080
95,-86,31,11332,6849,-4651
-103,112,-76,9173,14576,-15015
-70,-71,-32,9466,14776,-13000
-56,98,7,4249,8975,-18888
97,-92,-27,2921,8120,-16562
-91,-10,-66,-1178,15543,-16552
-59,90,-7,-4048,6521,-22020
53,69,-13,-9034,2007,-22037
-37,125,67,-15064,-1,-13161
25,101,57,-17543,-3862,-5047
E
-48,-121,18,-23781,16845,8025
-19,21,42,-3065,-3204,2993
107,-116,29,-21685,21550,2849
27,-86,7,-19372,-7396,8895
46,-25,46,-6455,-18916,-6603
-4,-18,105,-12124,-21369,6939
84,74,105,-6697,-562,2802
-53,-44,-21,-5202,-24028,7455
-57,-4,-65,-1281,-29233,9605
127,110,-126,8624,-5318,16419
24,126,22,12550,21804,9816
-48,-14,37,23607,-394,2361
82,67,-93,22072,32375,14013
35,4,-62,8638,-26965,7649
-87,-67,111,13502,-19743,7188
-108,63,27,17844,4488,-1395
-40,59,-111,18624,10968,451
-16,-18,-66,14271,-6193,-6750
48,-116,78,14970,6121,-12028
-81,-32,-24,13824,9568,-12494
110,-86,58,11012,9173,-13426
101,81,-99,9789,15215,-12092
-29,90,13,2946,5906,-13958
-51,60,-57,933,5852,-12806
-16,-49,-125,-296,12344,-9178
-17,-113,116,-217,11807,-10351
-43,46,30,-7997,532,-7445
21,30,29,-5643,3617,-7942
-42,-99,32,-6941,4975,-4669
-46,-120,-8,-6577,7870,-4138
-76,107,115,-16141,29931,1697
-108,124,-14,-3215,15250,-7591
-55,7,-85,-9119,-5316,1822
-87,68,-106,-592,-32379,-4273
41,-128,17,-5379,23104,518
87,-52,-27,-11988,-11250,6223
96,60,-38,2754,6903,-1115
-122,8,39,-4215,2220,-2215
11,55,89,-3792,-19589,3116
-19,30,0,-953,3120,4915
E
-100,81,54,9107,-22798,3708
84,-45,-66,2334,-31170,5933
-58,-66,22,6964,12045,3468
-56,112,10,4384,-14799,2782
-83,23,-78,8380,7519,4482
-57,8,-23,8504,2948,5520
-36,57,-128,14886,5923,8671
-105,-18,79,8930,3119,9684
-36,-87,112,4377,-341,10616
108,-96,-107,3499,-9820,11153
-87,-90,67,4707,-3623,8469
-86,-39,-22,1952,11171,10662
17,68,111,-4039,-6680,11524
40,70,67,-3048,703,12120
-81,18,91,-9853,-5042,13390
-84,101,104,-10509,-3172,11091
-79,40,-106,-17843,-5834,8877
-56,-22,95,-16627,-4018,8759
-1,43,26,-21246,-11028,3855
18,2,-25,-21442,-6976,4297
50,-75,-46,-23108,-818,-175
19,99,112,-17963,-6119,-1398
6,114,63,-13113,-7289,-4378
38,-20,-23,-15252,362,-6228
-66,-26,17,-12046,-94,-11998
-25,85,25,-8699,-1521,-11818
90,94,-25,-9404,5331,-13910
114,-66,16,-7716,2573,-16705
89,122,1,-3110,3949,-17039
70,102,-2,-2392,2403,-16484
-18,-128,-109,3793,6714,-16676
6,-8,104,6368,7160,-18215
79,108,54,8717,7517,-16190
114,-118,52,12558,11177,-11586
62,51,-120,10171,15865,-7946
-125,-15,-57,11306,1933,-8038
-83,-15,56,13027,5,-1486
19,-60,-41,15277,12944,3245
-21,-80,54,15352,6526,1590
-80,-58,89,12750,-57,4278
E
-72,-30,112,13031,104,5570
-69,42,-30,17404,-13758,11299
20,53,-52,7496,20235,12577
-30,69,-106,24876,-20163,6012
116,106,79,14425,-9160,10638
31,58,-122,-194,-5266,21703
-112,-39,22,-4435,-9480,19947
40,-15,-79,-9932,-11462,20765
31,21,89,-17220,20859,15576
97,95,116,-8760,-394,19933
22,-2,50,-24467,-15175,8604
-69,38,76,-27789,15458,2919
-10,-36,-23,-15591,-19771,6336
119,-68,62,-18537,-4053,-9381
89,-109,-64,-16439,3171,-8980
106,68,-31,-10642,17421,-11176
98,22,-85,-8803,-15193,-16559
-75,23,116,1782,26395,-22016
-71,100,-52,5574,-30076,-14741
-53,-90,-10,5275,21878,-19057
40,-10,-98,11714,-7231,-13632
-121,-99,117,9057,-14898,-14913
48,-89,80,8422,27586,-3483
-21,-4,-125,8141,6401,270
125,46,-60,7591,-11410,-175
-34,43,96,6854,24141,-2503
73,11,58,13660,-14056,3146
-4,-10,33,8254,18552,8249
-26,-25,14,7765,22427,9286
36,116,-62,1630,7129,11302
67,108,80,3449,15703,11096
115,-10,-25,-30,7851,14887
42,-51,-19,-1204,9162,14521
86,35,4,-4274,-282,13064
100,40,-2,-3669,-16530,7471
37,45,44,-2610,20338,1974
-45,83,14,-1912,16559,3590
-112,30,-112,-3874,2839,4983
94,36,4,-4283,21358,7176
2,26,-34,-4949,8081,5339
E
46,21,-20,-3037,14746,4552
-104,36,-92,-2155,9387,-1098
-55,72,52,-2338,4140,220
-29,73,41,-1418,7443,559
75,95,74,2898,10092,1412
125,96,66,1945,7687,1138
-70,94,35,2194,4568,743
-29,91,25,2643,3957,1364
10,76,2,4085,4673,1010
28,48,47,2101,-5024,1247
-97,42,-93,1525,-13139,-652
-108,36,-117,5378,17509,-438
-92,-32,57,4994,16917,282
-114,-29,-70,3003,13177,1465
-7,-71,-113,-504,-96,-952
-37,-52,83,-277,-542,-460
9,-42,37,1634,-2970,-3140
6,-48,41,2311,-6453,-4586
34,18,-21,-788,-17596,-3108
-7,32,-27,-2292,-20899,-2877
123,75,4,4813,27920,-2923
72,41,87,2820,15322,-1978
116,84,-115,-2037,-8077,-2528
-108,104,-55,-430,5976,-2017
-56,-116,7,458,2279,1862
-66,-126,-26,1019,8222,2349
-68,94,114,1809,5444,1875
