0,98,98,20,109,207,583,1105,887,1368,1272,1335,1292,1407,1339,1465,1538,2071,1590,1315,-12,-484,-187,56,186,81,-368,-2729,-2887,-4043,-3436,-2025,-2363,-3476,-3646,-1708,57,-755,-2210,-492
-1391,-3214,-1913,-1583,3770,-768,-7577,25780,30383,32709,32709,32709,32709,32709,32709,32709,32709,32709,-24632,-2600,5064,26455,-31379,-30783,32710,32710,32710,26608,-30792,-19718,-20011,23342,-30222,-25448,30023,32689,32709,-31552,-19506,22098
-28502,-29958,32709,32709,32709,-11636,-18046,-58,32709,32709,32709,32709,32709,32709,32709,32709,32709,32709,-31825,-20400,-12250,-9475,26218,-30974,-30254,32709,32709,32709,32709,32709,-1460,-2182,18373,16741,-15571,-23166,-15541,-10953,-17547,-15273
4115,4371,7308,13772,20606,19684,-26347,-32688,32711,32711,32711,27866,-31210,4281,14929,7521,-6198,-22387,-18877,-28955,-19704,-10367,-4986,-7823,-14748,21079,-21419,32177,-32647,32711,32711,32711,18093,-27953,-56,32711,32711,32711,32711,32711
32711,-27060,-28809,-21822,8395,11619,-31463,-28981,32712,32712,32712,32712,12582,-4614,-29275,25500,32712,32712,32712,32712,32712,32712,32712,32712,32712,32712,32712,-8399,-11136,2096,3412,24070,29332,-28991,32713,32713,32713,32713,-4480,-15688
-1919,-13203,-13378,-19047,-17347,-15097,-9472,-15919,-11077,10790,7291,15154,-31839,29764,23731,30826,29922,28919,24274,27094,-29817,19936,22909,-7696,-10166,-8857,-9910,-7520,-7397,-804,1746,-442,-12091,-12981,-23802,-20352,-11186,-5749,2042,9982
-24294,-31239,32714,32714,-2215,-21179,32656,-33,-26779,-26603,-18729,-7647,-11595,642,18255,15992,19953,28803,30760,-30921,32716,32716,-6221,-16366,-13601,-24707,-22601,-32539,30800,-32315,-27386,-24105,-23951,-19736,-17715,-18883,-28512,-27731,32280,31880
32717,32717,32717,32717,32717,32717,32717,-30663,-14013,-2641,3175,16464,-25905,-31463,32717,32717,32717,25667,-9023,-13549,-10067,-8701,-26572,-22335,-22205,-19055,-17399,-17564,-20340,-8453,-7944,-2806,5041,13932,14050,10840,11879,13119,13856,11886
11188,11539,15681,20412,27833,30734,30107,-31283,32717,32717,32717,32717,32717,31137,-32293,18531,-27399,21564,32717,-30171,31835,32717,-32054,-23940,-2056,5947,18694,27885,-27862,32718,32718,21955,15441,27599,25820,32718,32718,32718,32718,32718
32718,32718,32718,32718,32718,32718,32718,-24004,-25053,-2386,-137,12341,22015,27214,-28401,32730,32719,32719,32719,32719,-25013,-30045,-14135,-24058,-22381,-24122,-22910,-19057,-12363,-4482,3379,13996,26302,-26754,32721,32721,32721,32721,32721,24033
-29919,21508,18587,14278,2808,-11842,-10205,-24275,-28742,29068,32719,32719,32719,-29784,-13593,-3155,25491,-31125,-30285,32720,32720,32720,32720,32720,32720,32720,-26640,-19514,23959,32720,-22962,29436,32720,32720,32720,32720,32720,32720,-21488,4007
15096,24597,-28036,-32141,32721,32721,32721,32721,32721,32721,32721,24334,24595,32721,32721,32721,32721,32721,32721,32721,32721,32721,32721,32721,32721,-24995,-20340,-2071,10300,12602,-21301,32722,32722,32722,32722,32722,32722,13362,13287,-26154
-22373,-26487,-26880,-22255,-31621,-26366,-27065,-23509,-18464,-15596,-8199,-6809,-1140,3558,21569,19500,31556,27588,27091,23854,24271,17996,16715,19543,20974,14861,17874,28142,31889,27165,29347,-30887,32724,32724,32724,32724,32724,-7235,17338,31370
32724,32724,32724,32724,32724,32724,32724,32724,-24302,-6917,8894,23175,25241,-27514,32725,32725,32725,32725,32725,32725,3547,3319,-3244,18170,-29865,31936,32590,32724,32724,32724,-30977,32113,32724,32724,32724,32724,32724,32724,32724,-21491
-16282,-10270,-14001,320,7727,23932,-29330,-31381,32726,32726,32726,32726,8324,31582,-3122,-26005,-27431,-20700,-22035,-15859,-11929,-13408,-8153,-6001,-4877,-5199,-2235,4503,2607,4731,9733,10345,16212,14364,17807,17554,7262,9661,12192,13418
11710,8632,12494,9137,6441,7459,8802,5643,2895,5264,1693,-716,-2330,-9141,-7546,-6788,-6360,-480,1413,11128,15742,20735,31292,-29899,32729,32729,32729,32729,32729,18689,30570,5454,-8915,30219,-26313,31778,32108,32728,-24565,-21708
-18290,-3124,-4277,3749,15022,21289,26877,-28332,32731,32731,32731,9311,15504,30153,32731,32731,32731,32731,32731,32731,32731,32731,32731,32731,32731,32731,32731,-31485,-4907,11688,25476,22402,-26913,32731,32731,32731,32731,18890,-12024,-9276
-16947,-28129,28658,-18556,-19222,-18659,-13603,-13810,-9003,-7941,-637,6651,7665,20727,16474,24600,23717,25892,24831,12553,11147,4830,22305,30802,-31334,-32227,32732,32732,32732,32732,32732,32732,32732,32732,-35,32732,32732,32732,32732,32732
-29352,-23179,-12703,-2734,5339,14738,31907,-29143,-32677,32734,32734,-14338,10373,-18382,32516,28971,32732,32732,32732,32732,32732,32732,32732,32732,32732,32732,32732,-31742,-31401,17743,15716,32333,-31042,-32134,32733,32733,32733,32733,14020,-29013
-9850,-22474,30202,-17020,-23402,-24930,-20369,31992,-23834,-24315,-23681,-7245,-3521,692,9113,15388,32494,25855,30823,-31009,32735,32735,32735,32735,32735,32735,32735,32735,32735,32735,32735,32735,32735,-32,32735,32735,32735,32735,32735,32735
-17261,-10979,26028,-29925,32735,32735,32735,32735,14574,27867,32735,32735,32735,32735,32735,32735,32735,32735,32735,-28719,-7210,-18352,-19924,-12475,-16622,-12397,-4279,-5466,-6905,-5526,-3736,-10363,-22692,-15067,24964,32533,32738,-19025,18395,-30415
-28868,32738,32738,32738,32738,32738,-4798,-32003,-26366,32618,31284,-25622,-26031,-30420,-24205,-22072,-17355,-13848,-7608,-3816,3385,2330,19579,22980,21486,-26898,32740,32740,32740,32740,32740,32740,32740,32740,32740,32740,32740,32740,32740,32740
29878,-31842,-27,32740,32740,32740,32740,32740,32740,-9571,24352,-21658,32740,32740,32740,32740,32740,-27,32740,32740,32740,32740,32740,32740,32740,32740,32740,32740,32740,32740,32740,-14905,-14601,-28830,31499,-30075,32742,32742,32742,32742
32742,8077,-16117,6734,-16935,-6744,-2703,-12685,-9114,-6138,-10148,-12731,-14592,-7273,5347,5467,21955,28487,-28572,32740,32740,32740,31088,9026,6060,22070,29236,32739,32739,5033,16419,-28135,-30298,32739,32739,32739,32739,-4988,27783,27661
-27575,30999,32739,-32767,-25064,-2882,1406,12122,17833,28675,-30466,-32094,32741,32741,2869,-28330,-23884,29168,32741,32741,32741,32741,32741,32741,32741,32741,32741,32741,-15546,-18420,-5170,-1395,15327,16000,-25907,-31900,32742,32742,32742,32742
32742,-7056,-30407,3005,-22595,-27469,-21497,-9549,-21346,-19486,-20403,-21340,-16328,-11768,-10176,-2534,-1222,-1946,14946,18276,12402,19725,14713,-9757,2718,22792,13840,-6787,-2005,-2422,6123,-21651,-31620,32742,32742,32742,32742,32742,32742,32742
32742,32742,-19191,-12196,20724,-9946,25126,32742,-25276,-13146,-1820,12019,-25826,-30594,32742,32742,32742,32742,27575,-12864,29425,-28538,30613,32742,32742,32742,32742,32742,32742,32742,32742,32742,32742,32742,-30346,-29093,-18343,-18986,-14984,-17229
1244,568,19216,21563,-25674,32744,32744,32744,32744,32744,32744,32493,22361,5678,-16137,-16256,-16676,-5287,-9703,-17589,-13192,-4412,2031,11347,11178,28695,27295,32118,32751,12832,15432,19183,16829,11627,18910,25521,15719,15816,28710,31678
14243,2520,-12366,-18242,-9580,-4155,7762,7964,16477,17138,27281,-28309,-32733,32747,32747,19387,26278,32747,32747,32747,32747,32747,32747,-31386,-18569,22467,16101,-27044,-31440,32748,32748,32748,-19,32748,32748,32748,32748,32748,32748,32748
32748,32748,32748,32748,32748,-31508,-23551,-8054,5534,17949,30536,-28528,32750,32750,32750,32750,-7011,17636,-20181,-21548,-15334,-15623,-20136,-22404,-26142,-15139,-21860,-7298,4907,-2469,19517,5400,17031,19367,7050,6042,16748,24578,28617,26861
28054,-32105,-32147,32752,32752,32752,32752,32752,28718,-31440,15037,27734,32751,32751,32751,32751,-27814,-24621,-6752,20766,25590,-26509,32753,32753,32753,26814,27097,2531,32753,32753,32753,32753,32753,32753,32753,32753,32753,32753,32753,32753
32753,32753,-24660,-3777,8884,-30712,-28355,32753,32753,32753,32753,32753,32753,-25536,-20376,-9674,-17776,-13149,-7384,-11723,-13427,-10704,-14849,-11788,-6257,-1496,6598,11957,12304,-27528,-30945,32753,32676,13468,9245,3075,1532,5515,9370,17603
25267,30542,-30193,32752,32752,32752,32752,32752,32752,32752,2189,-29898,-29321,31197,32753,32753,-26330,-22835,-4708,19206,25159,-26295,32753,32753,32753,-13092,19631,31299,32753,32753,-9423,24967,32753,32753,32753,32753,32753,32753,32753,32753
32753,-21095,18511,16641,19214,28203,-28633,32753,32753,32753,32753,16993,2135,-4919,-29615,-6782,801,5851,-3589,-8165,-3952,-3937,-9202,-2707,-2860,-5218,-8888,-12885,-12984,-15293,-12882,-8864,-10633,-6996,756,3879,7265,12563,16650,23688
31445,30654,-31262,32755,32755,32755,32755,32755,32755,32755,32755,32755,32755,20930,-23510,26128,-29638,-26782,-24558,-20108,-20949,-5762,10385,-29950,-28812,32755,32755,-12,-28459,31315,32755,32755,32755,32755,32755,32755,32755,32755,32755,32755
-25303,-7707,-1855,16538,21327,-25012,32757,32757,32757,32757,32757,9436,27838,10582,-18837,-4553,1798,-1246,-6211,-16790,-19489,-14356,-20930,-16234,-14943,-14059,-5249,-4376,-1350,-235,-447,1526,2179,26616,29696,-29350,32759,32759,32759,32759
32759,32759,32759,32759,32759,32759,32759,32759,-8,32759,-1232,-16935,23974,-27897,-17735,-16563,16118,15924,-29237,-30526,30264,-31946,-8,-13277,-17554,25518,32759,32759,32759,32759,32759,32759,32759,32759,32759,32759,32759,32759,-11450,6913
9520,31899,-28000,32760,32760,32760,32760,32760,7738,-5172,15847,3243,-14111,2481,1958,-14026,-14147,-8373,-16098,-23784,-22708,-19380,-15597,-4038,1494,4030,17575,16457,31520,26444,20672,20191,17837,12551,14714,20382,28287,-28907,32760,32760
32760,32760,32760,32433,-32667,1296,24565,-18747,26519,-22161,-17032,-17717,-4572,-2868,-29385,-27616,32761,32761,30845,-6086,13155,32761,32761,32761,32761,32761,32761,32761,32761,32761,32761,32761,32761,32761,-19869,-1311,-27263,-27664,32761,32761
32761,32761,32761,5392,-26446,4459,-8227,-18302,-8257,-5361,3037,-6474,-13051,-15191,-11396,-9393,-8528,-18157,-21833,-22217,-14788,-17505,-10309,357,-2800,1234,2172,10320,12796,19339,21539,21843,28025,-30076,-32502,32764,32764,32764,32764,32764
32764,32764,32764,32764,32764,-3,32764,32764,32764,32764,32764,32764,-31317,18448,17225,-30748,-29995,32764,32764,32764,32764,23822,-14055,23878,32764,32764,32764,32764,32764,32764,32764,32764,32764,32764,32764,32764,32764,-12264,-9480,24689
29656,-28314,32764,32764,32764,18187,-18372,-8234,-10925,-6118,-8196,-4682,6241,-14540,-2902,-7909,-11515,-7768,-8325,-17273,-18587,-18324,-20298,-20185,-12130,-5504,-8167,-3520,651,9295,19027,29038,-28502,32766,32766,32766,32766,32766,32766,32766
32766,32766,32766,32766,32766,3723,21995,-14225,-14706,24228,32766,32766,32766,32766,-25928,20768,-30951,-28656,32766,32766,32766,16018,27556,25441,32766,32766,-5938,23822,32766,32766,32766,32766,32766,32766,32766,32766,32766,32766,32766,-2632
-3022,19989,18964,-24582,32767,32767,32767,32767,14245,-25385,-3388,-11146,-7976,-11636,-265,6856,-2602,-14592,-10269,-16767,-18746,-13895,-16351,-16947,-10167,-4332,-7055,-4413,-1241,-1946,-213,1060,-843,-1295,1027,6347,7321,8174,28393,-31765
-31215,-32767,-32767,-32767,-32767,-32767,-32767,-32767,-32767,-32767,-32767,-6780,20433,30353,-32767,-32036,-28000,-14552,-10270,6192,25265,30479,-29331,-32766,-32766,30061,21470,25916,-32766,-32766,-32766,-32766,-32766,-32766,-32766,-32766,-32766,-32766,-32766,-32766
-32329,-12403,-16663,8488,1758,9894,30901,-27840,-32764,-32764,-32764,-32764,16810,-13250,459,-3579,-864,4594,-1623,726,-10304,-13329,-11855,-14632,-17654,-16375,-17139,-15782,-14206,-18134,-13855,-12716,-8624,907,12805,24613,24586,-30232,29257,7253
1803,-8350,16393,15609,-31568,-32125,-32049,-32764,-32764,-32764,-32764,-32764,-32764,-32764,18982,7915,17104,-32764,-32764,-32764,-32764,-13594,-4802,4781,20641,31302,28549,-30133,-32762,23843,-15971,22493,31026,-32762,-32762,-32762,-32762,-32762,-32762,-32762
-32762,-32762,-32762,-32762,14839,17118,31528,-28730,-32762,-32762,-32762,-32762,-24652,-2888,-12807,-15551,-1333,4457,304,2355,-6278,-6316,-3965,-12932,-12882,-17620,-14579,-17124,-19076,-11582,-10636,-15585,-7794,3715,6935,15567,-30009,-30190,-32763,-32763
-32763,-32763,-32763,-32763,-32763,-32763,-32763,-32763,-19040,30737,28287,-32763,-32041,-28048,-23525,-18775,-1487,13951,30524,23986,-28130,-32761,-32761,6747,-19295,20256,-32761,-31123,32229,379,21729,-32761,-32761,-32761,-32761,-32761,-32761,-32761,-32761,-27668
917,7446,8402,-19491,-32760,-32760,-32760,-32760,-32760,13075,11790,-14662,-22537,-28296,3497,4373,-8819,-19467,-14999,-17219,-18012,-17766,-16335,-23694,-20883,-6332,-11162,-506,3627,-30566,-28206,-32760,-32760,-32760,-32760,-32760,-32760,-32760,-32760,-32760
-32760,-19609,17470,-32760,-32760,-20613,-17373,-19337,-8837,7394,-24290,-30252,-32758,-32758,-18822,17211,-32758,-32758,-32758,-32758,-32758,-31999,32525,-32758,-32758,-32758,-32758,-32758,-32758,-32758,-32692,-22343,-8197,4960,17052,-28503,-30532,-32758,-32758,-32758
17772,-24638,278,-8104,-5769,4299,4099,-8756,-2588,-10543,-3417,-12657,-7155,-14081,-8760,-8451,-3879,-4232,-2123,8346,9946,15381,16148,-29160,-31011,-32759,-32759,-32759,-32759,-32759,-32759,-32759,-32759,-32759,-32710,19735,11633,-32759,-32759,-25700
-23631,-14992,-7165,20169,28346,-27455,-32759,-32759,-32759,-32759,5342,32294,-32633,-24872,-23014,-20164,-18065,25989,-32759,-32759,-32759,-32759,-32759,-32759,-32759,-32759,-32759,-32759,-32759,-21893,-19675,16,2645,24514,24462,-27213,-32759,-32759,-32759,-32759
-22117,-10355,-17282,-1129,13474,1967,6040,-9448,-11286,-7310,-13086,-12858,-17220,-14029,-7834,-8161,-3124,-4877,-2419,-229,-1496,10417,18474,-27880,-31333,-32757,-32757,-32757,-32757,-32757,-32757,-32757,-32757,-32757,-27878,25648,31700,-14713,-18463,-19317
-25853,-28369,-6819,-31473,-32756,-32756,-32756,15189,27722,-32756,-32756,-32756,-32756,-32756,-32756,-32756,-32756,-32756,-32756,-32756,-32756,-32756,-30713,32099,7708,11526,26587,30714,-29878,-32756,-32756,-32756,24221,-29428,10835,-18363,-12210,11342,-506,-7439
-8532,-11940,-16878,-22574,-17954,-19283,-19073,-23100,-13254,-10893,-1854,4743,11509,14098,-22419,25343,-30277,-32756,-32756,-32756,-32756,-32756,-32756,-32756,-32756,-26541,19786,-32756,-31017,-7350,4913,6247,23966,15277,29208,-28750,-32754,-32754,-31787,21538
-32754,-32754,-30826,32140,-32754,-32754,-32754,-32754,-32754,-32754,-32754,-32754,-32754,-32754,-32754,-32754,-32754,-30513,-26203,4234,12977,-19610,-32754,-32754,-32754,-32754,-32754,-32754,16748,2420,7227,-20818,-10945,-16515,-21147,-18878,-13411,-17530,-19974,-19511
-12531,-1968,12838,32719,-28350,-32754,32741,26964,17872,12120,18659,-29067,-31442,-32755,-32755,-32755,-32755,-32755,-32755,-32755,-32755,-30450,27423,30671,-32755,-32755,-17963,-12419,-8071,4831,-16193,-32754,-32754,25118,-12840,-2522,17135,-32754,-32754,-32754
-32754,-32754,-32754,-32754,-32754,-32754,-32754,-32754,-32754,-27475,-18250,-7996,-30818,-25830,-32754,-32754,-32754,-32754,-32754,9136,-17239,1041,-25110,14384,6462,-2541,-11308,-6529,-13520,-13010,-12479,-12772,-12076,-19396,-16241,-14280,-13786,-3174,-4561,4898
17700,19749,-24997,-32755,-32755,-32755,30324,10138,18884,15520,10575,15277,23386,29936,-29741,-32756,-32756,-32756,-32756,-32756,30093,22754,-32756,-11682,-18334,-18438,-18545,19329,-28189,-29933,-32755,-32755,22464,-29316,-29084,2645,16933,-32755,-32755,-32755
-32755,-32755,-32755,-32755,-32755,-32755,-32755,-32755,-32755,-32755,-32755,-26750,6643,15395,28534,29491,-29840,-32755,-32755,-32755,5842,-13062,-20473,-25684,19308,1255,-29,-4554,-10825,-11779,-19696,-24796,-25499,-20694,-22342,-25035,-16645,-16642,-14359,-12804
-8430,-1105,-3014,4340,8056,23647,24573,-27515,-32755,-32755,-32755,-32755,-32755,-32755,-32755,-32755,-32755,-32755,-32755,-32755,-32755,28079,23426,1919,29314,-14232,-19991,-5388,22270,32316,-29050,-32755,26464,5834,18926,29705,-32755,-32755,-32755,-32755
-32755,-32755,-32755,-32755,-32755,-32755,-32755,-32755,-32755,-32755,-32755,-20308,-13717,-4802,5241,4150,29527,27589,-29005,-32755,-32755,-32755,-32755,17007,-29214,-15068,-6571,16618,10329,1024,-4257,-3034,-3730,2199,1996,63,253,-71,-10,509
166,619,-123,709,138,-900,-307,-640,-1037,-4449,-7160,-15538,-20793,-19873,-24728,-20864,-15462,-11490,-8347,4392,9742,15655,-30646,31423,-31417,-32757,-32757,-32757,-32757,-32757,-32757,-32757,24704,-30066,30598,22583,-32758,-32758,-21535,30524
-25732,31485,13593,-20577,-31091,-32758,-32758,25996,20593,-19808,20773,32235,-32758,-32758,-32758,-32758,-32758,-32758,-32758,-32758,-32758,-32758,-32758,-32758,-32758,-32758,-32758,-11867,22030,20518,-24610,-32758,-32758,-32758,-32758,-14241,-25924,7826,-5844,-11097
222,-1205,-14681,-11296,-17227,-15678,-16667,-18886,-15886,-20846,-18461,-21864,-16726,-10056,-4861,2366,3908,23016,27676,-28284,-32761,-32761,-32761,-32761,-32761,-32761,-32761,-32761,-32761,-32761,-32761,8,-29645,-27989,-18052,-15963,-6328,-7168,-16807,-30469
-28244,-24643,-32759,32538,-15581,-22377,29428,-25340,-22543,29460,32401,-32761,-32761,-32761,-32761,-32761,-32761,-32761,-32761,-32761,-32761,-32761,-30413,-22701,-2210,4064,-32556,27644,-29217,-32760,-32760,-32760,-11323,-29498,-9177,-11249,20332,-3484,-4231,-6207
-6166,-11001,-13539,-13882,-13358,-11371,-13908,-20020,-9448,-11041,6543,-2943,5158,5561,7019,12104,22013,-25400,-32759,-32759,-32759,-32759,-32759,-32759,-32759,-14617,18318,-15809,28810,-23596,-17277,-16576,-2429,-6445,1823,16863,32342,-28964,-32757,25052
31719,23069,-32757,-32757,-32757,-32757,-32757,-32757,-32757,-32757,-32757,-32757,-32757,-8370,1761,17080,-25421,-31396,-32756,-32756,-32756,23412,-26875,-3509,2942,-12740,-5605,-4762,-6217,-15934,-14202,-13332,-18390,-17160,-15750,-16790,-20290,-17198,-17689,-11053
-3902,10229,14953,32287,-29040,-32757,-32757,-32757,-32757,-32757,-32757,-32757,-32757,-9221,-19347,25554,31613,-32757,-29727,-18329,1504,5266,-27570,-29247,-32756,-32756,23751,18345,27673,-32756,-32756,-32756,-32756,-32756,-32756,-32756,-32756,-32756,-32756,-32756
-26037,-9399,-4062,23653,22721,-26127,-32756,-32756,-32756,27827,5143,9608,-5185,-7088,-4600,-1484,-7889,-8437,-16127,-22680,-25075,-11767,-19125,-13674,-9605,-5163,-2403,-75,329,-607,2409,2950,5220,3978,17803,11757,3941,11960,14718,23789
-26499,-32756,-32756,-32756,-32756,-32756,-32756,-8608,-18960,17757,-32652,-19925,2769,-26075,-15871,15467,22573,-24729,-32735,-32756,-32756,13,-10314,-23713,27273,-32756,-32756,-32756,-32756,-32756,-32756,-32756,-32756,-32756,-32756,-32756,-10940,-1574,15470,12604
23648,31149,-29990,-32755,-32755,-32755,13995,26588,7323,12512,-7709,-5975,1432,-2674,-11266,-6556,-16448,-15233,-16258,-16085,-15259,-10887,-12765,-7007,970,18216,22313,-25696,-32754,-32754,-32754,-32754,-32754,-32754,-32754,-32754,-32754,-26707,19844,-32754
-32754,-32754,-17742,-11332,918,1181,22743,-32101,-29996,-32753,-23350,18727,-29787,31809,-30405,-30752,-32764,-27329,-28948,30879,-32753,-32753,-25088,-21059,-13884,-3658,-1654,21661,-26119,-31693,-32751,-32751,-32751,-32751,-24011,-2018,-12168,-10390,9455,12302
-2472,-4691,-2745,-5018,-2311,-7056,-7897,-13828,-9769,-14964,-18163,-15473,-22667,-16166,-10943,-7656,-1366,1226,2247,10189,28801,-27168,-32753,-32753,-32753,-32753,-32753,-32753,-32753,-32753,20923,25814,-32753,-16839,-26831,-21120,-7920,-8914,-2659,15218
24275,-32760,-30450,-32751,-32751,1115,32420,-26356,-23530,-24671,-25617,-30277,30729,-32751,-32751,-32751,-32751,-32751,-32751,-32751,-32299,-22864,-3520,-176,8603,18542,30368,-28789,-32750,-32750,-32750,22050,7178,-19909,-13902,-15513,-14347,-8315,-12515,-12670
-11119,-16506,-13049,-14651,-12964,-7283,-6891,-723,5345,11540,16854,28985,27224,-32447,28179,6179,7508,6118,17871,24196,30823,32109,-31645,-32749,-32749,-32749,-32749,-32749,9673,9758,-25167,-22118,-28360,-20160,-3575,-4185,10694,8395,24085,26344
-28217,-32748,-1358,11403,-32748,-32748,-32748,-32748,-32748,-32748,-32748,-32748,-32748,-21810,-4990,2159,10282,22066,-32531,-30842,-32515,-32748,-32748,-32748,-14135,2980,2702,-5883,1263,-393,3002,-2167,-4350,-4931,-6500,-14846,-10535,-15279,-18964,-17191
-24022,-21630,-20882,-18434,-14068,-9437,2992,7189,23115,-24754,-32747,-32747,-32747,-32747,-32747,-32747,-32747,-32747,-32747,-32747,-32747,11611,-26914,29557,-32747,-32747,-32747,-32747,-32747,-18006,-9822,-31104,-32747,-32747,-32747,-957,-19167,21090,-32747,-32747
-32747,-32747,-32747,-32747,-32747,-32747,-32747,-32747,-32747,-17096,-9726,4845,19434,-31460,-29791,-32746,-32746,-32746,-32746,-32746,-16385,-13923,26737,6280,-9813,1311,7109,9935,3975,8684,8698,8501,15443,18242,14158,1078,6907,4729,2925,2603
-1563,-18686,-19619,-25461,-15916,-6155,5460,11676,20833,32082,-29797,-32746,-32746,-32746,-32746,11887,6990,-32746,-26146,-18138,-6779,1613,5529,9960,17313,27789,-32274,-31305,-32744,31844,341,-32744,-32744,-32744,-32744,-32744,-32744,-32744,-32744,-32744
-32744,-32744,-23382,-8879,-8002,4442,19847,-31321,-29931,-32742,-32742,-32742,3041,-28038,8406,-4984,-15247,-3550,-4846,-5911,-11782,-17667,-16823,-21786,-25351,-25710,-23472,-22974,-12301,-7496,2362,7757,23720,-31653,-30528,-32742,-32742,-32742,-32742,-32742
-32742,-32742,9667,-25790,22124,-32742,-32742,-32742,-32742,-32742,-19591,-18456,-16666,-31898,-31859,-32741,-32741,-32741,6717,-945,23013,29848,-18860,-27477,-26875,-27855,-14949,-9426,-11949,-4642,24841,31183,-32741,-32741,-32741,-32741,-32741,-32741,-30837,-18048
-14247,-5017,251,17130,30143,-28135,-32739,-32739,-32739,28361,-29738,-12951,3214,5704,-1048,-5216,2976,-1560,-15907,-11959,-15962,-14044,-15266,-9559,15740,10740,-21040,-32739,-32739,-32739,20663,3379,-1990,-20341,-18832,29427,-31124,-25521,-10353,-892
6741,20218,28593,-28256,-32737,-32737,-32737,-32737,18246,-5115,29428,30425,31908,-32737,-32737,-32737,-22792,-9776,1237,25546,-31671,-30229,-32737,-32737,-32737,-32737,-32737,-9978,14291,-29149,-26338,-30241,31952,-27497,-20368,32471,31444,-30405,32009,-32737
-32737,-32737,-32737,-32737,-32737,-32737,-32737,-32737,-19166,-6402,11770,8321,-19742,-32736,-32736,-32736,-32736,-3515,-19687,16959,-5571,1290,7433,8558,-3431,-5106,-3264,-1831,-534,2830,-4554,-15893,-15377,-14548,-10905,-14213,-14354,-12792,-15933,-12789
-9692,-9224,-3294,4138,13845,-21109,-32737,-32737,-32737,-32737,-32737,-32737,-32737,20820,-1097,12661,-32737,-32737,-32737,-32258,-20849,-7036,30870,-26670,-32004,-32736,-32736,-32736,-30632,24993,-25833,-25166,-14930,27847,32092,-27448,31038,-32736,-32736,-32736
-32736,-32736,-32736,-32736,-32736,-32736,-32736,-32736,-21183,6253,-25253,-29068,-32736,-32736,-32736,-32736,-32736,-23276,13201,3095,-15247,6866,4761,-4329,-3477,-2550,-2673,-4043,-7333,-6196,-10959,-11362,-13396,-14371,-14403,-14214,-14740,-11549,-6397,-4157
-7353,1675,8188,13193,29603,-27955,-32738,-32738,-32738,-32738,-32738,-32738,-32738,-32738,-32738,-7050,-28047,24740,-32738,-31968,32542,-27639,-12523,-8399,7552,24776,-31457,-30515,-32737,19368,25245,25887,-32737,-32737,-32737,-21466,29042,-32737,-32737,-32737
-32737,-32737,-32737,-32737,-32737,-30790,-23036,17516,16039,28383,-27751,-32737,-32737,-32737,-32737,-15278,-27535,-15361,19601,2997,6900,-1919,-2852,-4196,1164,-5113,-3503,-15693,-20295,-14315,-12509,-16195,-21574,-15997,-10965,-14245,-15983,-10933,2825,13809
-20569,-32738,-32738,-32738,-32738,-32738,-32738,-32738,-32738,-32738,-1519,17176,30896,-32738,-32738,-32738,-32738,-32738,-29817,-22948,10033,20545,-22882,-32738,-32738,-32738,-32738,10764,29221,-17287,-26677,-28456,30126,-32738,-32738,-32738,-32738,-32738,-32738,-32738
-32738,-29511,-20326,-505,3307,18468,-22404,-32738,-32738,-32738,-32738,12066,-20133,4911,-7103,-5843,12308,6545,-5848,3268,-1554,2060,-1039,-2257,-4699,-13756,-11994,-15916,-15775,-20679,-20533,-20718,-21666,-21841,-13984,1657,6821,-17881,-32740,-32740
-32740,-32740,-32740,-32740,-32740,-21987,32092,-27716,-25505,-25502,-24541,-8381,-8342,15876,11269,29524,31591,-30704,-32740,-32740,-32740,19348,26357,-32740,-32740,-32740,-32740,-32740,-32740,-32740,-32740,-32740,-32740,-32740,-32740,-32740,-21623,2377,11742,22894
-24897,-32740,-32740,-32740,-32740,17971,-17940,12091,-6036,1154,10511,8450,-10152,-6142,-7869,-11651,-11011,-15708,-12483,-12522,-15264,-15305,-10291,-9811,-5333,3502,10187,25559,-32619,-30532,31561,2008,-21042,-20251,-6144,14290,-26250,-30486,-32740,-32740
-32740,-32740,-32740,-32740,-4847,-4775,16735,-32740,-24325,-30731,-17451,-15503,14763,18907,-25713,-31940,-8549,31118,31204,-18528,25168,-32740,-32740,-32740,-32740,-32740,-32740,-32740,-32740,-32740,-26939,-18807,-12644,-5579,5029,14049,17142,-23636,-32739,-32739
-32739,4021,-29220,3492,-28072,-18368,-15550,-9327,-12001,-19617,-4498,-10725,-9705,226,-1674,22828,32229,-29498,-32737,-32737,-32737,-32737,-32737,-32737,-32737,29301,29127,23490,-32737,-32737,-32737,-32737,-32737,-7154,-17795,-5356,28108,32412,-29750,-32737
-32737,-32737,13348,28361,-32737,-32737,-32737,-32737,-32737,-32737,-32737,-32737,-32737,-32737,-32737,-32737,-32737,-32737,-13328,5377,18110,30479,-28342,-32737,-32737,-32737,24802,-31,-7082,5579,-16941,-1301,4625,341,-19283,-9971,-9421,-8981,-13990,-16408
-16043,-18953,-19156,-19727,-16912,-12878,-1211,5688,21489,-32079,-29987,-32739,-32739,-32739,-32739,-32739,-32739,-32739,-32739,2246,-10204,17758,-32739,-28468,31374,-30124,-18578,-27269,7706,-14616,-32738,-32738,-32738,-32738,13116,6591,-32738,-32738,-32738,-22383
29347,-32738,-32738,-32738,-32738,-32738,-32738,-32738,-32738,-32738,-32738,-28551,-18227,7861,7438,8906,31778,-28155,-32736,-32736,-32736,-32736,-25364,688,-5903,-17615,-9858,-16604,3500,-4700,-11618,-13593,-10807,-7875,-15895,-13936,-12495,-20508,-17874,-19530
-26059,-21474,-13095,-16579,10715,5358,20904,32702,-29789,-32736,-32736,-32736,-32736,-32736,-32736,-32736,-32736,-32736,14440,18477,28692,-32736,-29949,31871,-26704,-23263,-9462,-4909,-5121,-31326,-27968,-32317,-32734,-32734,-32734,-32734,10516,7463,-32734,-32734
-32734,-32734,-32734,-32734,-32734,-32734,-32734,-32734,-32734,-32734,-32734,-32734,-32284,-14261,19751,29091,-27096,-32734,-32734,-32734,-32734,-32734,-788,-15119,432,-11778,-9278,394,12453,6146,-3861,-7799,-7072,-4743,-4452,-19256,-18751,-27834,-25473,-29174
-32315,-32747,-26632,-10566,-458,211,17433,-29676,-30126,-32735,-32735,-32735,-32735,-32735,-32735,-32735,-32735,-26199,23509,9686,-32735,-28358,-31240,-23846,-14284,-8632,-16304,17703,-21553,-32138,-32734,-32734,-32734,-18152,17019,-32734,-32734,-32734,-32734,-32734
-32734,-32734,-32734,-32734,-32734,-32734,-376,2742,15728,23419,-25782,-32734,-32734,-32734,-14645,23356,3819,-25498,-5788,-12543,-23142,-15586,-17572,-19618,-15055,-108,-4476,16003,15770,22684,26323,21058,16056,16136,-1979,11309,31657,-28381,-32735,-32735
