0,38,38,155,256,648,1006,10,-275,-1269,-864,-994,-748,-535,-1053,-1620,-1581,-1158,-707,183,674,107,-309,-2139,-1726,-3343,-2979,-1506,-1394,-1629,-3582,-4787,-4530,-1488,1587,2752,375,-735,-4849,-3620
460,320,3500,4683,-10522,2034,-362,11207,2994,-28653,24156,-27743,-24948,-13957,-11245,29071,-25464,-26147,-16358,5720,10786,19629,18645,19713,18678,7317,7020,23389,27557,28218,-14475,6287,-9007,-32691,-16692,-2784,6621,-4057,-5903,11519
8334,12344,2967,3696,9955,21550,7823,8281,22350,2149,-28826,-16340,414,5891,137,-16530,7267,3811,2236,5132,1474,-15189,-8640,-11853,-24209,-28443,30335,32346,20173,-10542,32559,-26096,31414,-12843,19338,-14800,-1010,-17611,-18985,-7753
-11860,3052,10426,-3774,9256,14430,-4928,6356,10469,168,-146,16333,8611,6102,10336,-2892,21888,2299,4479,4188,8653,12057,11468,6850,-9682,4644,-11324,19818,-5583,-22628,-15483,-29771,32748,-19,-4178,-23170,-25922,9926,79,-5699
-15315,2891,-7555,-11456,-168,1108,14456,14055,10446,-15083,17232,30587,17766,11982,-8972,-7789,-3846,-8889,-17630,-20590,-20880,-17761,-18931,-13334,-7900,-9453,-5732,7045,4441,4367,2337,2858,-1551,-8063,-26236,-10673,4410,22301,-21723,5825
29587,20741,5871,-19414,1230,1342,-15029,-15970,-11770,-4113,-6703,5585,15269,1262,14380,18472,25229,16364,1037,4842,11695,-3327,-2440,-15503,2711,12840,7245,-4135,-2813,455,-2844,-7563,5141,1309,13816,5033,3070,-1102,185,8759
4266,-8267,-6270,-20077,14324,14874,-22120,-19741,-7668,-9312,-9935,-2171,8529,6345,6574,6467,9695,10519,3600,7224,2117,31105,21557,22055,-974,574,1254,11881,6749,-1653,5529,5789,-1171,6191,7814,1652,-4705,611,5851,-3960
-2201,-5166,-11683,-10180,-7305,1637,711,-1054,2265,6702,1567,-9739,-10898,-6833,-9299,-8520,15243,-4257,-6384,4587,-309,-7118,-14003,-12065,-14587,-11961,-10315,-14199,-9491,-3154,-2947,-2328,18700,21897,15217,4699,3079,3084,12033,11383
-1188,-2923,5378,8055,5800,2913,-1931,1479,5173,14266,9493,-11651,-21752,30706,8811,-20744,-10347,32015,16914,2851,3181,4304,3020,144,433,577,3577,1276,-4367,-6777,-11793,-3441,9236,9347,-20255,5279,-4814,-6251,-2959,-950
-5607,-16527,-12771,-15590,-15677,-6333,-13724,5225,-5689,-2704,-2658,-5170,-5539,-8716,-4886,-2120,3965,6014,6509,-11602,-17107,23214,11159,-3525,-8243,-8389,-13589,-15282,-7143,-5447,-9759,-1237,9009,23998,20162,28393,22114,4087,15999,2373
-9583,-23101,-6186,-19354,-11223,637,2825,-66,-1377,1420,5387,-959,-8087,-17963,-15275,-2274,7396,5557,5706,629,-4197,-6831,18701,23689,893,-28866,-24161,-3400,-30894,-7021,-1391,2388,-5593,-6572,-12981,-21973,-23035,-22191,-10732,1732
11944,13894,13128,11908,11100,10839,4912,16674,767,29443,11808,14097,-30515,9711,-16355,31544,32388,-32392,-30196,32270,-29248,-26828,-24455,-11788,-8536,-14320,-20642,-4790,-8005,-17417,-9,-13675,-8219,-15115,-2441,-706,-15296,21862,32746,30303
10385,-21185,7372,9823,119,2052,-18486,-3222,-1101,1148,8070,-3965,9374,17262,14805,13844,4866,4672,18315,28851,10019,14669,182,5227,2504,1559,2662,2873,733,6251,2851,-12913,-4324,-8353,-15373,4880,-8428,-5439,32491,5884
-4696,10000,5729,2933,-7134,-10042,-10986,-11321,-9328,-4218,1260,3547,6734,12134,11126,6572,3050,18811,16636,2651,-19932,32747,-20,19819,12984,-25896,2069,-1896,1737,-3755,-22645,-15864,-17057,-21214,-4470,-16156,-12109,-14019,-6627,-8725
-1251,-4953,-9206,-1902,-4382,-18680,-22160,-17399,-11562,-17789,-22799,-9710,-12173,-10129,17846,31901,16969,-3804,-6396,-8783,1262,931,-4281,1255,875,-3067,5882,10638,7564,7997,7643,11302,3869,7939,19381,11233,6196,7213,3735,3485
2004,2107,-3514,-2228,4260,1715,549,-350,951,98,790,5084,2510,2799,356,7530,4371,6280,776,-3683,7809,7387,-732,-3437,-14968,-14985,9941,-292,21379,27828,-15037,28068,13952,-18139,-11315,-10857,-13911,-15693,-15411,-16028
-15313,-5047,-5200,-3307,4355,8100,7279,9366,4799,14899,-29353,-30979,-5091,14149,4688,-14475,7556,-3936,95,-6118,-12755,-8154,-442,-128,-24726,-2976,2530,4926,15204,8021,-1556,-1154,-11435,17487,25686,24124,27258,25313,14549,-5818
614,-12422,-4308,-3496,-8251,-16372,-15907,-15313,-9788,-13240,-9302,4087,6349,4507,9927,-5519,-3472,2837,-205,326,11732,27520,15178,-1348,1045,5508,13753,6226,7445,9101,7975,16336,-23220,32750,21226,-2901,19419,-13324,-18851,-8596
2824,2656,-114,-4482,-6306,174,-1293,-4322,-5779,6337,-27030,-17428,-10954,30616,14850,14112,11290,10898,-3108,6887,13010,-3619,-7461,-13093,360,-12715,-5236,3401,-3197,4592,6042,18768,14567,8562,9213,10776,6381,31159,11364,-8718
4443,-2457,-18979,5282,-4008,-8665,-2583,-13472,-7923,-11727,-5634,7616,2604,2438,998,2873,4822,5602,14594,17525,16985,9854,4331,24939,18955,-18989,-10504,6015,5701,32199,-24047,-11802,-12252,23861,24277,9479,9314,13187,2530,-1606
13520,3792,2911,429,-11107,-25201,25903,-6950,-14539,-8974,-7587,-8148,18175,7398,-4821,13653,7353,-2789,804,-761,5717,3266,-3185,29,1181,-176,1332,108,1063,542,1429,-666,-2171,1221,-1950,-5209,-4050,-3346,-4932,-6152
214,-12363,-18719,-7540,-16481,-29303,-5541,22987,7168,-5238,-7369,11588,1065,-17969,-8736,-14656,-10840,-5043,-2115,-6966,-1251,-2351,-12037,4332,6277,13346,11700,20152,12510,786,4575,11335,-1286,-876,5493,2588,-8457,-3188,-11872,-16051
1386,32750,-3214,-32742,-3627,2416,-7056,-9761,-7725,10581,-2358,-10308,-12305,-9375,-3675,26350,17497,25601,28844,17717,-2581,-9874,-19903,-18104,-21666,-15566,-14609,-8106,-8396,-17446,-9556,1260,-4262,27862,24887,-14326,2335,21654,15846,24603
27425,-1422,-12453,1204,-1175,-8377,-27096,10719,2892,-5003,-7998,-18762,-26858,-17371,-6692,-8004,-1351,7760,-4829,9915,24193,14913,26474,11501,-3372,-9348,-19868,-11533,-11777,7005,8940,9700,10496,15049,5470,-14889,2614,18467,10287,20030
-12053,28421,-10259,-18257,-10813,-5184,-1011,11510,19628,13743,11771,10318,-1675,27382,-3310,-14830,-21019,582,-3800,-12224,-8022,-12245,-10269,-11296,-18475,-14026,-12797,-9701,5363,-9460,-2491,6053,15701,14304,15938,11366,20509,8573,15451,14309
32649,29271,27824,18657,-20458,-14296,-5784,-1710,-3791,-13603,-14223,-3023,-9183,6161,-6832,-1891,7615,1765,-4037,-3190,13382,14327,10090,-16479,-11099,3993,2714,2174,11322,-4960,-4079,1417,1936,4913,757,18217,21708,22600,8653,478
2321,11391,2303,-5453,-18676,10922,-28059,-15965,-7301,-6834,2970,-4112,693,-3209,-7110,-11788,-8816,-26180,-8900,20256,29429,13580,9850,-1857,-7584,-1929,-11872,-8283,-16318,-15969,-15059,-12815,-8072,1056,-581,1574,8615,2519,-11516,-7047
7015,3706,9114,13019,-7858,-6587,-10481,3875,14228,18267,8713,-20040,12981,25508,-1492,-27909,-11811,19450,1546,-20922,-17860,1626,-7395,5164,6633,-4893,10328,9217,-13586,6518,18711,4750,10548,9237,-7397,-12002,-5640,10200,8624,-1572
-7880,-25751,-6685,12106,9875,5658,2793,4145,6291,5112,3606,844,-3546,9797,26492,16228,1444,18380,351,-9596,-7828,-930,-2977,-14172,-10613,11335,8267,7899,19777,17667,27892,-16393,22141,-6403,-2760,-12520,-28486,-12824,-21891,-26809
-21313,-21053,-19895,-9344,-588,-5942,2806,6386,-11089,9424,4581,-8192,7981,6936,4217,12660,13811,-21473,-29489,460,5173,-3719,-9432,-4545,-2791,-20607,-10146,-6973,5062,8183,-10384,889,4236,22063,30255,18538,-784,-11214,-2031,-2899
421,2050,-7086,3131,9499,8107,2312,2219,-22782,14893,-19065,9839,-5165,-7562,-184,366,2643,-4461,14672,10749,968,-6907,-11933,-5803,-22911,19453,12812,-2952,26061,13235,19524,-154,-2034,-8428,19055,32756,-10124,-11985,-493,-6316
-10315,1885,-3044,-2902,-1963,17308,7066,-4529,3312,6385,5942,5159,-14496,20315,-25488,4620,-2365,-18454,-6748,-2878,4581,-10094,-10669,-11990,-3616,4420,2871,59,1860,-1445,12080,-4950,-8323,18987,13760,22929,13964,8809,4702,7511
11308,14270,9556,4957,-3259,-3413,24135,-24072,32758,22830,9991,27734,-18354,-15186,13262,2458,5525,-11224,-4817,-778,-7395,-11197,-13907,-2700,-14535,-22755,-6871,32757,19444,16552,25518,-21138,-26988,2554,67,4922,-4918,10293,4389,5248
-1021,-688,16666,14591,11809,17291,6168,3290,17046,18730,-18364,19677,-9283,-6108,-9162,-10877,-24566,-3702,-9969,-8873,-6712,-5326,-4732,3301,3999,608,-4703,397,113,-2717,-7288,-13567,-10071,-8857,-2435,-2604,7423,16778,9756,294
12554,13182,15442,19047,7970,10517,14185,8289,3196,14517,3207,7780,472,-1752,28318,12934,-18668,-11402,-7707,-6661,-6336,1070,-504,-7119,-5759,-10847,9124,25433,-3545,20219,1884,-10706,-4187,-19018,-18352,-12355,-8830,-10195,-15035,-12967
-9733,-875,1182,4239,4525,4102,5944,13713,14279,18383,11669,31550,-10745,424,-4240,-4069,-15459,-5467,5652,4395,6859,4114,2682,-8158,-11134,-9131,-9034,-9808,-12689,-2965,5297,6345,5544,20931,21419,30441,27012,2160,2781,-8374
2893,2587,5467,9558,-4767,-763,-25654,-12342,-18902,-32036,30524,-13268,-13147,-8863,-8035,-978,6924,2847,-1482,-6115,-19784,30899,30339,-11,32758,32758,22975,19499,18986,30044,19051,6613,-5668,-3640,-870,-407,-323,-1680,4381,3662
6178,6541,9294,1729,2956,30311,28625,25124,-2119,15656,11579,13452,-16646,-5216,15702,19468,6533,-583,-7036,-7297,-12870,-9996,-4655,-6893,-6036,-6805,6662,3964,5808,8393,18739,6764,-739,4502,9930,7850,11477,13616,11964,7219
-2045,-12042,-13582,-10620,32760,32760,7194,8515,32760,-17204,-10280,-6374,-319,6073,2574,-3652,-21887,-22851,26509,-7,32762,-11856,-17346,57,-9885,-24159,-22944,-17716,-20510,-23679,-22329,-11351,-7774,-9662,-736,2050,29195,19388,-1375,-1573
-5900,-3757,11832,13053,32762,-7,32762,-15322,-13858,-9343,-7364,-4771,-14573,-7408,-1530,-992,2773,-10581,-9469,-7445,-11601,-3766,-353,7104,7352,12243,13762,11757,8840,10426,6343,5300,2789,6454,9275,-1843,-25756,-21563,968,-13002
11192,32121,-27751,846,32479,-7,28850,12091,-4672,-21060,-25756,15311,30301,14750,6,-359,-11388,25732,30816,32761,-20457,-4114,32761,31265,19978,23381,26498,22084,31032,-5999,13529,3468,8168,13949,12360,2666,598,7752,7202,5564
3889,3719,7861,10378,13566,27274,27117,-6,32763,-2360,4666,-11274,-11328,-13276,-187,5183,2054,-614,260,2815,-3519,-7949,-5338,-4668,-8259,-1025,-5363,-12997,-7744,5930,-3031,10456,17556,13852,4995,-24305,-22831,-5400,-11559,-12277
-11390,-4704,-4731,-27736,28095,-522,32765,12963,6598,27653,27534,1557,-3368,-10025,-14730,-4896,-10389,1097,14326,-30240,-1379,-9936,-13809,10064,-2336,-587,23589,26221,12939,-10015,-14404,-23114,-5630,-13693,-4584,-15755,-13619,-539,-1233,19370
11225,15408,14772,9389,13228,5017,-577,-31989,27613,7327,26787,7202,774,-15041,-5500,-3319,-1562,1472,5413,309,478,-3669,-9197,-6601,-3271,-3013,-3660,5195,-5319,10407,7100,-1718,-1069,-10137,-6821,6224,4849,-8942,-9817,-5167
-7079,-8976,-2568,8190,26234,15165,12313,7594,27526,-3790,27230,-30285,29973,24068,-5140,-6420,3316,10464,18212,8433,-7703,-16078,-11974,-15418,-4756,-6236,-7832,22952,26683,-15321,-23674,-14799,-23551,-25978,-25881,-9934,-12921,28917,-12832,-3720
-689,8892,3778,23062,19890,6840,6782,20446,9812,9344,14904,-1744,23347,-2466,10856,-880,2667,-4409,-16131,-2099,6264,7351,4790,3646,2592,-5093,-10063,-13439,-10621,-19557,-15016,-13676,1957,14488,16909,2151,-2532,-3039,17494,-26757
5554,-5233,-23917,-12393,12621,13989,14754,8215,1246,-4265,-383,28995,-25932,18915,17591,-18894,22300,28235,-18208,-14237,-10949,-3750,-1128,501,276,3707,5132,14140,14333,-22971,14230,6179,32767,-17298,27610,-24650,30060,32766,32766,-26303
-27471,-21078,-18332,-9443,1301,8741,24519,26620,27041,13854,24820,5131,-31355,-17959,9464,-11394,-4163,-11428,-7679,1507,9236,1757,4135,6169,-1168,-1811,-2555,-12920,-8209,-6300,-7167,-2763,-1910,-8408,-772,7429,16319,24983,31401,15237
1051,84,-23406,-21217,24435,32618,24749,11216,-11607,-2767,4214,15594,-31508,-7280,-15267,-9971,6581,-352,-9211,-8393,-10741,-1097,18364,32765,-4,32765,32765,4190,-28069,-13961,30628,-26689,24312,19851,22077,404,16347,17029,10354,163
6021,1728,2188,5389,-591,3338,6493,12608,3255,13603,9158,21983,7040,2461,-7536,5271,-528,-74,4760,2068,2874,982,-1275,-12734,-9973,-8569,-10086,-1353,2498,21109,-24001,-32604,32759,25431,12284,1286,1738,-18500,-14253,6155
16523,-19480,-26289,3323,1508,-5705,-1207,7518,16537,8326,10316,16882,20573,-25695,31126,15263,6004,-19590,-26114,29072,32758,32758,32758,32758,-20667,-8558,-3134,-5104,-8092,-8520,6110,5186,17250,29121,-32493,-31360,32759,10443,-29745,17808
-19195,24815,25,-8394,-1726,-7048,-6004,554,5402,-1046,-603,-2780,-3538,-8033,-8397,-9077,-17963,-16013,-11943,-7343,-5711,1916,11583,29640,-31627,26620,11708,1268,-7165,-15676,-7335,-6445,-16975,-30294,-32684,-3807,32010,11926,10742,-3576
-18025,-13990,-612,-282,-412,-799,-6280,-10795,-20178,6399,2108,-27144,30809,-30455,10776,7347,19336,24432,12253,-3189,-958,-3786,-3071,-2235,-17756,-10858,-7378,1340,8582,5935,4604,14144,6726,11075,15011,23475,22107,-27127,32753,19335
19467,-19055,-25106,-20864,-5099,1678,-6322,-11811,-6432,-11672,-13930,-12503,-14565,-15836,-20953,-19796,-17630,-19105,-24736,-17291,20267,-19978,32752,32752,32752,9028,8417,-288,4313,14546,21594,-25448,32752,-18931,-31049,-6811,-19034,-17946,2854,8753
13447,14383,-31908,27206,1021,-29469,-2744,-12758,-24705,-15781,-12451,1680,-4494,-17470,-28077,31821,31441,-28574,-23260,-25197,-10060,-8722,-4079,-22865,8066,7250,1089,499,17807,17525,-27017,24871,2921,26418,27092,-16231,-2574,-10887,-3525,-8935
-3589,1305,4853,12110,3504,-4407,-13338,-9842,-20532,-13918,9622,8329,19924,27851,-28232,32758,32714,-6000,-21640,-10768,-4893,-9001,15264,-25651,-12745,-16994,15593,-29714,-18589,-12504,4591,31087,15300,-3326,-29015,25471,-5345,-9154,32759,28713
19893,-31354,19977,-28148,32759,-465,30870,14865,22666,14849,14823,10538,2239,-7923,-4943,5616,6982,1036,1046,3005,-1866,-996,5171,15129,20261,-30647,28794,-17527,22794,21453,-8357,-16776,-11860,-851,-202,-1268,-7412,-19849,-22889,-19617
-25247,-16729,-23566,17750,24603,23506,20968,3410,6398,2219,3527,5911,6548,7342,9721,12366,4141,8477,-20305,32759,32759,-21187,31970,9862,9710,32759,303,-6060,8677,6941,1064,-27389,30557,7458,-17341,-3329,-20378,32761,27362,-7667
-32517,19591,18783,20219,20929,8002,11179,1643,-4078,-114,4551,3646,5158,9328,4396,-1167,-31061,-28791,29641,22958,-1832,-3659,-16919,-7082,-4387,-17681,-4424,8099,1678,-1914,-8957,-6693,-6936,-23925,-17199,-12627,-10626,15732,-4625,-10824
22171,-22536,32759,24419,9881,2959,-10048,-6165,-15104,-17451,-516,11184,15838,6757,441,-14810,-13174,18380,30145,31645,-24562,4703,-16590,-24425,-11117,-6840,624,8353,-69,-14107,22635,32156,32760,15373,-16058,32760,31054,13202,14620,8329
468,1101,-3571,-13897,-31403,-22060,-6772,-5771,211,-2623,180,6313,6480,8380,6185,4478,11656,13287,-22408,20617,4042,-3277,18373,-12710,5907,-11271,-2957,-839,2329,6568,4927,8363,2787,-14907,-11066,-21906,-20857,-20196,-21696,-13565
-4461,-5806,-5273,-9020,-10725,-2833,150,9565,1698,-3872,-1365,1755,13375,25806,18700,8158,10701,13289,484,-10592,19154,-12963,-28456,19689,-5853,-2988,-6158,5850,20014,11485,-13080,-14761,-7171,-27100,-27778,32761,-29669,-10883,8872,2973
-2668,-8873,-18539,-11660,-14858,-14969,-15380,-12883,-5497,-4252,-111,3654,-1680,-5644,423,1322,3736,4605,10182,14507,20713,-26332,6417,30730,-1616,13872,-27024,-10508,-6482,60,-1289,1587,6462,-2886,-3868,-4995,-2938,-415,490,526
1560,522,-1310,-328,596,-303,-1140,-828,-1386,-622,-1892,-3186,3601,-6713,-21104,-23594,-24060,-7492,-19470,-11266,3939,23686,-29281,-31010,32763,32763,-1533,-12510,-26737,-20806,-4814,7543,-17240,32763,19033,32119,28636,1079,8556,1982
-4038,10534,16850,-1116,-9375,-18558,-32597,-28818,-6889,19552,11314,22485,13402,11472,13741,15144,950,5099,-1169,-1938,3895,7738,3599,7645,8680,1097,-2474,6044,9778,11496,17166,26926,32452,-31026,16410,27293,14946,15020,-14322,-11210
-11532,-4701,12454,-2442,-1947,-3242,-3054,-3617,-9075,-12777,-12834,-17300,-13879,-10651,-11726,-5829,-3416,9098,10539,-5671,-1859,-30039,27294,723,5406,-11163,-19847,-23026,-3291,23040,-25445,-15262,24501,-4161,-10397,-14749,1305,4555,18126,22738
25407,4672,32763,32763,-6,17962,-3713,8459,21745,16389,21588,-6358,18528,7559,11178,-2661,-13020,27417,-2096,4240,-3861,-3283,-3593,-262,17759,13851,9898,13407,26678,25070,19105,7067,10565,-27494,-5490,-17425,-55,-3011,-6529,-5103
-191,-373,5056,1759,-2637,-8191,-22204,-19721,-12326,-12268,-21589,-14037,-7581,-4653,8597,15857,22079,21993,13805,4515,6832,4638,-8353,563,-15963,-2723,11822,4241,-13328,6374,-4208,-180,4439,1247,-818,-3598,-4374,-13555,-8662,1754
-8204,9535,9416,-1024,-6251,-2822,-2552,-3626,-5173,-5228,582,-3072,-15360,1817,-5376,-4554,8295,6625,16666,15780,21263,-21373,20312,13104,25928,4841,-20978,-7494,16754,416,-7166,-6358,-10381,-10092,1701,-3279,-3817,-4976,-16579,-9776
-2292,13798,15773,12813,7984,3500,8798,15042,28256,21873,-32610,-31078,-19273,2305,22176,-9638,-24083,-21716,-21071,-12100,8504,11040,6702,2959,-17286,-1296,14120,-4990,26152,-4076,5214,-13649,-14838,-10648,-6490,-15812,-14258,-15213,-8564,-10667
-2179,-653,-1425,-751,-1968,10510,7921,-1050,6233,-27614,-19476,26260,14858,3638,127,-12774,-10747,-390,8620,4865,-1208,-13512,-4677,-9089,-18694,-2410,-3282,492,142,-654,1776,481,-2141,-1138,10681,6090,-1577,-635,-3416,-910
6377,5115,-1938,22792,-24035,5294,4901,-29094,9709,1396,17303,-909,-7558,-22051,-14330,6930,4264,285,-5877,-3570,7632,-5284,14312,-20791,-562,-596,-5957,1889,-1696,-5856,-3368,-3801,3800,-7093,-12112,-6314,-5309,-525,-741,-890
-119,865,700,4912,23129,-5963,15605,-15471,-16347,10768,1899,-5988,-8065,-3423,-3060,576,-19,-3909,-9341,-11343,-15419,-19990,-17897,-13153,-6108,-940,6760,22955,27918,-29660,20118,20545,18172,14712,-30378,19403,7420,-27642,30522,16062
-21180,-8721,-9567,-3203,9477,9815,8452,5312,-4150,9550,11338,-13446,-24425,-22829,27583,32578,32764,32764,-31441,-30086,-27144,-25354,-19492,-11355,-3493,5099,21811,29763,15501,10609,18545,12478,7421,31071,18239,1154,-9490,-9556,50,3883
-3098,4449,-1784,-7673,-7280,-6276,-14883,-10436,-12546,-14455,-15273,-24863,-17356,-4434,-11978,-10884,-258,3326,14857,-32168,-29214,32766,32766,32766,25948,20482,7913,2611,11539,-27222,25485,-30033,-2562,-9757,-27479,-12753,12684,8696,10079,3724
353,-3574,-7313,3517,27194,-6646,7385,8958,4238,-15773,1355,5365,-7369,-17639,-28962,-32351,31109,32766,-25769,-8766,-3189,-4255,-4982,166,552,1764,10040,16829,24910,13469,551,13532,-32767,26279,26117,-9385,-2104,-3519,1413,-617
-7050,-7135,-7195,-14120,-7994,-5370,-6412,-3059,3641,20298,13993,2199,1642,12468,13381,27023,23755,16102,4913,-4514,-12008,-1681,8163,10139,6813,225,7623,-19357,-30550,-15459,-14424,-9701,3033,-1955,-6525,-4306,2084,-3669,1009,1014
1223,-17786,31149,-18047,8874,-5576,-29360,-25403,-26821,-26120,-23649,-32673,-30207,2493,3957,8555,16392,19265,23578,22192,12372,21996,10373,-22689,32614,32613,290,-272,-3310,-13161,-247,-4235,-4731,6279,1995,-2075,-3660,-9795,-13086,-12658
-15205,-12544,-15541,-15914,-6110,-5412,1838,3572,14597,20710,22897,30956,29594,25650,9336,-6883,31365,-29084,29845,32764,-32666,-30206,-29999,25331,3289,15608,22268,11388,5403,10131,-6465,-6879,-11686,-17444,-9726,-20803,-11605,-15535,12004,11253
21065,-4110,4064,11974,11496,-1240,-912,2810,-1628,-1861,3329,12100,11244,5285,4258,2292,-2549,-25124,7589,9390,3990,-10865,5148,-7628,-7137,-2861,-1233,-4891,-2575,-18306,-21189,-10369,-1681,25044,22991,24194,14138,12822,12557,9617
11734,11791,-8558,-23225,-13074,-2379,1032,5563,5378,11282,13949,10747,1098,-569,-16950,-7279,11287,-14840,-28104,-20805,-7656,153,5338,15266,14124,5416,826,2720,-24473,9659,-3990,20010,-10481,-15950,-17483,-10604,-14697,-23145,-18680,-19589
-19433,9313,14261,-2374,1991,13581,9469,25655,-31925,8448,24990,-27971,22072,-6428,-30723,9003,-4681,-10992,-13430,10815,4465,-10571,-6729,-6248,-3138,-12822,-17400,-15230,-13610,-13417,-4502,2462,1060,-59,32144,-32036,22699,24990,17477,-26791
21886,-2246,22098,18150,19422,-799,-21141,-11685,-15144,-12726,-9182,837,5453,8641,-20812,-32407,32763,-4,32763,17578,3448,-19397,-16575,-5905,-2017,-13040,24330,31711,32762,-3657,32343,31178,10517,17535,14742,10882,-2508,-5989,-9601,4763
7470,15413,18864,17317,13938,17487,12063,-28711,14072,8951,-30383,26755,8574,571,-3600,-3454,4388,-1381,-6838,-6492,-13274,-13118,-21570,-18139,170,-7097,-6658,-2521,-25188,31987,14407,13191,9788,229,-7079,-17609,-9978,-1970,2146,61
1659,4506,5138,5035,1709,-4090,-11515,-12740,-32612,3158,-4335,-12471,-10869,-23718,-14142,-19152,-14321,-15709,-12505,1519,7240,7342,-608,-6981,-7202,29385,-25159,21159,-12329,-7170,-19027,-25383,-24131,-25725,-28289,-20250,-8800,-7799,-2707,3069
1594,-1352,-5606,-903,-3377,-3213,-330,249,10223,11028,711,6036,16314,21336,-25607,32764,20879,25804,-8740,30717,675,-7313,-11970,-9389,2134,2403,7597,-4255,-5726,-2593,-407,4213,7268,-5092,-8661,-15905,-31765,-23584,-17954,-20920
-17810,1322,4726,15604,23290,-25963,32764,22114,18563,2907,5961,19562,-10888,-26376,-22492,-27690,-16122,-6736,-15260,-16616,-4104,6839,16907,-14203,-10597,-13455,9230,-17479,-19959,9699,22980,17052,-15336,3562,-10763,-6939,-22709,-17517,-20188,-15963
-19524,-13710,-21194,-894,-2538,-5543,-2445,7389,20049,13715,20915,6724,-4508,5747,15138,-7832,17085,-24391,28655,2295,-7586,-8017,-5877,-7209,-7715,-3267,6219,3496,5419,2042,-2712,-1247,-5338,-10070,-9583,-13275,-16185,-6839,-7891,-11038
-9475,-14834,-2431,10793,19678,9037,13739,22061,23926,16393,10566,-25106,22554,572,12664,13914,-5,32764,32764,-29381,-5704,-9105,2969,5154,10183,-3122,-2123,-2933,7648,-18547,26508,-25944,-16514,6085,-6755,-5136,27448,-26735,-16510,-24416
-20007,-24029,-22612,-2219,-4808,1035,1822,8991,8341,20888,16623,26878,-28110,9933,7608,-27247,22152,-3056,178,-591,-1272,-13180,7506,7059,-715,-3548,1418,-417,771,2936,-7223,-12126,-15175,-10548,-13018,-9101,-6604,-8346,-20806,-11539
29897,-25346,-32374,15109,-2001,15069,21116,-3713,-1505,13823,11741,32234,-24888,5587,-19903,-5933,4195,11011,5768,987,9252,6697,-4781,-5333,-11011,168,-15009,-15541,-10613,2174,3137,-9608,-17737,-17709,-18121,-15457,-16274,-19211,-11600,-5941
-3819,-676,5151,5498,-4821,-7276,6570,5391,-29154,24701,-20852,19156,-19518,7236,-20367,-5851,-2671,1193,-3427,-3107,1213,-1308,-2585,-3454,-1822,267,-994,-6558,-9790,-15093,-30983,-29898,-14766,-25243,-16396,-829,2886,30188,-26396,32765
32765,7574,4988,6108,533,-25572,-21844,10587,3386,12886,10121,10993,11413,17868,15893,12430,8560,10501,10074,-32712,-29027,-8899,-27191,-8675,-15050,-22279,-26453,-24482,-24363,-22876,-20559,-25662,-21481,-9324,5827,-229,-8677,-2008,5657,9575
3636,6383,17885,26184,-26772,21624,2451,19752,-4399,10068,608,-4159,-3375,-9612,-6398,-1003,-2603,5704,2345,-13740,-9928,-15501,-12949,-7034,-10405,2644,-5003,-1121,20966,31431,-29083,11607,-13957,-10147,-5318,1395,3485,334,2600,-1702
-9541,-9652,30337,-25066,-1,32766,2864,-7110,-8236,-12097,-25097,-13808,-10328,-12581,-21219,-27176,9689,17189,-2,32767,32767,25345,31008,-7371,12414,10810,6678,-805,-2158,2265,6270,-8151,-5091,14694,-5240,396,11945,13299,5945,-30421
21992,4718,-13216,21382,15042,-14208,-6577,1529,-3464,-2789,-9911,-1086,-8289,-23537,-10859,23769,18558,5133,9194,3748,-11130,-12753,-19901,12611,-17806,-2,-18676,13831,928,-20566,15156,8580,-1961,4872,-121,-4131,-7449,-3150,1548,749
20338,-23235,13719,-8128,-18929,-8664,19412,-3198,15052,9514,-13914,-3229,-3763,-7338,-4701,-5568,-2878,2661,8291,-3938,-3903,10826,13251,11689,-27363,-8962,14489,32764,-13357,9860,-23867,8087,-8311,-18948,-1134,5702,5668,-965,-1073,243
-4807,-7017,-12868,-11064,-14990,-9016,-3759,-2812,12017,4000,-430,23426,24068,15986,5114,-12328,29622,20916,6175,13418,11763,-14852,32762,20412,16175,11911,9135,13726,19416,-8709,-15277,-22256,-22509,-31150,-6106,-32174,-27717,17572,-7137,-4863
11247,17857,-13911,-9606,-7769,-4636,-3228,2845,745,-8815,-93,-2535,-243,7621,9290,12491,8087,16417,25833,25690,-28597,-2723,-31235,-9299,1564,-27764,-5661,-9233,-5969,7158,-5102,-3300,-737,3191,3286,-256,-3268,-6011,-17682,-16082
-11836,-17673,-14188,-15294,-9001,-8109,-16282,-7703,23546,22753,-787,-12221,-10970,2720,-3281,-13985,-18444,24049,14765,-3576,-30184,21318,-8575,16488,5239,900,8853,6060,-4174,6118,3513,-2311,-360,-3675,21403,14118,14209,-1589,-14936,-12619
2545,-10857,-27715,-16993,-22329,-28625,-27440,-30640,-15985,-8837,-15675,1678,9210,15461,-1536,7220,4664,-2544,3667,8726,-6355,17398,-1700,-10357,-12817,-12280,-15601,-6501,-2685,-174,-3499,-3334,450,128,-1612,-2342,-11123,-9859,-6345,-16326
-14979,-10704,-22121,-25179,-16794,-9167,17952,-31971,-28879,-32768,21012,8325,4255,2940,21000,26561,12209,8503,-1,-9675,26900,6672,2057,-11408,703,10158,5326,-2544,-10232,-8958,-3990,2626,27694,-25607,2834,-10305,22826,14036,8438,493
4165,-10077,-1838,-17180,-14451,1899,9440,10486,20263,24143,29103,19394,23471,-8721,21025,-1853,27971,-5243,-180,1727,10240,-2513,29278,-21706,-27717,-14786,-16061,-12198,-76,22106,14490,-29931,-30594,13018,1855,-2482,-4183,659,18125,14412
