0,0,0,0,0,0
11,3,85,-64,144,717
11,3,85,-64,144,717
8,2,-98,13,-23,504
4,0,-69,93,-8,281
0,-2,-47,52,-80,67
-3,-2,-30,-9,-341,-171
-5,-4,-19,102,-287,-470
-7,-6,-8,90,-501,-834
-2,3,13,-545,-391,-691
2,7,6,-438,-312,-218
24,22,-4,-105,719,1217
20,18,-3,-107,391,936
13,15,1,86,-42,590
0,10,4,181,-187,244
-2,8,10,96,-230,54
-12,3,14,62,-541,-588
-11,4,18,-158,-260,-502
-3,12,14,-185,-188,177
8,17,7,33,442,865
13,16,3,116,308,1042
10,14,4,347,39,980
-5,-3,12,278,-126,298
-7,-3,14,254,-453,181
-19,-12,21,186,-682,-494
-20,-10,29,-472,-471,-574
-14,-6,24,-467,-514,-181
-2,11,15,-458,310,1022
-3,7,13,-364,-132,781
-15,14,13,-520,-284,656
-19,13,13,-431,-212,385
-42,15,17,-483,-861,-700
-46,20,19,-616,-765,-720
-41,33,10,-595,67,110
-28,43,-1,-143,393,363
-21,43,-4,179,170,682
-24,36,-1,431,-15,561
-32,24,0,772,141,213
-34,20,5,582,-385,-159
-53,1,29,553,-678,-1237
E
-46,-1,27,-258,-226,-959
-33,15,24,-995,-655,-11
-16,27,9,-154,1148,728
-4,27,1,13,840,1426
-8,24,5,-43,-129,1014
-27,10,19,729,-820,93
-29,8,18,619,-877,231
-45,-20,41,853,-1743,-1071
-55,-26,66,-105,-3527,-1300
-70,-26,85,-541,-4061,-235
-98,-27,110,-90,-2843,2056
-114,-25,117,1436,-2346,3048
96,-23,-115,1956,582,5318
107,-11,-128,752,3538,4760
-92,92,68,-2067,6498,6987
-80,82,69,413,4638,6356
-1,61,54,3086,-947,1714
-37,47,103,466,-9225,1378
-77,106,-36,-2677,-25402,-1920
86,102,-50,-2595,4239,3690
-112,97,21,-4522,-11253,-1331
10,-45,4,-15345,-15519,-1166
25,-58,32,-14864,-15548,864
120,-126,3,-15366,-1658,2921
-117,87,99,-16473,-3243,920
-123,12,76,-20471,1327,-1373
113,40,36,-22170,-6373,-2707
-84,4,7,-20383,-22623,-8505
-61,29,87,-17893,-21352,-9275
-107,-66,100,-19224,-23188,-10508
120,37,24,-19840,-16479,-8027
-90,-66,8,-15616,-4056,-9691
-118,1,19,-12741,-12733,-9266
27,55,69,-7738,-9971,-9985
43,21,87,-7395,-6330,-9699
79,-20,97,-4833,-5298,-10064
-116,-105,86,-5588,-5613,-10375
2,71,52,-5184,-6598,-11156
54,46,36,-4269,-8348,-10459
-123,27,-30,-3182,-6018,-8582
E
-6,2,-111,845,-910,-5717
26,-2,-108,131,-4137,-5938
115,-45,-97,4260,1143,-5816
120,-48,-73,-5073,-12333,-7312
18,-69,31,3107,-13889,-6278
8,-62,54,-686,929,-4133
56,-29,15,-3521,-10475,-2534
20,34,-70,-6598,-2458,4470
2,47,-86,-7925,-285,5843
-122,121,32,-3187,-1593,-37
65,77,107,-635,-19797,-4927
106,90,-98,-2434,-15804,-4317
81,122,-70,-2651,-8194,-2825
44,114,3,-180,-11508,-2172
31,95,89,-661,-14424,-2436
47,104,41,-2126,-16892,554
81,110,16,-524,-7258,2279
108,-38,9,-1158,1995,6764
67,-28,1,-2423,-3427,5130
15,45,18,-1570,-11683,1292
80,-17,79,87,-15160,-2864
-38,-44,72,1334,-1609,-495
-31,-13,-36,-3545,8480,3567
-102,-52,-24,-6280,3659,2128
86,100,88,-9021,5095,-773
100,79,83,-6713,4087,-198
99,-63,-97,-4904,14204,1005
70,-71,10,-12841,8987,-2192
88,-90,-57,-11541,19856,-4277
-49,-22,60,-14779,18398,-7231
-7,35,-17,-17909,14942,-4234
8,-51,94,-15145,16195,6
-25,-88,-55,-14307,11634,-194
124,92,-126,-4173,13500,5038
72,27,96,-6064,8652,6422
115,-59,55,4903,10969,16330
53,116,106,12881,5856,17770
-36,124,-19,22164,9853,18564
-127,-38,67,18435,3724,14673
99,38,-114,22784,-6971,6886
E
-76,23,37,28105,-8974,2780
-49,13,110,32558,-6888,-3777
-114,97,-36,-31627,-17873,-5498
32,-99,-105,32711,-419,-11569
-57,-47,107,32711,2300,-15149
-36,37,73,2865,-32094,3249
-38,-79,-126,275,24912,14464
76,116,104,-5800,-468,7410
30,102,120,4984,-7299,-4848
53,-14,-16,5380,12499,-2762
27,78,117,69,-4111,-1751
61,85,101,-4238,-391,1517
89,30,-119,-623,20538,514
-42,16,34,-7604,13942,-2026
46,51,106,-16663,1309,-5190
106,43,-102,-12676,7627,-3435
-119,-110,-20,-10410,5832,-3729
-58,98,105,-17996,6347,-6602
30,126,-2,-9228,10992,-5701
61,-91,116,-7951,-3789,-7127
95,126,-92,-14703,2728,-4119
104,-86,-83,-9873,3673,-4375
47,1,66,-10656,-6630,-4613
20,32,28,-9617,-108,-3388
-26,67,106,-6438,-198,-5772
-33,54,123,-8433,-6610,-4056
-116,82,-31,-7823,-7803,-3643
-88,57,-67,-6229,5402,-5448
92,30,-25,-6337,-1252,-5652
37,-61,58,-385,-3499,-2206
55,-46,29,-1179,-9720,-1542
-83,-12,23,-1238,-12742,177
-30,-4,-47,-3119,-11452,2305
39,-26,-109,2330,-8318,-236
33,-17,-108,-475,-11371,751
101,-35,-52,-5317,-15124,537
110,-63,-46,-717,-6530,2407
-121,-108,-50,-7553,-16080,1978
87,-98,-116,-10969,-20143,2037
-43,-77,-122,-8149,-25649,-1377
E
79,-55,46,5240,-6599,-1681
-34,-6,-110,-1447,5533,766
55,23,-77,-415,396,3057
57,3,-23,578,-420,4244
60,-29,-17,-383,5532,3781
66,-40,29,-5225,1995,-351
15,-34,-82,-7241,903,-4182
14,-15,-77,-7668,2019,-4475
-19,-120,69,-11684,6346,-661
-2,116,42,-11012,8679,1198
-9,92,-97,-7922,11070,1890
-31,56,-115,-7333,13265,887
69,-36,-105,-5936,14482,129
-13,-37,-127,-6602,11976,223
-117,-82,95,-3716,7875,2868
-114,-49,68,-1260,7453,5398
-95,46,31,2540,7817,7858
-78,63,21,2600,7662,9776
34,-32,-76,7544,7974,14458
-114,-67,120,21331,9143,10881
33,-52,-14,24897,3992,3299
69,37,18,32476,8638,7300
24,57,110,-31675,-7836,6218
75,53,-90,-32579,-12646,2940
95,16,-106,32716,-18656,3079
-122,114,22,32716,3969,4899
84,-65,-55,32716,-2836,-5783
113,63,-57,-2867,-23919,4149
45,71,-101,787,23879,12543
20,47,117,-1518,11889,1903
-85,68,-46,1395,-1646,-1596
-115,19,8,4922,8135,-5123
-87,48,19,1235,4164,-3492
94,-91,100,-6129,-9425,-737
78,-92,64,-6001,-12137,141
9,-52,10,-9620,-30098,-2013
19,-26,100,-15400,21187,-5107
22,-78,-117,-16222,-4866,-11540
-29,47,93,-19975,-17969,-8051
2,112,-43,-14087,-3788,-8340
E
97,-25,109,-9760,-2514,-8557
51,-86,-53,-19733,14320,-5819
22,68,126,-15623,3332,-6933
101,63,117,-19146,-7282,-1825
127,-127,85,-15321,7775,2048
-120,-38,101,-11118,-2797,558
54,120,-14,-9199,653,-2535
61,123,16,-7540,-1004,-2125
-101,12,-88,-269,-8633,-6693
-104,-4,-96,-1708,-4087,-6053
-77,118,-111,-4213,-8648,-2641
-49,105,-119,95,2551,-1271
96,-54,-73,-3808,-9904,4304
96,-60,-62,-2260,-10689,3466
-97,59,127,-3219,-15795,3823
-84,30,-87,-2687,-16935,2949
127,-80,-84,4000,-8486,-4895
-109,-85,122,2062,-14573,-2690
67,125,-51,-2127,27004,-71
-75,-123,-126,271,-27319,876
-39,120,62,7910,-7917,3584
83,-108,40,734,-12221,1603
-96,-121,109,835,4306,8337
-124,47,-31,64,-4098,5378
-122,-8,-55,-1343,9796,4350
94,-80,103,-3063,-914,1568
102,-95,100,-2453,1319,1670
109,-124,120,-1297,-2303,-578
127,-113,90,-1484,-162,-152
103,-109,76,-3479,13584,1405
8,114,-80,-4546,10522,-1258
-116,21,-40,-11750,8848,-835
-115,11,-109,-11424,20044,-218
-52,-14,-35,-4748,17944,-1314
-97,3,-113,-6289,15265,-1291
122,-5,-60,-8079,14429,-1565
-65,30,37,-3128,22658,808
5,61,-86,1987,13450,1822
-95,67,-64,8472,7207,2436
-112,52,-9,10361,9698,4854
E
-115,55,-16,15750,14339,10911
95,56,5,16522,11474,9094
-110,-126,-30,26220,-12873,7190
106,25,103,29071,-406,9694
109,96,93,-31286,-3302,9493
-73,-105,-20,-32370,-6402,6068
57,28,61,32714,7780,6949
71,-47,49,32714,-16961,5809
50,-63,58,22311,-9339,5761
113,11,5,-1040,7007,17753
83,30,98,-4783,17876,14045
-23,85,69,139,33,-10828
-28,74,-70,1793,-16457,-8984
-36,-2,-67,-391,3472,-3073
18,39,-111,-1937,7548,-709
64,104,108,-8989,-4329,2167
-28,-108,100,-10362,4843,-736
-113,28,126,-14655,25358,-4424
-39,-64,41,-16736,11579,-8983
-68,14,19,-18863,5683,-10141
102,-27,-90,-16677,12273,-11838
-38,84,66,-13957,5377,-13872
-22,65,-74,-14347,-4955,-13986
49,-116,92,-14169,6282,-8385
68,53,-31,-16444,324,-6915
-116,-57,80,-18480,-1192,-6134
6,66,-42,-16125,3212,-3400
26,-127,64,-14614,-4071,-4811
58,2,90,-11461,-6110,-2611
20,-8,105,-6985,-14153,-3599
107,-23,-117,-7669,-21377,-5060
92,-86,57,-5018,-12478,-5636
-77,70,-34,4,-10347,-1042
-55,68,73,234,-13161,-2600
118,56,63,-2276,-8922,-491
119,75,65,2,-18086,2097
61,-127,-122,2176,-6297,9427
76,-99,66,-2110,11100,9881
21,119,56,-8097,-4295,-2140
42,16,105,-7534,-5133,-9548
E
7,-59,0,-6378,4026,-5560
6,-25,-54,-8070,6331,-3428
22,-74,44,1382,6865,845
-18,-63,64,1111,9037,1477
-89,-19,75,4382,6001,5890
-15,79,-122,8764,5012,7084
-7,88,126,10833,10654,5754
-50,83,-36,18829,6776,10529
-13,83,-31,19359,8159,8020
-101,5,-55,25391,-5743,891
-128,33,93,32447,-5051,8164
-119,-89,53,-31108,416,10797
-82,25,-90,32716,6426,11798
-107,21,37,32716,-8792,5198
102,-65,21,32716,-18623,1385
-45,47,49,27122,-16930,4543
-123,53,-92,-123,-988,10783
-38,88,-126,-6274,-32072,9537
126,-78,62,-1282,-6248,-4908
74,49,-55,61,-3746,-9216
88,68,-80,-3201,-499,-5832
91,-5,-24,-12694,1741,-3525
89,2,-15,-18601,2824,-2401
43,-40,10,-21244,12772,-3188
8,-24,42,-21728,21616,-3927
20,97,-26,-24281,-703,-5389
5,94,-33,-18796,9149,-5274
-31,55,5,-14755,439,-7604
-92,-69,71,-16135,-5416,-9949
-74,72,91,-17492,-2189,-11520
-1,-127,-72,-15131,4278,-3025
31,126,32,-15164,8025,-4625
69,109,93,-16682,-3109,-5682
70,-93,75,-14563,-854,-2387
101,-31,-79,-11315,3424,-1340
126,-53,-118,-7082,3219,-3454
89,-96,-63,-4626,-12805,-3150
65,-106,14,-5270,-3859,-2467
57,-117,69,-2451,1934,-1687
54,115,76,-2999,1828,-6284
E
81,25,66,-6030,-3720,-7769
117,-20,121,-5669,-11073,-2472
-48,7,48,-387,-23152,6689
-31,39,66,-7151,31355,4598
5,-73,-40,-1515,-2089,12654
-80,119,111,-4360,-7776,9758
-16,-47,18,-2334,-8676,-944
6,-29,-7,-1089,-4866,1256
-117,-55,-22,2655,-9731,-3286
-13,-15,-35,1919,-2582,-1057
69,18,-25,-4039,6918,-2526
2,-32,11,-3320,3637,-4546
-34,-68,45,-8420,3948,-5444
-61,117,-6,-9786,5956,-6054
-63,88,-40,-9430,5762,-6421
-59,51,88,-6460,9924,-2083
-120,45,42,-1905,11120,2322
16,77,6,1952,15008,8808
-60,-2,-76,3865,15534,12790
-88,17,-79,5925,8724,12537
-125,90,-114,14434,1724,14178
-41,75,-91,17467,4684,13275
12,61,-32,16847,-5208,5813
20,-22,-85,20999,-2588,7577
-14,-92,-116,29710,-15972,5121
107,11,67,-29607,-12721,1313
91,-79,-7,32717,-5196,-128
102,-1,120,32717,-10542,-6985
-54,-90,-90,32717,-31966,-4235
-83,-78,44,26967,-3489,6303
31,48,-17,6197,18160,11238
42,36,-33,-16216,839,10165
-97,-3,-6,-8697,1595,387
-127,-22,-109,830,24069,-2497
-100,92,80,-2797,-8857,-9922
-87,-87,83,-6176,-1789,-4251
78,125,97,-16990,15808,1509
19,107,114,-19790,2410,-1261
-4,8,-64,-21052,30152,-6818
-10,2,-46,-16400,23658,-6275
E
-86,-27,64,-25569,3015,-6065
6,24,117,-19970,11150,-9116
-41,73,72,-11126,-5116,-12944
-96,93,-93,-19496,-4929,-7404
-23,-20,9,-12641,4605,-5301
-53,-53,97,-13395,-6132,-4989
106,-47,16,-13520,-3360,-5387
97,127,-15,-9540,4149,-4917
64,73,-7,-6745,-3747,-6802
113,-103,-60,-11325,2194,-10659
56,51,-55,-3801,-11587,-2726
99,57,7,-2703,-7943,-2253
-106,27,46,297,-5776,-1232
-60,25,-85,774,-8705,3080
-59,40,-85,-245,-7358,1863
58,33,59,-4622,-18454,2573
100,19,29,-3345,-13653,3631
92,-21,-22,-5071,-24802,3782
-55,-68,104,-3761,30726,2204
-1,44,73,2465,-2389,3107
-110,-12,-17,3101,748,5416
63,-96,122,1060,-14406,-3158
47,-76,41,-2393,-3727,-2285
88,-38,-77,-1731,4308,-1667
107,29,-32,-2514,1541,-4200
-119,99,-48,-6006,3578,-3324
-75,-79,-66,-5678,13710,652
-61,-97,29,-3864,10072,-2980
-38,-13,-29,-3018,5203,-4038
112,53,-93,-5132,16303,1768
-122,27,28,-51,12419,6699
-48,-36,6,9103,6734,4760
-42,-2,-35,7774,11558,3440
-106,-55,-84,10331,3002,3496
-66,-29,-118,9649,2777,5415
-121,-2,113,13211,9646,12706
95,-41,-47,19082,5697,12962
125,-56,-65,20934,1600,12024
53,-21,46,24673,-6409,10481
26,109,68,26978,-2048,8973
E
-97,-97,115,30995,-13467,-668
107,-29,50,30668,-11241,-668
99,-102,40,-31547,-11931,-13187
78,90,76,32720,23865,-15210
-64,17,75,23667,-18482,310
14,-22,-24,4220,29614,19320
38,-99,112,-3666,21233,19111
-44,-122,-57,-322,2344,-1998
74,-75,-104,4145,3230,-5068
-55,9,-48,-1169,-8242,-1236
-112,36,42,-3746,13172,3397
115,-33,-82,-10645,4673,2168
-9,106,-127,-18415,-9415,1378
-51,-38,-1,-25280,17912,-2327
85,-109,-118,-23910,-24060,-2150
60,48,75,-24181,2283,-11123
70,124,-43,-20068,8868,-10425
5,-64,-108,-21946,-3771,-9037
34,99,25,-13990,9489,-6114
10,77,64,-15970,4694,-9227
42,-81,-1,-23643,-4055,-6410
58,-98,-65,-19551,4257,-4963
94,-108,119,-19065,7405,-3379
82,-63,-125,-20853,5912,-5213
-106,-109,0,-13274,8847,-5572
-128,-64,78,-12069,2989,-6648
-17,60,-21,385,-8003,-7301
-40,80,-24,-1064,-6260,-6419
-113,7,-40,7022,-11110,-1745
113,-39,-34,4353,-8994,-2450
-122,125,43,4663,-11930,-5229
-112,-125,67,1022,-8143,-3981
19,-97,-58,-5575,-4241,-1989
21,-93,2,-321,-1142,-1759
-92,-103,8,913,-9563,4711
-90,-101,33,1203,-12770,5423
-10,-77,126,1399,-1868,11311
-52,-34,-110,-730,-4899,6944
108,17,-49,-1846,-968,755
113,24,-40,776,1239,866
E
-124,21,-27,1546,-4301,-940
-122,5,47,-4677,-148,-2038
-104,15,-2,-1292,3153,-1871
-96,10,-44,-1574,6591,-2082
-49,8,86,-464,5211,-3895
-41,0,82,1242,5956,-2827
92,-67,117,10279,11723,3434
78,-76,-96,8195,9422,2454
-127,114,-89,6992,4709,5890
104,79,16,6317,-1710,5607
79,60,-31,8568,5720,9104
23,0,65,12002,3041,13595
4,-15,67,15114,7892,12945
81,75,80,25226,-10353,6387
-25,59,53,22311,-2046,2895
-89,-44,-51,20570,-8032,-1710
-36,51,-68,28290,-18496,-4029
2,10,-75,-29389,-13387,-6750
83,90,-32,28882,-17497,-3295
-112,11,-55,31926,-1367,673
100,-54,110,27726,-8996,-2409
34,90,18,5828,-3207,8995
89,112,83,3420,9623,13485
-113,73,3,2609,14816,12754
-33,-44,-33,1514,9632,-601
-61,-50,20,-2935,-4655,-2426
69,-92,67,-4875,-7978,-7453
83,-36,29,-4995,13078,-1845
-4,-39,38,-22172,4462,-2163
-42,32,84,-22764,9467,-3436
58,-124,85,-20524,16882,-8502
-106,-90,-41,-22037,13615,-4350
53,9,4,-20294,14184,-2747
-5,124,-120,-8275,18866,-1153
-52,9,97,-16093,-9054,-9868
-38,54,-54,-20512,783,-6153
51,-67,50,-19279,2958,-4152
109,103,26,-16058,4771,-3918
-100,-91,1,-16051,-3652,-2654
-36,66,-46,-11251,20650,-1084
E
81,-127,-120,-7033,7764,-4931
-128,14,-48,-8297,-12623,-4922
11,75,-47,-3325,-208,-2175
-31,66,-49,2302,-2915,-138
-65,22,-7,2999,-3115,-2319
-101,-33,20,3435,-4449,-7907
27,121,-90,-136,-19968,-5453
-62,103,91,-6896,-18368,-3638
22,1,20,-7205,-8548,-2801
120,-55,10,-6809,-10679,-450
11,-88,40,-728,-9899,8187
-18,-44,29,-3306,-16966,3277
1,-80,114,-884,-13311,793
-13,-86,110,-87,-11103,4055
86,-109,48,-128,6537,5742
-59,110,95,-9,343,1885
-123,95,-97,-593,-2691,-2794
-87,101,-92,-3668,2194,-4178
-66,92,-124,-4152,4240,-2021
-105,55,23,-8211,7972,-1426
114,17,-80,-8729,7610,-1133
54,3,-44,-6912,7130,175
75,4,-69,-4899,10384,-1692
110,-48,-76,1725,21542,617
89,-47,-118,1010,17360,1322
127,-79,111,1087,13802,-199
-73,-72,-81,800,7855,1555
-49,-42,-79,-4661,-1959,342
-98,17,-7,8739,-9843,6680
38,41,92,6799,-2994,9655
-96,125,-69,12259,-7974,12265
-1,45,-12,20321,2578,11318
-49,-13,48,20264,-9142,9300
-27,59,16,24202,-16807,3159
106,-113,-60,29482,-10651,1995
-106,6,75,-30031,-9084,-130
57,1,57,32724,-12417,-2156
-49,69,-40,32724,-16194,-6085
-47,-81,-105,26848,-13838,-344
20,-2,-9,-2172,-14872,22275
E
-106,73,-98,-2715,32662,25707
-11,7,103,-2065,18554,-1047
-21,-91,-31,1965,-16555,-11685
-10,58,4,-2482,-656,-5218
26,89,1,-6657,7039,-1409
32,100,116,-20615,-541,919
1,110,-47,-15478,6073,2130
0,-41,34,-21143,-32199,-4510
47,-43,-109,-16636,20538,-11445
22,-127,64,-25031,-6712,-8907
-3,-42,115,-24005,17173,-5616
-2,35,40,-15223,19572,-10898
-119,-113,81,-20924,-12166,-13350
-53,42,14,-24820,-1255,-6079
6,-60,-118,-17996,5783,-2597
38,-86,-1,-16393,9217,-6803
40,-90,-34,-15732,-5323,-10687
70,95,115,-9040,-8513,-11924
68,52,97,-6619,-7426,-9410
-122,-25,67,-813,-7143,-6621
-97,113,88,4353,-8759,-6795
-46,79,-53,6109,-13777,-8255
-101,-3,-104,9955,-12750,-3105
111,96,27,7490,-5990,651
87,120,12,7219,-5865,436
-81,-47,124,-1028,-6135,5188
-107,-50,124,8042,-13966,2124
-14,-8,-4,3240,-13658,987
81,9,-10,2434,-9330,2547
-121,10,117,-1384,-2303,2535
110,-29,-112,-474,-12388,-1640
-16,46,-55,4032,-13127,1744
109,45,-86,-2090,-14081,1950
55,-18,-114,1330,1939,1668
-104,-20,-2,1042,-1744,462
-90,-40,5,1329,2435,-1428
-69,-15,46,-19,880,-444
-57,-5,76,-16,1906,89
-48,-6,95,-1523,2655,558
-45,-3,-125,-5641,2374,683
E
-39,-13,114,-7617,1680,233
118,-74,0,-14995,-1670,41
83,-59,-37,-14679,-1126,1237
120,-60,-95,-15021,7811,9152
83,-104,63,-6194,16550,10355
42,-39,-95,3681,14078,7113
-50,-68,44,3299,14429,4921
-10,-55,30,5563,7722,3828
10,-29,-11,7042,14773,6619
58,-65,21,18826,3257,5930
-123,-20,-7,16488,1995,5011
83,-123,-75,22610,-8526,5249
-96,113,117,26513,-5077,5864
-5,-116,56,-28688,-1461,5217
-28,-58,75,32720,-7405,979
-127,-104,-102,32720,-13387,-5465
117,-104,103,32720,-18319,-6196
-12,-114,-6,32720,-579,-3949
-12,92,97,6219,-28749,2012
69,-121,-86,-7718,-6227,15080
13,21,-91,-14077,-10842,10841
-127,68,-22,-19653,-988,-2454
72,-128,5,-24007,3530,-8950
-70,-87,113,-22189,6410,-13197
-32,105,4,-19829,-2437,-11688
-81,32,35,-25138,-25842,-2796
-25,-90,63,-23332,11002,2975
-23,-17,-41,-12175,18680,4605
-23,-45,-105,-12934,-2619,6689
38,-94,-7,-8299,11998,5523
22,93,-83,-7671,24769,4516
120,70,39,-13693,263,2069
35,-59,-105,-13730,-3076,2895
73,71,-116,-11714,-2246,3665
74,126,107,-11074,-11047,-1858
-95,47,45,-10780,-16272,-4458
-67,-126,42,-6475,-18191,-4189
71,-88,-105,-7255,-1433,-3318
59,-77,-112,-8508,-9340,-11913
93,47,48,-2099,-19079,-627
E
21,80,-127,-6745,-17236,-4033
92,12,27,-4700,2884,-7483
99,85,97,-2149,-20469,-2446
-37,-93,62,-3953,-15910,683
9,-112,65,-581,4589,-159
7,98,76,1559,8945,-4181
21,56,115,-1444,3117,-5150
-11,60,-97,-5339,7401,-2751
14,77,118,-4134,8656,-1523
-118,-110,76,-3674,12881,-2822
-115,-96,85,-5004,14788,-1895
-118,-126,123,494,16207,5142
-127,64,-113,5341,16542,5451
-112,-92,112,3899,7596,8741
122,-109,48,5358,-32305,9123
-105,-112,1,14475,-5245,9216
-124,-75,7,11409,5779,10490
12,-14,16,15863,167,8852
8,11,12,16557,-3735,6136
-32,79,122,22167,-7112,9183
18,115,84,26506,277,10332
-34,-64,-45,32727,1712,10406
-43,-108,-102,-32620,-15787,3370
88,-54,125,-32621,-8788,2065
56,70,98,-32746,-9110,142
15,-86,-62,27939,-14422,-4615
23,56,-105,7037,-19736,-1659
31,96,99,-742,12718,7183
70,-32,47,-5088,2370,9671
-23,-90,-97,2154,2973,8984
8,15,-108,250,18070,-2556
107,53,-13,-2268,-543,311
109,88,-41,-5902,23920,-876
-82,97,51,-11380,953,-586
123,-91,18,-14418,-3989,-2710
-79,-98,71,-19159,12232,-6599
-33,58,-60,-19353,8807,-6794
-16,103,97,-13677,14558,-3423
-90,-118,62,-17110,12429,-5819
36,58,-17,-16405,9784,-7440
E
80,56,-2,-17124,-831,-10837
100,-97,-123,-17672,-5219,-11184
62,123,2,-19449,-11169,-7626
-38,76,-5,-15163,2144,-6499
73,60,-77,-11238,-1019,-7706
104,-105,116,-7677,-805,-6827
-99,26,-15,-2781,-3978,-6457
-93,80,-65,-1626,-9226,-5188
49,-13,17,-2952,-16381,-4558
-34,13,123,-1188,-1710,-488
-127,61,111,-2773,-6233,-3272
49,80,-116,-4470,-15474,-2475
85,-85,127,-4729,-6013,757
66,-69,-101,-4853,-5694,102
-4,2,-30,-4597,-6165,607
2,-12,14,-5678,-12244,-89
-62,6,126,100,-11823,3042
-43,15,-82,-3469,-10597,3831
13,40,32,-5352,-5851,7246
32,41,94,-1584,-5849,10895
97,51,115,3651,472,14110
-3,-34,101,-9286,-2395,2014
-45,-45,113,-5185,2648,755
-72,121,-14,-2708,-3725,-3848
-44,-106,-52,-2015,7,-642
3,-102,-103,-2441,10903,3763
-38,-108,-89,-3483,8737,3000
32,98,-112,-7443,4002,769
52,88,-125,-5477,4933,1750
-13,11,41,1274,12682,855
-21,34,4,3636,18847,704
55,112,14,9209,17369,3029
79,-84,-122,7766,21634,3733
-31,-60,92,592,20829,5519
-2,-67,-71,4438,11076,5380
-56,-34,20,13159,-2937,8100
-94,-40,-33,13291,5570,11319
-10,-58,18,15773,1569,13530
24,-5,49,13235,-6614,16100
-31,48,26,14028,1241,18503
E
-10,111,-48,31028,-5019,16935
38,-87,17,29545,-15955,13863
-109,-39,121,30864,-14160,7938
-19,-79,-126,29234,-10471,6131
-117,39,-43,31525,-28784,-5832
-116,-50,111,24444,28845,-3265
63,73,-102,2194,-15083,1812
100,-56,-30,3025,-3069,2858
55,-22,82,-2775,15754,6536
-32,-82,100,-2737,-19097,1386
6,-80,25,-6976,18278,233
-21,-78,-27,-8855,4074,384
-120,80,83,-14444,11702,-2155
-111,111,127,-15296,7656,-2528
-68,-39,-125,-19787,17144,-8547
-27,2,-103,-16570,14447,-8132
-11,94,-59,-16834,1668,-8754
-57,87,-32,-15829,7558,-8171
-121,68,23,-18569,5007,-5980
-114,4,-50,-16846,10916,-5478
-103,21,23,-11401,11740,-7747
-112,-50,-1,-13076,-7152,-9781
-117,54,45,-15230,-6566,-7336
-88,-122,-7,-11954,-757,-10036
-66,74,-6,-12280,-5479,-9679
70,31,0,-10783,11443,-7250
-116,58,103,-7248,9458,-9016
54,-126,-42,-10481,-6721,-7164
74,-51,-104,-2868,1103,-3449
-119,7,117,1600,-1573,-114
109,22,126,1941,-2063,4841
49,-7,-106,7024,-5062,5540
86,-121,-119,9422,-12243,1913
18,84,6,3646,-10869,-3876
26,-40,-11,-3559,-15042,-11951
-93,-108,18,-4998,-18121,-10661
-19,110,-58,-16832,-16668,-6922
-124,-40,109,-7419,-3852,-673
85,-8,-82,-11389,-14642,-1358
-29,62,23,-1762,-4526,5615
E
-87,95,-94,-1233,4625,3370
92,115,-41,-491,5868,6316
101,113,-51,-636,5951,5331
58,98,-32,-709,2854,-621
67,83,3,-1659,1365,-904
84,95,-7,-1993,1114,-3187
-94,-112,-55,-2873,3766,-1965
-17,-39,-127,-3733,8438,2281
-79,42,34,2152,13823,5334
-82,-1,86,2745,8250,3618
49,-56,-65,4555,6044,2917
53,-103,-3,5696,7189,4522
60,19,-106,8630,9726,6086
30,12,-55,8236,3120,4673
-101,-83,-50,8353,2357,7102
70,-67,20,8642,5191,9186
77,-61,-26,12673,1349,8165
74,-30,9,12338,-4926,6042
-75,39,51,14166,549,4503
-46,47,-3,13611,-1156,4871
-12,121,78,19548,-6080,1964
89,21,-17,20705,-9307,1565
-71,-33,-123,24029,-4519,7119
30,59,-29,-27731,-9737,12682
-7,-28,53,32727,-3533,2938
23,-107,94,32727,-30026,-4396
61,52,-112,31860,-30934,-6502
-47,-18,-82,18871,-16151,-1204
-85,-26,-13,-3561,-5500,8465
-115,66,84,-6327,4878,11962
-75,0,39,-3377,14946,4063
115,10,110,-2904,-638,1494
70,124,100,-1628,-8982,-6813
-99,-114,98,-9265,1403,1285
-125,-127,93,-9498,-120,268
68,-54,-85,-13286,5199,-19
51,-19,20,-13603,-244,-17
58,9,-114,-19020,26577,-545
109,107,-99,-19629,8016,-1733
-13,-107,-1,-22075,17100,3626
E
63,67,-107,-18413,21559,1848
67,-16,74,-16046,8441,-4233
2,-29,-38,-16454,-5919,-11915
-3,100,-67,-13575,11297,-8450
-2,127,-69,-20894,12985,-8502
-121,-39,45,-15367,6730,-10197
43,3,-1,-10826,2325,-11961
93,-36,-99,-9764,4035,-10206
126,-103,-2,-4790,6095,-6721
-95,-105,-18,-4159,-1483,-4631
-34,-110,105,1681,366,114
-59,-118,-90,5973,-9754,-306
-51,-49,-65,10173,23010,3812
-53,34,94,-4154,9167,-3911
-55,23,-103,-6509,-13728,-863
-33,99,23,-11456,-20368,-5730
17,-40,87,-9488,-8735,-6312
28,-5,51,-10539,-6489,-5244
58,5,-1,-11302,-21899,3330
-51,27,13,-14412,30722,-6574
27,-68,-83,480,14287,-2385
112,-90,113,-641,4411,-2947
-56,-64,-74,4965,-2200,-2806
-66,-85,-3,1991,-6014,-2016
108,-113,62,947,-4114,-426
47,105,96,-1424,-8430,-2339
-47,105,95,-6721,-5280,-5496
-40,-106,38,-8294,-7209,-3860
-91,51,-88,147,5231,3726
-80,47,-50,-10213,3919,3447
-113,2,-110,-1863,18094,8372
-94,-39,-26,-2641,16796,5875
3,-24,98,-6350,20785,2217
-100,-68,-82,-4289,18206,1917
6,104,61,1549,16363,2310
-64,-124,0,1404,18679,4605
72,-75,127,6451,10206,12492
68,-54,115,9161,8137,13945
55,-41,74,15899,-1669,19589
-112,-35,6,12986,67,18074
E
-49,-93,-41,12562,-1193,18243
47,81,-106,18517,-7659,13502
73,1,65,20844,-14465,10847
54,-120,-119,22138,-24680,3060
46,46,61,32140,-31257,-6924
64,24,-7,-30706,30138,-11624
89,107,45,32722,-21461,-11386
-118,-62,-106,32722,-18459,-9985
4,42,-45,22030,-4003,-5393
10,19,73,-64,11785,10112
-48,114,123,3774,11549,10692
-71,-14,91,1340,23514,10825
77,14,99,1739,13429,7191
-23,80,-20,801,-23551,-4495
-102,111,43,2914,11928,-5133
-114,-22,-90,-1304,6439,-6887
119,36,127,-8161,-1650,-4574
-67,44,56,-15952,-5859,-1967
-56,-2,120,-15131,-12891,-3947
-120,-17,120,-12278,21898,-1726
-110,-26,99,-16624,1306,-1942
-88,-72,66,-20188,6627,959
120,22,-32,-20092,9377,4119
68,-63,-111,-20934,9244,4096
-14,76,-113,-19800,9282,-754
-6,108,92,-16181,2621,-2959
31,58,-127,-19409,300,-3812
52,83,124,-15906,7523,-5093
112,-85,-121,-10634,-1522,-10280
47,-14,-91,-8751,4397,-9057
-43,-126,32,-5085,3171,-9470
121,-97,114,-6499,-8764,-9179
31,-73,-120,-7741,-4905,-4559
34,-115,90,-4305,-1052,-3725
-9,109,-110,-736,-4047,-148
3,103,-90,-308,-6658,246
24,91,-74,467,-8664,-1646
44,88,-43,-1346,-11281,-1124
85,92,-92,-3194,-3978,1055
117,73,-119,-4105,1291,1764
E
119,29,-77,-4675,-5474,2860
-92,-23,-67,-3737,-8013,1026
12,-85,-89,-6583,-19884,-2545
98,-105,62,801,-17216,1315
25,109,-81,-3375,-18097,2349
112,92,21,-1105,-11300,-4
-112,96,-72,-1785,-20659,164
43,-99,117,-3430,12460,5588
104,122,-48,-1421,6871,2290
79,109,-107,-2093,1317,-2249
69,-94,-86,-2960,5211,-3242
61,-13,12,-2217,2999,-4836
59,-12,-1,-2016,3039,-3937
30,101,96,-3148,7534,-1667
36,87,97,-3295,8600,-1051
-3,108,-28,-2329,11127,156
-50,110,11,-1769,8838,-60
-98,109,53,757,9002,993
99,-116,42,1356,12310,5741
104,-117,29,2956,13271,7368
49,-111,10,7585,9236,9245
76,-109,10,6838,8743,7584
123,-103,-16,7942,1988,5782
-90,-106,-44,8738,8,7493
-23,119,-99,11627,-631,9591
84,-24,59,11821,-5105,13052
65,74,15,12447,-4211,18083
-45,-77,76,18388,631,14881
-109,-101,-77,19217,-6226,10101
63,33,-24,32192,-17504,-11625
2,19,-114,-30227,-19764,-6869
122,98,5,32720,-20686,-15571
125,35,87,32720,-12112,-16341
45,24,78,27263,-29633,-10672
-100,-26,-53,12673,-8782,-95
55,98,91,-1530,25072,11534
125,-110,-18,-5461,20277,13374
63,112,-25,-314,1495,4778
58,114,103,2161,3560,4493
-11,41,-49,4483,-849,522
E
39,8,-124,232,25185,980
-57,-12,126,-10504,-9403,-3261
107,121,72,-15737,10542,-2958
-97,-69,67,-23005,1603,-2692
-117,114,-120,-20478,-3076,-2837
69,69,28,-17926,20864,-6628
-27,-37,115,-15742,7810,-9321
86,96,-48,-17364,2151,-8798
-19,56,-68,-17295,567,-4831
14,35,93,-18006,2158,-4157
-18,79,-72,-20543,2649,-1575
-14,-110,-81,-19811,769,-2551
21,9,57,-14409,6645,-2181
29,91,103,-14963,7441,-2142
121,1,5,-12045,5084,-5837
-86,82,-22,-9570,3466,-7310
27,-48,-126,-8336,-1669,-10711
-12,38,-88,-5067,-5389,-4362
-86,-125,-100,-3108,-2096,-3458
89,126,-49,-3645,-12013,-4245
18,-98,-1,-3857,-6593,-996
-18,-63,60,-6356,-17730,369
-43,-81,-55,4078,126,6834
11,-73,-76,3832,-2509,5082
37,-81,-45,5599,7705,4266
8,-30,66,918,-15173,7456
27,-29,56,3047,-11752,7093
119,87,-102,2762,-5819,9876
105,97,-112,-3285,-17909,7927
102,-126,-24,-6153,-11638,7557
86,112,119,-2616,4808,7252
94,-20,103,-1940,9030,2556
65,-25,-120,-2857,4036,1435
4,117,-60,-181,1891,-6713
-43,118,-40,-1547,3355,-6632
118,116,11,-1194,3237,-12419
47,86,5,-2353,-10510,-10063
-30,122,69,-2179,-12021,-2943
58,-114,-128,3119,22207,3469
25,-33,1,7313,18377,7620
E
29,-20,8,6519,15463,6615
-25,65,95,7644,7713,4944
17,60,86,-2101,-4439,3624
75,80,-5,10876,941,7870
-124,34,52,9025,278,7661
-31,-33,-97,8907,6415,9803
-30,-53,-60,8648,-474,8669
-52,-84,-27,14522,-4100,3647
-74,-67,-52,14704,-412,5767
38,-15,-26,26670,-9850,-212
23,23,53,23550,-11070,509
-44,-92,117,23632,-6204,-2687
54,60,33,28543,-3682,-5476
-64,44,-27,29685,-10745,743
35,95,-119,27862,2296,2055
23,-122,90,17756,-2658,-145
-6,37,122,10997,-17580,2512
40,-12,-22,4189,6579,14257
82,-42,48,1242,3882,10697
25,94,91,-7699,22189,4227
41,53,58,-8875,10599,1299
-2,58,-5,-14525,-1030,-5495
-77,118,109,-14617,5283,-6491
-116,97,-86,-15166,8144,-5601
25,-41,10,-17152,5765,-2322
-13,42,-34,-15622,4843,-2928
-117,-34,-55,-17045,589,-4326
-102,49,82,-15830,-8682,-4619
18,-104,-72,-16130,7200,2230
2,-124,16,-17462,27175,-1424
11,-111,10,-15171,19817,-8726
2,93,-25,-12059,1594,-16343
77,100,-40,-15276,-905,-13160
-126,-16,116,-11977,3011,-11973
70,74,-93,-7326,3636,-11225
-86,-38,28,-6370,-9311,-10377
74,-8,60,-3680,26397,1894
-114,-22,-36,-2789,30370,914
-23,-56,-56,-2926,5037,171
-8,-79,-32,4631,-5790,6666
E
-19,125,31,3287,-9732,8752
-4,118,-78,2971,-13446,9988
4,-6,-14,6515,-10370,13561
-23,-28,-20,5734,-9130,13619
77,-81,63,4763,7189,18917
82,-67,-127,475,-785,17479
108,53,-113,-11910,-7089,7769
-6,123,-124,-8944,-13644,7291
-10,-59,101,-9931,-17530,-1562
89,70,-66,-9426,-10876,-4232
97,62,19,-7944,-7790,-5540
97,8,-98,-3605,-3787,-3724
120,4,124,-2854,1247,-2071
-75,-48,126,162,-2335,-859
-92,-39,-120,248,-2805,-1009
-82,-40,-104,2644,2093,2162
-103,-17,124,1071,11841,383
91,-2,-33,-2561,12989,-2394
102,-14,-111,-3270,16201,-3965
-46,-23,-38,-2382,14476,-6308
98,-9,-100,780,8919,-5224
112,-10,-87,22,9910,-5982
87,38,127,2126,7528,2613
-110,55,-105,4847,7087,5736
70,103,-74,11387,15342,4727
-111,-38,75,6855,7226,2280
-94,-113,-37,2505,1652,-1735
-23,44,36,24,1149,-1542
-28,56,33,2076,-4609,-2376
7,28,7,10256,-2156,2778
-28,49,68,8274,-5194,2025
85,-15,-107,16263,-14634,5559
0,-89,2,22623,-7775,2339
-42,-69,9,23007,-10716,-1590
82,-106,-126,27018,-20678,-7861
82,71,70,-29088,-8563,-12761
44,67,-109,32733,-21248,-17153
-67,36,-93,32733,-28565,-19430
21,109,63,32733,8585,-10956
118,-121,-11,13182,-1769,7426
E
44,110,-83,-19226,9620,18854
56,70,-65,-17977,27007,7251
105,14,34,-8126,9391,-4139
12,90,-74,-8260,1491,-5104
8,-97,-41,-13500,1732,-1880
60,65,1,-18877,8523,-717
73,18,74,-19465,136,-1574
-27,55,-112,-24310,-1282,-2522
-23,18,-55,-19476,15781,-950
112,66,-57,-16066,7313,-1165
33,-70,-114,-16588,3913,601
-60,115,122,-12821,-3241,-1080
-41,-65,-25,-12122,1992,-947
-37,-37,-52,-11876,4517,1520
93,28,91,-10023,5019,543
98,78,123,-9892,4225,-170
53,59,-94,-8382,-4042,-1881
82,77,96,-7526,2447,-1792
124,76,-106,-9637,384,-5542
-99,69,-107,-3458,4922,-3806
-109,-69,-123,-5994,-12418,1824
113,-41,80,-5846,852,1704
105,-32,45,-4724,4019,562
72,49,8,-9053,-5395,1881
52,72,16,-8874,-5097,2340
-11,-106,18,-6612,-16597,-6062
-29,-92,-46,-3016,-24693,640
45,-78,48,518,-14537,4269
-17,127,-77,14717,-14752,8323
-108,-51,-2,8919,-10252,5033
-102,76,-44,2023,198,1790
105,51,12,-2938,-2112,175
78,14,80,-11677,805,-3195
80,-73,95,-11590,2662,-2370
51,18,3,-10043,12636,-3251
-55,-56,-98,-6104,10492,-4218
103,-121,-3,-1134,12729,-509
65,-69,111,-237,21361,1839
0,-50,-46,3316,18757,-1798
80,-115,70,5622,8975,-5118
E
-57,109,78,5044,10661,-72
42,119,38,5393,19830,8519
-97,106,13,7613,14555,8276
-127,83,68,7511,14174,8757
88,23,-8,6444,8063,11505
59,40,-18,6529,5879,9746
123,23,-79,9334,-7144,5173
116,23,-60,12523,-9967,4275
-63,-106,113,16899,-19874,4131
19,-38,36,23545,-8998,1999
105,-71,-42,27388,-23027,-1295
-39,-97,-23,-29007,-13014,-6206
-83,75,-92,32738,-21567,-12872
-128,89,99,32738,29839,-11049
-61,121,-42,31703,12191,-5609
-26,-93,-114,14256,-12599,3947
13,-118,-65,-1061,364,16568
-61,76,84,-8629,-23771,17110
-76,45,-81,-6014,17593,3980
-12,15,-12,-7813,-7889,-6668
-12,92,-41,-13326,21268,480
50,-61,42,-19722,-396,-2236
-42,16,83,-19292,1628,-3980
-64,-76,108,-17088,11146,-3726
61,17,-78,-20360,-1667,-2245
49,-128,-43,-18530,1598,-1828
22,75,27,-15041,10776,475
-19,37,87,-16135,12999,837
-72,-7,20,-17741,-3935,-3410
-41,24,-49,-18015,6190,-902
-4,101,-60,-12245,5167,-4754
9,-123,-96,-10132,40,-6082
14,-81,-118,-9282,-1061,-6532
35,-40,96,-9800,-5300,-5111
22,-30,-117,-9892,-4432,-3416
-1,-47,-57,-6396,-5184,-6156
-4,-109,-34,-8358,-13478,-6898
-24,114,-114,-4331,-10887,3584
22,109,-55,-4102,-1075,3572
-21,84,-29,-4311,-7000,1448
E
-47,52,-126,-3251,-18571,-3091
89,-2,-35,-4054,-20360,-6001
-85,-47,-62,-4186,-16517,-6774
94,-59,75,-1080,-9321,-3787
55,-13,-90,-1495,-9585,-1004
121,-13,55,-2454,-3536,2951
-109,-123,-24,2335,-5931,2897
-128,113,-34,447,-4262,2464
82,59,-62,-1559,-617,2096
63,56,-53,-1506,1446,1709
-32,-16,-27,-4334,6421,-3847
-9,13,-22,-4129,4910,-3713
27,75,3,-4453,8117,-5320
50,-118,13,3980,18889,-2307
9,-57,33,-5041,18466,-88
-58,-88,68,-680,15431,-772
102,-75,14,4837,10518,-3808
-109,-55,-34,3042,11397,-3135
-12,2,-24,5473,11334,1342
-71,60,-90,6094,10341,2902
41,-91,113,8081,1647,5198
73,-77,-128,8422,4246,6967
22,-42,-36,6346,8380,8021
33,-81,-14,5966,4073,6694
47,11,-44,8671,-3596,4781
77,13,-76,13862,-474,6558
99,19,107,14434,-2017,4972
75,-46,74,19601,-6583,3195
66,-88,64,23694,-6592,2551
-47,-84,25,-27258,-12754,-6575
-32,-30,-104,32739,-14654,-7728
-25,0,-108,32739,-20262,-10716
-118,-78,-54,32739,-21474,-9387
119,-125,-44,3192,-384,8204
-48,14,57,-2438,17818,14549
-124,72,118,-6550,17184,5675
32,-81,74,-3649,-1611,-4987
-82,120,117,-3928,-4845,-9968
-92,-98,85,-3975,-4850,-8684
127,-44,-100,-11252,3020,1130
E
126,-68,103,-17218,10444,2333
-47,-76,-20,-20909,5977,3141
9,-112,-51,-24829,11538,2953
-112,-15,-30,-23277,11097,-533
55,40,127,-15965,2600,-13338
-57,38,16,-12487,-2672,-18917
-59,80,2,-4484,-4880,-20100
47,-90,-12,-4912,-6615,-18831
-112,-119,-92,-8704,-9352,-10118
-126,2,60,-7836,-163,-5036
123,-10,82,-8023,-924,-4595
63,28,66,-12088,330,5779
79,16,66,-10962,1539,4619
93,-12,97,-9187,8119,7271
113,-37,97,-13309,4743,3086
-80,26,48,2607,-557,508
-94,-41,47,1093,-6606,-22
112,-124,-31,9923,-12057,-3046
46,69,-96,8685,-6811,-108
-52,2,82,2963,-6538,4321
-54,9,116,2587,-7410,4195
72,-24,-78,-3023,-15308,7500
-21,86,-8,-5649,-12959,8366
8,94,1,-7141,-11310,8343
-82,-73,120,-14206,-17213,8914
-59,-113,-116,-9954,-15262,8620
94,-45,112,-8893,-5323,8081
32,-51,119,11168,14732,10083
-5,-50,-104,-2836,-8513,-1498
-51,-43,-88,3888,-4229,-648
-33,-25,48,4561,9662,5372
102,-67,-112,6986,22204,4482
-116,-58,123,6650,11139,-5049
93,119,42,2112,2847,-14230
50,-88,1,135,8263,-10795
-42,-72,-49,-6281,13170,-5718
84,123,65,-1661,6766,4505
-103,-118,112,-4027,5101,8011
-76,-14,62,-8025,26549,9037
-42,-16,25,-3568,11649,5794
E
-3,40,14,3105,10350,7404
-128,96,-34,9059,-6272,5023
-104,69,-87,13096,-2630,4363
-47,-60,19,19468,2912,3421
-59,-117,63,20472,-3197,2103
74,-64,45,23939,-15850,1744
40,-16,-127,24732,-13158,1767
-34,-4,40,-31819,-13289,12395
17,-32,-8,26474,-14835,12647
-29,84,-17,-30334,6290,10810
-52,125,51,32736,2074,6906
79,-49,45,-1563,-11395,9866
30,-108,-56,-428,-11150,10349
40,-88,-50,-16478,-20291,-1391
52,-14,122,-17595,-1011,-7149
25,50,53,-27346,14712,-15797
89,-43,-90,-20642,14618,-13843
-34,35,-94,-17611,-5154,-13763
99,76,51,-20568,-2850,-9856
51,-25,112,-19639,11025,-10099
-116,-41,-101,-16494,-5605,-9739
87,-4,1,-15952,-5206,-2595
15,21,94,-14805,1220,-2524
80,20,76,-8272,8518,-1835
111,69,-77,-8438,622,-4570
61,-108,-37,-6154,-11715,-5704
-10,-4,-19,-4071,-14579,-9480
-18,-35,2,-5543,-16021,-8109
-101,-94,17,-6995,-4904,-9340
4,-125,-38,-7293,-4262,-9647
-128,-31,124,-4980,-4605,-8203
73,78,98,-4608,-9349,-8500
-86,-117,8,-2871,-25053,-4571
-47,-76,-34,251,-9612,-951
20,-62,61,-1441,-5953,3102
-76,-88,-115,-1118,-15131,4072
88,100,97,4895,-10137,6972
30,117,47,2949,4582,5799
4,105,123,118,7708,-27
-2,108,-44,-905,1673,879
E
-57,118,-77,-1207,2705,3868
-86,124,101,1361,10574,7309
-87,-67,42,1976,9528,7169
-89,-60,44,1296,7661,3014
29,-25,-26,1670,3093,-1897
79,-20,-25,2001,6358,915
51,56,-127,2618,5047,5745
52,74,-126,2782,9921,8726
46,61,56,-414,17370,10361
70,28,84,216,15191,7305
-88,45,67,8957,-7161,9823
-40,0,19,10959,15169,5624
-2,-59,46,13108,-1881,-248
-42,-82,-10,14779,-2867,9882
-53,-10,-52,14024,4046,10756
2,-103,-120,14732,-21017,2668
2,-78,-128,17184,-16457,4073
12,119,-5,32234,-16309,377
94,-41,-56,29379,-16944,-388
119,-86,93,-30922,3694,-7629
0,8,-43,-32720,-6079,-7669
113,67,-33,32225,-17275,-6382
-87,11,84,16334,15187,6365
-21,79,-109,12628,2678,5352
115,21,67,-3240,16978,14284
104,8,124,300,4190,7277
-94,-21,29,-3799,19358,633
-21,-22,112,-4095,-3950,-2781
66,114,66,-9867,23651,-5253
-116,-27,4,-14739,-2054,-7945
-59,13,113,-22315,-3303,-9292
119,69,-54,-24202,-4653,-8647
-44,10,17,-28166,-29561,-8999
-119,-39,93,-5139,3895,-7134
-65,-120,-79,-24095,14452,-10497
57,-89,-53,-18971,6921,-7434
60,65,76,-18700,10418,-6537
116,-49,16,-19049,-11402,-5085
-68,47,27,-14820,4000,-3200
22,2,-14,-13666,12488,-789
E
77,116,60,-13837,1701,-3372
27,48,12,-11450,-7135,-3200
10,43,-13,-8218,-5939,-4045
-87,24,110,-7509,7615,-2177
-24,1,120,-5652,5946,2809
7,48,-16,1848,2175,4619
-4,-12,-3,1111,-8173,1735
-71,0,-21,-3189,-5147,-1018
93,119,-57,-5153,-6086,-3031
4,96,-6,-1559,-12295,-1169
107,69,-12,-3087,-15167,-408
91,70,34,-4654,-20540,-3056
45,68,-111,-5354,-20283,-898
-127,72,34,-1216,-11214,6127
0,71,-43,2256,3438,10183
62,53,-115,1902,9173,8853
15,37,-90,2792,5514,4625
-95,-5,-12,11,-1594,-4352
127,12,16,-2563,-1436,-3956
89,54,79,-4533,-3453,-3383
121,65,88,-3276,-186,-525
-125,66,87,-1529,4528,2113
96,51,61,3649,2682,2359
99,51,54,2732,600,2092
126,80,-58,4707,13483,4004
99,71,-113,6494,11861,5819
99,79,93,7515,17484,4366
-121,75,-45,6136,14676,5413
-104,64,6,6759,10367,5119
64,-17,-25,7661,1719,4902
36,-24,-23,7352,1941,6044
75,98,-55,11108,-5714,1569
38,-3,-104,17924,-2150,-39
7,92,118,21571,-11699,-1272
37,75,23,19544,-17326,1033
-67,1,-6,19035,-19564,-1063
-63,-61,-1,24589,-7794,-6903
-71,63,25,27135,-15543,-13452
62,95,-89,24888,-19083,-14068
120,-76,80,15013,-11132,-6286
E
-126,-128,-15,13202,5826,2608
114,-15,-38,20135,10163,794
114,14,25,16726,-5236,-4104
48,-67,5,9763,-7639,-1186
29,100,-95,2838,9002,1458
-96,-10,-44,-3497,1255,1063
-128,21,10,-6377,4404,3292
-100,36,-11,-8537,5888,3174
-47,63,105,-13661,4740,34
-68,-128,-60,-17002,3135,-1415
-88,31,97,-19974,6737,-4002
121,54,4,-20521,2148,-4154
77,38,-116,-21789,-3069,-3217
62,102,-51,-18322,500,-4652
61,-44,-95,-14074,1698,-7097
69,84,88,-19919,-6934,-3517
-104,33,-101,-22649,-436,-4002
-108,104,-10,-13510,3088,-6213
-77,94,-101,-4309,-13208,-4752
-27,-51,-59,-4308,8816,-1135
-121,-9,49,1210,24000,-2441
-105,11,94,-6694,-1315,-2946
-41,-124,-46,-5666,-11103,-3672
-109,-109,-11,-9251,7433,-1947
92,125,16,-1899,-8095,-3888
101,-115,1,-2679,-6358,-2567
-122,-31,36,-5256,-7610,82
113,-45,-63,510,-8876,1090
25,-101,27,4530,-15375,1275
65,-109,-90,3699,-8345,2319
-101,71,113,3577,-12944,5132
11,28,-122,4119,-10730,5633
116,-10,-78,3584,-12167,7739
71,-1,98,-754,-15745,10608
-21,112,-97,2546,-4943,13669
111,79,12,-1383,-19448,13302
-81,-98,101,-3373,-13535,11069
79,-32,102,-9661,8277,13807
114,-117,92,-6815,3371,7697
-98,-18,115,-5668,-1846,-2234
E
-90,-83,-75,-5425,-6282,-7773
-2,101,-88,-4529,3603,-4973
-25,86,-84,-4297,7016,-3817
105,70,111,-4966,10412,-1792
36,64,31,-3154,12935,-1549
-74,48,76,-5252,12943,-1958
-52,52,60,-4014,14098,-1368
30,100,5,4268,8372,-30
61,105,47,277,11202,1639
-19,-64,44,4805,15871,10786
-14,-81,102,7049,15361,10540
11,31,102,9943,13965,10724
-35,1,-93,8627,14126,9725
25,51,-104,4471,6279,2305
0,3,1,5313,1862,1974
-4,-55,82,5021,-726,109
-8,-77,123,6521,186,2212
-31,-115,-46,9581,-2900,2485
-89,112,-82,11139,-10703,-1994
-30,-74,116,14601,-19399,-6194
104,17,-108,18225,-14951,-7095
66,72,-30,24513,-9232,-6304
-125,38,-28,25348,-8668,-3567
-64,49,109,32126,4701,-5169
-114,60,106,-31160,-10394,-10507
4,-55,100,29720,-15079,-14110
-87,114,-57,9566,-6746,-342
-46,124,48,-929,2100,9305
-56,62,0,-3675,15627,11991
-76,-40,-8,-5039,4175,85
-74,-30,-23,-3388,5446,-1953
-73,47,-50,-6805,-6055,-6109
-75,74,-64,-6541,1206,-2991
-28,-80,-36,-21892,7382,5287
-20,-71,-51,-18664,5836,3496
63,-54,-19,-14764,49,2316
40,122,-43,-15269,3033,166
-25,-93,118,-15541,80,-34
-37,107,-65,-14327,-5243,-410
-45,-55,-59,-5563,16185,178
E
76,-88,-6,-7134,8603,-334
-53,125,47,-9775,7129,312
71,-48,94,-8283,212,-2093
106,-54,56,-8624,4298,-2247
-64,-81,-125,-4236,14678,-6485
-56,-48,-126,-4627,8147,-7044
-33,45,-47,-11344,-714,-5991
18,60,-97,-10953,-17098,-6299
10,-98,44,-6493,14388,-6199
-28,-65,91,-9202,547,-7838
-122,15,-113,-7190,-8144,-1351
88,38,-117,-7939,-2894,-638
9,-24,-78,-4836,-7113,1977
-19,-57,-31,-3901,-4486,1859
-47,-2,-1,873,-15581,1976
-52,-19,28,-4204,-18933,98
13,33,-31,-7233,-16519,-3756
63,71,-46,-5934,-2288,5687
79,109,45,-7516,-20790,5709
87,107,77,-2783,-11366,8796
-16,-72,-26,-6193,-17487,5721
-7,-111,-64,-4810,-21247,3785
-74,5,90,1433,-2906,5391
86,11,65,310,-7728,4854
-116,-64,42,1793,-1648,2914
89,-54,81,-1524,1146,-832
47,-50,96,-3185,16538,-2319
81,-54,-116,-5001,14478,-3096
-15,-85,101,-4602,15708,-4425
105,124,-35,-2787,10747,-2957
117,112,111,-1000,9362,-2332
-116,113,40,-753,14195,-885
-85,-107,-102,-1056,12583,4984
-92,-58,101,535,9228,7160
-106,8,59,1363,10988,9291
-90,90,-8,2777,10205,9191
-76,83,1,4379,8574,10076
2,-115,-47,4904,12352,14171
26,-79,-57,11817,7854,14643
-4,32,-87,14124,-6745,9249
E
-120,-47,-39,14810,-1978,7844
8,87,-33,17784,-11881,351
1,79,-49,22373,-21074,-3278
124,-112,6,-27759,-17190,-9979
118,-27,85,-32410,-19128,-7924
72,-44,74,32749,-13427,-1453
118,47,-88,32749,14803,-2618
102,11,-82,32749,-5603,-6472
82,89,98,3931,-18067,7605
117,24,26,2468,-1534,6895
57,-30,-45,-8574,13303,1327
75,-104,105,-4319,3186,-8782
-98,-81,53,-7786,-4519,-9062
-46,35,-30,-11694,-2832,-3593
-19,5,-109,-17152,5313,2020
33,-90,-68,-21013,15265,4900
-92,-10,-106,-25308,2677,476
110,9,106,-22153,10943,-575
17,-118,81,-14141,18934,-2998
99,15,-114,-16653,8839,-3503
-55,-45,-110,-13277,-5361,-8125
-9,67,90,-4367,8368,-7444
-43,-96,-62,-5650,11175,-9153
-81,-94,100,-10098,-459,-6896
19,42,-39,-11231,-5624,-3828
108,-26,44,-7398,646,-2826
-119,-73,101,560,929,-3302
-114,-48,-104,-1795,-1868,-1766
-56,-44,-12,2758,-335,-760
-81,-55,60,2187,-2414,-1197
-78,-72,88,2985,-3879,-710
-78,-73,-97,2768,-9443,850
-80,-49,-91,189,-7148,2547
-108,-13,-74,-4932,-5820,6357
46,61,95,-7364,-355,9609
-41,96,42,-5774,-2905,9486
46,-29,46,-1332,-11092,9865
53,-19,99,7621,-4281,12432
41,-65,12,1213,-5665,7146
64,-111,-13,1974,-6796,8331
E
122,-41,117,-352,-5769,6050
-74,-57,116,222,-3479,3980
-27,-55,-108,-1494,-978,-494
-31,-56,-87,-3396,-3174,-484
3,-84,-69,-5370,4214,910
-20,-86,-85,-5422,4736,1446
95,111,74,-6922,9969,1340
80,106,63,-6961,5294,-743
-5,12,-27,-8460,4743,-2278
0,-23,74,-6747,15099,-1889
-41,-66,-127,74,22434,-2114
5,125,69,-4986,14819,-9808
-89,112,22,-5237,7769,-10755
-100,-57,-16,-5523,6973,-3494
-21,34,-36,-4934,6776,1733
74,-99,-39,-2079,4406,8062
49,-114,-24,-2419,2742,9309
48,-100,50,7075,-740,12716
12,104,67,5628,-4201,10907
24,-58,-58,12034,-17159,6756
103,-126,71,11698,-16134,2365
-100,85,-94,17071,-17974,-1803
-43,-107,88,25438,-16892,-2668
123,109,-9,22673,-16286,-3493
-81,29,23,30356,-618,-6267
109,-86,52,-30271,-8672,-10725
-98,-41,-46,26346,-22690,-15675
11,47,71,13845,-1917,1973
108,108,122,9132,10708,9185
87,96,31,-6874,7153,14200
40,106,38,-4021,8965,10642
-70,124,-67,-7009,4238,-372
-92,-113,-6,-4820,4485,-2878
-106,-83,-9,-4305,-5845,-5531
76,-60,24,-7971,-4129,-2960
16,19,112,-11342,7297,-1589
25,53,-52,-13896,2193,-826
12,125,-116,-16966,13132,669
-18,95,-104,-14987,25148,-1166
48,37,-41,-17839,5069,-3569
E
30,-57,-59,-16079,6544,-3718
-64,6,50,-14113,2008,-5794
-48,-25,46,-11467,-1771,-5014
-31,-51,105,-5458,6658,-3955
-16,-69,9,-5263,6062,-5191
-3,118,-80,-3352,4836,-7026
67,41,81,-4992,-2670,-6792
113,38,95,-6321,-5306,-7490
-19,17,-39,-2942,10240,-4429
-15,33,-58,-7005,1070,-6030
-101,75,90,-2744,-13215,-6934
100,83,-122,-1402,-10730,-3115
37,110,94,3613,-11355,-349
32,79,-120,3488,-10347,-1092
-36,3,126,3959,-14144,391
-14,9,121,5473,-11018,1323
2,-17,59,794,-7024,-1920
27,-18,124,-1341,-12177,-4614
-63,-81,-84,-835,-20322,-4289
110,-46,56,-1710,-13683,-1773
79,-16,122,5222,-27257,-1579
-121,-13,16,9788,-24356,4545
-103,4,42,3836,8473,11666
-10,-51,-119,875,2509,9946
-58,68,29,-3277,5730,5105
-44,81,-8,-3505,5793,5369
39,61,-91,-5285,15105,1383
37,67,70,-3503,11565,-247
99,72,-26,-4287,10751,-4257
-50,98,-45,-5352,6332,-6020
75,-103,-86,-5817,4598,-5123
21,50,49,-410,15452,5269
57,62,76,1420,19406,8201
53,10,-74,4983,25663,13126
-1,105,17,7126,22101,14649
-77,124,6,4592,21279,11734
-90,-127,108,-556,7736,-1504
37,-124,59,367,4626,459
33,-118,62,4627,397,546
50,-101,55,5240,-820,923
E
49,-9,-104,5215,-102,-881
56,32,-79,6872,-1895,-1806
69,80,119,13472,-10154,-2235
-115,-128,13,18318,-10531,-3028
65,-84,18,25532,-11012,-3665
-84,-72,22,26475,-13171,-3731
70,104,-40,30251,-6772,756
34,64,-104,32718,-2312,3406
42,-89,75,32145,4751,661
43,67,2,25763,-5606,-2763
-47,-119,-65,12728,-10085,-480
53,-122,-104,12470,2418,-428
83,-99,-3,9736,1768,591
94,-117,-99,4688,-2794,-791
118,-108,-14,-6365,687,-1415
-127,119,122,-9313,-2231,-1185
126,92,-78,-13583,2881,-1135
123,110,56,-15391,1691,1726
84,12,38,-18744,8670,5033
102,-119,-39,-18666,10875,3339
-46,-74,-52,-21509,8371,-1751
-36,60,83,-20371,4352,-1670
-97,-2,83,-22996,893,-1944
-113,-48,-60,-22907,7610,-2569
25,-64,-37,-14286,-513,-4134
24,67,-122,-13940,5705,-2385
-73,36,42,-7356,9609,-4245
98,-40,-27,-358,8100,-5729
34,-30,-53,89,1223,-5766
46,-21,-105,-4773,-5241,-5113
113,-80,-88,-6017,-10373,-4218
41,68,54,-3905,-3386,-1281
52,50,-22,-4467,2091,-707
45,0,-63,-26,3611,-33
8,-4,-44,-2895,-11425,1144
44,-38,-126,-2649,-10737,3855
45,-56,78,-2439,-10509,3758
-16,-79,-14,799,-6921,4856
-40,-82,20,63,-8454,3715
117,-78,-12,-12283,-5968,-2833
E
-108,-106,24,-11619,-2822,-6719
-29,110,-100,-7026,-13280,-5845
55,-27,-115,-1768,-23963,-2560
7,-29,-72,-94,-15441,95
-88,3,-121,3709,-4817,5913
114,24,-50,2267,-2088,5553
-56,70,31,598,547,8050
-63,81,8,658,3253,7334
32,126,-17,-568,4905,-689
55,98,-3,-2431,-2763,-3133
48,91,55,-9968,-4523,-5112
85,116,6,-11752,-7602,-2279
-89,-43,59,-11716,15725,2718
-61,47,-72,-11624,13458,385
78,-66,31,-8044,9748,-1039
-89,3,41,-7419,13582,2850
-13,17,59,-3462,15115,4546
5,-125,-108,-94,12725,6134
72,91,10,2444,14502,7407
-113,29,-99,6408,6809,9906
-66,101,79,11007,8164,10736
114,24,-13,9235,2710,4585
54,-7,-111,9417,-7348,-1011
69,-8,-69,16606,-20051,-8268
62,98,65,15096,-21432,-7801
-69,-104,51,21228,-11842,3729
-107,-65,125,30745,2151,10080
-9,0,47,-29840,7269,9001
-47,-110,-109,32750,-2634,1232
-32,18,-45,30345,-16821,-15595
78,-77,-2,16635,-16741,-9757
-102,-88,9,-4348,5494,10809
36,76,64,-8733,16468,13377
-123,-48,-27,-13989,11609,9145
51,114,56,-21106,13159,5665
-13,-121,-39,-20231,11964,4845
41,43,28,-19053,5645,-9102
-126,103,-72,-18658,2137,-6816
-22,-128,-19,-19354,-1232,-7064
13,-28,8,-17916,1417,-5744
E
-81,-29,-80,-16695,-6616,-5025
119,15,16,-17641,-2213,-4059
-92,6,-47,-11524,19155,2244
-41,-88,71,-11144,13348,743
78,59,-124,-8098,3215,-1802
25,18,102,-8040,3446,-3492
-63,61,-34,-4011,-5261,-6064
-122,99,-87,-9065,-5784,-7339
86,126,-32,-1415,-10690,-3998
73,-111,-87,-3077,3933,-1414
63,120,-43,-3924,5662,420
41,109,27,-5624,5165,-6588
119,-34,0,-5181,20143,-11282
53,0,-99,-12460,-25759,-6033
102,-12,-72,-13693,-10017,1470
99,-103,71,-10980,-19383,-557
-50,86,6,-3326,-25447,1829
-56,115,-77,-260,2095,1603
-77,80,96,8865,2448,746
-65,77,112,7308,4099,2237
-64,-49,51,6173,4227,2209
-82,-102,-75,3439,4014,1550
-112,122,99,-4426,720,-786
-108,-109,65,-4880,1212,-963
-63,-42,34,-1973,14542,2711
-67,-62,56,1580,15784,1973
21,-59,-87,8161,9371,1601
18,-28,117,6347,12066,2732
43,52,-3,8695,18127,5057
3,58,-13,5947,15530,4551
-26,-106,-9,4319,10262,5398
-86,-51,-76,6746,5482,3048
-55,-53,-97,6478,5653,2893
-2,122,-64,12404,13927,14592
45,112,-98,11267,14630,12330
-2,1,25,14708,-17914,4484
-77,-35,32,10685,-8384,5576
-119,99,-119,8718,-1308,4861
88,2,-91,13031,-10275,2947
-88,-61,1,-30965,-10015,2561
E
105,34,14,-29920,-3120,1903
87,-58,-6,32751,-6259,-2803
127,80,-13,32751,-7373,-3708
-128,107,95,32751,-22681,-11701
-65,-69,99,13600,-12482,-2574
-45,92,-26,1749,-3178,2655
-9,34,-50,-9095,12298,8938
85,88,-45,-17924,13552,7965
89,-26,-125,-11910,7795,-65
-5,-115,-56,-12292,3888,-564
104,27,-62,-17967,14635,-2244
-56,-121,31,-21548,5050,-5387
103,33,3,-22009,1408,-3734
-83,-98,-38,-22124,12507,-2587
-86,11,26,-19118,4604,-6463
-12,122,-46,-20141,-2356,-6878
103,-105,-122,-18172,8192,-4123
-45,-112,82,-15702,1720,-4703
-106,-5,-50,-15886,-3514,-2960
69,-85,98,-14922,820,-1069
53,-101,-74,-14906,-924,-1743
7,121,59,-2208,-1191,1735
15,108,49,-2975,-2496,1370
4,117,50,-8636,795,-902
6,0,87,-11764,-5122,-3592
-12,-30,123,4334,12009,558
-20,-126,-23,420,-20509,-6954
12,-103,-40,-290,-15797,-7228
-104,121,-125,-2849,-19590,-12833
-50,-90,-54,1245,-14620,-6918
78,-16,-61,4828,-25732,-613
92,-16,-62,-2177,28686,-2291
-102,-52,22,2383,-4526,-2063
57,-55,80,3547,-6349,-2673
-46,-87,92,2894,1427,1467
-17,-89,103,2570,1121,864
-63,-120,-81,-2373,2085,-1323
-92,-51,-34,-4321,2481,-905
-69,4,-42,-5849,3669,372
-22,71,-53,-7031,6430,2947
E
53,102,-61,-3948,13314,5727
-66,36,-21,-54,21054,1670
-68,-4,73,-70,20122,-781
-121,4,-43,778,18511,-3583
16,58,92,3816,20343,457
24,56,63,3510,20373,1379
-73,113,-107,-244,1591,922
-77,-117,-36,600,2220,2797
-25,-32,-23,4684,2953,10467
4,-44,-44,6124,4356,12605
-19,-128,-48,14849,-4371,12087
-61,107,-64,10941,-3554,12001
-6,39,91,13211,-16530,24890
-70,-69,82,24773,-3132,20603
-13,52,38,-31355,-1524,13322
-15,48,-53,31208,-10656,11256
-84,8,-105,29580,-21449,3614
73,13,117,27238,-19953,4827
-39,114,-76,11859,-8355,4542
-127,-67,1,10568,-6336,8109
-35,66,15,521,7098,2539
-63,84,-113,2039,2030,1136
-102,7,-104,-6515,-20125,-2339
-17,68,82,-4023,-9667,-1422
-65,-88,-82,-10978,27514,1223
-112,21,111,-15043,24601,769
121,55,120,-17291,-1809,-4634
27,18,112,-15666,14172,-3751
67,91,-24,-15783,4336,-4903
-7,-38,-68,-16197,655,-6382
-44,-79,86,-16447,6729,-7770
-101,72,29,-5685,21039,-9203
77,27,33,-13931,11771,-9909
-79,33,123,-19013,2783,-8658
-94,2,-84,-7981,8352,-8347
-96,25,-5,-5164,2994,-10140
-70,-32,37,-7412,-90,-9222
-122,-10,67,-7707,-578,-8234
-69,19,-125,-4798,-5082,-9878
-116,-13,-74,-4126,-9106,-10837
E
-113,-51,9,2383,785,-9208
-68,-111,52,755,-2122,-9954
-72,86,108,5271,-7516,-11080
-73,61,-118,4991,-17380,-8665
-101,106,15,2439,-21789,-3783
-17,-114,27,-18,-20189,-6610
28,-42,-97,-91,-17866,-4301
78,-30,52,2704,-15815,-4084
107,-32,76,9119,-15387,-28
43,22,47,6883,-19390,1365
12,74,15,157,-19165,6239
-99,27,-31,1594,-11343,7311
122,37,92,-4512,19239,8707
89,46,55,-4410,-131,4500
-94,-48,74,-5663,10093,-2762
-88,-10,86,3297,14719,-1922
-85,59,86,-5684,10940,-3983
-111,66,-128,-3354,6835,-2020
119,54,105,-3226,9047,-802
81,20,88,-722,10359,4
57,17,94,1153,10518,1564
48,38,119,4304,19030,5740
29,59,103,2599,17771,4477
53,123,-39,-11380,1701,-2903
75,113,-111,4982,4484,2108
96,116,-64,1447,6003,1633
97,-91,-122,1949,-2002,2251
88,-52,-100,4374,5279,2679
88,10,98,5408,11650,938
15,29,-82,7186,-13977,2217
8,-2,-23,13400,-3756,-1206
-32,4,-5,17365,-13557,-793
-16,25,45,18000,-13246,-1041
-126,-41,-118,27767,-4774,-3101
-47,106,107,31991,-2376,-3565
-66,13,-103,-31104,-395,-2124
-59,58,-21,28483,2898,1995
-27,4,47,28153,-8378,240
-45,-36,24,19244,-9608,1585
-5,94,62,10684,98,8176
E
-3,-102,57,11656,-7698,7512
-47,25,-122,6843,18122,12956
-59,42,-5,8475,10661,9499
-92,123,-111,5775,13494,6941
-17,124,36,2701,8630,4624
78,82,11,378,4849,1063
74,74,42,-317,737,82
80,-121,84,-9947,834,-1636
76,-83,91,-11127,1950,780
80,91,-55,-14516,-13023,-183
22,-5,91,-18323,9071,-967
58,-34,63,-7225,-31827,4858
71,-31,4,-18894,-28884,-6888
11,-45,83,-16103,16791,-6466
34,-2,-128,-13412,-11976,-3000
107,-1,31,-12131,2687,413
82,39,-60,-14332,11059,-2641
43,38,-78,-14341,6455,-4231
-67,43,32,-13451,-4834,-4515
-25,-62,-61,-14838,-4004,-1685
23,-111,66,-12470,3522,-3573
58,61,71,-10591,2667,-6811
95,74,-25,-9267,2033,-5219
105,69,-64,-3755,-7467,-6386
83,49,-24,-2281,-13057,-5719
77,49,12,-1132,-8769,-8411
95,-44,97,3566,-12004,-9465
96,-61,-36,145,-22026,-10918
30,-38,-44,-9115,-13484,-6736
-119,-39,28,-9024,-12493,-6334
35,-13,14,-7688,-21214,-4282
-24,-2,125,3774,32341,-495
124,-75,-66,14872,-22418,3089
-102,12,44,10362,-8221,9480
71,-75,40,9208,-1407,8124
58,-93,54,9232,-619,5634
-81,11,73,1093,-11338,491
-20,13,-73,-2481,-13007,369
-76,-19,-58,-4534,3384,1613
-128,-26,113,-3665,8675,4338
E
-31,-43,50,-1422,14398,6569
72,-13,-52,732,21351,6246
-85,7,54,2126,17098,3722
120,41,-80,3636,13125,928
-98,70,-19,2811,8071,2665
-68,76,6,2263,2506,5241
44,-117,-109,9873,22343,6499
21,84,-93,11333,24212,5959
52,57,3,4166,16073,735
76,-86,-88,5780,13445,-6701
-91,-90,11,7991,19922,-5142
78,19,-85,2302,4513,-4597
25,40,-74,1187,-662,-3756
120,-87,36,7123,7504,2236
83,-125,59,6340,878,-561
110,-69,111,8626,-5587,4303
124,-81,42,10917,7459,9234
124,89,-76,16078,7339,2252
75,-127,-60,13907,-18544,1184
-110,-60,-61,12127,-11494,4249
-72,116,4,13645,-10177,-4574
126,91,16,13581,-25985,-6733
79,15,-30,17374,31476,-10803
92,-82,-41,22700,-26772,-12916
97,-11,-60,29475,-14180,-12594
42,48,0,23309,-13271,-7049
-44,120,-29,6611,6734,3004
-87,-43,96,-13731,25920,9728
-40,126,-93,-14039,20931,-1630
-31,127,30,-16690,-10259,-9231
-90,-102,-42,-19583,8649,-5937
95,-12,-96,-11285,-30214,-2319
120,-79,-18,-15558,-7234,-5307
12,110,39,-21849,-6251,1999
-36,-103,-75,-20430,7345,5288
0,-84,45,-16612,14033,1299
14,-55,95,-16926,14743,1317
-13,-115,93,-14275,17090,763
-110,58,-86,-7092,-4752,-6055
-41,33,114,-7787,-4532,-4481
E
16,124,29,-2732,-266,-7458
-1,-114,41,443,-4293,-7139
111,29,-3,-2047,-15396,-1344
-101,32,-30,-2019,-10089,586
121,-55,27,9253,1716,2435
52,-49,89,6278,-2447,1570
111,-28,63,6454,-9584,5689
-106,-28,-42,2081,-6063,9127
-89,-105,117,-10686,-202,8963
117,37,88,-14826,-3619,10332
13,-20,114,-11324,-4579,10843
-62,-94,-28,-13592,-7417,4336
95,-34,-119,-12315,-21212,-3047
-26,120,-37,-2058,-7283,3629
107,40,-8,-3782,259,2900
113,35,116,-2189,-7706,3168
39,72,117,223,1288,47
48,49,-101,-787,-1479,-542
-30,111,-38,-5505,2715,74
-21,-67,-65,-7168,11140,2232
-118,51,-106,-8128,15766,1127
-41,64,-36,-7206,13009,-2795
90,-118,82,-8247,19410,-8163
100,-49,-78,-5395,23987,-9470
-27,37,-94,193,14657,-6730
-82,77,-113,1696,10831,-3198
-121,-123,-102,3857,2443,2557
-96,-103,-124,5186,-2385,5886
-7,-71,63,7005,-1697,14141
91,-111,-4,13187,5578,17253
-62,-4,-59,26971,1526,15395
-122,112,-29,27948,-14734,9372
-120,110,-69,-29319,-17949,3895
-15,43,-85,32755,-9791,-6688
-114,47,59,32755,-10383,-3473
65,115,-87,32755,-7568,-12783
-30,-73,8,30305,-4412,-9319
-113,-85,28,-10505,22291,16484
57,70,101,-11703,1211,13689
-103,65,-15,-15574,-9773,-6194
E
-7,-1,10,-10280,-14047,-3105
-110,34,-28,-19962,-11464,-7117
90,31,-56,-24981,9508,-3588
116,-96,-40,-23319,-4902,-5138
-101,-109,62,-18410,-7010,-4643
29,83,-58,-16783,8420,310
-4,19,87,-13005,15692,-1825
-75,-36,80,-12778,-939,-2944
-25,48,-41,-13840,14967,1855
70,-71,-85,-10414,13273,247
-111,-43,-78,-5813,4527,-3101
113,88,-91,-7085,-15777,-4928
1,-77,50,-6795,-11189,-326
117,52,-95,-5342,1197,928
-112,43,-56,-5373,-8068,-806
87,102,59,-1632,-12614,3
107,98,44,-3307,-2318,1509
85,-107,31,-10064,1624,-4445
99,113,48,-6196,-14449,-3521
10,127,36,-10081,-14797,1164
104,99,67,-6699,-7301,1438
-31,-20,-11,-2255,-20006,-1182
97,-72,69,1651,-21198,1999
-83,-55,79,-350,-3182,3786
-84,-61,9,-1837,3966,1137
104,-86,68,-1348,-5692,-925
113,-71,52,-1606,7495,1317
25,-66,70,-2249,4391,1771
-39,-65,76,-3582,5882,889
67,-119,44,-3147,-1471,-3334
-127,69,14,-6851,8123,595
39,3,-98,-4122,10189,1561
107,-22,-8,-1420,21671,2235
84,-3,-59,-271,16648,767
-60,-14,-70,4324,12049,-1813
59,15,32,5035,14595,2469
83,25,54,5464,10885,2390
-88,51,35,7955,-647,6260
-90,43,78,11778,5968,8746
-68,13,76,21411,6472,13045
E
66,-66,52,19690,14443,3941
99,-85,115,18676,-28667,-1217
45,-85,-40,24970,-4109,6337
77,43,102,22961,-6976,7216
106,-59,-24,-27916,-11557,1747
-92,-120,89,-32764,-17462,-1555
-77,-77,-112,12236,-19078,-2861
-108,-2,5,15344,-13188,1924
19,95,127,-20,-24839,11947
-29,109,-84,-2395,3389,6614
-120,1,-79,-4405,-7094,-1712
-128,-15,91,-4002,58,-4613
121,-15,-117,-8744,12024,-1754
-67,-113,-95,-21538,30716,-242
-62,17,48,-21740,-6191,-6898
53,-33,-99,-18565,10407,-8073
119,82,-31,-23710,-1191,-3704
-126,-116,-93,-16035,8991,-6995
3,125,-36,-17765,141,-10621
73,-29,-6,-20481,-1159,-6637
-28,109,-34,-20322,3088,-3884
46,7,-128,-17749,-3451,-2623
-5,-95,93,-15836,-10053,1
-71,-2,24,-5090,-987,-1165
-111,25,-60,-346,-5531,-3315
69,21,53,-2604,-13425,-2787
-36,42,-70,-3489,-3471,592
-6,27,-100,-3200,-2330,-187
-77,-46,22,1746,-6004,-3081
-92,-57,73,-2656,-21901,-2058
-78,16,97,-16,-10634,-3873
-68,33,34,1857,-14345,-2481
-127,33,-109,4722,-13781,-1041
96,68,109,2855,-11735,-1792
-106,-78,20,1306,-9057,2939
109,-102,14,1731,-8321,3111
-68,-122,-69,-416,-12941,2391
-19,76,52,3880,7155,8432
-71,74,85,-8048,-7239,1818
-112,-64,-20,4529,15071,2412
E
106,-53,19,-8934,2736,-455
114,-30,-13,-6291,9283,-4
-57,110,0,-1935,19557,-1438
-99,114,47,-953,15370,-2414
-100,102,104,4416,19937,-4249
-85,-51,31,2883,19017,3247
-82,-35,-11,3688,20722,4886
-86,-112,-125,9397,20090,9652
7,-119,-115,9153,22685,8893
-66,-113,9,15379,-6559,3646
-120,70,-106,15773,1894,5214
-111,-67,121,16572,1763,10934
94,-6,-100,15981,-774,9715
97,66,-41,31783,-6739,7908
-113,116,-61,28066,-7960,5887
-94,8,-127,-30173,-18732,-1795
-83,117,67,32759,11046,-1526
-109,-101,80,32759,20536,-1084
-4,-84,-105,-1564,7646,15424
-113,83,-106,-3613,25953,22385
114,52,-48,-2406,-18131,-3903
76,-65,26,-4100,-22648,-14291
13,-4,75,715,25469,-4595
114,-9,-110,-6621,31417,-3689
-69,39,-74,-5973,20644,3168
48,70,-118,-7737,-3279,3495
23,99,-6,-6287,3915,1946
24,76,-28,-8861,11169,-799
-54,112,-17,-19680,12989,-5038
-76,118,16,-22087,10784,-7945
104,59,74,-31446,-4406,-11658
-91,12,-80,-22525,-2,-10405
-28,0,-41,-15523,854,-15743
-45,17,14,-19898,-13822,-16127
29,123,122,-15920,-2202,-6542
59,12,-82,-13974,6055,-1387
90,5,-33,-15724,-1360,-291
45,33,19,-15552,-5591,895
-101,-95,-105,-7670,5638,2946
-56,94,-63,-10173,2387,34
E
-87,-120,15,-2392,-18353,-6586
-116,-114,-107,-7431,-14326,-5337
104,72,-14,-2093,-3368,-4697
107,-27,6,-3246,-5653,-3307
67,-67,113,3312,-22382,-5786
-63,102,54,-409,-12493,-6651
25,110,102,1439,-10584,-2794
28,96,105,-4324,-9102,545
111,31,76,1059,-12114,1060
72,37,37,1225,-17852,4285
79,40,20,146,-16815,3239
12,-7,50,-379,-13733,3253
-101,-58,-53,-1472,-13027,2644
86,83,-47,-1183,-9156,1121
30,83,-99,-2429,4287,165
-105,97,-56,-2165,2606,-1360
-70,-101,42,-1645,626,-1539
-57,-49,40,-2739,4428,283
-50,-9,76,-4738,2979,631
-42,2,65,-5525,717,669
90,-18,11,-4730,7043,351
74,-114,21,-2983,15245,-1913
124,117,-124,-3575,16286,-33
-68,4,65,-2532,17301,-2483
26,-17,93,337,14068,-1765
-128,28,105,2939,9244,762
-63,-51,78,2523,7939,6271
-38,-27,66,3962,7740,8374
93,-30,-38,11088,6322,13284
-112,-77,-110,11214,6394,13018
-33,-12,111,19623,-13151,12474
-4,-16,96,18240,-11885,8335
-8,64,42,-32162,-18846,6123
4,-23,112,-30470,-8777,12167
-95,-61,-71,32757,-13254,6064
80,28,-48,32757,-32402,-10309
-96,-21,117,11136,29210,-8559
-100,-22,2,-3698,24129,14760
17,107,-71,512,18961,10980
-13,-117,-46,-354,3401,1978
E
-52,119,-71,-1132,-392,-3297
-85,94,-68,-4715,4140,-4175
104,116,-104,-9332,20675,-2735
34,-52,66,-13628,21369,-5437
-35,80,101,-6465,24316,-9730
33,106,92,-17977,788,-10256
-93,-31,-9,-20628,8252,-8501
-123,95,-37,-10790,21502,-5401
15,-72,-29,-12518,12739,-9969
85,-67,107,-16683,3508,-9770
22,-3,-88,-15835,-421,-6250
-62,-10,69,-11180,-1074,-3474
-83,-69,106,-12963,341,-651
-109,7,-62,-10939,4652,-1903
97,-105,-96,-5792,9269,-2633
-35,18,-105,-4674,-9770,-2637
27,-12,22,-5865,-19905,1094
3,-71,58,-732,-5510,3933
-24,-72,38,-1360,-8161,-348
-101,119,57,-9852,-24246,-3890
64,101,-72,-9382,-30633,361
11,44,109,-11935,-24105,-4613
-59,-50,-18,-6072,4555,912
-115,-63,-89,-3102,-15008,-1231
17,-16,-103,-235,-11767,1557
69,-16,34,2562,-9346,-568
75,-36,32,2737,-7306,190
-81,-84,-14,2522,-10130,2657
102,-99,34,2282,-4100,2461
-25,107,64,594,-2241,645
-19,107,87,480,-468,206
-78,100,94,-4781,7232,-2943
-14,-109,75,-6158,4207,-5342
115,-15,-33,-7924,12160,-4734
85,78,127,-8554,13333,-3172
87,86,-95,-7129,16886,-3762
-82,61,118,-5842,21859,-1382
106,55,-100,-5082,22807,1231
90,-76,-39,258,3067,4439
79,-115,95,866,7904,5818
E
109,107,-49,8969,10772,15656
120,56,-6,10636,11968,14666
55,-9,-85,7294,-2949,14723
75,-28,-120,8344,3337,14847
11,48,91,23879,-10545,13084
35,97,26,19929,-7596,13593
34,24,-34,32345,-6671,13547
16,-52,37,-30429,-10294,9058
51,-22,-81,32760,-13262,8795
70,-31,-26,32760,-6402,11680
-16,-125,78,32760,-10589,-373
87,-105,-26,6843,-28248,2957
-114,72,-124,-7087,2070,19583
30,96,23,-8651,-21740,7612
-24,81,-60,-4623,10029,-2613
-119,-49,120,-13650,-1554,-12345
23,-59,-19,-17733,10785,-12488
107,-21,43,-20311,-12473,-10338
78,29,56,-22489,27638,-4221
-2,-48,72,-19423,13397,-8097
-5,-23,-80,-14422,8323,-11136
-42,-122,44,-14997,1393,-10231
-8,-70,-31,-13131,1720,-11481
65,-120,-108,-12401,-4911,-13246
-118,-105,8,-10415,2329,-8817
93,-62,71,-10721,3726,-7306
-40,33,-116,-6009,4964,-4108
-78,14,-49,-6164,2432,-5312
-28,122,120,-7315,-16229,-6766
92,-123,67,-6435,-12362,-7466
-124,-111,26,-6412,6222,-6812
102,98,-104,-3160,-11026,-1032
-115,-84,0,-1211,-17236,-5020
102,-84,-116,-3041,-13812,-2100
119,30,34,-7274,-19478,8970
30,45,43,-161,-8657,12497
-75,-13,107,-1067,25533,4598
-21,-4,-90,1877,-14380,5647
-61,25,-102,-414,-2516,-963
-47,9,-69,503,-2141,-994
E
-92,15,-27,-2408,-17743,-1738
-101,31,21,350,-2128,138
-120,51,-58,-2062,-3465,-1454
-123,34,-13,-1934,3311,155
-118,20,-91,-1165,14220,-867
118,-6,127,-3204,6702,-1785
115,-32,109,-5426,8364,-1894
-123,-50,49,-1597,13295,-1360
-61,-95,123,3884,21048,56
54,-96,25,3414,24794,714
-24,-99,-26,-5956,14095,-729
112,-111,3,7675,-4311,-1521
114,-113,101,4435,14615,4748
27,41,-38,11893,8395,7574
10,15,-15,13060,5788,5789
18,74,-68,16598,-7559,4700
-43,22,-30,18521,-1771,9310
37,-99,62,22160,73,15397
-24,-65,94,21795,-3637,9860
-110,122,85,30266,-2290,7649
-36,-20,-20,24608,-4462,3232
36,57,73,29923,-16364,-14132
86,-78,-69,32288,-21172,-12411
-34,49,-34,11519,-7519,2279
-12,-66,100,15957,-6826,905
78,-89,124,464,12407,14933
100,9,50,1538,18074,10741
11,117,55,-7560,-8302,-7950
-108,121,-123,-7790,-3345,-6009
110,-21,31,-10563,23561,-2937
-8,70,-101,-14889,4310,-3527
-83,-104,62,-18704,7751,-2133
83,-25,20,-18542,1541,-1857
25,-115,-100,-17328,-13461,-3892
39,-59,124,-8923,26662,-456
99,-121,17,-12029,15028,-3172
-88,-29,23,-16562,-638,-6379
-45,-98,-16,-15615,2479,-5612
40,56,-58,-13647,6088,-1993
75,83,54,-12892,8004,-3802
E
-104,-112,67,-12958,1001,-6871
-111,-104,105,-13288,-18251,-7850
-32,-110,35,-6830,-27103,-9149
82,-11,62,-965,5067,-5086
-118,-52,-55,-685,-2806,-4833
-44,-118,94,8483,-11759,4937
-30,-94,-86,9804,-13627,3549
45,47,-110,10462,-12962,2562
-117,-86,-99,5250,-11440,2333
67,31,-81,7398,-10181,7612
-92,41,97,-932,-19717,-1939
40,-12,-82,4330,-3070,-2786
35,66,-42,-1806,-8672,170
120,88,-121,-4949,-16762,2966
2,-14,-116,-306,-952,2960
122,-47,-112,-2246,470,1992
79,-64,-75,-8688,3507,1958
69,-82,-55,-6944,3912,1024
-114,55,13,-9298,7995,-370
-77,57,-1,-9024,9119,-1070
22,-89,52,-5211,14210,-7114
-87,-74,74,-3435,15024,-4340
127,-12,115,-490,16157,-103
-20,28,53,1608,18869,1940
65,108,-25,2135,8712,3694
-44,-4,-111,6390,6148,5729
-43,92,-126,14752,9649,11630
-17,45,116,14864,2453,11913
9,21,90,12397,1355,9942
63,61,77,14226,-6395,7660
57,-11,85,17028,-5379,7369
-3,35,-93,22302,-18083,-2209
-114,-96,-121,27979,-23945,-643
-55,11,6,27542,1070,8565
-16,24,-24,27993,1961,7592
-44,89,-5,28660,-595,-2441
-125,-4,59,10136,-15581,-17010
-120,-25,-125,4724,-24827,-10979
1,65,122,-10250,30882,2313
-109,77,-13,-9863,-8548,-3356
E
-50,104,25,-7079,-14889,-9478
-126,10,-46,-8724,14159,-6516
-84,28,-16,-11719,8043,-4309
-6,62,46,-12204,3679,-1097
5,-90,-64,-14334,8823,2237
19,78,112,-15255,6878,3835
60,115,8,-15694,2633,-2457
16,-28,111,-16631,-4307,-3300
-18,-77,-123,-10762,15221,-2010
9,-78,-53,-6841,5558,-5987
126,-24,105,-11443,-1167,-9086
42,-16,-100,-14121,-1408,-6054
-37,127,-3,-11281,-978,-6916
-56,-95,39,-12801,-269,-9364
-76,56,29,-19931,-3143,-14719
48,-102,-44,-15117,-18826,-11825
-10,98,64,-1156,-10294,-4727
-15,101,86,4408,8403,-752
-66,-88,-85,2551,-4149,-100
-83,119,34,6500,-9793,290
-68,109,43,7236,-13769,-389
-128,-119,54,4392,-21824,2284
125,-98,-24,3230,-19471,2867
-47,-50,40,4044,28616,5589
113,-87,25,7022,-31036,7706
5,-34,28,18655,-3721,15552
118,-71,73,10742,-10756,15384
84,49,-30,-908,-17045,12252
-108,73,-56,-4021,-4094,10037
92,-3,109,-6475,-2037,-1468
115,-55,91,-6052,7199,-3270
87,-56,-90,-4766,12732,-4410
57,-37,110,-5202,13606,-3381
54,-22,-99,-6856,19358,-472
97,-12,5,-4705,19473,-2049
80,26,88,-1868,16431,-4321
124,45,-127,-1249,17827,-2119
69,-95,-37,3342,19875,6958
-9,117,15,2682,18733,7071
-5,28,49,-158,14876,17895
E
39,-58,90,-495,15912,15348
-62,86,2,5337,-963,3721
-7,116,-11,3218,3785,2300
-57,-105,45,4698,-1609,-74
-22,-76,83,8407,-3579,995
-19,32,49,20678,-7549,1154
-15,86,123,18069,-11837,427
-53,-65,-27,21311,-6935,1695
-54,-104,115,23109,-6350,1035
107,-4,7,-28518,-7920,-457
54,105,-77,-32404,-6262,-1608
39,7,73,-32768,-13032,-8577
35,-77,81,31869,-11254,-11722
-62,3,6,-7151,-27423,-1158
2,-48,-36,-1536,-3920,6179
-55,-75,-79,-11291,19344,10046
18,-104,77,-10626,2606,-288
70,-66,43,-11033,10295,1088
-85,105,57,-12210,-598,1103
-106,122,121,-12350,4373,1943
52,-45,83,-15126,8520,3657
33,-65,-103,-15167,4601,3399
-86,-50,110,-13475,12787,5193
-103,119,-127,-12040,8473,3368
119,35,-74,-7023,4560,-3318
96,25,127,-6749,5586,-3837
-75,-83,48,-5825,-2943,-8642
-48,-87,14,-5258,-3878,-8140
-38,77,57,-7937,-11153,-4944
-2,100,29,-6997,-4118,-2947
25,11,-102,-7987,9481,5795
-69,-63,-119,-6925,9696,4905
-21,118,50,-6497,-3268,2593
-43,91,66,-4735,-2391,1597
-23,9,-16,-6171,-4096,-2952
24,-38,-10,-3358,-7344,-2580
-96,-77,27,-1434,-14174,3251
-4,-106,-23,-3554,-13547,2974
-125,51,90,-7387,-10837,3978
127,5,-47,-11234,-6007,3175
E
-120,-112,-101,-8658,-10640,623
-122,-95,-7,-5757,-14517,-1295
113,-41,-28,6313,-7408,1352
91,-62,18,6001,-6376,5767
-60,-119,109,8001,1616,12786
26,111,-61,5769,6539,13749
69,-120,49,1609,5203,7371
-108,-72,49,-5510,8118,-4240
-33,-61,-85,-3844,11132,-7145
-85,-83,-15,-1603,18697,-6812
77,-64,-77,2691,18171,-701
86,-82,-16,6142,18462,-1177
-99,118,-83,7034,15593,-4216
14,-101,-16,3653,13520,-4
-29,-81,-32,4230,14478,1051
77,-9,-120,9787,3287,-1312
89,14,84,9485,3892,-430
22,-15,8,12907,1079,4263
18,1,7,12838,1702,3698
-63,51,-114,15012,-4498,2447
-13,-73,-109,14784,-11286,586
-80,-71,-62,22925,-18924,1355
-54,-67,-103,32663,-16738,233
10,-98,-36,-30624,-22673,-5247
-125,-32,-83,30400,-13290,-3488
-12,-58,-105,26585,-11494,1418
-44,77,61,3068,-12316,11591
-23,61,28,4155,-8596,12528
-55,32,-76,-5277,19251,7918
-36,-84,-84,-2903,-2451,-124
9,40,-90,-6110,-1554,-3716
53,25,70,-8306,5023,-1558
-3,-32,29,-12899,7384,2262
-103,-79,-80,-19094,15041,1523
115,-77,-11,-16245,6851,-4829
-74,51,18,-16524,3804,-2579
-8,0,-96,-20669,17327,957
-24,-12,9,-13359,14400,-3109
20,42,-79,-14095,5692,-5209
-18,3,71,-15833,7618,-3996
E
-26,-52,47,-14548,9825,-4403
96,-120,28,-8794,3117,-2753
108,126,-39,-10295,6978,-3020
-95,-56,-17,-6545,5230,-3952
-84,-41,-22,-7655,1137,-4804
81,-4,26,-6561,-9770,-4895
-107,20,25,-4262,-5696,-5694
38,98,34,-3402,-11281,-4615
33,103,50,-1212,-11381,-2615
-41,83,121,-1249,-5313,3075
25,70,54,-2125,-3566,-1386
123,-19,58,-3978,-8737,2441
-38,-49,1,-4622,-8949,4274
114,111,108,-5224,-18073,7027
-99,70,-60,-5812,-22856,10083
16,124,8,-521,-8765,15759
-63,117,71,-982,-6131,11276
-8,-15,-28,-4608,-2559,-2023
94,33,1,-3912,-1249,-463
82,21,-87,-818,3855,-4145
-96,36,-64,1040,5766,-2691
13,73,-68,-2900,10208,-1513
58,74,-73,-1308,10150,-1433
87,75,-37,-275,9114,-2143
-90,103,23,581,11233,-3269
-49,-120,73,1442,10945,-2918
-10,-83,-93,1606,12809,-2171
-8,-34,75,2840,9712,-550
-77,-27,-78,2047,5587,-268
-110,-8,-52,1363,14028,2885
-53,-18,23,6653,9942,2171
84,24,113,7691,2326,330
66,114,-75,9173,18,-371
76,-16,-54,10265,2092,2607
16,-11,-21,12293,2256,9297
9,1,-32,13197,1957,8187
-24,42,-66,18814,-5347,3744
-3,-126,-112,22784,-10926,2015
50,-3,15,32291,-16151,348
23,112,6,31813,-9810,1280
E
-71,-109,-79,-31722,-4039,2142
-111,-45,114,-32762,-14251,-541
-103,-71,-62,11702,31769,9429
-104,110,-25,-11201,186,16326
42,-128,-103,-11064,24630,13242
62,100,-23,-4506,-2402,1255
74,120,104,-4700,-2757,-1992
123,51,33,-8615,7166,-875
108,-28,-32,-8664,-633,-2768
98,-27,-97,-13588,-6491,796
107,-17,-86,-8025,4489,4308
72,93,-12,-13557,26328,4383
121,125,-41,-12432,18371,2462
-80,-67,14,-17305,12070,-1025
-98,-102,110,-14868,7181,-4050
127,104,-117,-13722,-8682,-5759
62,114,113,-12948,9427,-1778
16,81,-70,-10503,3421,-5237
-65,-10,25,-9287,-1392,-5413
122,-107,5,2077,733,-3806
107,-99,-119,5382,4590,-3588
18,-46,38,-4866,1195,-4980
19,-74,65,759,-1649,-1683
10,-124,116,779,-3781,1582
57,-97,74,-537,7655,4413
19,-58,-29,-2559,-30902,4510
-111,-81,124,-6022,-1851,1950
86,25,15,-16963,-20631,-7274
-35,-59,26,-18740,-13141,-7822
-53,-55,61,-17695,-6209,-151
96,110,-42,-17386,-2262,1137
-57,-19,-21,-12921,-14974,2593
-67,-30,91,-4550,-20398,10416
100,-2,50,-746,-15442,15364
-119,48,-78,-6681,10884,13672
-37,-9,-122,-4864,-3965,781
-40,-113,107,1763,10380,-9305
11,53,32,1858,9863,-11937
116,72,51,137,9265,-9362
-5,90,18,-1380,14361,-5536
E
-100,119,-48,-330,13632,-2967
-70,116,-35,1743,12654,-409
-23,112,2,4899,12379,-692
-38,115,77,5596,9578,-1024
-53,122,-116,10270,8110,2077
105,-42,70,11984,8175,4947
-10,69,-82,4357,2085,3423
-83,-104,22,13081,-15630,4678
-30,-123,86,25438,-8517,9020
-111,73,-47,23151,-11798,10523
20,2,31,29301,-4258,11323
103,41,-3,-29860,-2777,7531
-113,-38,-112,-32763,3150,-39
121,-16,94,29513,-8833,-78
-29,-114,114,29980,32597,-5238
12,-120,-27,27222,-9485,-1646
13,57,22,16789,8180,9207
-48,-8,38,15304,534,8350
-72,72,97,11012,7072,7787
-57,-63,-115,6415,-4406,5909
-1,1,-110,-2942,8261,5449
119,-55,99,-12780,11613,1418
41,-106,-89,30965,6024,-3338
-19,-72,-4,-29523,-23239,-5906
34,30,95,-24627,-9894,-7450
-73,25,72,-22131,32726,-17181
-94,29,25,-25285,-26235,-20077
-58,-51,-124,-21986,-8667,-11383
-104,-118,-62,-16080,18398,-8087
-84,122,103,-9578,10501,-4280
-73,109,45,-12015,6899,-6064
-52,1,19,-8944,-5053,-7435
8,16,42,-8829,-7685,-7706
103,28,108,-7858,-14799,-7481
112,-118,33,-10681,-13100,-2597
-39,80,-95,-7186,-6007,-4381
100,-32,23,-6168,-7129,-3331
-122,-50,-75,-6493,-6244,-3015
-43,-108,5,-3832,-17429,1572
-74,-109,-71,-4314,-24066,1444
E
48,-127,-126,-1013,-14656,7304
92,109,56,1372,-2112,5561
105,117,120,764,-7633,4820
-99,-88,-38,-3262,99,-142
-66,-93,-51,-2177,-2025,755
125,-48,-90,-5578,12485,-2855
-24,-17,-12,-5065,7439,-4064
65,-3,-67,-4799,7637,-1844
-95,44,104,-5123,12333,160
107,-112,17,-5602,13844,-3586
-16,-48,34,-4762,12847,-3551
-75,71,123,643,10758,3787
-31,24,-64,4924,12181,4396
-24,-19,115,3528,6704,2690
-56,-51,124,10633,-9057,6416
-126,-93,-119,19844,-3170,12107
-105,55,-64,28623,-5235,16210
-26,46,84,-28579,-7361,8780
40,-108,53,-32764,2386,7931
83,57,98,-32764,-12713,4774
117,95,-51,-32764,-11952,2920
-4,29,-99,-32764,25191,-861
-72,-105,-124,-32764,-19825,1717
-121,124,97,-28500,-32421,19696
-85,-79,-126,-17535,-23591,12257
-67,-95,122,-30447,30599,-20732
86,-49,64,-27413,16065,-15712
35,-7,-54,-24211,-1423,-19050
-102,35,72,-22316,-5613,-16120
3,-84,-31,-22181,4248,-9626
93,81,0,-21485,4252,-6119
-83,79,-14,-19577,-7280,-6226
-111,-106,61,-11654,-2567,-2628
-112,-42,-61,-10633,9660,-3397
-65,8,85,-9217,9313,-4292
-10,53,39,-6181,-34,-6356
-36,26,76,-5966,-6797,-8675
4,-28,-28,-4965,-13309,-9487
40,-48,-41,-4882,-10458,-8415
40,29,123,-492,-8194,-4833
E
50,60,120,-1668,-13067,-3417
-111,-65,25,5908,-658,-3596
-121,-32,1,3483,-3229,-4902
-26,-50,104,-1041,-21894,-3487
47,-64,-30,885,-23613,1508
-15,-26,107,1908,-7685,1611
62,-4,64,1609,-19835,1449
35,14,-107,2085,-22059,4681
-67,-46,-56,3052,-9521,7890
70,-122,78,113,6633,7755
-6,-12,-40,-2371,4616,1561
50,7,-25,-3527,-643,990
25,-50,-46,-4772,6415,1373
30,-38,-83,-6265,9657,5929
-112,-98,114,-7227,16308,6713
27,125,94,-7562,15742,3515
-56,124,-49,-7780,16071,3583
-17,-92,104,-6486,19248,5577
76,-24,6,-3965,20818,6139
89,-33,46,-1463,18231,4177
29,-81,-35,5299,13688,3384
-22,-77,-5,3787,14965,4592
-95,-104,13,3719,2656,1915
110,-90,55,-4487,-7948,-38
63,-58,97,-2691,-19242,-3200
31,-16,20,-11415,32504,-6232
84,41,1,64,31279,-5340
85,25,-16,10073,-8712,135
1,13,-67,31912,1130,11814
-115,-58,-102,22580,-3853,13976
23,98,-26,28495,-1031,8830
83,-10,-109,-29670,-12036,3071
-62,-103,120,-32761,-18862,-3847
47,-22,125,-32761,-15307,-4480
0,-39,41,-32761,-832,-14836
-109,56,-91,29014,-19630,1255
1,-76,42,12440,-29718,2039
50,-53,55,-7127,-4044,4798
117,106,-15,-10635,-773,-3512
82,-111,50,-14765,14145,-9893
E
-42,-86,111,-19442,25594,-7700
-121,-81,33,-26332,-12218,-7722
22,118,-123,-27992,9152,-2099
15,-116,-3,-26670,4899,-993
-30,22,115,-20887,8096,-6113
65,39,-14,-20411,4519,-6679
25,-93,-102,-19834,12527,-4803
-33,-113,52,-12610,12194,-8708
20,25,87,-10776,-2477,-8355
67,30,76,-10967,-6822,-8556
101,-49,71,-6909,-17063,-12335
-114,-111,-94,-6568,-23380,-11572
54,100,-17,-10895,-22566,-2002
-83,87,41,-7927,-13104,5057
108,50,-56,534,3431,7021
20,19,-83,2092,4108,5631
-65,7,-42,3573,-5659,4182
37,79,124,-2812,-5976,-274
88,44,78,-286,-7163,-602
-125,5,-128,3019,-12165,-812
70,28,-14,5633,-9996,-2041
-87,107,-6,6000,-8993,844
-9,-95,26,7066,-10230,1013
-91,6,65,3963,-7221,3525
-108,5,39,3473,-1857,5076
58,22,31,-5308,13032,4909
-118,-59,95,-5409,8937,2343
-97,99,46,-10172,13385,-906
90,63,-89,-9160,15198,-770
44,41,23,-8314,11387,-24
73,108,-39,-7071,23458,3265
-88,-61,83,-10184,16035,5965
-95,-125,-71,-5830,19248,7588
90,-93,-14,-4313,19569,4812
-105,-31,-38,-5278,12295,-4073
-50,62,84,-6317,6278,-3480
-67,-38,-88,-3715,3579,7611
-119,-87,-120,-798,8103,8568
-27,-6,25,8023,-5416,9482
-74,-6,-18,8226,-6940,10620
E
84,7,114,29654,5724,27118
4,58,67,31828,4204,23253
-27,-122,8,22723,-9503,13385
49,60,127,25585,-27011,1374
112,-52,46,26255,-27424,2136
116,66,72,25322,-15778,5176
-61,77,-61,28068,-17417,5711
87,79,83,-31892,-19924,1315
-10,15,32,31172,-21871,141
125,111,124,29202,-18823,672
126,-7,36,14771,873,1540
-96,-87,-101,-2233,-28862,9054
53,-8,61,-12702,-9802,-4832
-108,1,-121,-12478,-5787,-10653
90,-61,63,-15879,108,-13920
-40,-111,-78,-19700,-14782,-12941
-91,106,-59,-19046,14556,-5192
19,16,-70,-15430,-19592,-3468
126,-127,-50,-25222,-17167,-1201
-89,3,122,-24267,5838,-272
-51,-98,88,-20943,-663,-853
-111,-78,-121,-15345,-10744,725
-123,43,-39,-15297,24772,-2444
30,-34,-119,-12674,18408,-5099
109,-82,-35,-15832,7296,-5566
-45,-93,15,-13240,5233,-6526
-59,21,-46,-9205,-6353,-10476
-76,-100,59,-2370,-16766,-11085
-5,2,65,-2407,-10042,-4095
-28,21,41,-1765,-2311,-1478
-80,18,-110,3260,-8284,3594
96,-16,-74,2663,-6627,4143
99,-113,47,-3199,-14614,6086
-124,-84,20,-2628,-11017,5763
-52,-104,-114,3097,20798,26742
-83,93,25,5100,-11144,24803
-117,44,107,4318,-13429,29433
-8,-52,58,-569,-8349,24862
121,96,-39,-4393,-9170,10335
-43,-27,-49,-3630,-11694,10323
E
-100,-88,64,-4053,-7699,-10321
-123,-85,19,-2703,-1494,-10517
74,-41,16,-2677,6494,-10421
34,-51,47,-1821,2426,-8783
27,-72,-7,-913,9397,-4945
-36,113,-104,2502,7670,-3651
-55,66,98,196,10111,-4872
-95,0,-5,703,7491,-6309
-101,-72,-76,4997,18925,-7350
-44,31,-4,-1896,8998,-10557
81,0,-60,-965,14869,-9615
-112,-10,87,-3270,11527,-8427
30,71,105,-4783,9989,-3565
-1,-70,99,-1718,14584,3850
-19,-87,123,-2678,14810,5376
115,-42,43,-11788,14936,12742
38,-99,57,-9088,14033,10711
-56,14,-110,5121,-13063,5168
115,53,53,26910,-231,4530
70,69,-76,22751,-13168,4113
34,83,53,24321,-16825,9164
65,116,13,31144,-10612,11193
-98,99,58,-30629,-8801,10388
-86,51,-101,-32757,7341,9720
-101,-43,69,-32757,32420,1493
-19,27,-79,-32757,-17833,1860
11,-54,97,8143,-10075,6839
73,29,-121,2750,6134,10345
-68,-67,-71,-11330,-9703,1317
-87,-43,-98,-8539,-9680,-1175
37,-73,33,-11033,26714,-8274
116,-22,-122,-13114,-17562,-9286
44,90,-126,-13436,21998,-2300
52,77,-15,-14624,8357,-2914
63,-121,86,-16999,6454,25
71,119,98,-18063,13516,-90
53,-38,-27,-12752,11917,-1848
11,-114,-64,-9762,8063,-1844
-4,-6,111,-8693,17835,-5583
-30,-5,67,-8024,15605,-5759
E
0,-49,-10,-4329,-1241,-12784
113,-28,15,-6014,-7322,-10871
18,-115,-25,-9910,-6277,-9191
62,-91,-73,-7211,761,-7579
25,-110,80,-2080,11519,-6083
-33,-40,-123,-3000,8204,-7016
119,-106,2,-1935,3415,-7587
95,-89,38,-2448,382,-8680
19,-86,37,-3026,-16931,-4855
77,-51,-30,-3002,-12170,-4422
127,3,80,-3667,-11867,3012
37,24,10,-3935,-11679,5723
80,41,-96,-1473,-7374,7185
61,42,-54,-2393,-9205,5606
35,121,-56,-3621,-6554,2680
80,98,-35,-1945,-9124,1762
-14,91,-115,-4372,-31100,-3518
-70,86,69,-4910,-13894,170
57,80,-16,-2628,-8827,2733
123,63,0,-322,-13029,5635
-60,59,-3,-648,2465,3967
-112,58,-22,-1824,-254,3088
4,-42,-59,-3323,4968,-4472
33,-45,-57,-2048,5609,-3669
-2,-95,92,-3198,12649,-4335
-27,-84,41,-4691,10293,-3202
-15,-63,-97,-7196,11562,-2443
39,-62,55,-6964,6547,-5056
-79,13,-65,-13351,2956,-2376
-44,115,98,-11729,5777,5236
23,-16,-123,269,17235,12794
61,-57,-72,6481,9048,10108
46,-120,-10,11587,5254,14997
-14,39,78,12543,18119,16893
-126,-40,8,12701,7384,6516
-73,70,-75,20021,-26141,-2089
-11,111,-102,21963,-14871,-263
-44,14,-38,24220,-5075,11104
-31,7,1,29639,-11075,9595
-123,-75,-22,-32585,-18799,1833
E
-94,-44,112,23202,-7986,-9320
70,111,-97,11687,21642,-16747
29,13,-110,10555,32730,-10340
18,-52,17,10277,4337,979
-92,-58,7,12642,16681,2974
90,-10,-75,-1362,-19554,2831
127,-84,-50,-35,5552,-566
126,117,-128,-2703,10305,-6597
-124,-18,110,-9711,-7878,-8192
-13,-46,-3,-11538,18749,-4881
54,40,127,-17067,2478,-3657
100,3,31,-18356,-516,-7375
91,124,3,-17627,675,-5251
102,4,-39,-16267,7291,-1249
-86,-30,-18,-16299,12804,3734
-66,21,86,-18733,7235,1375
-47,-5,-21,-12235,11613,600
-76,-61,13,-10748,13420,-768
84,104,88,-10710,4387,911
102,90,67,-9495,8047,1826
74,-35,79,-4862,-287,4852
-110,-1,73,-3901,5282,7681
-39,-121,-12,-7045,11507,20933
-41,-29,-55,-18132,21677,21558
2,62,66,-20967,4103,23738
-102,26,125,-13279,2774,12176
87,107,-22,-4207,-25088,-12308
76,95,-87,-1916,-29798,-13698
89,-27,13,2140,-27554,-13070
93,-64,-38,372,-26608,-8201
101,121,36,1531,-23174,1791
-83,57,31,2668,-11067,3989
110,53,-1,1540,-287,8961
115,44,68,1784,-7611,5370
-113,36,-113,1110,-16763,893
26,-108,-116,-3947,-3596,6956
87,-26,-126,-3580,1741,6797
117,-24,-78,-1052,-2353,3458
-120,-58,-99,-628,6770,2824
-101,-114,-75,-1588,2401,-36
E
-106,79,-6,-6457,6953,-1604
-111,77,39,-7347,6593,-3514
86,69,-104,-5366,8753,-7156
63,68,90,-1243,23118,-8822
48,81,-20,380,21445,-9867
-95,105,73,2473,16894,-10009
17,79,82,5458,8791,-9908
-123,43,25,8537,13472,-4671
-86,-27,-16,6606,12438,5167
10,-101,69,8101,13205,8042
82,-107,54,12376,1021,4365
34,-110,58,11381,-2251,9666
94,-56,29,5498,12888,20948
36,-41,42,7933,5160,13640
-72,95,-112,14391,-26524,3460
-52,-23,-37,14975,-22378,6910
58,63,71,32529,-27099,5798
32,107,97,-29710,-29618,5212
80,-83,38,-32701,-24560,-2963
64,-64,33,-32755,-14286,-14413
-90,43,41,27151,25373,-8231
67,-14,35,-425,-31244,11898
-91,72,95,-2462,30155,14421
-110,-83,90,-14052,-6034,-4000
-75,-99,77,-10492,-10150,-9736
99,-117,41,-8132,9940,-11704
-75,-96,24,-8816,-10923,-9761
52,12,-99,-11337,910,-2511
9,-110,-39,-15465,-3268,768
-49,76,-52,-19652,11544,2488
-111,-84,115,-22513,17337,-525
-24,62,12,-20076,17792,-1788
-100,-7,-74,-18374,17104,-2673
117,29,-63,-14991,22900,-4097
-102,121,115,-18407,12606,-8738
-17,-12,-94,-17014,-1204,-420
111,56,68,-14775,14030,254
59,-56,127,-10309,5329,-3447
78,-1,42,-10640,-7478,-776
104,5,68,-7994,884,778
E
127,103,-124,-6620,9043,3305
-119,-76,113,-9370,-10608,5299
-18,115,2,-13420,-4591,4672
-30,-67,10,-13176,958,5698
0,41,43,-10152,1883,4373
15,8,64,-8169,-6663,945
90,-56,56,-1009,-31366,1674
9,-111,-87,693,-26379,3837
-55,114,89,2809,-17528,6471
47,112,-91,2203,-13794,10438
-89,-3,-74,-626,-4002,10196
82,-114,-82,241,-8790,5626
24,58,99,479,-7998,-795
-20,63,21,-1890,-5955,-2093
-19,-126,-71,-3557,542,-1702
25,-76,-60,-3233,1315,-1586
53,1,-22,-2148,1242,-3548
44,56,-7,-2137,3697,-1260
36,111,10,-2639,8016,992
25,107,91,-519,13710,715
-85,83,54,1799,11784,-1276
-103,95,46,1404,12115,-1036
-122,-113,3,3038,16436,-5547
-124,-113,-33,3560,14267,-5911
35,-41,-76,4797,11815,-6420
101,-63,-118,5015,12833,-6157
31,104,95,11069,5604,-6973
71,88,125,11268,3166,-7770
70,45,112,16630,-16423,-8407
69,71,-70,16356,-10635,-6063
-90,54,-13,21113,2393,6699
-112,-117,-64,20935,1187,5154
64,-89,81,20923,-3335,9907
54,28,52,20478,4522,7168
25,125,-57,25444,-22757,7296
78,-85,44,26881,-2422,11600
104,119,-22,22218,-3573,5590
80,47,11,20633,-4822,4398
-42,1,-22,4265,-7663,1677
-31,63,-3,4659,-7653,2303
E
-5,-8,-31,-2718,-26559,5025
-21,-53,-26,-3798,-7558,-6483
-114,-7,99,-5916,-24786,-13071
25,-1,99,-4497,-20237,-8435
12,67,120,-9707,-12082,-10052
-97,-95,-115,-4294,18916,-6286
73,-44,-86,-4650,-2656,-11211
-51,-110,-42,-10862,929,-5860
3,-70,-123,-8004,13096,-1881
-127,-83,-56,-1640,12246,-1786
97,-106,61,-5923,-16481,-3029
18,-35,43,-5871,12541,9306
-83,-80,17,-2431,5249,6454
-36,109,-126,-1129,2021,6666
11,90,-122,-2733,-3777,8871
-113,-29,119,-2191,2518,13965
-75,108,-104,-1618,-3602,14818
-49,72,107,-451,9233,13387
127,-54,-29,-961,-754,9856
51,90,-23,-847,-6343,8375
-46,-43,89,-2083,2086,9622
-53,-29,101,-2938,3421,10211
-73,51,54,-2286,1037,9180
-65,83,59,-2379,1176,8223
-25,54,16,-2968,-3310,4625
-76,85,-18,-3214,22,5660
