0,0,0,0,0,0
-9,34,51,-236,-68,-398
-9,34,51,-236,-68,-398
-12,44,114,-320,-48,-383
-12,49,-117,-312,-48,-346
-13,54,-98,-275,-86,-391
-13,57,-85,-99,-44,-322
-13,65,-52,-3,-89,-247
-14,64,-59,-36,-198,-161
-17,69,-49,-73,-232,-53
-20,69,-50,144,-170,-103
-21,64,-51,149,140,-109
-25,62,-46,-209,-207,-42
-32,61,-45,-485,78,-140
-30,63,-46,-559,-50,-173
-37,73,-38,-1216,-84,-370
-42,87,-36,-2290,-483,-484
-44,110,-32,-2542,-136,-736
-52,-115,-21,-2108,-1424,-1193
-65,-104,-18,-961,-903,-433
-67,-92,-25,-1247,-103,-547
-66,-89,-28,-1010,194,-610
-61,-88,-35,628,634,-332
-62,-94,-33,472,136,-222
-69,-108,-34,-178,-160,-999
-80,-112,-21,-2129,-873,-774
-101,-93,-3,-3606,-553,-989
-97,-49,22,-9429,-622,1024
104,-126,-110,-14851,-4352,1033
104,-55,9,-13992,-4036,4433
-60,16,-24,-13930,-768,7501
29,-16,69,-10971,1773,5207
-102,122,39,-10082,676,9028
-106,96,7,-7727,-1054,8208
38,83,111,-819,309,3994
2,-128,79,-2562,995,4273
4,89,81,3208,-795,492
3,103,61,3153,204,197
5,-102,43,88,-1044,295
15,-75,58,-1010,-4078,980
E
83,-97,-16,4565,209,1679
79,-88,-20,2555,-229,3058
-95,-58,-28,-4616,-5735,8551
-77,13,-31,7454,-10856,-4761
-25,44,-18,-2059,11912,-848
118,111,-17,-11479,-13141,-3161
71,112,110,-2127,536,-12815
53,-71,-96,-12287,-5188,-9779
-98,79,-118,-23127,-9783,-16184
114,-46,-19,-20916,2135,-13739
36,-103,-105,-29849,-14702,-14100
-3,-124,-43,-24116,1860,-8894
-47,56,-18,-26546,-7522,-8803
-127,-114,31,-26131,-7304,-9536
123,-108,-107,-27703,-11218,-10070
-41,29,126,-24893,-10336,-880
-14,-110,2,-24347,-11162,-547
103,123,-24,-12847,-11799,5537
-43,-18,101,-14665,-7501,17668
-116,-76,-23,-4274,-17492,22160
-55,127,96,4131,-14632,18063
-41,86,42,6298,-12831,15171
-30,19,70,10861,-14556,11030
-127,77,40,4606,-16010,11656
42,108,-58,8479,-15175,193
45,64,-82,8098,-10772,-750
-122,82,119,3338,-19529,-7158
-14,-22,-99,1726,-472,-23565
46,93,116,2773,13494,-20577
3,4,127,-4667,1265,-17611
-4,-48,16,-2099,19876,-19057
62,74,-41,-8595,30380,-13243
101,37,-64,-12011,26708,-13240
-34,22,50,-19181,12165,-13058
-8,-128,18,-19058,6439,-8188
-66,-35,-76,-22919,3026,-5460
123,127,76,-21855,-1887,-7085
18,-100,-65,-25798,-11483,-1453
86,68,-72,-19254,-6575,4170
120,11,-123,-16943,-7059,6404
E
26,74,-101,-11009,-1949,12478
-73,48,40,-6904,2248,12081
47,39,23,-1500,-9179,11593
-1,127,77,2734,-18378,9094
88,-119,31,7019,-8670,5289
116,-51,61,11191,-16370,3804
33,60,-73,19418,-12548,1159
49,126,48,20616,-10500,3294
-36,126,34,25087,-3,-3926
-57,87,81,19206,-3868,-5894
34,-58,14,18259,-20969,-5055
-18,-116,-5,19126,-32661,-12357
34,110,45,19056,-6934,-13062
89,-11,42,16480,-31286,-14663
-99,-107,69,8976,470,-28211
-12,-55,97,8955,-23019,-19757
-115,-113,-118,-11571,9540,-17681
117,22,26,-14947,16823,-8810
53,111,-92,-15102,5304,-2151
-7,24,-46,-16249,7298,-3231
-11,62,109,-20768,245,-140
-7,105,-90,-22545,-6079,656
-67,-45,80,-19724,-5695,1493
-88,-120,10,-18881,-8319,6046
101,17,48,-14827,-8246,9507
92,109,-71,-13671,-5662,8468
-101,5,-41,-8730,19599,5715
110,35,123,-8238,10257,5303
66,96,71,-5149,-29420,4395
116,104,94,-3393,-3931,3610
-51,125,64,4253,-13224,3635
-44,126,73,4314,-10653,3248
126,-85,107,14437,-14156,2672
105,-82,86,12060,-12313,4346
80,-19,-31,19426,-11148,3249
18,-75,26,18174,-12983,1712
-91,111,3,15246,22803,5157
102,-45,53,10879,-32665,3376
14,64,-91,29323,-15872,-12741
79,-39,-78,22084,26979,-7222
E
-34,-81,26,25234,18002,-12203
-42,-52,0,15680,12609,-16539
-51,-98,6,7662,16834,-13199
17,8,-52,-2427,22308,-17234
65,40,-99,-7209,3267,-19180
-2,-98,-96,-18439,21927,-15100
-22,78,-37,-20094,13768,-13642
15,124,30,-26390,8830,-12348
122,-84,12,-24452,3851,-7536
97,-86,-109,-19669,-6560,594
-110,48,22,-12836,9111,90
90,8,20,-18327,-2192,5176
74,103,-49,-19684,-10048,5007
74,0,-87,-14637,3575,3095
-10,14,-29,-12067,-463,9738
-13,47,23,-8705,-20725,9000
55,108,85,-4648,-3801,6547
115,-17,27,1443,-16642,10098
-77,32,-40,2270,-19713,10414
-23,-101,-29,12546,-13846,7317
38,20,-108,12592,-22175,5221
-56,-18,97,14732,-15530,-202
32,31,40,21068,-12802,-1754
89,-33,11,17145,7244,3560
44,-118,-9,14290,4107,-1251
31,50,75,22965,-25399,-6997
-15,-5,99,14948,28113,-1552
-67,83,-49,10588,-1088,-12437
-64,-99,-114,4126,-27932,-26073
2,108,26,-3879,-12398,-22375
-11,58,63,-8925,-3191,-22906
72,-6,-1,-14270,22016,-5518
-115,102,-14,-15552,17433,-6164
0,68,-28,-24413,-1579,1021
-18,-13,82,-21299,-549,-847
-65,52,118,-15449,-3408,4924
-72,-62,-87,-18030,-7200,5760
-34,-126,19,-19135,-11106,4404
105,-3,-94,-12561,-13861,4764
61,66,73,-9221,-15599,10912
E
-39,-61,-65,-7403,-4583,6576
-38,112,-4,1059,-29307,1603
-108,-127,118,-1899,2340,8906
-97,-75,-48,4663,-32540,-2716
31,-103,73,7683,-227,1916
3,109,-41,11957,-21868,153
-109,73,-122,16870,-3141,1112
-116,3,-68,25959,-6898,-2101
60,42,-32,24765,-1914,6174
-29,51,-123,20433,8475,2096
-81,-85,-110,26568,16123,-16978
27,115,84,15476,-17470,-21272
18,-5,119,-18730,20328,25214
102,64,2,16613,104,741
-116,10,-115,-13281,18547,-32442
5,-23,-115,-18819,18418,-17198
104,121,78,-19315,8177,-11718
37,124,-57,-17788,9233,-4388
-50,111,-3,-17582,2786,-542
-84,96,28,-21868,-1222,-2982
-73,110,5,-21096,-6657,-2992
-34,-66,-47,-16213,-2321,7332
-48,-92,1,-11518,5920,4212
-38,127,-87,-4686,-2012,11311
-62,71,-14,-8375,-20573,14212
111,-86,-45,-2833,-25055,13328
-84,-17,-24,1583,-10776,9334
38,122,-15,1850,3924,7093
102,120,-9,-802,-2535,9670
-39,26,103,2903,-3415,4595
-25,-10,41,1923,10024,5844
20,35,20,6235,32030,4190
86,-20,63,6845,-25197,4255
48,43,69,8092,-235,3010
20,6,-122,10275,-13785,-3089
-105,-89,18,28098,-2425,-1724
91,116,-6,18851,-14734,-10497
120,1,101,13745,22380,-25306
107,-98,73,13879,32543,-19120
110,115,73,7801,-6006,-14461
E
96,-25,-127,1786,-23817,-18135
-73,127,-83,-5340,24714,-25987
-110,-102,-16,-11567,13476,-23253
65,92,-113,-10322,24174,-25697
0,117,60,-19304,-373,-12719
-86,-15,2,-18690,11378,-15015
-26,79,-52,-24129,-10640,2657
-110,105,90,-15689,6941,4108
-11,-95,-4,-12253,-13659,18498
-123,123,-117,-16621,-12769,9867
-74,-74,-124,-18578,-22742,10470
-12,107,-55,-10716,22411,10339
-102,124,-28,-10770,5472,13793
96,17,-22,-9984,28983,12128
-63,4,81,-5374,-10846,11415
40,1,74,1832,-15223,-326
-106,33,-122,1111,-4721,5230
-29,68,66,8047,-6021,3831
-51,89,74,8691,-15560,1828
33,-72,-67,12205,-23337,-2841
-7,-124,-99,14929,-17409,-3706
1,10,2,19403,-8940,-2121
-11,-35,83,20008,-12731,-3617
-24,84,-13,17334,10525,-18278
56,103,90,17761,-18409,-13795
-44,120,33,11868,-26915,-30210
0,31,-43,19141,-13354,-7710
-66,69,90,9732,18111,-16154
-63,67,-49,8221,-29162,-18703
92,-52,126,-12757,7320,-19723
123,120,-48,-12124,16316,-17749
11,123,-27,-15838,5278,-7071
116,37,104,-11559,11485,-4638
49,65,20,-22422,4469,-53
-91,94,-22,-18256,-765,121
93,43,-37,-21547,-8737,10871
47,104,111,-19902,1294,11283
54,-117,-52,-16526,-4619,11147
54,-101,-62,-13766,985,8382
87,-117,-43,-15228,2008,8501
E
77,121,-30,-15801,-1998,11669
-106,-118,-71,-13977,-18949,10175
127,-65,4,-12461,12111,6580
7,75,-96,-7675,27661,3527
26,117,-76,-4971,-17096,3275
-57,-83,-53,5543,-12702,2897
17,-120,103,10201,-31881,911
-124,-3,-79,17967,-2319,312
-66,0,83,17507,-20031,-5256
-33,-34,-54,23920,-23671,-7026
-12,-122,50,32106,-30781,-7417
-44,126,40,28990,-21198,-9120
66,66,-46,28734,-31853,-5004
111,-95,-53,22235,-7435,-8884
-100,-125,55,8588,29767,-16524
-74,24,7,3648,17992,-18878
41,-38,-37,-1964,17237,-21748
111,84,-100,-8614,27564,-27355
34,60,-91,-17922,-7351,-4766
-110,120,-113,-10664,5152,-4717
46,-43,-39,-7611,674,5400
45,14,62,-14584,3922,4807
38,9,110,-22751,-9755,6265
61,117,-7,-21442,-24616,7010
-16,-14,97,-15765,-7227,6486
-44,-100,-36,-13019,10022,8090
28,-60,100,-10588,11342,1550
-124,-12,-86,-13270,13280,-621
-108,0,46,-21676,-8818,-1526
49,107,-111,-9943,25709,-4879
-41,-72,71,355,-7843,4520
102,-89,63,1602,-24842,979
125,3,-116,15488,7234,6363
104,62,50,11538,-9713,3612
-111,20,-60,12247,-13781,-1238
-34,116,-71,17054,-15632,-5100
-40,123,105,16744,-20372,-10579
81,49,-108,22903,-2181,-23373
-105,110,-74,24683,-23276,-3797
-25,21,-98,25902,-23305,-18109
E
55,2,-22,12290,19402,-7863
51,76,13,6308,27871,-14659
66,-119,23,-7725,16391,-13772
93,-6,-81,-10676,19681,-11071
112,-63,65,-17966,14378,-9768
-60,-92,-44,-16406,11504,-2805
-69,-58,-41,-13351,6062,973
107,-81,94,-19233,5560,3105
107,-127,119,-20580,-7673,9092
-84,-63,-15,-14412,-3676,12531
90,-93,-80,-19748,-1616,17139
-122,-58,-115,-18836,-3272,13719
-68,6,3,-14937,13751,9505
40,108,83,-16523,11206,9702
-104,126,-103,-15894,-20734,10240
73,-72,57,-9084,-27350,6799
95,-107,-69,-1290,-23023,5957
-46,113,-65,8287,-7644,2674
-101,93,118,12966,-21474,-991
57,21,-53,15684,-13355,-3872
-102,-115,-75,25119,-20874,-5224
-89,87,-114,32046,4776,-2028
25,-70,111,26755,4279,-6885
-25,-3,-68,26027,-8529,-6174
111,-77,24,5926,19080,8917
-64,-88,-27,18330,102,-26531
67,-10,15,11760,-1673,-17461
-16,14,42,9975,26689,-22737
125,115,-35,-2157,20995,-18943
-125,-66,84,-7265,11178,-20119
-61,65,29,-18397,12096,-8145
38,4,85,-25445,5914,878
-49,-46,58,-25648,9281,1537
-87,50,-2,-25954,-1329,4060
112,-103,-14,-26975,-7407,2875
77,-113,28,-23437,-5237,4376
51,-32,24,-20294,-11019,6397
-127,105,80,-15268,-7846,9644
124,65,-58,-3460,4785,4253
-103,63,-36,-2801,5484,6679
E
105,-27,87,-3737,-3657,9798
79,-74,77,-2082,-11548,7681
39,109,87,4407,506,-961
30,-117,-88,2121,-25821,6784
109,9,103,16462,4363,2704
-54,-23,110,13299,9518,8715
-125,27,23,22007,-26532,2010
-89,105,-63,19839,2836,3197
18,-65,120,22903,-22103,-11248
-96,-39,33,23303,-6379,-7167
-105,-91,62,16632,7592,-12002
39,61,70,839,15592,-2551
2,34,-119,9824,97,-6447
-87,74,-110,10245,-32670,-28120
26,62,-42,-12203,-32670,-20908
86,57,-109,-13841,10073,-12197
126,-66,108,-17697,24471,-13736
-15,-91,-32,-26353,7168,-650
-57,-64,-7,-23138,2604,-3300
101,-113,-94,-20977,-5874,1556
-90,25,-29,-12550,2450,9260
-111,-83,38,-11089,-8916,9477
-55,5,-5,-6432,-558,8295
-98,43,-11,-7988,-11970,6414
-107,116,83,-7380,-18914,6812
-93,123,52,-3710,-14940,6476
-109,35,72,422,-2866,3726
104,32,-100,2515,4832,133
-28,58,-27,6481,-19494,4594
-45,71,-31,6461,-1238,2562
-104,124,64,4494,-26636,9319
86,77,50,10290,-14934,2897
73,35,125,13359,-15145,2476
96,60,-122,13200,-12736,1142
-80,65,81,25078,-9034,-12920
-38,-90,14,25613,-1901,-5756
-36,31,45,23917,7871,-5542
-95,-63,16,21688,-519,-8130
-82,-94,-36,4985,18304,23931
-89,-94,-100,10718,-22483,-1577
E
-108,86,101,-9089,25277,-31735
-126,31,97,-11891,20589,-27202
-126,36,74,-23482,6601,-8077
-46,5,-46,-17826,15664,-2496
0,-51,-1,-14133,9517,4961
-19,-36,40,-17554,7848,5174
-22,1,95,-20941,-1687,7322
-40,-57,60,-17991,-579,4772
-46,64,-55,-17545,-5930,8089
-13,-67,21,-17141,-4726,8760
-73,117,-99,-12330,-9654,9066
108,98,-81,-11485,-7629,14355
-9,69,68,-9184,-8532,8658
85,32,-89,4164,4744,-531
115,80,-53,431,7541,3501
-86,-45,-34,-705,-18799,5335
-58,-92,59,5316,-16671,2164
29,-23,4,12288,-7134,-3189
118,45,1,9915,-9432,320
-79,-116,98,16753,-3777,-2098
56,-114,-92,17641,-13957,-2638
101,2,-1,19546,-7622,-3316
15,77,-41,22922,-6685,-5995
-100,-3,48,18241,-2292,-7916
-63,-57,-34,16869,-12389,-4300
62,-122,87,7292,21325,-7101
114,-61,-81,7345,26413,-20267
-16,81,76,-530,5723,-17428
118,-85,-88,-9913,23929,-17576
-94,91,-79,-17432,20698,-14535
-126,34,21,-19025,15919,-6209
116,99,19,-20433,12298,-5288
57,-18,-111,-27652,3636,-2032
67,-42,-105,-21389,-6871,4680
65,-119,-124,-12748,-4154,7354
-120,74,74,-17019,-3450,13625
-50,-32,78,-15573,-15901,10280
-90,33,-60,-6421,-21875,11749
-10,-41,-90,-4043,-14535,10530
103,-49,-40,606,-8347,5405
E
-52,-11,-42,5577,-3287,3283
-54,41,-29,7721,-13551,3157
55,116,-56,10309,-9767,2706
-88,-49,52,15099,-15138,-274
-87,-72,97,16381,-8084,1521
21,89,107,15972,-10802,-2491
-104,-118,51,21194,-11781,-7145
1,107,61,25640,5443,-14116
102,-21,97,19235,10448,-14773
117,-27,41,20063,-483,-18433
-66,-99,6,4837,21308,-4068
87,-4,99,-4747,22591,23009
125,113,96,-5762,12522,-14458
-21,56,-36,-15404,-21322,-10155
-98,22,116,-21401,15429,-10309
46,87,80,-26576,20773,-3970
-56,1,-59,-24289,16231,-4487
0,48,-121,-22735,3193,501
33,19,-63,-21314,-5811,7948
-11,116,-20,-9519,8633,4973
-42,-39,-7,-7739,-7173,5826
-126,57,-56,-12121,-12026,10221
-87,76,8,-10334,1331,6570
-36,-65,-64,-13397,-22227,13909
-111,-108,38,-12721,-16334,11885
-70,114,-29,6358,-23966,3849
55,84,22,5944,3921,1967
-15,121,-115,5324,8252,255
97,111,-5,17586,-10107,-3032
91,67,-17,16961,10436,588
-107,-89,79,10763,-22453,-7187
123,101,45,15799,-16117,-8090
110,68,-71,25567,-3443,-7361
-128,74,34,27976,2007,-12578
63,-40,42,25332,-792,-12292
-83,94,-53,9156,21761,-4251
58,-122,-3,11115,-31324,-19273
77,-123,-2,-4149,11341,-12307
-31,-59,90,-20475,-24362,-12962
58,105,-50,-27255,6646,-7710
E
-70,-59,82,-26984,20027,-2593
4,122,-18,-27879,16010,7049
59,-63,9,-28549,4899,7653
122,-16,66,-25157,-2544,9005
102,-79,10,-21465,883,9490
-112,74,-91,-15569,-1643,9981
-87,80,48,-6677,640,4497
102,48,-104,-7980,-10810,6988
-50,14,125,-9757,-19296,8143
-1,-82,-36,-4285,-18648,3291
-69,77,57,10902,-18433,-1564
43,125,-94,9722,-21882,1879
-89,-15,-26,15319,3740,-1987
87,94,-121,16059,-11546,-1974
16,68,-3,19691,2615,-1203
-1,110,-76,19386,-25841,-4130
-114,-98,-67,20981,-6441,-5429
-22,-12,54,24248,-1144,-9871
84,3,-13,15957,30440,-3283
-90,46,91,8797,-31460,-10540
29,117,-96,11461,23212,-20316
29,-46,-92,-324,-3849,-16703
-94,-117,-17,-5368,23071,-13957
89,37,-14,-12756,-32590,-16820
43,75,18,-17391,10742,-7849
-94,127,-65,-19517,16112,-6701
37,44,-3,-24308,365,348
13,-21,-99,-24280,-4601,2059
11,114,105,-24347,628,7417
17,78,93,-23631,-4184,7877
8,127,-34,-11670,-9045,8581
7,-108,-67,-11569,-14452,10796
-13,31,96,-1877,-28354,11686
17,24,47,-2182,-21178,8292
-70,-62,-75,3284,7441,3429
96,-66,24,3999,-3745,5360
34,-98,66,18139,-20804,2792
102,0,-10,16839,-4422,2308
89,69,51,14335,-21942,-2019
-81,-101,-80,24872,-17885,521
E
-127,90,-26,26718,-13370,3187
-44,-124,91,26626,-15060,-4599
86,35,-115,20488,-27241,-2526
46,6,-46,20954,-22446,-6900
-43,-59,92,11176,24204,-28443
27,-31,-32,-251,-480,-24786
-26,46,-38,-10735,2495,-22106
-118,-15,-69,-8964,29792,-23789
-17,11,-80,-23259,15501,-9520
70,-72,-115,-24172,21606,-5995
-78,-3,6,-26341,2445,-3854
112,95,-26,-30857,21031,4104
-35,90,-4,-31116,23128,-469
-49,126,-9,-32749,19439,8800
-76,59,67,-29992,13237,10016
-87,-2,45,-18947,-1316,9876
-64,3,-38,-19785,-1872,8496
-38,-117,-99,-9878,-27053,-418
47,-65,88,-8219,-24036,1711
-113,52,51,274,-21637,1523
47,74,81,1863,-18526,-184
-13,22,120,16758,-16366,483
-55,31,-97,15027,-12105,-3323
-112,-10,77,27792,-31018,-7680
-45,75,90,30751,-17294,-3996
16,-104,-81,25146,-12856,-4317
26,-28,68,29766,-18779,-15502
31,82,-42,22410,-3650,-10494
8,-103,-19,19159,-3897,-14806
-11,36,-46,23113,10136,-17181
45,111,21,2242,20078,-19612
66,-66,-62,-5642,15960,-24681
65,123,0,-13765,22671,-23129
64,-72,-75,-23744,22236,-14870
75,-24,125,-26523,13587,-8982
-116,45,-77,-24574,423,-3889
-64,-125,45,-22640,1783,743
-49,69,-93,-20539,7102,6398
-50,-11,104,-22786,-1422,8713
-51,-2,-124,-23073,-14645,12510
E
27,-96,-16,-19320,-16270,14144
41,-59,52,-14912,-26373,15839
-46,-120,-116,-7031,3420,14656
-35,85,80,-6356,1103,9569
-40,26,31,2024,-10374,7354
-9,66,36,3165,-10435,6812
103,-117,-121,13295,-11477,3425
-100,-93,-56,14194,-12898,1409
124,-45,-125,21234,32455,-2190
37,-1,-53,12597,-24864,-8004
60,-124,-116,27016,6502,-901
-63,17,25,14572,32516,-10772
111,97,58,20450,-1259,-8230
25,-82,30,20887,-21227,-4320
113,127,-89,3656,-8884,-28743
120,-26,123,6120,18161,-20035
-80,54,38,-3466,27795,-20169
33,-12,-8,-7216,31614,-21559
-85,-100,-116,-21794,15540,-18012
1,-79,104,-22563,15464,-8500
-20,51,121,-20090,12628,-8268
102,-29,-6,-21681,6696,-565
-117,122,25,-23977,2244,-645
113,-87,114,-19411,-8165,8584
-20,117,-121,-14897,-13053,10558
16,39,66,-12653,-18499,14556
25,8,-84,-10395,-20940,14356
-49,-60,-97,-1380,5831,12009
51,-23,-91,-903,6378,10284
35,-38,125,-4064,22512,14717
-89,85,60,1600,-32141,7678
7,92,-42,3509,-22911,4550
-101,-44,-46,10662,-8189,9645
-35,4,-3,20257,-10898,-1785
-72,-14,-82,14927,4134,-5311
87,-92,-73,18665,-25066,1728
25,-75,-82,16839,-12541,-6167
-49,56,-114,-30711,8607,-5992
67,-20,78,24070,-6417,-2804
90,-118,77,-10829,18486,-3361
E
-30,56,-2,17205,-20739,28118
-6,-50,-90,-7412,-21569,-16176
22,6,3,-2333,-12218,-31835
-50,43,83,-20647,5832,-15564
31,62,-32,-25142,27002,-15912
102,-93,-76,-32285,3550,-4647
-22,105,-40,-27409,9383,-3179
91,-20,33,-24452,4338,7189
108,-111,99,-24322,4921,4601
78,42,84,-17278,-8163,9145
100,-33,70,-12156,-1653,6511
-53,-54,-45,-16027,-8707,11440
-39,48,-21,-11172,-13531,7221
107,112,105,-1383,-15233,7216
-83,112,-70,2366,-638,3788
75,115,-68,2752,-12397,3517
101,-125,-118,6865,-5450,1641
97,-70,79,10935,-1494,2208
71,-49,-110,12048,-26644,4180
-77,-47,41,23399,-18612,3319
76,84,-111,25978,-12862,3020
-92,23,-32,-31769,-13146,3466
-124,-5,-16,29518,-1062,-1195
99,112,3,23809,-8102,-5857
-98,-11,16,23020,-17354,-4748
-120,-102,114,-1176,23500,-15633
-19,29,-57,6527,-21508,-27987
-117,73,-28,-3979,-25858,-26424
-5,105,25,-21244,3192,-24210
76,-48,0,-22550,15096,-18598
102,34,-32,-17420,20488,-8100
-20,68,-12,-24396,12346,-4890
119,83,99,-32543,-1330,1005
91,-6,-42,-27696,2352,2206
-116,-63,72,-22677,-7304,13772
-74,-110,-63,-19058,-4223,11250
-73,-25,-33,-9615,-7217,8126
-20,-97,2,-12396,-19547,11772
76,12,126,-9858,-17798,6891
-86,68,80,-2152,-13710,3253
E
-95,124,19,-1759,-9639,4847
48,59,102,6024,-3097,-602
48,69,-32,5887,-16449,2509
40,101,-92,13468,2452,3940
-22,-108,106,13728,-24905,3946
51,-63,80,25514,-17917,2971
82,13,62,24121,-9085,3210
89,83,-125,25302,-14463,1907
91,119,110,25342,-5135,2311
12,-110,-67,20541,-806,-5162
-8,-105,-28,16740,-12366,-6149
63,-79,-69,-1622,21174,-9615
52,40,-116,14329,25397,31435
-65,8,18,4693,5306,30674
53,111,-111,551,3530,32331
-68,113,-96,-17958,16502,-17908
111,43,-87,-18950,21722,-19951
-3,-103,-8,31401,3747,-2535
18,-114,-75,-28815,13303,-5939
-28,-105,5,32186,1206,2343
-17,-27,8,-32685,1560,2357
-26,55,70,-23720,-8401,5406
-14,41,75,-22223,-5317,5875
-40,-89,-59,-13655,-11007,14860
-56,46,65,-11716,-13071,12592
-6,-31,95,-7079,-13327,8023
123,-65,90,-3927,1067,8278
70,-64,29,-3018,1133,10409
-32,-73,92,2535,-20172,7573
58,-61,107,2692,-21907,9242
-48,65,43,9825,-11188,9568
-88,72,-127,6637,31563,11563
14,87,-93,20652,-22272,6100
-82,58,-76,17842,-21250,7464
-18,81,68,23173,-10526,75
23,-100,12,23025,-19317,-3184
-125,-2,-18,21601,-2805,-13941
44,115,85,18950,-21009,-14552
71,-65,36,8089,24815,-4464
-12,88,-126,11360,-21312,-27456
E
-28,-50,119,4218,-27883,-17703
30,-49,-44,-543,-10054,28669
-110,40,48,-22295,-12040,31778
-98,110,-13,-20421,29813,32758
-40,72,-42,-25410,7147,-22855
-2,119,80,-29155,1749,-13462
114,32,-40,-28259,5081,-2866
112,42,21,-25965,651,1038
115,123,55,-14884,-18886,13092
-10,-126,15,-10921,4159,16671
123,-126,98,-6149,6171,11431
61,95,-104,-9703,-16157,14980
-28,-106,77,-8893,-7900,13847
-44,1,-61,-6804,-3995,9346
-33,51,59,-2040,26834,7070
44,63,-5,-6734,8893,5477
38,-59,-31,1686,-11033,7580
-48,-92,44,5038,30547,6250
58,-93,49,3489,-31369,9711
-46,95,-82,9294,-17741,5864
-62,96,-24,9463,-19202,6305
32,97,-75,16810,-11900,3410
69,120,-53,14481,-12817,853
-123,-9,-65,16915,-10164,-7467
-61,-47,-55,15500,-16092,-8627
-68,-27,2,18436,-21921,-18819
-118,-103,-45,15332,32253,30807
-114,-93,104,19449,5477,-21382
-4,98,3,29041,-30678,32609
40,-68,-79,1955,14045,-22817
-111,-14,-74,-4020,20353,-32445
94,9,109,-20131,5505,31370
106,77,93,-28244,10906,-29459
-61,-34,-7,-31391,14289,-23139
55,24,-78,-24735,2183,-9992
-120,96,92,-30844,2422,-6730
93,-82,6,-28355,-7846,859
-5,17,117,-15170,-19002,11036
109,-57,116,-21113,6943,12844
25,36,-122,-17252,5000,13515
E
-95,33,-101,-9922,-6661,11157
-127,-105,0,-15464,16061,14533
-111,52,56,-23958,-22533,15904
-127,-87,69,-4996,-16142,13592
-114,85,-119,-9615,-16788,15289
-69,53,-17,-892,-5344,9031
-10,30,32,83,-11205,9453
64,2,-56,1022,-21100,11645
-95,78,76,3510,-21848,7015
-34,123,100,8930,-14061,2395
84,-69,25,10305,-21634,4337
121,-1,-31,20505,-19688,1260
91,-13,-34,24473,-20821,1695
67,7,-128,17983,26750,5269
-110,-60,-8,24210,-27164,-7235
-79,34,-74,-27560,-1781,-5055
66,32,-6,30409,-3753,-6817
-46,-54,108,27562,-17745,-19558
101,-103,71,29645,-1285,-25565
13,-102,105,3047,-10188,-30057
81,-93,123,7266,18199,30056
-117,109,-18,-6786,-30080,32752
-16,-55,-25,27848,-8594,32752
-86,59,101,-24663,10683,32752
-73,-80,-48,29308,1654,-18183
-67,-94,-2,32734,3644,-13853
-12,85,-111,-32696,14670,3642
114,57,76,-27225,-21116,12204
-21,-65,-16,-19511,-13923,13972
-4,-36,-46,-11242,21938,12933
110,-118,34,-16478,-7943,16606
-6,6,5,-7100,-12671,16130
31,105,-86,-4800,-14012,15933
35,54,-121,211,-8078,12175
-113,-89,122,-1855,4501,13820
40,-77,47,13639,-9540,4048
30,118,103,6909,-7627,8352
46,-29,87,6981,-27637,6222
-36,-32,49,11252,-23037,4832
123,80,117,27053,-16852,-1599
E
-11,-112,5,25536,-7757,-418
-50,2,-126,27749,-16308,-5519
14,88,46,23865,-31466,-5656
81,32,-101,20484,9759,28850
106,-17,76,20027,20462,-25854
104,-107,-72,7749,-373,-27821
12,26,-98,323,29990,-31198
-11,-124,-123,-13002,15834,-21309
16,-96,-10,-9557,-30426,-25354
-101,96,-103,-30347,-1034,-17724
33,65,124,-30074,2541,-15285
54,-8,27,-24691,-2349,-10475
77,73,-91,-29514,-20696,14412
116,6,10,-24152,4284,8379
-20,57,1,-18922,-383,13419
15,-26,47,-19238,-1560,13513
11,-65,48,-19784,3788,13041
-38,3,-88,-13509,-10357,12295
30,16,11,-8966,-13107,15137
8,53,91,-6497,-18604,14393
-103,-83,-58,-3309,-4344,12131
9,-3,38,7396,-18884,13997
11,-34,-113,8648,-954,10054
-119,-78,-109,15140,-26437,8784
-38,64,21,20383,-23549,7611
-95,106,96,23962,-21438,3062
-123,96,-104,27837,-25057,767
33,85,74,24064,-19029,-2994
101,-109,-7,22486,-19364,-8937
114,36,-100,21412,-12608,-17470
-93,-66,32,21669,7136,-13666
-100,109,-96,3808,16645,-19856
9,-20,71,-13929,183,-30452
-65,7,57,4345,-10862,-28733
-56,-80,-7,-25035,-32676,-30810
-21,123,-79,-27219,2966,-19780
4,-37,-120,-29131,22082,-7143
-107,68,-30,-29223,11226,-3948
-2,86,54,31966,-11582,1443
95,-76,70,-29175,4079,4203
E
31,-122,32,-11055,21556,9816
-113,40,-81,-4770,-8584,13707
8,51,33,-12999,-3899,20011
57,-42,117,-12205,-9414,18084
24,61,93,-3275,-19568,20097
32,40,90,-12369,-19809,20239
-36,112,-47,-17934,-5040,9540
98,-106,115,-12933,-5121,7003
-58,-37,80,-6794,30426,12989
88,-86,-52,797,30828,-2944
-22,-102,12,11831,21396,2410
-42,127,-86,18061,-26095,-2006
47,48,-78,26570,-16970,-10043
7,-65,-105,28208,-15604,-8096
-28,-86,76,29770,-8214,-14763
-103,99,-103,28882,-6603,-18253
-13,117,-97,22315,19609,-27511
68,-34,28,20064,18572,-24320
2,-127,-65,-9008,29832,-9995
63,21,-98,-14204,25787,-7647
98,87,-82,-27196,-32674,-15686
-110,109,-54,-10252,93,-26112
55,-71,-108,-29868,19932,1649
-109,3,-48,-27168,-10780,900
-86,16,-12,-20279,17218,10
51,3,22,-23872,-5306,1664
-5,42,-90,-19697,4445,3442
-87,-26,-22,-14364,13521,1522
-45,-85,12,-17923,-9920,14118
-128,-93,-100,-9583,-15573,9238
95,-62,-95,-2110,-13832,13044
51,-101,-64,-4635,-10435,11391
18,-49,23,-969,-16233,8556
70,-54,33,-1590,-7963,6643
24,-28,-118,6609,-23620,2685
-102,-52,-49,8251,16728,2040
-57,-38,-49,12943,-17698,3326
85,-78,21,13592,-19850,1969
-55,62,-21,16923,-18403,-2164
-123,31,-53,14693,-16928,-3639
E
-5,-4,52,26231,-4080,-11553
25,-64,-97,23711,-1024,-10268
-94,102,68,18855,1905,-17741
11,123,-33,13207,18034,-5175
43,-32,114,11808,20466,-30862
-17,-21,102,3730,11531,-22479
51,16,-69,263,1749,-20466
13,5,83,-3178,28408,-18495
53,-102,126,-11772,-26392,-16579
88,-80,-34,-15422,23050,-10714
-105,61,-126,-27292,12879,-6392
-111,19,-65,31801,3763,-5128
-63,-13,14,-26793,3315,4400
42,-110,49,-20138,2845,14338
-72,45,-40,-22435,-7686,13140
31,103,-33,-17906,-27345,15106
31,-104,-32,-8864,1958,11353
88,-54,-34,-6273,-5312,11960
-24,-50,-12,-10135,-7832,12684
4,81,24,-6163,-11190,6548
-36,107,-79,-4407,-14794,9107
-17,-108,37,7587,-10922,2249
39,-108,-43,15435,-5494,1599
18,82,45,18001,-24882,2599
85,-116,74,14285,-22019,-2582
-66,-14,48,17347,-21436,-11368
-11,31,20,21489,-3126,-9774
85,-126,-89,14563,-2508,-10247
-62,17,-26,14863,-11379,-11309
-9,-76,-93,12613,4956,-13904
-64,56,79,-6706,16401,-7984
95,57,-52,-107,93,-26290
-34,-30,-106,-10211,-6356,-15362
108,-74,-9,-16510,23192,-14998
-2,-98,14,-22047,9260,-10973
-31,-90,45,-16675,-22280,-11669
-19,-3,37,-32369,8805,4283
7,67,121,-28870,16404,5492
-90,-21,47,-27176,1542,12041
62,44,89,-21316,5612,11777
E
66,-64,69,-25998,-18141,13030
-79,-123,5,-21258,-17310,12583
5,70,59,-19081,-10478,18007
-119,13,87,-15107,-7129,10773
27,-21,13,-14081,-5444,7671
-87,-49,-114,-6236,-24811,3936
-19,-62,-5,531,-17594,-186
34,-54,-6,4815,9206,-5602
126,20,34,10764,27985,1054
-57,41,96,11359,29016,-1745
29,-41,39,18136,-13805,-5090
101,98,38,21357,-23912,-4600
-50,65,115,31023,-21993,-4916
9,112,83,-29840,-3695,-6631
95,-37,73,22002,-13104,333
95,30,-128,26214,-32624,-1479
96,-121,48,-30594,16145,-27402
71,95,66,18543,1653,-23693
73,-30,-2,16311,13995,-30408
-9,66,78,7914,19829,-32153
99,-112,-57,-18505,8261,18363
59,-122,-104,4303,94,24127
30,-38,13,-32416,-28352,30234
101,107,72,-18400,31989,-9843
-28,-19,36,-26039,8479,-1605
-13,125,-59,28426,3382,-4865
-10,82,51,-32690,-18140,9019
111,-92,-83,-26006,-3182,12500
-53,65,83,-18232,10681,14285
41,-21,92,-24405,-6595,14505
61,-82,127,-7407,-2783,4622
-38,7,-3,-3804,-5252,9206
110,122,-44,-10792,-6128,13458
-26,10,-89,-2095,-22997,4386
50,-35,-23,1651,-15618,4157
69,94,-86,2849,-13795,5268
-100,-119,-30,4919,-18084,145
92,-86,103,13560,-15424,-1551
61,-109,-14,14298,-7771,-4095
78,34,-17,15518,-7559,-4610
E
37,-2,34,20873,-8232,-5874
-15,-38,2,20705,-13592,-9077
112,7,59,27175,-4274,-10401
-113,-92,-79,25822,-5549,-8544
39,-49,5,22637,-6539,-22825
-105,122,92,24151,-284,-20854
18,34,118,11497,1346,-23512
-100,10,-126,-490,16465,-11474
-51,-64,-51,-14697,-22034,-22682
-50,94,-110,-15992,-25295,-13581
-108,39,-50,-19675,2258,961
-38,38,35,-17040,11497,-851
-113,-42,-110,-28242,2944,6837
100,50,64,-26481,-4124,7344
-109,-40,-55,-25464,2915,12864
-55,73,41,-26534,9877,15435
-77,-47,4,-21452,-13162,17257
-123,-5,-58,-13631,-4122,11895
123,-95,-71,-14289,-14416,15759
60,104,-83,-7045,-27962,9858
48,113,-5,-6381,-30324,9860
5,-29,-5,9325,-2273,3461
-101,-17,-8,7131,-6486,3152
-6,-4,89,13100,-10607,-122
19,-12,82,14412,-10233,616
-68,41,39,24138,-23841,-1691
-26,34,-3,24705,-18723,-3158
107,72,6,-28936,-1145,-6637
62,115,3,31591,-15240,-7104
24,22,-122,-32154,3395,-16560
15,99,-121,18264,-23262,-10100
-84,44,66,19089,13282,-25523
8,63,-69,-1574,25560,-20532
91,-39,-14,-7741,-31327,-23824
24,-96,3,-18360,29439,-25459
0,-116,-101,-20714,31942,-23692
24,32,15,25629,1815,124
-35,-81,60,-28301,-2903,23002
116,-115,-108,-26705,10012,6014
-69,-11,-11,-17316,12127,2118
E
9,-70,-120,-21019,-570,8499
18,47,-73,-18959,-8294,11577
28,39,38,-13751,-16228,11669
18,-114,-58,-14339,22715,18792
84,-35,107,-14823,-11157,16416
-68,-128,44,-1205,16836,3163
105,-92,-109,21,-9800,8402
43,-121,-1,-1592,27515,9684
-93,6,46,1645,-15103,-2163
80,73,0,5427,-21792,-434
14,25,-100,12637,-3100,-3571
-23,5,2,17916,-31968,-2919
109,-64,-76,25988,-19259,-5885
65,101,123,-27450,4008,-12769
-49,69,63,22009,-15686,-8034
-18,-13,-66,21126,218,-17904
73,-112,83,18036,-7622,-18623
-90,81,-66,12595,-15204,-15341
90,12,1,-4205,22655,-24819
70,60,-102,7343,95,-15664
-125,-67,89,-11815,12728,-13129
-72,73,-75,-19377,18579,-3097
-75,54,44,-18235,7791,-7343
125,122,125,-29544,4276,7862
118,19,71,-25715,3280,8453
6,-4,-84,-19306,-1813,17570
90,58,-123,-17121,-431,18101
101,110,73,-18926,-13042,20986
6,-56,107,-18263,25040,14709
-45,17,82,-18667,31484,10112
-31,-98,-112,-12532,2819,12646
120,-45,-44,-9071,-9384,9895
-47,80,24,2553,-23696,11329
44,-96,-62,8474,-17150,10310
-7,-118,-26,13816,-8581,5963
41,28,-42,15033,-14682,7747
63,-36,16,23120,-31020,2536
46,-82,60,23952,-5966,1478
-85,-128,-82,31945,-22323,-1170
-120,112,77,28514,-9524,-4284
E
57,-70,90,27785,-21541,-17469
-105,0,2,18915,-23453,-18902
37,-29,108,5751,-6323,-22452
-97,37,-73,7072,18098,-25044
-127,86,-99,-12524,-10935,-15096
-14,104,107,-21956,2949,-18067
-46,-46,34,-20994,-16468,-15316
106,90,44,-24451,26960,-2464
-43,15,-117,-24065,16648,374
115,51,34,-23512,3146,4862
-70,8,51,-24768,8823,7078
-46,127,101,-21970,-6694,8572
-25,85,64,-22115,-7560,10465
-34,35,-49,-13709,19294,2666
0,-26,-114,-9776,-9202,7501
-34,-116,51,-5292,-8062,3515
86,-99,-31,1646,-18559,5351
-42,123,22,10204,2342,248
88,-118,44,10127,-4327,6792
-44,76,57,17199,26231,2953
68,55,53,24518,-6154,-3529
107,-32,34,19346,-7073,-4389
-96,104,20,23394,-25333,-10077
-114,-13,-114,23707,8417,-17063
-80,61,80,18864,967,-17886
94,-9,59,18330,2240,-20110
91,15,66,84,-26179,-20047
-119,-56,-51,-757,-31085,-14081
60,-17,95,-7790,-30643,-11635
-85,82,73,-7328,-25752,-6391
101,7,-92,-22260,-31916,-4449
-100,-124,108,-18912,26823,-1598
18,-106,2,26717,-18407,8230
-60,-28,48,32497,-9443,3631
-71,-75,-27,-29051,-1931,19071
-26,36,-41,-21683,1626,15446
-119,-48,-123,-20419,9699,9125
127,-35,30,-18591,-10643,6047
-65,-81,3,-8908,-3905,-3169
-75,-28,33,-7756,-15107,9019
E
5,-93,109,6297,-12767,4940
-104,-67,-55,8278,3470,5485
-80,66,-86,11173,29733,14137
-77,85,46,13759,-12277,7448
-45,-15,17,21422,-14539,938
-120,-59,30,21475,-9861,1193
-56,58,-81,20736,-24473,-8254
-118,-120,-50,25882,-11122,-12035
-13,111,54,26383,-9595,-21072
64,85,105,19800,-23110,-22384
53,29,124,2238,26076,-17635
72,90,52,17302,90,32353
-89,-25,-102,675,3316,-25753
-14,9,10,-22054,1441,-19584
-86,88,40,-19492,-17512,-12615
-78,-33,-46,-25006,-17238,-10188
114,-101,-30,-27426,24643,-4063
-15,33,-54,29394,7417,-11376
75,36,118,-32683,-5822,1574
-82,-91,-79,-32683,-2219,4558
-86,-79,-68,-28321,-11603,7972
0,66,66,-12129,20596,18235
124,9,94,-6386,-18016,12249
88,-36,108,7123,11588,7894
4,24,25,5292,10744,11575
-64,-127,-15,9157,17681,3090
100,-113,102,17269,25518,3726
-47,71,75,17715,441,-630
-29,-84,-41,17717,-3838,-4315
-81,-20,-22,28202,-903,-9294
-73,57,18,30959,5393,-10913
99,69,-103,27142,-6234,-9274
78,-5,-47,28708,27018,-11721
-6,-107,-110,12596,20541,-11813
3,68,46,3200,-23093,-21316
-39,95,-111,-11922,20994,-13891
35,89,87,-22010,-26962,-15336
-102,-80,18,-18672,14560,-14044
30,-104,-29,-22540,29705,-10328
51,-112,72,-28192,-3504,546
E
100,123,97,-25189,5805,1709
37,-36,35,-19556,-12589,6548
-97,77,80,-18280,13142,6433
-52,113,-73,-20256,-13343,13108
11,88,23,-17648,-13922,11806
-119,10,-59,-1986,-13264,12398
97,70,24,4318,-8837,9560
34,12,30,6547,-8606,9154
51,-26,43,7696,-5384,6433
-69,-53,-8,19759,-3024,726
-116,-122,-84,17738,11050,1053
-115,31,-77,27012,-20976,-9465
97,50,31,-28081,-21475,-11158
52,46,125,-32679,27716,-9072
-100,-26,-66,26012,-8445,-2699
-101,53,80,24174,12318,-5558
-69,-52,59,-895,3036,-22922
-117,-46,22,-5458,-16097,-19408
-118,100,-67,-21761,-11652,-27237
-56,18,-18,-31843,6854,-30290
-52,-104,-22,32454,-2617,-11769
-104,82,51,-32388,-27117,396
-93,-78,-110,-21986,24113,12891
116,-27,16,-18229,-10194,16609
69,5,-58,-18023,-6013,12970
121,-76,-109,-11484,-8025,12445
18,-112,-27,-8157,-27581,19141
53,95,79,-2501,-24798,14311
47,-67,81,1122,-13678,11671
-49,-111,-106,12266,-20511,14005
-1,100,-37,14497,-8926,-30
62,82,-74,16348,-2704,396
57,-54,16,25955,-28188,-4036
103,-102,23,28200,-32243,-4946
-57,101,33,-29366,-6725,-4536
84,-77,55,25103,-3340,-12991
18,-18,45,16276,-18865,-21053
-43,-98,80,4123,24555,-28472
125,-30,-68,-9308,-3510,28728
42,-76,-112,-15676,-4398,32736
E
-2,-11,31,-22408,8725,-24970
83,-41,30,-26466,-9461,-2998
74,-79,-102,-22079,-13927,-1841
-78,-53,127,-27181,20540,-4479
-99,-56,-83,-31578,-18633,-1601
8,-7,-60,-25865,11612,6880
-20,106,-59,-23214,-4693,8642
-56,-59,17,-22081,-13056,16981
23,69,108,-22814,-14800,19752
-109,-53,-45,-17966,-15832,18387
52,-92,65,-5094,-19296,18075
57,67,-80,847,-17557,15670
-20,-52,-18,8083,-29712,16102
-4,-39,123,16500,7062,1132
49,-115,-84,18241,-20295,7079
-95,-28,54,22997,-10773,4795
38,-71,-70,29722,28854,-7230
-52,-112,6,-29617,-11649,-9742
-89,-124,-128,29295,-17257,-15579
-124,101,-112,19848,-21127,-25488
-78,112,-43,16338,-29011,-12382
18,52,70,15197,-15166,-25167
117,79,65,-5596,3433,-29424
-105,93,-68,-20722,-11069,-30716
55,-66,-99,-31973,17420,-29787
-71,-24,55,-29482,2758,-22236
98,105,-84,-31909,11630,-13320
122,56,100,-30755,13024,-7545
-68,-64,45,-15684,-22179,17953
-104,-111,-87,29281,29572,19600
-38,-16,-5,32054,-9740,19222
-108,62,-97,-28731,21532,1727
75,-10,-86,-5847,25709,13928
96,-108,-93,-13667,-32680,22287
23,17,-28,1560,4445,3445
-103,-125,88,1152,1369,4125
-68,-115,-56,4366,-12177,2302
2,109,54,12798,4544,-2398
60,109,77,9605,-2074,-443
-25,34,-35,20600,17745,-9104
E
34,-86,82,25379,15125,-7408
-13,28,-33,21253,13805,2144
-31,13,-76,-30851,-15810,-6843
-42,-56,-17,23039,11491,-5519
46,-20,60,18434,22571,-14109
95,-93,1,21437,29981,-22776
69,45,86,5786,-28548,-29496
121,-43,30,-2875,5085,-19027
-40,61,74,-22916,-19979,-14661
-25,-21,-109,-15467,-28830,-32438
-9,24,27,-21740,26471,-4076
-46,-90,-37,-26782,24001,-10762
53,63,26,28708,-13365,-8908
-87,-102,-68,-32678,-10905,-2194
-107,111,92,-17889,-6837,16670
-91,-106,-45,-18429,-18429,12807
80,-90,89,-12555,23837,12388
57,-20,-17,5770,-27211,5835
6,88,33,3143,-12508,10737
35,-106,-34,687,13599,15577
27,65,-16,-764,-29588,6446
-19,-35,6,4617,-5401,7828
71,45,-122,1539,-1900,10627
109,89,-99,1939,5175,4796
87,126,92,4747,-29649,4986
83,93,19,6384,26066,-6806
57,65,-35,11274,8364,-1084
18,44,42,18939,-8899,-5426
-29,-36,-119,24412,-10236,-5739
-2,-72,-89,29876,29435,-13307
-47,-105,-120,30496,10103,-11023
-61,78,47,23988,2121,-20736
-44,80,-81,24015,3058,-20276
74,-107,-68,7482,14580,30121
-126,-90,111,10109,-32681,-28566
65,-80,-64,-11743,-9675,-29625
43,-38,-127,31048,-7572,-15856
-89,16,-75,-30513,12373,-2888
-46,-63,32,-23605,796,4617
33,35,3,-21122,4728,12658
E
9,73,58,-24990,1782,14438
43,-60,-27,-19340,5466,14082
-37,-120,-28,-17071,-8615,21743
26,105,13,-18895,-2543,18700
-51,-111,-89,-9579,-7141,18645
-83,123,113,-5332,-15361,17160
92,90,82,-872,-15194,11587
63,82,-7,2144,-67,10575
22,-105,-88,8688,-13178,5143
107,-19,-51,10388,-7710,3622
-94,-99,-82,17305,-5414,285
-109,-97,-20,17272,-29996,1221
51,-55,20,18479,27588,-21959
37,27,37,20694,23646,-8561
7,78,127,20330,31037,-19001
108,-55,9,21681,32618,-16971
-82,3,90,16925,-11607,-10404
-51,26,84,19303,4889,-14827
90,23,-65,16830,5167,-15657
39,29,-33,-2712,15228,-18629
-16,-77,-47,-7268,7142,-16191
-74,86,59,-19585,-15438,-4359
119,6,-8,-19905,-12546,-10979
-81,-58,-22,-25148,8237,-9290
-57,-67,-62,32610,-27139,5247
-64,-96,-99,-25797,-28397,3216
41,20,-116,-15624,-5542,6249
122,41,-106,-11722,26882,12322
-32,103,-55,-8750,23775,12966
97,-125,-17,-6487,-9607,9158
36,-11,54,1067,-6788,9468
106,74,-111,-961,-22723,8162
74,-127,-56,4188,184,6214
27,120,-73,6604,-4907,6795
-97,26,89,10257,3139,4955
114,14,60,9616,-2434,4762
121,77,-22,15699,-20319,2143
78,25,0,16197,-6944,1764
-36,-102,-95,20765,-12192,-5554
107,-83,-121,23571,-3749,-669
E
-99,-122,-25,25109,-14303,-3639
-40,-101,-8,21296,-17170,-16368
-37,35,-39,18049,7180,-19202
54,-93,-96,9476,-15475,-23989
103,119,61,-7045,12856,-21469
-3,-7,108,-9556,-26460,-15479
-116,-52,34,-15902,-30129,-6014
40,76,11,-22568,-3779,-1876
-56,108,-46,-27996,17801,-7309
-3,-126,-56,32471,-1915,-3887
-12,-78,3,-32373,-20962,4422
-36,-53,75,-27139,31750,4410
53,-15,-127,-14724,11069,13192
-45,32,-101,-12027,-1228,12062
100,14,10,-8880,10640,6919
-88,11,-29,-5007,-2770,6443
-30,22,122,-3601,9431,6587
-59,-36,-33,-912,24666,9303
124,-75,28,1249,-13418,1522
-16,56,28,5633,3683,-375
-79,41,65,4351,-5880,-585
44,-107,-101,12707,-23254,-4656
-111,14,-13,25481,10742,-7838
122,51,-68,19517,-17551,-12104
-54,-42,16,-29514,-5404,-13074
114,-101,-77,20978,7321,-18572
112,4,-95,16193,-2857,-24804
41,-59,107,27576,-1835,-20525
-109,117,37,-7607,-31044,-21693
23,-124,-50,-10708,-8134,-4277
17,-86,96,-17347,12306,-5455
-41,-92,-111,-27568,-16831,3049
57,-117,-27,-26240,23464,3687
41,67,-74,-20528,-16668,-3836
118,-78,-10,-19630,-23533,10231
49,-128,-81,-19717,23266,11686
9,30,-89,-24727,-17008,12265
-4,-19,-53,-20891,-8812,9063
116,2,28,-18868,-6137,12984
-76,-104,96,-16516,-10377,14193
E
-74,118,37,7634,-8366,10406
-83,102,4,-762,-16794,11282
-36,90,-11,-322,10415,-6953
-25,69,-111,2819,2244,21
-23,27,-83,11588,-26682,637
27,-70,80,13769,-8229,-1730
43,-41,-128,14273,-12463,-2479
-122,66,25,16370,-17462,-5347
-44,33,-25,26510,-8691,-6875
113,40,-46,20324,-2885,-5870
-23,66,-94,15327,-8658,-17862
-101,-61,-29,21278,-9075,-8990
108,-52,-84,13728,-5201,-14180
13,29,-87,-2432,26826,-24155
68,-52,93,7636,-12831,-24708
118,49,-28,-6655,12691,-20801
-21,39,-111,-14568,14912,-16893
-59,8,-112,-18382,28614,-2043
89,53,-107,-27086,10072,-2969
18,-80,87,30462,-12880,4176
-123,-4,70,-14560,-26206,-6653
-77,-23,-88,-15343,-5320,4698
122,-115,56,-21793,18448,7839
38,-2,102,-25343,-26522,6488
-19,-4,111,-7120,-14324,8543
110,-14,-69,-14937,-2039,10456
37,24,-11,-12032,-9739,7890
-59,-65,-119,-4103,-19025,8219
-120,-75,-13,-1181,30774,11225
97,-117,101,9362,-2253,8411
-1,-111,-93,14005,3322,7798
58,62,-20,12772,-4476,3762
78,91,-36,14143,-12982,2435
-51,-55,-103,24845,-20860,-4842
113,-116,-23,23595,-17597,-9243
93,87,33,30445,-17589,-10296
58,43,-85,-30178,25413,-18676
75,122,-67,-32670,-2816,-24331
66,1,50,27988,-29263,-14583
-38,77,93,16672,-16946,-11225
E
67,62,-61,-28675,1292,-31468
53,-112,112,-31163,27049,-23409
-90,86,127,-19838,-19214,-26890
-45,100,-40,-22840,-27384,-5947
-64,118,94,-29653,-6579,-3853
100,19,-41,-27073,-1164,2604
-111,-96,110,-28960,-6024,5215
-87,111,0,32501,-25969,14142
60,-120,-63,-19567,32472,14024
-80,-116,66,-10469,-26072,15849
102,-104,-83,-8155,7944,15378
83,-17,5,-10012,10672,11370
2,-68,-27,-9192,-15260,8618
114,-111,17,-3375,-7219,6887
81,-61,-5,-1403,-861,3774
-65,125,-30,2717,20629,11786
35,42,-58,10580,-19015,5377
-107,-64,-99,14662,-8647,-4469
19,-82,-78,17764,-17347,-7496
18,-96,43,22674,-12368,-10087
-100,64,104,23664,-12361,-20819
-33,-49,-42,28317,-3704,-23995
66,-25,46,-32687,5905,-20791
123,-123,-19,23813,12037,-26932
28,-124,48,12993,14744,-22310
90,55,4,17527,-22608,27916
24,-45,23,31722,83,-10764
-116,19,-36,-15732,81,-13142
101,-50,-110,-18245,-32686,-10867
41,-43,-116,-28319,-32686,11752
29,53,-63,30343,29441,-4101
-16,94,-76,32381,-17168,6755
-111,81,-120,-29580,-944,6589
6,-105,90,-28661,-15236,1395
123,-41,31,-15458,-15015,9112
-39,-110,45,-16699,-24457,11955
-106,-10,89,-17256,-3009,11682
-110,9,105,-6864,-24812,8664
120,-47,-75,-3329,1413,10261
46,-18,-9,-2728,-866,1860
E
-72,-61,-60,-1320,-18023,6121
-120,-21,20,5756,-12134,511
-92,4,95,7159,3517,901
88,45,-97,8938,-19335,-2380
-105,111,62,15705,-7096,-5163
119,99,56,18399,-6828,-3691
-61,-51,-68,24662,-8735,-2649
-79,-123,8,25561,-5643,-2858
0,69,-47,29644,-1878,-6536
19,121,82,32562,5212,-8032
-125,113,-36,31493,-3930,-16813
-124,-36,107,20212,17429,-8775
59,-43,-52,23490,-29427,25604
-65,-52,98,16954,19389,-30803
-114,92,82,-2246,14875,31595
109,-42,56,-12503,18475,32721
-23,20,104,31166,2477,-29539
23,66,-32,-31619,10866,-21427
-45,-10,-91,-28915,12348,-2739
93,5,-52,-31666,16727,5215
76,17,-35,31937,9018,11614
-85,-118,3,-30316,-31156,-337
-57,54,-59,-32108,32340,2702
-93,27,95,-18821,-32686,10595
-98,58,-81,-12188,-32686,12396
19,-34,-40,-11036,15163,11993
-69,-6,-39,-10383,-32399,8851
-126,82,8,-3970,-18260,9005
-101,-102,56,-3727,-13003,10556
-121,-78,-84,1005,-12529,7800
-88,-48,-15,2818,-15236,8183
39,15,92,5152,-7241,7295
62,21,97,8848,-7649,6043
111,101,125,12075,-8767,7506
33,-30,56,17635,-14113,5720
49,9,-85,22926,-15564,2731
66,20,-117,29935,-13160,2469
-120,32,70,25914,-13693,-1383
-19,125,-17,24014,-26744,-11284
77,-59,-10,-29428,-29312,-6224
E
-46,-33,-86,15479,20929,-30474
113,-116,-5,17900,-904,29287
67,-17,-116,17602,19563,-31125
73,121,80,-11142,14529,31965
-3,102,-6,-11101,-31388,32719
126,-5,89,29692,-26397,-16576
-40,-124,-120,-29556,-12044,-5840
-84,-70,-13,30807,-17521,-3552
108,116,-125,-32668,30371,-7333
-39,-69,-24,-32668,20901,13714
73,56,67,-24212,-24061,6671
-14,-89,-102,-11520,12544,7752
-114,70,-103,-26249,-22201,14454
-126,-12,-46,-13862,-7014,2926
-84,43,80,-11610,-1650,5624
111,17,70,-14310,-25860,8043
-16,-35,1,-9024,8475,3491
-103,-108,-125,1482,21565,8871
53,-93,-103,-3405,31258,10637
-88,-88,49,12419,-747,234
48,-113,44,9427,-22441,5699
71,47,-106,14661,-21658,1230
20,2,27,20140,-9303,-2635
35,-1,11,20071,-15644,-358
-96,-54,-7,29112,-12133,-7948
106,-115,-97,31936,-12099,-8046
95,-64,-2,23206,-10418,-7415
65,84,104,31748,-25301,-6877
-27,90,59,29016,-4433,-10053
-110,-125,-19,2845,7567,-15534
-61,95,-91,8587,6247,-12962
-66,-69,-34,-5020,16902,-19015
-1,-34,-18,-23541,-22403,-10149
-50,-114,-18,-10290,-10935,-8230
40,105,19,-23874,14206,-10381
109,-6,-125,-20177,14704,-9018
-113,-123,52,-28511,-25592,1916
-11,-32,-58,-23974,-19399,5009
-98,4,68,-4080,-25478,10146
72,40,-101,-3668,-13376,9172
E
82,42,112,-7332,-16627,7210
-2,80,19,-2708,-13090,1535
-13,106,-110,3879,-3064,-5006
-23,-125,-64,-87,-10176,-2527
-81,-79,83,-4087,-8700,767
-92,-128,62,5272,-6749,-4460
-28,62,-67,8968,9017,4311
-53,109,-124,8175,-27833,3045
18,-79,-32,12453,-21908,11052
-123,-25,-88,17013,-25878,8888
-47,-60,49,22306,-5166,2645
2,44,23,26858,2425,-7920
110,17,24,-31050,-21618,1968
-104,41,27,-31812,9116,-12518
126,44,-57,23511,-1574,-16285
-80,86,-94,3160,-6644,-22808
69,80,86,-280,26793,-26247
-21,-81,-70,-17710,17815,-20531
25,126,-18,-19449,16323,-18770
108,51,54,-18278,-25447,-10460
51,-12,-68,-30526,-13886,-3621
-97,-67,72,31653,30458,5358
57,105,95,-25034,32293,11764
74,-25,105,-28779,-15931,15871
-29,-85,89,-31081,5770,7679
-20,97,119,-25865,-15468,10595
11,33,-19,-15806,-17996,15035
70,80,-80,-6593,-8823,6261
39,32,72,-1537,-8599,5483
95,27,72,7379,-5233,3622
105,46,46,6900,6523,5932
12,-12,12,18297,-21965,800
44,-55,73,19937,-2103,-595
-68,-39,92,-32078,-13258,-490
-78,-107,-83,-31182,-1505,-3282
-83,44,98,32624,-18634,-21910
1,-121,-111,14341,-8982,-17052
120,52,41,11208,15417,31677
-66,-26,2,6852,-24340,-19933
121,59,101,-23652,-10002,-18035
E
78,96,68,-26433,84,-30040
27,-25,73,-22468,-16826,-10070
53,81,-3,27669,31462,-911
104,-4,10,-20935,12428,1587
29,68,-21,-23409,-6252,6118
28,-96,-94,-17193,-17720,14717
51,-39,16,-11833,-9600,15600
-115,115,11,-10690,-21195,15623
39,94,86,-3973,-24475,17849
-117,35,-55,6160,30643,17089
-92,-62,53,9025,-12347,10056
-64,62,-121,14915,-7966,542
-98,50,-69,19108,3923,2683
87,55,119,25779,-29702,-194
43,51,47,-27620,-10026,-5786
-5,76,-74,-32664,-11566,6134
80,-97,-27,-32664,14161,-11938
-73,84,12,16220,15953,-20849
-10,-120,-98,17537,21186,-24271
-74,108,-17,-753,7050,-19306
-41,96,43,-3690,12641,-24779
-60,-86,-97,-20079,9685,-16509
113,78,-19,-30920,11277,-6362
-5,54,-88,-23869,82,8290
71,80,121,-30804,14533,-14138
-16,-36,-116,-26548,7115,-5078
118,38,124,-29663,7220,-4185
-126,83,-30,-20852,-31169,9529
-122,-116,96,-4644,-11035,8761
32,-95,110,-5423,-18601,12442
-108,107,98,6493,-17680,12223
-47,87,-27,9523,-16725,9646
-14,19,41,9925,-20571,6906
103,-39,-79,9602,-20944,4381
16,37,-102,18208,-11609,-5650
-43,-68,-58,23860,-2791,-2149
-13,90,-90,26250,-28329,-2369
-56,114,15,28096,-7059,-8145
-55,80,61,31333,-15900,-11828
52,30,2,23856,22866,-22266
E
89,6,122,3555,15299,-27966
67,82,-82,1037,-392,-20481
58,100,-95,-14846,27936,-21516
-91,-42,122,-31588,-17557,-5105
14,-103,-99,-20421,-27636,-13793
-52,60,-71,30378,17192,7704
53,97,58,-32463,3763,7574
74,-57,9,-29035,610,8335
81,-116,-94,-19705,-5822,14619
-72,-109,-84,-9820,-13705,17131
-91,-103,83,-11076,2380,12170
-71,-26,126,-6893,-27454,8412
-13,39,7,-5747,-29523,11077
-62,-8,6,4042,-15126,2812
94,-83,109,14784,-16928,-3381
-107,0,14,18346,-19750,-691
18,-115,-120,19245,-12069,-2063
13,-117,-62,-25237,-14512,-14563
-119,-2,-125,20444,-24404,-4701
-66,26,-60,5288,-20200,-9905
19,-59,41,10362,25512,-16968
-79,22,-99,180,6063,-10546
-21,107,94,-2361,6192,-14218
91,8,-27,-1951,-27676,-16321
95,116,-28,-11759,-9769,-11822
-20,36,-68,-5817,-17580,-17145
103,-42,23,-6279,21656,-12116
-105,-48,113,-8855,17173,-4859
-19,-60,74,-5767,11838,-2454
17,-69,-27,-5489,14490,-678
65,13,-24,-6092,5929,1979
60,33,-12,-4371,6735,3350
60,36,-11,1323,4693,179
33,20,-49,5193,1461,-714
-36,17,107,6093,522,-2195
-45,20,121,2638,-1971,-432
62,-39,70,11547,-4102,-1790
86,-81,26,12363,786,-2867
75,-33,120,14372,11324,-4423
115,-118,-34,13316,2466,-4243
E
-40,-15,30,8702,5774,5630
-101,-109,-104,9483,-7487,1320
29,75,-78,7168,4894,2191
58,67,-95,9448,3940,-479
51,-61,50,12473,4853,-1619
78,-85,-126,13783,9351,-3842
107,-52,-77,8390,-1596,1251
79,-15,-21,9915,1253,1393
74,105,112,10201,-899,2519
68,122,117,7918,225,979
53,44,-109,-1621,-5042,1900
96,0,65,3024,-54,-992
120,-6,49,3737,1067,-1717
-102,61,77,-420,-360,-1562
-103,60,78,-1027,-81,-67
-79,50,54,692,3174,354
-103,34,38,1524,3162,-223
116,42,39,2078,2276,-1100
74,71,78,-430,-607,-1690
88,71,81,-1196,-998,-1423
114,51,103,-5747,-3123,-1244
-104,-1,54,-4004,-1145,-999
-65,-58,83,-3563,-1124,1034
-68,-66,88,-3290,-1245,1498
-76,-102,9,-1123,-547,1851
-101,-105,11,-1832,-1463,2703
105,122,-14,-796,134,2628
102,124,-12,-143,252,2287
34,108,-17,-76,-955,2265
13,115,-17,-274,-2018,2256
-23,111,-25,-131,-449,1546
-21,110,-26,325,138,995
-52,109,-51,313,3633,398
-71,114,-70,225,2383,710
-95,114,-83,874,2268,274
-128,111,-98,1147,160,-190
-123,114,-86,378,-255,-635
-126,97,-41,-663,-4302,-1807
-111,90,-45,-256,-4365,-1231
-22,84,-60,-1896,-2018,227
E
-36,89,-69,-1223,-1456,90
-20,79,120,-693,4440,99
