0,0,0,0,0,0
0,4,58,-147,226,64
0,4,58,-147,226,64
2,8,123,-368,292,88
3,11,-105,-302,365,20
7,11,-88,-260,586,126
9,12,-74,-234,513,-65
12,13,-63,-300,305,-32
16,19,-43,-156,416,91
18,20,-46,-307,628,249
30,25,-38,-302,692,323
29,25,-41,-272,501,280
37,30,-38,-136,845,309
38,30,-39,-89,955,264
52,36,-38,-284,710,73
52,37,-34,-153,695,166
65,42,-28,-210,502,0
64,41,-27,-183,603,82
76,50,-25,-378,828,162
76,49,-25,-294,1077,53
87,57,-20,-151,242,15
84,56,-21,-252,815,167
90,59,-18,-277,290,92
93,62,-17,-454,543,66
95,63,-13,-174,62,9
92,59,-13,-156,-551,-271
87,66,-16,-399,-515,-146
85,72,-23,-195,-24,92
83,75,-28,-166,18,78
81,75,-28,-54,210,2
82,75,-30,-57,-36,-57
80,76,-30,-160,362,-81
82,78,-28,-176,243,42
90,85,-25,-211,983,23
91,83,-23,-315,794,46
99,87,-15,-434,819,-93
100,90,-16,-378,750,11
112,100,-8,-340,526,10
111,97,-9,-260,614,-21
113,100,-7,-444,-10,-28
E
118,109,-5,-333,997,261
120,107,-6,-405,990,39
120,112,9,-569,-181,51
117,116,7,-651,-27,-28
114,127,0,-246,296,49
113,124,5,-566,-92,-23
88,-128,15,-293,-1550,-914
84,-126,10,-333,-1401,-907
46,-116,0,-548,-1030,-1307
53,-117,0,-870,-686,-1047
46,-96,0,-1388,444,-391
50,-97,0,-1493,568,-252
57,-75,4,-1454,1236,-49
64,-68,0,-1402,1265,48
75,-52,9,-1601,1385,277
86,-40,10,-1465,2128,123
104,-34,10,-1125,2645,-339
127,-22,28,-252,987,-247
124,-22,29,-228,672,-148
-105,-19,29,1172,981,844
-86,-32,22,639,2861,1735
-60,-44,50,933,1388,2063
-46,-61,61,535,1437,2606
-27,-95,80,826,-355,2537
-35,-100,74,707,539,2419
-39,114,61,1500,-1236,1523
-48,104,55,1151,-102,1466
-56,84,45,1767,-2473,1049
-81,49,12,1286,-1327,826
-85,52,33,1396,-3687,793
108,24,-1,1477,-3363,59
84,15,-15,653,-1669,-356
67,14,-30,415,-2705,-1356
16,15,-29,-76,-1931,-2287
24,19,-32,-164,-2250,-2306
4,39,-41,-564,-1339,-2595
2,37,-28,-169,-2001,-2627
-21,45,-28,241,-5318,-2452
-39,37,-16,-494,-1359,-1646
-110,25,-19,1103,-5124,-1440
E
-109,24,-26,1001,-2598,177
110,11,-29,396,1829,1533
124,13,-23,402,692,893
122,13,-20,348,1553,1136
-127,13,-14,488,854,670
-125,11,-13,168,996,789
-121,19,-3,-595,170,-270
-122,22,-4,-684,39,-255
-117,33,-7,-1039,176,-565
-107,39,-19,-870,474,-483
-97,43,-31,-354,876,33
-87,46,-36,-117,426,240
-79,49,-42,105,1434,653
-55,52,-48,101,1977,747
-53,49,-43,28,1837,545
-27,52,-31,251,1036,622
-29,49,-30,284,1212,457
-7,47,-27,-90,590,132
-11,48,-21,231,115,-58
-5,53,-16,-277,-198,-283
-7,54,-17,-304,-346,-370
-11,60,-17,-637,-892,-420
-15,66,-19,-471,-1116,-362
-26,77,-35,-432,-717,-373
-26,76,-33,-354,-882,-137
-38,83,-43,-181,-129,283
-34,86,-44,-336,160,378
-31,89,-47,-286,1218,653
-14,97,-49,-517,1527,722
-13,97,-46,-536,1422,557
11,104,-37,-669,1379,421
20,108,-36,-700,1392,407
36,114,-37,-687,1617,324
52,117,-39,-347,1863,552
82,-127,-31,-712,2083,730
85,-126,-30,-742,2099,753
125,-116,-16,-818,2212,905
-119,-119,-4,-579,1203,633
-94,-108,11,-864,1306,800
-96,-106,14,-1077,1394,849
E
-59,-94,32,-616,1150,115
-67,-99,36,-676,487,-82
-65,-89,44,-1093,-649,-45
-64,-71,48,-793,-341,-28
-64,-75,47,-568,-241,76
-67,-67,46,-959,-787,-46
-71,-60,50,-935,-398,269
-70,-58,41,-655,400,473
-69,-56,43,-693,163,419
-70,-53,44,-494,-162,473
-75,-54,46,-165,-219,389
-76,-54,47,-63,-310,486
-87,-60,45,85,-444,139
-89,-61,48,167,-928,-50
-114,-71,51,434,-1905,-292
127,-72,38,316,-1663,-257
97,-75,26,416,-1400,-234
97,-76,27,363,-1549,-437
59,-90,24,531,-2654,-422
36,-93,20,416,-2690,-475
13,-94,10,168,-1819,-46
-5,-95,3,-4,-1436,-304
-22,-99,1,134,-1544,-443
-39,-104,0,-66,-1541,-913
-73,-109,-1,267,-1769,-1047
-86,-115,-5,537,-2119,-869
-108,-123,-3,585,-2142,-992
108,127,9,505,-2196,-820
108,127,7,720,-1798,-932
64,106,19,126,-1353,-1389
68,106,24,239,-1700,-1338
43,87,42,-20,-1724,-1649
43,87,39,-35,-1506,-1558
24,64,53,531,-1264,-1553
17,56,55,-7,-1800,-1369
7,46,68,588,-1521,-779
0,37,75,676,-2364,-474
-11,35,84,686,-896,330
-16,34,84,602,-609,474
-24,32,94,309,-625,568
E
-31,29,100,399,-1241,396
-41,27,106,822,-1538,178
-57,20,117,575,-1358,118
-55,21,119,506,-1362,269
-63,14,-123,535,-1464,298
-67,16,-118,396,-806,451
-71,18,-117,345,-1164,163
-79,13,-108,232,-958,-119
-77,14,-107,19,-792,-529
-75,13,-107,77,322,362
-71,14,-110,-667,813,-1222
-55,4,-127,277,-172,111
-61,6,-124,91,-112,-161
-56,2,-127,-175,-15,-78
-49,5,122,40,108,183
-45,9,117,-316,1005,337
-40,12,106,95,504,57
-40,10,99,-159,431,-103
-36,13,98,-169,357,-220
-29,14,88,-106,1049,-399
-15,6,76,-199,394,-620
-13,6,77,-145,648,-464
7,7,57,-148,875,-329
6,10,61,32,502,-276
13,16,62,-33,288,-205
18,16,58,-18,109,-432
18,14,59,-144,-210,-602
25,10,64,-219,-541,-203
30,9,62,-181,-388,-188
34,8,57,-324,-273,184
41,7,53,169,369,780
36,16,52,-523,-250,-96
37,21,43,236,64,606
37,21,43,185,119,349
38,21,36,228,225,411
37,24,38,73,-297,121
35,24,36,337,-120,134
36,22,33,71,687,-6
47,19,26,-123,392,24
48,21,27,-109,595,-19
E
56,19,21,-63,929,-146
64,21,18,-22,274,-329
69,24,19,-45,698,-143
79,23,11,-11,691,-375
80,21,14,-101,-32,-451
84,19,16,235,-478,-415
83,18,12,383,-402,-416
86,9,8,552,-589,-209
84,11,10,408,-504,-232
82,10,12,191,-231,-131
82,10,13,223,-309,-184
75,9,16,52,-365,-448
77,6,14,-215,68,-549
80,6,14,-506,-388,-573
81,10,15,-1558,59,-900
91,19,6,679,448,-34
96,15,6,-1006,410,-220
107,19,-2,-373,610,202
114,23,-9,-405,882,256
116,27,-8,-462,523,110
119,33,-9,-238,590,240
124,36,-13,-496,570,149
-127,40,-11,-405,610,162
-120,42,-14,-239,337,-105
-117,46,-11,-176,-315,-191
-116,47,-17,-188,156,-170
-109,52,-15,-454,374,-31
-103,59,-14,-294,646,205
-94,57,-13,-478,-31,-153
-96,60,-14,-515,65,-126
-86,69,-28,-230,948,6
-84,66,-28,114,736,-68
-70,66,-31,-249,852,-54
-70,66,-28,-33,487,-82
-62,69,-24,107,219,134
-64,67,-20,87,235,71
-61,64,-19,-124,190,-276
-62,64,-16,49,-361,-287
-70,66,-13,82,-970,-271
-70,65,-15,-49,-690,-296
E
-85,65,-20,3,-839,-686
-83,65,-19,-21,-713,-515
-87,67,-18,-113,-909,-290
-88,67,-21,-178,354,57
-84,68,-23,-171,231,1
-81,69,-26,-322,507,-80
-75,74,-29,-223,560,-111
-74,74,-27,-208,806,22
-57,78,-30,-198,1059,132
-57,77,-28,-176,941,233
-46,80,-23,-34,771,131
-48,79,-27,7,502,88
-46,78,-18,-166,-222,-224
-47,79,-20,-164,-215,-100
-42,84,-25,12,-31,79
-44,82,-23,-37,-249,-73
-48,82,-24,-333,-181,-227
-47,86,-25,-196,-324,-172
-45,90,-30,-143,181,79
-43,90,-30,-285,239,35
-38,93,-31,-364,237,12
-39,92,-30,-170,279,-40
-28,96,-37,-49,757,70
-27,95,-34,-49,621,113
-17,94,-29,-167,644,156
-17,93,-29,-325,836,188
-7,98,-26,-278,751,53
-8,99,-29,-358,912,116
0,110,-26,-258,283,-302
0,112,-28,-303,388,-236
13,117,-31,-65,91,-297
13,114,-24,-164,-312,-119
20,112,-28,91,158,167
20,110,-30,133,-29,141
22,109,-35,-16,885,597
22,110,-34,-127,869,521
26,111,-30,-401,491,228
25,113,-27,-333,328,65
25,115,-26,-428,330,-123
23,119,-24,-443,-7,-291
E
25,123,-27,-576,104,-499
28,-121,-26,-352,-253,-490
28,-123,-27,-269,-300,-437
30,-122,-32,56,-159,-239
29,-123,-29,24,-166,-204
32,-123,-31,138,388,227
30,-123,-28,84,261,113
27,-125,-23,-349,426,26
26,-124,-21,-165,136,-86
21,-122,-14,-492,-12,-249
20,-118,-13,-542,-278,-274
20,-114,-17,-570,-16,-196
21,-108,-22,-360,-127,-174
21,-109,-21,-487,-10,-81
24,-103,-25,-255,230,-123
24,-105,-26,-277,146,-78
28,-104,-32,-72,717,231
29,-104,-30,30,358,184
42,-96,-27,-401,1721,323
44,-97,-24,-429,1257,114
56,-97,-11,-332,687,-379
62,-93,-12,-412,706,5
73,-88,-8,-437,1115,358
84,-88,-7,-333,1084,434
90,-91,-6,-256,911,337
92,-88,-4,-297,407,248
91,-87,-1,-91,102,144
90,-88,-4,-96,116,18
90,-89,-2,-67,114,-68
85,-92,-1,-271,-325,-258
84,-89,-3,-240,-25,-197
85,-86,-5,-233,68,-116
87,-82,-5,-483,247,-15
87,-78,-3,-458,317,-78
87,-75,-4,-306,43,-224
86,-76,-5,-263,-46,-247
91,-72,-6,-421,463,159
98,-69,-6,-473,1038,419
101,-72,-4,-279,718,206
102,-72,-2,-241,580,39
E
100,-70,1,-253,309,-99
99,-70,3,-169,416,-107
102,-70,3,-137,-10,-189
100,-67,2,-239,423,-113
102,-65,5,-117,46,-134
103,-69,5,-282,97,-136
104,-65,7,-470,449,80
108,-60,4,-262,355,219
109,-60,4,-106,188,65
106,-64,5,-15,-69,-113
104,-65,0,-148,340,35
105,-64,1,-114,153,55
105,-63,4,-163,387,143
106,-63,6,-224,212,-82
102,-63,11,-383,-249,-197
98,-60,9,-325,-147,-225
98,-59,5,-175,-224,-25
99,-59,1,-130,508,220
104,-59,-2,-267,866,348
106,-58,2,-318,638,143
107,-56,7,-497,624,-23
109,-54,11,-442,336,-48
112,-54,12,-386,406,-96
116,-53,9,-205,394,69
117,-51,7,-157,535,77
124,-50,7,-348,867,232
-127,-50,11,-135,437,137
-127,-55,14,8,193,-19
-128,-54,14,-104,165,-61
-127,-49,13,-54,582,33
-126,-52,13,-47,561,-67
-124,-55,21,-289,141,37
-123,-53,17,-298,524,25
-119,-52,20,-209,199,55
-121,-52,19,-206,-75,-60
-124,-54,15,-129,164,-77
-125,-54,15,-175,175,17
126,-53,16,-65,-124,-135
121,-55,8,-122,-291,-308
121,-55,10,-71,-200,-277
E
118,-53,6,-100,78,-92
119,-52,5,-139,24,-6
119,-53,3,8,379,20
119,-54,2,-21,263,23
119,-54,5,-263,462,76
123,-53,6,-187,622,96
123,-54,8,-257,596,165
127,-55,13,-373,435,139
127,-53,13,-337,390,78
125,-54,13,-182,271,47
125,-53,10,-213,497,-85
127,-55,10,-222,272,-76
127,-56,14,-183,119,17
-126,-56,13,-331,612,133
-120,-50,17,-496,671,278
-117,-42,12,-258,1152,-29
-112,-47,18,-20,-60,-95
-113,-45,18,-346,217,42
-103,-46,17,-140,1054,169
-101,-50,22,-104,460,161
-100,-51,23,-402,414,88
-100,-49,28,-361,324,20
-102,-48,27,-266,162,-125
-105,-45,24,-103,89,-249
-106,-46,23,-190,-59,-186
-106,-43,20,-185,615,161
-101,-43,19,-261,409,116
-101,-42,22,-195,475,7
-100,-45,23,-210,428,-214
-100,-44,30,-291,156,-17
-99,-43,27,-467,392,80
-93,-40,27,-259,723,68
-94,-42,28,-184,306,-48
-99,-39,31,-429,314,-15
-98,-35,27,-85,384,-169
-100,-37,26,-139,0,-170
-102,-37,26,32,114,-111
-104,-41,24,64,-93,-161
-108,-42,27,56,-323,108
-108,-43,20,-166,601,-37
E
-115,-45,29,-140,-368,-170
-117,-44,26,-227,-326,-160
-124,-42,19,-96,-172,-94
-123,-42,18,-181,-58,78
-124,-40,15,-389,28,42
-126,-41,15,-191,24,48
-128,-40,9,-121,305,30
126,-41,9,78,245,74
127,-45,9,-101,266,55
123,-45,16,-261,-50,6
123,-46,18,-167,497,30
124,-46,15,-392,251,-102
123,-44,19,-463,357,-34
124,-42,18,-171,194,-68
124,-45,16,-80,28,-105
122,-44,17,-128,236,5
122,-42,15,-23,100,-104
120,-42,15,-104,17,-123
116,-44,15,18,8,-87
114,-46,13,29,-62,-157
110,-47,14,-156,1,-151
109,-47,12,-85,107,-78
108,-48,13,72,-75,-145
106,-49,11,-85,-29,-198
104,-46,10,-250,102,-100
103,-48,9,48,359,-87
102,-53,10,-74,-23,-120
100,-51,14,-182,-57,16
99,-52,9,-161,127,-12
97,-54,10,-78,-59,-70
92,-53,13,-255,-512,-183
88,-51,8,-289,-74,-135
85,-50,6,-97,-166,-102
83,-49,3,-186,-9,-92
84,-50,2,-197,98,-10
83,-51,2,-205,345,126
84,-51,3,-174,332,217
84,-50,3,-214,263,155
82,-51,6,-237,138,-28
81,-51,6,-264,32,-15
E
80,-50,8,-240,-86,-132
80,-51,7,-122,84,-85
79,-49,5,-308,-148,4
81,-47,4,-278,352,186
82,-47,2,-225,344,23
83,-48,4,-129,138,61
83,-48,7,-274,185,135
84,-48,6,-259,382,116
87,-48,7,-151,253,158
85,-47,8,-169,342,163
87,-48,4,-141,235,59
85,-52,9,-156,95,-45
83,-55,11,-158,26,-102
85,-50,7,-178,290,73
85,-51,8,-192,170,16
82,-52,11,-197,-124,-239
83,-52,11,-216,-68,-198
79,-48,10,-224,-44,-15
81,-47,8,-209,-20,-126
80,-46,6,-295,357,-26
81,-47,6,-247,256,-33
82,-44,8,-469,333,138
84,-43,5,-356,438,126
88,-44,3,-109,712,190
88,-44,4,-190,602,70
89,-45,9,-290,434,14
90,-44,11,-334,291,-43
91,-45,14,-112,392,-36
91,-45,12,-99,155,-64
90,-43,15,-179,14,-53
89,-44,14,-142,101,-92
87,-46,14,-194,-120,-199
85,-44,14,-93,-87,-129
84,-46,9,-84,-33,-146
83,-43,10,-302,32,-71
82,-42,8,-84,381,12
86,-48,8,-89,1,-139
84,-48,11,-319,8,-135
83,-45,9,-372,616,148
90,-42,4,-60,704,166
E
90,-45,7,-72,483,37
89,-45,8,-218,329,36
89,-44,14,-432,292,-5
90,-44,13,-217,305,-35
91,-45,11,-208,273,-32
91,-44,10,-213,169,-58
92,-45,11,-340,110,-131
92,-44,10,-299,214,6
96,-43,9,-75,474,250
96,-45,8,71,405,80
96,-46,8,-124,388,26
93,-47,15,-319,112,-95
93,-45,13,-221,184,-130
93,-43,14,-303,-51,-66
94,-43,14,-248,266,26
100,-41,11,-383,259,128
100,-41,11,-222,337,197
104,-44,9,-241,440,203
105,-42,10,-179,561,289
105,-43,11,-274,599,132
106,-43,10,-80,489,-33
106,-46,12,-31,292,-55
104,-50,17,-291,-121,-256
104,-44,17,-213,232,16
107,-44,11,-35,67,14
105,-46,15,-133,-192,-154
101,-45,14,-152,-218,-90
98,-45,11,-191,-149,-24
98,-44,13,-151,-142,49
97,-45,5,-270,427,-11
98,-45,8,-220,201,-39
98,-43,10,-264,499,208
100,-42,5,-277,537,165
104,-45,7,-124,554,47
103,-45,9,-211,383,-35
102,-45,13,-224,176,-49
101,-46,16,-148,54,-129
101,-47,17,-142,-35,-8
101,-45,16,-225,-4,-9
99,-45,13,-172,-17,-74
E
96,-46,12,-171,-84,-108
94,-44,10,49,490,-97
96,-46,11,-341,-875,-479
96,-45,8,73,-27,44
93,-43,8,-162,438,-15
101,-44,4,-4,276,-37
97,-47,10,-390,572,2
100,-49,12,-187,373,39
102,-47,7,-271,702,141
108,-46,10,-206,537,219
106,-47,10,-178,269,-66
106,-46,15,-215,155,-103
107,-45,11,-274,409,43
108,-44,16,-123,280,48
110,-46,11,-208,384,-102
109,-47,13,-262,73,-73
112,-44,10,-234,708,134
118,-43,11,-87,549,171
117,-47,15,-222,392,38
117,-47,19,-308,314,-55
117,-45,18,-252,80,-91
116,-45,19,14,148,-82
116,-46,16,-213,183,-39
115,-46,16,-175,114,-51
113,-46,16,-78,84,-153
111,-47,15,-336,51,-172
107,-43,15,-165,84,-63
108,-44,12,-192,107,-155
104,-45,12,-248,-75,-120
105,-43,10,-107,56,-92
106,-45,7,-200,195,-46
106,-46,11,-180,-128,-110
111,-39,10,-292,809,322
112,-42,9,-338,705,236
116,-44,12,-285,401,122
116,-42,13,-478,677,140
121,-42,13,-279,645,158
125,-43,15,-293,811,295
-120,-44,16,-143,1076,208
-120,-44,17,-297,821,325
E
-108,-34,24,-264,1401,214
-104,-35,28,-259,385,5
-102,-35,30,-286,636,149
-93,-33,28,-246,1004,-44
-88,-38,38,-256,-32,-23
-92,-38,39,-322,249,-73
-93,-34,42,-342,-45,-74
-95,-33,44,-495,51,-189
-101,-28,45,-506,-447,-80
-103,-26,38,-625,330,-82
-104,-24,37,-611,-119,-379
-111,-17,32,-378,93,-419
-111,-16,31,-314,-156,-366
-113,-15,31,-144,150,35
-111,-15,33,-307,634,235
-106,-16,33,-505,219,106
-101,-13,32,-362,1032,339
-93,-9,37,-420,1454,432
-89,-10,35,-410,1163,393
-74,-12,47,-202,1273,472
-70,-17,49,-143,1049,510
-65,-18,54,-77,1063,703
-58,-25,56,91,1015,537
-54,-31,55,-198,582,307
-53,-30,61,-170,516,182
-47,-29,58,21,892,90
-45,-30,57,-192,818,91
-36,-31,60,-205,1063,277
-24,-33,64,-62,599,359
-28,-35,64,24,580,161
-26,-40,64,119,94,6
-29,-43,61,149,48,4
-31,-44,60,222,-37,-3
-41,-50,52,299,-73,-110
-43,-49,53,124,-264,-290
-56,-53,49,174,-377,-726
-64,-53,48,138,-1055,-879
-88,-44,37,255,-1625,-689
-87,-46,33,309,-1230,-517
-108,-53,15,32,-987,-322
E
-113,-54,12,-31,-657,-131
-117,-50,7,-284,-204,8
-123,-49,9,-218,174,111
-122,-48,7,-697,1302,98
-111,-39,11,-927,-363,155
-114,-41,14,-417,1966,103
-114,-43,10,261,-249,498
-115,-54,10,-74,-246,163
-117,-52,2,-347,990,142
-115,-47,11,-156,855,158
-118,-49,10,131,411,-270
-116,-50,11,-53,311,-261
-110,-53,14,-303,373,-249
-108,-50,20,-214,287,-82
-105,-50,19,9,511,4
-106,-49,23,-215,292,68
-105,-48,24,-390,295,68
-106,-48,26,-473,279,139
-107,-49,22,-359,471,-114
-108,-43,16,-303,243,-173
-107,-43,17,-78,357,-148
-105,-46,14,17,246,-38
-105,-46,16,1,373,-38
-105,-46,16,2,286,32
-106,-47,18,-45,220,-8
-110,-51,21,-201,293,-43
-108,-50,20,-245,162,-71
-110,-49,20,-249,286,-58
-111,-49,21,-255,280,-53
-112,-49,19,-24,190,-191
-117,-52,15,5,-227,-269
-117,-51,15,-88,-36,-171
-121,-52,10,-102,73,-211
-123,-51,10,-96,259,-200
-124,-51,8,-43,187,-135
-122,-49,7,-207,399,-190
-122,-46,9,-158,228,-238
-121,-49,10,-63,107,-162
-122,-49,10,-61,268,11
-121,-49,9,-192,578,51
E
-120,-49,11,-160,143,53
-118,-51,11,-242,380,58
-119,-50,12,-183,107,107
-118,-50,11,-142,551,154
-116,-51,11,-350,348,218
-116,-50,14,-221,360,109
-119,-55,13,-187,-73,-44
-120,-53,15,-278,278,34
-118,-52,13,-111,502,8
-117,-53,12,-257,163,-58
-118,-52,20,-512,62,-96
-120,-48,17,-143,203,-169
-122,-46,14,-133,-42,-227
-122,-44,14,-333,32,-111
-122,-44,15,-275,-54,-108
-126,-43,15,-192,34,92
-127,-43,14,-319,-29,-17
126,-41,12,-525,214,-31
125,-40,13,-483,234,-24
127,-36,12,-419,483,-8
-128,-32,14,-340,507,62
-124,-34,14,-301,443,33
-123,-33,15,-146,300,62
-121,-38,16,260,310,89
-123,-40,17,36,113,241
123,-41,20,-288,184,164
126,-41,21,-303,114,11
114,-38,26,-374,-355,-203
117,-37,22,-561,-217,-231
115,-31,19,-549,-323,-123
114,-32,17,-223,-206,-33
115,-31,6,-66,644,458
118,-31,3,-35,798,390
123,-33,5,-111,591,314
122,-37,14,-247,870,71
125,-35,17,-351,395,-82
126,-34,21,-103,760,-123
-120,-32,27,-370,601,7
-120,-31,28,-455,747,9
-111,-25,34,-592,569,126
E
-112,-25,34,-435,177,34
-110,-24,39,-442,-1,144
-111,-25,34,-427,369,196
-110,-23,30,-205,81,57
-109,-25,24,-56,931,312
-105,-28,22,-185,819,150
-104,-29,27,-229,246,-206
-101,-28,33,27,1051,-105
-100,-28,27,-42,505,-210
-93,-27,35,-185,908,194
-88,-28,35,-112,891,186
-86,-30,47,-205,119,32
-88,-29,42,-320,403,-30
-91,-31,42,-232,-131,-238
-93,-28,37,-229,314,-9
-89,-25,33,-286,537,83
-86,-24,31,-269,655,44
-84,-24,34,-209,731,23
-78,-27,38,-193,519,139
-76,-28,40,-439,703,212
-76,-27,43,-34,649,375
-76,-29,40,64,63,183
-79,-34,39,-107,-50,-81
-83,-34,44,-381,173,-210
-87,-28,45,-220,-433,-139
-87,-29,42,-134,-176,-175
-95,-31,33,-113,-511,-227
-98,-29,31,-249,-160,-40
-94,-26,23,-357,230,246
-96,-27,33,-278,-127,73
-100,-31,27,-177,489,-20
-98,-29,29,-275,131,-8
-101,-27,32,-459,321,40
-100,-26,32,-424,316,15
-102,-24,32,-219,94,-31
-102,-24,32,-145,220,14
-101,-24,29,-302,236,101
-101,-23,31,-307,366,117
-99,-23,30,-197,382,88
-97,-21,28,-149,775,135
E
-89,-24,33,-217,652,105
-90,-25,35,-323,470,-1
-86,-26,40,-378,768,195
-83,-24,35,-204,882,217
-78,-24,39,-58,603,131
-79,-26,41,-178,601,91
-78,-28,47,-227,249,-135
-79,-27,47,-149,82,-86
-82,-25,47,-258,163,-54
-81,-26,44,-350,36,-123
-84,-26,44,-320,-142,-176
-83,-23,35,-211,460,77
-79,-20,32,-159,658,142
-77,-21,33,-101,985,160
-70,-22,37,-142,892,38
-70,-22,40,-297,789,-13
-61,-22,53,-432,1078,90
-59,-21,49,-302,748,-48
-51,-24,57,-158,527,234
-52,-23,57,-260,821,252
-48,-18,64,-738,757,126
-49,-18,64,-748,614,-55
-45,-5,66,-1007,912,-84
-36,2,63,-821,620,7
-35,0,59,-698,860,-76
-16,-5,57,-38,1249,376
-17,-4,50,14,1033,371
11,-19,43,1319,3094,1108
15,-22,57,440,2614,1551
41,-42,107,346,1685,1690
40,-56,117,-24,900,998
38,-62,-127,-91,942,521
36,-69,-125,-460,445,-73
28,-65,-124,-678,-862,-466
17,-56,105,-438,-952,-491
18,-54,98,-347,-12,-471
11,-46,71,-123,-829,-530
-1,-48,71,162,-737,-615
-13,-47,55,662,-1128,-770
-31,-50,37,493,-660,-787
E
-31,-48,43,255,-1043,-790
-49,-42,32,238,-164,-795
-54,-42,38,63,-789,-805
-62,-33,33,-302,-394,-686
-67,-28,34,154,-385,-385
-67,-34,18,182,377,150
-65,-35,22,54,33,296
-60,-37,21,-416,1635,771
-53,-46,34,-322,795,513
-55,-49,36,-363,582,339
-63,-52,38,-318,235,196
-61,-49,35,-309,228,308
-66,-43,28,-272,342,65
-65,-45,28,-172,319,67
-67,-52,23,143,272,-95
-65,-51,25,72,64,-137
-62,-56,30,-103,227,63
-63,-54,31,-161,274,41
-64,-53,30,-252,142,134
-66,-51,32,-364,301,154
-68,-48,31,-131,-34,-217
-73,-52,27,-4,-157,-287
-77,-52,22,82,-504,-226
-79,-51,17,76,-294,-95
-81,-55,12,210,-107,69
-84,-60,12,146,-189,-63
-89,-63,15,-121,-265,23
-95,-62,10,-227,23,-22
-99,-59,3,88,55,-77
-104,-61,0,76,80,-145
-105,-61,-2,8,309,-65
-105,-65,-4,319,412,-154
-109,-69,0,149,-349,-487
-115,-71,0,89,-347,-233
-114,-72,-4,-56,422,-74
-115,-76,-2,-98,255,-241
-122,-73,1,-322,-84,-442
-124,-69,1,-321,-56,-610
-127,-51,1,-737,428,-473
-123,-45,1,-529,1005,-542
E
-118,-41,8,-869,296,-382
-103,-21,20,-1622,1611,-563
-102,-20,24,-1816,1715,-835
-77,9,49,-2061,1879,-260
-79,8,49,-1847,2456,-410
-58,30,79,-2334,3267,-329
-62,34,81,-2464,1935,-898
-68,85,-112,-2725,2320,-1951
-67,79,-115,-2451,2516,-1228
-51,-112,-34,-3217,2742,-1119
-51,-122,-29,-3624,4253,-1119
-61,-79,85,-3172,2764,-1608
-70,-77,87,-2997,2783,-566
-105,-40,-39,-7127,-5140,-350
108,-11,68,-8935,-1794,-3696
77,4,-122,-9644,-1335,-4469
-23,51,119,-16061,-7371,-4337
-8,-10,-55,-14762,-6638,-2770
45,30,-93,-10106,-10782,-3351
-126,-49,85,-12882,-11340,-4646
58,33,113,-10301,-569,-3152
62,-69,-87,-11804,-1943,-3701
83,50,-85,-10473,-22,-3256
86,-17,-99,-7446,7871,-3682
7,106,124,-7880,14219,-9528
-114,86,8,-9569,-3624,-13599
-7,82,-13,-12689,-5987,-18125
100,-88,-83,-15014,-9842,-13151
-7,-52,-14,-12520,-26159,-5983
-50,-68,-5,-18699,-29906,-2609
-82,-111,-102,-20217,-8562,6798
-26,0,-20,-5686,23722,23100
-55,83,20,18817,-15688,17793
34,-42,111,-23206,-27823,3643
-58,101,65,-31875,19199,22287
107,-26,-39,17004,-9210,26560
-76,15,24,-14749,-13973,-16740
83,7,-17,-23874,30003,-13182
-24,95,-10,-10078,22271,-6939
83,-9,63,-7785,-27310,1324
E
-48,-29,-110,-13046,-31511,-1164
-65,86,8,114,20922,-17333
3,100,-121,-3766,3728,-11527
71,77,19,-15254,-10739,-13104
13,96,21,-7034,-89,-9972
-125,-111,-41,1503,7941,-10618
101,-111,25,-4104,-1342,-10087
7,-28,85,-1430,-1940,-9806
43,-54,43,121,-969,-13284
51,-51,34,2858,3351,-8335
-126,106,-9,4449,-112,-8593
3,63,-45,9363,-4201,2805
-92,109,46,7848,-8985,5320
57,74,-120,4756,-7045,4516
56,53,-68,5617,-1110,5591
2,81,-13,4259,-3872,11822
-12,-116,47,-3108,-7648,12501
25,-14,-42,-23626,-13971,16707
6,-69,126,2212,22137,25600
-5,54,89,-27154,-32492,7577
-2,-23,94,32351,4677,3818
-22,54,59,-31077,18705,20812
-26,-18,21,-20582,-21285,-4044
63,-96,51,-27411,-2037,-24302
22,65,-54,-17295,12186,-9427
36,63,16,-10771,-18242,-36
35,110,5,-807,10063,-6400
-89,-120,-54,-1439,-27058,-10169
-31,53,7,-10483,15015,-5668
-63,21,-57,-3314,-16431,-4780
-7,-89,86,-6019,13189,-10736
108,-86,-59,-3222,5006,-8634
-95,-47,-75,-2073,14298,-9608
-8,114,-103,-3622,3009,-7836
-52,-102,55,-3226,1854,-2746
-44,20,-11,1385,-3954,-6346
-48,-37,-84,5874,1550,-13768
20,80,79,11347,9053,-9499
67,104,-97,10088,-12450,2141
96,-113,-68,12993,-2822,1784
E
83,-7,-54,2268,-5282,12935
84,-8,-82,899,-13067,12568
53,-90,-113,5281,-6014,12888
26,-81,81,-2138,-12919,7893
50,85,77,-8756,-17962,-25200
82,-24,50,6284,-2659,-2441
-111,47,-89,14252,29427,-30888
-19,-105,-43,-22040,20353,14473
-5,-77,-104,-19633,-18724,11816
97,68,-81,-21031,20223,-28955
68,-121,48,-12975,-16893,-6694
25,-111,-37,-15850,-10468,4724
-124,96,16,-5830,-2748,-1631
72,-64,21,6233,739,-5709
46,91,-85,-8514,7177,-5468
84,24,125,-13758,-4428,-3255
-105,29,-86,145,916,-7712
-73,74,-49,-3700,11467,-2215
117,-62,111,-13818,-3202,-7672
-107,-77,6,-3187,6644,-6897
-118,102,53,3611,11164,-12749
85,-74,125,-4616,728,-8633
5,-85,-31,2530,-5822,-1317
85,-99,99,3949,-3319,-2117
-98,-62,33,2777,-5771,2401
-11,-10,-106,4534,5425,16511
47,8,100,7493,-6367,13125
81,-125,-33,1641,-10425,5466
100,-61,15,-919,-4730,23033
20,-85,126,2480,-31689,18470
45,-39,75,26027,7754,8447
118,-108,61,25119,-18511,10666
-106,-123,113,31998,-13028,-14355
-62,78,-106,-14989,-9798,26816
119,4,-85,-23406,-26749,-28158
46,-102,-13,-16256,22256,-6174
56,-120,92,-13063,10474,557
-64,57,-68,3461,11364,743
-104,72,44,3422,-5007,-4938
-46,-93,-65,-8458,15628,-7354
E
20,-30,-31,-5377,-11428,-8235
51,15,-24,7414,10444,124
87,6,10,841,7370,299
-103,119,117,3173,11857,-1026
-17,-55,-104,5336,15248,-5253
111,-43,100,1411,15192,-621
120,-6,67,11584,9987,1052
52,-14,-20,10107,-2511,3491
81,83,-17,701,19526,2958
109,82,-25,3604,12056,7055
72,-70,10,10381,14110,4756
67,-48,-55,-564,-77,3113
2,-33,-28,8684,-1526,6085
31,15,-69,12162,5284,6974
80,11,-115,-3484,3568,3168
86,-35,117,-1559,937,6354
20,-59,-61,3570,-4012,994
83,-53,-99,-1462,7795,-342
-15,-63,-44,-10231,439,-1995
-8,120,-82,-5939,324,-4393
83,-71,-10,-6647,5310,-7490
87,-28,-4,-7818,2763,-6822
-102,114,100,-6874,1350,-8042
-59,81,42,-4014,4651,-9694
76,55,119,-9035,2878,-10040
95,102,-64,-8315,-5468,-10643
-42,-58,68,-3779,-4682,-9159
-51,98,42,-13735,-8230,-6945
-122,58,122,-15369,-14309,-2400
85,27,-124,-416,-10572,506
82,-22,-114,-1926,-9594,468
1,59,-67,-6718,-10207,4740
16,92,-13,-5672,-13423,6014
-5,67,-97,2286,-23978,15941
54,-48,47,7823,-23361,11715
-28,-59,89,-20237,-12242,2602
-45,72,73,-32187,-417,-10926
-13,11,-37,-14887,3679,3195
5,-22,-42,-28079,-23398,-573
18,-113,56,-5395,-17449,-19547
E
-13,13,62,739,28824,-8245
43,10,-101,12947,-2206,-1271
-5,-119,98,17538,10944,2451
-97,17,50,29075,19846,-5803
50,78,-99,24438,2438,-5800
66,1,-26,16014,3648,-3396
28,-126,-25,17165,3173,3804
-12,105,-6,19698,-11107,5047
80,45,-58,19061,-14325,-510
91,-26,-82,23201,25678,3409
53,70,-36,8030,3589,3772
31,90,-45,5249,6049,2645
-68,-31,96,3940,-2420,3962
-72,-29,127,9966,10431,910
-86,15,-38,-9627,8443,-1491
58,-56,-28,-9527,-7820,2722
67,117,94,4370,-10669,648
-84,-127,48,-7721,1849,1545
-62,101,59,-2133,-3536,2456
-55,45,-6,1340,6357,-300
-40,37,2,44,7735,1544
-33,43,45,-2204,7875,717
-61,-26,50,-2008,3261,-936
-75,-17,62,-3794,1101,-1375
-42,-59,-75,-856,-2320,2471
-43,-72,-85,8,-164,-684
-39,-47,-52,-7287,11715,-2369
-109,27,92,-11108,1080,-501
42,-8,63,-5828,-10829,-4742
113,43,-123,-5820,9224,-5518
-99,-17,-59,-18176,2365,-11036
-126,93,-76,-16944,-11595,-4251
-12,-12,-11,-18960,-10456,-12479
-38,42,2,-23338,1700,-11965
-117,-46,-7,-18733,6028,-11822
-19,116,61,-9173,-11186,-3213
-80,65,25,-13145,-7216,-4486
49,78,-69,-9540,608,-1270
80,102,-101,-6039,-8974,12945
-14,57,45,1008,-31803,25684
E
-56,90,124,9865,-31628,11457
-32,25,-53,-19218,14632,-472
-46,16,28,-32671,-15845,3651
-92,27,47,-536,21695,9788
115,-67,69,24764,-11924,-3302
-99,14,-15,-21750,-10418,-14514
-36,19,44,-14476,5632,-6065
-85,-66,-98,-11900,4643,-2792
-125,32,-122,-7155,-5371,-1159
-51,1,112,18,19900,-6390
-41,-52,-20,-3594,-8922,-1691
20,58,-11,-12030,2629,-9219
89,112,-85,-2290,3042,-9024
87,-30,-54,2552,5516,-16834
76,24,-28,871,8251,-13794
11,96,113,-453,-10728,-2874
87,46,7,4554,6323,-10009
-124,116,-26,8515,16886,-10780
-48,43,12,-4234,-14329,5029
-82,-39,59,975,-6681,12650
102,101,-17,7107,2967,13225
40,21,110,-4655,-3800,20265
36,-104,-118,-9858,-27643,23148
-107,-20,72,-13268,-10317,23162
-90,107,-29,-13419,-28045,-18847
-80,104,116,-31743,-16215,21477
43,-49,41,-9760,16042,16187
41,-25,-90,-12305,-4033,-17718
-12,-93,120,-16178,12620,-15035
8,-124,27,-2302,-8630,-4346
91,-57,-71,-7693,-1464,-3131
19,-46,-56,1287,-9503,-8871
-128,-46,86,-1819,17860,-7896
-56,-121,-39,-7222,-3327,-3945
-13,121,81,-3325,-7131,-8880
-9,-88,-11,-4678,-21365,-1694
-39,126,-56,-5469,10997,-8025
81,-52,20,-3600,11506,-8959
94,44,-118,547,9752,-9370
99,53,127,-1488,5482,-6586
E
32,-23,25,-8151,-933,-4060
55,-48,-33,-3492,-3664,-2486
31,-82,-64,1934,5074,1905
111,124,-78,-793,6378,-2058
-29,56,-51,1861,-3920,15322
-69,-112,-72,3821,-11998,13545
7,126,-101,-5457,6255,17783
-10,63,-80,10111,-21967,19465
12,-101,61,-19162,-5199,30170
-53,67,117,-32670,-23921,-26627
-48,105,-43,196,8276,-4529
-75,-106,113,-13349,9506,-14646
50,-84,-119,-28111,-11878,-28963
-23,63,116,-27187,4004,-12606
-73,-65,-55,598,-22299,-1945
42,-29,-123,-10808,-11424,-2754
92,96,59,1044,19721,-533
111,37,38,4022,-65,-2505
73,16,78,-14508,-17289,-780
71,40,104,-11467,17761,-3205
-55,55,-32,-5430,-4004,-3004
95,13,35,-5752,5806,-5816
108,68,68,-6016,6455,-3652
101,67,-107,-5760,-924,-2649
41,42,-10,-749,-7893,3150
43,33,-63,-2232,-7450,2130
46,-76,76,2032,14336,-6802
70,-50,48,2389,4316,-3240
-56,12,-55,5483,-6698,1086
0,-35,98,1415,2782,2634
65,-35,107,-1979,3971,6941
-124,-100,-110,1554,-1044,11378
17,110,48,602,1350,16635
7,-120,30,-2770,7665,19171
-37,100,87,-15127,-19318,26711
-119,25,22,14275,26819,9102
-28,-98,-14,-19222,-7064,-3905
-50,-17,-63,22587,12534,26188
-64,-30,-124,-8126,20634,3981
75,19,77,-32326,-9445,-22432
E
127,-32,112,-18804,-7920,-12895
-34,-82,-71,-7787,-9664,-4414
-81,-91,-82,6629,24792,-7923
48,28,-10,1939,2555,-6527
66,-19,-112,5990,6453,-4587
-92,-92,-45,-3480,3557,-5843
-60,-81,-42,-8656,2351,-10238
50,-54,-109,-2040,97,-8600
20,-59,-125,-2771,-669,-13383
84,-101,116,-800,3734,-7386
48,-113,-98,-1984,-5291,-6596
-105,-21,-105,-4660,666,-2335
-25,-72,112,-2024,1118,-5256
40,106,-103,32,6557,895
19,-126,-73,-1503,-4557,1849
-71,117,102,6684,-3420,21375
-75,98,58,5848,2096,17860
-3,27,-40,-4639,-7216,28113
27,109,-42,874,-24461,16951
90,-48,-96,20404,-23747,-20495
-77,-21,96,-28364,25050,12053
117,122,-11,16768,14573,-30432
-13,-9,18,-32368,-14796,-22189
1,-48,49,-27486,17299,-20449
97,37,55,-19059,25786,-13383
37,23,-123,4615,-12440,-7591
53,-82,28,-2971,-8977,-5115
69,-58,37,3562,-1321,-4621
-30,-122,29,-8163,17657,-4251
18,-102,-99,-7717,-8426,-3636
-52,-71,33,1185,891,-2231
-60,-61,16,-3991,3574,-1186
-62,103,55,-7193,2847,-7392
-65,-114,58,-7268,1603,-4706
97,4,100,-1942,-3820,-526
88,-30,115,-4846,-12459,-2768
82,-108,91,1670,3821,-3595
52,103,112,4677,3035,-4194
-11,-18,105,5523,-7451,-1183
23,-55,-21,10356,4681,3977
E
73,50,-64,6429,-7299,7945
36,65,-51,4695,-7506,7460
118,49,-98,-4745,-3298,8106
-91,105,-46,18764,-9066,4934
-110,-79,-105,-30121,5973,7360
-43,-3,37,-30053,7089,-10992
-3,-36,112,22720,-28209,32014
-92,55,112,14172,-18002,-27606
-125,33,29,-14591,-2317,-12438
88,98,108,-12259,17721,2728
99,-45,-15,-2953,19314,6677
58,40,15,-7489,10533,-8877
106,-80,-71,-2947,5757,-5706
-60,-77,69,981,6980,-6881
-69,-64,93,-8537,-6587,-6454
-59,-104,100,-16710,-2946,1237
-48,119,55,-5952,5768,-649
5,14,11,-2496,9277,-3970
-27,-37,52,-6194,-1253,-1600
-29,-44,112,-3668,-450,-357
-4,-110,-87,5717,8144,-4345
72,109,68,1037,-8925,8402
41,119,-122,7723,-1400,9098
83,111,83,6830,-693,9786
-89,97,-27,5248,-2999,11514
-32,-59,-110,-1927,-2843,12950
102,-86,6,-4259,30817,-8777
8,-108,-89,-31026,-200,-5762
-96,-24,-78,23970,9846,29482
56,116,83,21194,-11125,9752
104,98,-99,-22522,-13275,-23182
119,52,-40,-18665,11935,-15273
117,-90,11,2090,-16997,-1879
-108,-98,-36,-12158,22556,-12104
42,-90,-11,-6707,31987,-8843
8,-43,-100,6119,3694,-9414
-127,-93,51,2609,7654,-10171
-44,-66,106,-14445,-2176,-59
68,-33,52,-11918,-8570,-447
118,55,-30,-4871,21880,-9925
E
104,-8,-73,-499,11158,-9447
-100,-112,18,-1314,-6212,-3839
-76,74,21,-1720,2897,-7139
92,-61,-59,2471,18164,14396
63,41,-104,-4519,25459,5455
30,-8,70,4691,7068,20162
67,13,-69,3858,-2876,17163
97,-44,89,-2162,-24030,28117
76,38,-72,11719,-23618,11876
-38,-53,119,30609,25160,-7732
-42,-24,-127,-32504,-12608,21854
-8,123,-114,28936,10471,-25056
-42,38,-27,-16804,29678,-17625
14,46,34,-13503,3021,-622
-20,-68,-43,-14553,4247,-8836
5,-59,-52,-4836,22336,-16455
54,13,38,-1389,-8122,-107
-38,-64,102,3673,21201,-15649
-10,-54,126,3434,18501,-17170
8,-56,46,-9779,560,-7642
-118,-108,-31,-1603,3842,-13481
95,-25,-32,9680,22551,-1242
-42,98,51,-4056,-15324,9374
52,32,87,-9112,-9082,22786
-24,61,-73,-4855,-4679,16748
4,12,-124,-17403,-13554,12860
35,119,-100,-27646,-29881,-9663
95,-61,109,-4785,-6254,5289
99,95,-46,-32666,-32176,5155
99,127,84,18573,8729,14972
-36,99,-121,-17681,29896,-11042
76,-34,38,-14213,13817,-10143
-31,-29,5,-12882,17277,-9350
84,-110,-57,200,-29738,-21859
82,-69,75,-17122,20603,10474
34,66,-104,9573,-1266,-26070
-126,7,76,2741,13155,-16420
92,46,-89,-9327,-3546,-19549
-64,4,-33,-907,4578,-16171
-102,93,-46,-6259,-1582,-11901
E
12,37,55,-4005,8593,1705
-20,-111,95,5419,675,8614
36,-2,-119,3899,-11704,19160
108,-41,44,4331,-6832,14095
89,106,32,-2437,-5109,18423
-45,21,89,6011,-4834,14257
-53,-66,0,1183,1595,731
-74,-56,-10,-11593,-7594,16292
84,114,-86,-24789,-25336,7205
-49,-35,-119,29234,18144,8185
80,16,-28,-19013,13488,24225
59,-48,-123,-18013,28,-14402
-105,-24,-111,-22245,30,-20391
88,-5,37,-1933,28,-18290
3,119,-30,-13007,14197,-13028
107,44,123,-19903,6230,-13675
-85,98,-46,9158,-1065,-4744
31,-94,63,-9631,-8496,-13567
2,105,49,-5730,-3643,-4771
89,74,47,-7472,-23234,3795
60,88,108,-737,12637,-6898
-48,119,104,-4958,9513,-4626
-110,114,-124,-12366,-2991,-3418
63,-126,5,-4857,-7413,1604
-24,-1,100,4382,2706,-1680
5,-23,93,12805,7399,-1003
-29,39,-121,12014,4283,1814
51,55,-109,21988,-11425,15897
-112,18,61,24348,-6103,12529
106,-65,-32,27055,-6798,21125
-68,111,-43,11746,-32400,11449
114,54,-20,-2795,-12474,23253
92,87,23,17220,-4101,-4888
65,63,80,15071,-19545,-22400
66,-95,-60,9403,32,-15281
52,-54,41,-489,30,4162
87,96,-14,3588,-23270,-27735
22,-88,68,11758,24325,-1585
-41,-128,-54,-971,-16799,-1754
-108,-65,-125,-17965,-30532,-10890
E
-10,-91,-92,-329,2256,114
-25,125,30,-2361,-23690,-6739
31,-111,-28,-17036,6227,-147
119,-44,91,-18341,-4397,734
73,9,-58,-19520,-7166,1217
94,-78,-100,-11643,4117,-148
99,3,120,-13412,16325,-11088
98,-1,-40,-10860,4683,-415
77,-92,22,4156,-5671,3190
-54,-109,-108,14948,3707,-2304
-4,-80,-59,21847,-5216,9494
114,-43,45,25217,-9832,12441
86,80,62,-27596,-14820,13922
2,107,-82,-32665,-2840,25216
-65,-116,-16,25976,-13330,13092
-19,-115,-72,-14231,31,-1906
84,35,43,-10334,-32738,23867
0,20,68,27755,29,-18028
-66,-46,-24,-17175,26816,-14285
56,-75,62,-12294,20493,-4085
-24,46,0,4182,23754,-15400
-108,111,58,3398,-4409,20333
96,-35,-15,5972,-18028,-4354
64,14,109,-8879,-22896,-13494
105,45,44,-8799,-5262,-1281
54,29,66,-11698,6014,-2537
54,-24,-5,-9873,-9499,-6380
-10,-77,57,-10599,-3265,-7251
-25,32,107,-13745,2956,-7555
-114,4,-41,-17049,7189,-4506
62,15,100,-6046,-6322,-3273
126,-118,24,3994,4039,-6747
-118,-128,-45,7764,-1269,4493
1,-52,-90,4262,-3508,10068
101,-26,-126,7416,-1503,8058
75,30,-101,7899,153,19407
-56,-102,-122,5673,-14245,29329
127,14,-104,23251,-9863,17764
-48,79,-21,19399,13083,86
-10,-101,-65,13750,-21389,8847
E
-62,0,-11,-6638,-1764,1514
-65,-26,63,-23165,11866,-12557
-69,-36,-24,-11765,-16248,-6560
59,95,-45,-2440,25624,-12267
102,16,-101,-5245,10578,-5766
-64,-14,-122,-5566,-20648,-14478
-51,-92,-43,-9713,6890,-8662
1,52,35,-11532,4686,-6988
46,27,-23,-11465,2023,-4775
-95,3,-15,-8504,14,-1781
-81,31,-92,-9303,2291,-2838
41,70,-110,-9195,-333,-5142
-43,-7,-125,-10503,-1646,-2712
-14,-18,-112,-110,-7329,-2167
63,-41,79,6904,-3666,2340
-69,37,2,5354,-6057,6988
-60,60,17,6383,-4157,6316
-37,-70,124,22484,3368,8381
120,0,79,14158,12754,15622
-114,-1,60,-19087,31783,-32605
-19,95,108,-26431,-18255,5776
-9,-30,-99,18213,15577,-11491
127,-31,1,27039,25673,-5988
-31,-60,106,30126,26797,15420
42,-110,12,-32032,31513,-22694
-115,-121,-56,-13818,26550,-14280
-10,19,-86,12215,18820,-5466
-81,-20,-120,3695,-22989,2358
99,-23,-32,7170,20209,-2145
-52,-103,25,4907,-4032,-4698
41,17,-120,11132,-7476,2868
67,10,99,9716,-1087,-3011
28,-123,69,-23520,-2799,-3141
1,6,-34,-23071,10817,-5610
-18,-91,-93,-10790,4740,-3008
120,43,19,-13493,3442,-3942
97,-32,63,-7131,6624,-787
88,-6,71,-331,-343,4568
-90,-64,25,12598,-5600,10742
-84,33,6,5832,2327,8622
E
-50,20,-35,7159,10430,10270
-21,-33,-26,22542,20304,-25722
-113,-103,67,-28524,-24905,10843
-36,62,111,-31451,-3410,8948
19,-82,11,12230,17920,-31890
-120,55,80,-9307,-5936,-19360
-101,-40,-111,-21882,-32740,29917
-10,-72,-124,-9043,-14355,-11519
-16,-126,-1,-2720,-19888,-4969
-36,-107,-110,-14874,984,-8371
56,-77,97,4082,25900,-23107
-73,-51,-44,-11959,-20855,-11448
-63,95,18,-17091,9889,-2899
-83,-5,-57,-16971,-15274,-3545
-85,-29,-16,-9031,17464,-7037
61,91,66,-7364,4621,-4364
-67,17,99,-9064,5498,5452
-44,109,-61,1950,-5520,10754
89,-106,26,15576,780,6499
127,-12,-126,18796,-1226,4332
-96,40,77,13808,-7945,-15578
16,-9,-54,13697,-8493,-21067
-87,-109,57,22881,-29662,-30663
-119,58,-66,-31451,-15114,30620
86,43,104,29018,12200,-318
16,-9,-126,-23506,25265,-25798
-11,14,-2,-11424,29427,-16398
-2,92,69,-2796,-11390,-25827
30,-127,85,5388,10112,-1102
45,53,114,-16002,28940,-5570
2,-37,115,-2998,-13644,-2422
-17,9,116,3526,-25713,-6172
40,-117,-62,-3940,12099,-7116
-13,16,82,-18558,-7802,-10621
48,125,-97,-21111,-27253,-2748
-27,119,-8,-11336,7993,-11552
-81,-33,-25,-9210,-6217,-14998
-55,98,-11,-1175,10632,2136
30,87,-33,14235,-17713,15694
-99,-42,-69,13448,-2906,13669
E
-107,-8,109,19303,16656,15240
89,109,-52,11715,-220,-31083
-36,72,-32,15739,31748,29717
48,113,63,-27284,14001,-11413
-89,66,61,13575,14760,12030
20,-64,23,-26325,-11340,25251
105,72,-23,-19997,-14322,-18421
-89,-67,-108,-24014,19738,-24501
92,0,-96,-17208,-30438,-4313
126,-31,95,4130,-2930,-14553
-80,16,63,-17203,23920,821
5,66,36,-11140,31112,-22069
127,20,87,-11504,5870,-18862
-102,77,-80,-10470,11053,-17783
-4,26,56,-19650,-23309,-5278
-52,90,49,-24394,31101,-5483
-79,-18,66,-8179,15652,-13750
-88,28,47,-3496,26905,-3961
66,-37,37,1220,-7214,3587
-101,6,-1,2188,-1550,7042
-97,-9,95,9082,-5210,9320
-70,30,80,7261,-1061,9502
41,23,-46,5843,4174,7804
20,-19,-13,12039,6294,14641
-112,-63,-73,10345,-22607,27397
44,2,-53,10086,-10153,9124
59,16,61,-28239,-27263,9694
-101,20,-126,18506,-5383,-20897
-33,-74,-109,15054,27,24651
117,-120,43,-9895,25,-9808
-30,5,74,-24899,3279,-13447
113,-108,60,-18553,32679,-8355
109,13,64,2344,-10090,594
21,-4,-3,-4084,-12392,-5741
-87,42,-60,-13879,16177,-11426
-101,-93,-70,-5628,9219,-1408
80,96,-49,-5908,8695,113
74,38,-23,-5482,-20307,-6968
-43,-16,7,-10372,-4297,-1349
-83,9,79,-11979,-22344,545
E
65,-114,-66,-5744,9543,-8872
-117,59,121,-534,12899,-7323
121,-92,119,-3720,-899,-6452
-94,-114,102,-7067,5172,-3730
19,87,54,2799,-609,3015
-4,78,70,3636,1424,2287
104,-61,-20,5741,6558,6906
-2,-41,-107,-1818,15875,15620
-123,117,-10,-7202,-28924,-26573
58,2,-38,7325,-22825,26222
-16,-44,-59,-23678,-28013,-5532
97,33,-90,22325,6195,2587
27,76,95,18395,3861,13790
-3,70,-73,-15911,3025,544
92,43,4,-17986,19314,-9023
-56,-88,12,-19229,-13481,-13871
-120,-42,97,-2338,-16459,-6816
-40,107,5,-9463,-27782,-11129
-29,107,83,-4438,24442,-11396
0,-50,-12,2955,-21922,-13125
-96,54,-49,-6865,-29233,-14811
-51,-7,2,-10967,11371,-12961
112,-71,107,-14824,31448,-4165
-25,-92,-54,-6478,23405,-13524
119,6,36,-6893,8990,-11368
108,24,-92,-6033,-4300,3157
91,101,-93,-1272,-9685,2582
-103,54,115,13333,2996,2829
-105,101,-95,7283,5551,4857
50,49,-101,-2753,20570,17734
86,64,-126,689,4957,19497
65,51,119,10075,-20331,23467
-21,48,-54,21604,-13342,6232
-127,-126,54,-24573,13519,-5331
-109,54,46,-32655,21793,26300
-32,-80,-124,11423,7090,4544
0,97,-104,-25349,7506,-29530
20,-102,-86,30123,12238,-5932
-117,-78,-84,12220,-17139,-26732
66,95,-78,-30107,5749,-2907
E
47,-15,122,-4303,-24528,-7200
58,32,-124,-1269,-5940,-12410
8,84,-6,-4273,-15153,-20204
-109,45,-27,-16122,-22376,-7936
68,-70,113,-15309,-8047,-4898
-11,110,-106,-3072,19501,-14361
27,56,25,-9959,78,-8893
60,69,50,-11245,-4896,-5928
-7,-96,-29,15009,-9933,3297
22,35,-2,9381,-3467,-2087
103,99,-55,3596,2709,-1352
-43,16,-122,8342,1808,5683
15,-105,-127,20615,-10437,27347
-94,23,54,4639,-16477,23767
44,-125,69,16811,23005,-5133
92,-102,2,-23236,25,-1893
-80,82,-19,23564,9943,24430
101,85,46,-13467,16610,8291
-42,61,17,-1215,-2963,-11120
-103,127,88,-26823,27,-15571
-116,-105,33,6223,-4128,-14679
-29,113,-111,-18846,-16109,-5570
-120,-92,108,-10624,24071,-9735
32,-56,4,5018,-27648,-10913
53,-103,77,-12921,-14411,-6058
5,-105,-100,-10954,-2505,-3402
-115,111,40,-17489,-20865,-509
-98,118,-91,-8341,7238,-12060
40,1,47,-4321,21348,-12347
-14,-43,92,-12188,-12743,-3940
76,114,-6,6539,2014,-4310
-91,14,-39,9077,-1366,7657
-104,122,30,-135,-4617,13436
-19,82,-50,7254,-7797,9961
-14,73,-78,14704,-13743,10819
-19,6,-29,-4000,-7793,29679
-66,-9,-44,2344,29926,12924
71,-46,-109,-17984,-2984,-24981
63,-23,68,8333,2186,29008
-40,-11,-51,-10407,-22540,-19812
E
77,15,32,-27179,27,-21058
116,2,23,-17621,-32742,-3440
-53,120,-65,22,-15526,-8619
-118,-14,41,-23974,-30162,-1332
-46,-44,101,-772,4965,517
18,68,-29,-1561,16295,-21612
-60,-114,118,-14792,12035,-3651
103,-62,123,-23861,18486,-3123
-97,-108,-61,-1971,26187,-10157
99,12,-15,-8246,-6425,-9201
69,-78,-44,-9395,18288,-4649
82,18,50,-938,-2881,7342
124,91,34,5755,-4821,10890
-89,98,-59,18610,-1508,12322
-84,92,-66,14750,-1425,11247
-125,-31,-92,22851,-4077,13892
111,-116,-87,22867,-4945,10533
71,-66,24,2964,753,16454
-69,-47,-55,8933,-9422,13962
112,12,-21,-20740,-31240,-1379
80,109,-23,-32656,-26677,31223
-119,93,-59,15799,27,27739
-39,-127,81,-29008,-32742,-11256
16,-36,-57,-10431,-14537,-6574
113,-25,-71,-10675,7159,-12666
-72,-111,-120,-7823,-13760,-16462
-19,-12,-91,-7331,-8226,-5738
107,-95,43,6495,18267,-16470
-65,49,-43,-4774,8045,-7270
-24,72,41,-27463,30011,2176
-119,22,-120,-11246,25841,-7922
47,109,66,-11111,17081,-4713
41,-24,-73,-13245,-4472,5691
53,-123,-92,7066,-8050,11079
-121,104,87,13900,-1935,12441
-10,-46,-125,15355,6787,17517
122,88,44,19938,-17900,-32682
-36,102,36,18197,21796,20778
21,-73,109,-25235,-4491,-10890
-47,93,126,11827,13465,25232
E
17,-82,58,4954,6973,15552
64,66,86,-583,4194,-5030
49,-23,-23,-28771,-11212,-21844
-115,120,30,-15810,31505,-18074
-14,21,29,-8508,13481,-12493
-3,-23,70,-23952,8998,-17630
-1,39,-60,1250,-12234,-7872
101,111,2,-7158,-12575,-10763
-3,-102,-47,-6880,2222,-15791
-126,-20,9,-25514,32698,-249
63,-68,-28,-12686,13322,-8566
74,-1,-92,713,23237,-13796
102,-123,110,-3500,-8677,1443
112,-102,-36,15279,-10926,19289
19,-97,-123,24281,-1239,10874
-110,-92,121,30222,5588,7034
-109,-18,111,16187,24670,-26307
34,19,65,-28497,18210,-16195
-65,120,5,25697,10528,-13368
-81,85,24,-29980,3138,-17769
-64,78,33,-16537,-31491,-13590
-44,48,121,-29508,-14630,-25131
-71,32,-104,26407,17254,3325
-13,107,-48,-4822,-19486,-21520
47,63,10,-19345,-20732,-14633
-90,122,73,-11371,6004,-19932
22,-21,-61,-7617,-15275,-20019
91,-104,-99,-9351,239,-12534
51,-28,88,-3900,12758,-18845
-102,-54,-9,-7417,-6924,-15771
-7,-24,116,-14465,-508,4170
80,109,61,-12246,-4202,3156
89,101,52,19036,1667,3944
103,-5,-118,9439,2663,7666
57,-31,50,1287,-655,17657
68,-5,-18,5710,619,13802
-98,80,48,-16677,-11730,-31791
-48,-6,-97,2428,20260,8515
62,-112,74,-15448,-2868,3738
-105,58,127,25492,-10013,-19988
E
96,25,55,-30186,58,29219
118,82,-24,682,28,-10062
77,46,107,-28670,4377,-27199
-126,-11,-108,-17095,31348,-6786
70,62,-3,14242,-18952,-15581
89,83,-25,-28839,-4080,16835
-122,-107,21,2697,-28962,-27165
-27,80,52,2105,1024,-24826
11,-47,109,-8786,-1837,-8183
-63,118,93,-23733,-21188,1580
114,120,-115,-20817,23990,-9619
-114,121,-121,1403,-22770,-11739
-28,-60,60,-8367,6932,-7044
-70,-119,-29,2246,-13391,9449
90,119,-39,12644,11490,4516
-118,121,122,2095,-7367,11411
52,-14,56,1213,27389,-23826
-44,-23,-99,7186,29639,32352
112,76,-106,-18967,-12598,-3837
16,-72,3,-32651,-26630,-23557
-71,-15,-103,28362,3655,-16867
48,45,55,-18984,-20806,-32591
77,-65,20,21387,32,-17711
3,-72,-53,31726,-2759,-13742
-43,-93,35,-848,13073,-23892
-120,-49,61,-23542,14199,3594
0,118,63,5952,-7122,-12640
-45,46,61,8953,12684,-15931
-55,87,64,-11360,30846,-17837
38,59,-10,-17933,505,-6284
-56,-45,120,-1744,21003,-12803
-55,2,-6,-8816,-4600,-18314
-100,6,96,-10979,11045,1209
-123,125,-124,-10828,-4326,3811
116,76,61,10601,-4979,20931
127,59,41,5432,537,14413
-85,100,-18,10848,7738,12372
-30,54,75,6358,-19761,22951
-102,48,60,6993,-21254,27084
41,-52,-53,32618,25439,25405
E
91,94,-78,29447,-27933,162
-80,-1,47,-30042,-21081,-20537
-54,-8,110,8449,-26235,-24250
-12,26,19,30444,22153,-28858
-81,-65,116,25490,25424,-14533
-10,-49,66,-7828,29,-26146
-111,-47,35,-14418,7610,3553
107,100,-99,-1157,-12997,-30523
-2,-120,-112,-8851,-12667,-17950
-79,9,-47,-6849,23732,-7444
94,29,-11,-14342,29529,-5101
-24,-53,-22,-6056,25672,-17998
105,-107,-30,1139,24437,-9347
-116,29,84,-6758,-11829,3547
114,72,1,-24,-5288,5610
-69,28,-13,4454,-929,17865
9,127,-103,3456,-4654,13446
-55,-16,-127,7185,-3740,13033
-16,-113,108,2575,2280,25157
20,-101,107,13008,18786,-26866
-26,-109,30,27137,-17998,17356
-32,80,78,-26903,13698,-5930
22,-26,-34,11181,-17182,-18069
35,49,-50,32765,14548,62
123,-76,-23,24414,329,-4567
-112,84,59,-32651,20160,-30031
-13,47,8,-19227,-31398,-5553
81,8,-101,-16812,3609,-17919
126,125,64,7316,-30605,-26478
-24,-20,-45,389,-16749,-17690
104,57,-46,-17502,5601,-12527
-80,6,-78,-13611,10771,-14611
10,124,-7,1134,-22979,-10912
-102,-52,-94,-4081,-24144,5216
110,5,-99,14384,-5086,17232
-114,48,10,7693,-1799,8987
-79,80,43,4613,-5423,11652
-80,2,-70,5501,-6419,9345
-2,117,121,9765,-5725,10212
108,18,31,15201,-22071,19861
E
-41,-70,4,16181,30518,7134
-1,62,-94,-29906,22847,-14970
83,115,-28,-30601,-19145,27084
-34,-57,-8,-30670,-13163,23252
111,-52,47,-20638,-17423,27928
-80,70,-23,25020,27,7509
-78,-17,-32,17839,25,4050
-55,88,-112,-18773,27,-10935
-44,-45,117,3374,1433,-16597
-19,-108,-46,7059,-23275,-13953
42,-96,83,-10538,3996,-9456
-55,111,20,-4968,-25900,-1577
64,-123,26,-7481,-15865,-17519
-33,41,-57,-8646,11651,-10334
13,30,36,-7595,-9833,10837
-50,83,-123,-819,-607,13147
9,51,21,5885,5194,17722
53,50,-10,3804,-1333,15868
-74,-78,-28,10781,-1971,18454
-21,-90,-51,-2152,-11644,20403
25,43,-44,9673,-26365,14874
-13,53,18,-20687,-32541,3332
-52,-20,20,24512,-20250,-10159
104,-50,92,-29746,-7909,-14183
86,-110,-107,10059,-26577,7643
-23,0,23,29152,18862,-26111
79,120,-25,-25735,27562,-8268
14,18,22,-7370,-14833,-18806
46,-31,82,28417,4979,-19674
-30,-115,104,4739,25,-20275
-128,-40,-118,-12598,-10804,-19193
-59,10,63,-29169,706,-3697
-127,-40,-94,-24661,23158,-19345
66,115,10,834,-28702,-15623
118,-15,2,2985,18350,-2966
-22,110,-120,9061,-32519,26873
-81,-69,68,11019,13084,3486
-87,-70,55,9178,947,6191
-63,-9,-32,2032,2915,8352
97,41,-105,-8195,11164,11833
E
-40,21,-81,-8276,-1610,10243
-14,44,-15,-6494,-13796,16816
-117,124,101,-24671,29163,29301
-59,56,24,-28729,-2786,-16186
-102,-57,-67,-7905,24,-21651
-91,-72,-94,-19480,-32745,-14606
-114,43,104,-17984,-32745,-25783
84,46,123,2890,20015,-31564
-105,-124,108,-9735,15205,2010
-32,-88,-84,-6919,-26160,-2659
28,4,95,-7324,-2470,-24772
71,-91,-1,-22418,-8277,-9911
-15,-45,113,-27288,-29311,-17401
-87,-14,-49,-12864,9689,-14506
-37,-104,-93,-13538,10092,-23040
107,121,-87,-6360,1377,-1466
-63,17,122,331,756,9229
-85,114,80,12748,-2387,18051
36,-24,-100,15729,-2797,18725
102,35,20,18317,7761,12612
51,15,-40,12539,16166,20501
105,17,-4,-9350,3389,25078
47,29,61,21874,-32324,17816
100,-41,80,27938,-20656,-7
-97,12,99,-30393,-6225,-19533
-32,-22,117,-30374,24,-5311
3,-23,125,-12697,-9262,-26831
81,92,38,-8437,3118,-10248
79,-27,92,10401,22,-10053
-124,19,-25,-32158,24,-11982
-3,2,5,-27649,-32745,-14630
-46,83,-63,1015,26246,-27395
67,67,-76,-20799,-19733,-18976
-110,-77,-7,-22306,2071,-23998
50,-7,-50,-9951,15016,-32271
35,99,75,-4261,-1827,-26886
-92,-108,0,25083,7601,12967
4,-20,-54,9276,-24585,22602
-44,94,-106,3820,2719,5642
-37,35,-99,3154,-1689,8325
E
33,66,-65,797,5317,8803
96,-19,126,1055,-2662,10636
-8,11,37,2635,3767,16645
63,3,15,1327,8655,20478
-26,103,46,-13124,2342,32432
57,-47,-108,-21941,20738,20494
29,79,-67,1706,30732,-12418
-46,92,19,-13881,24,2295
-97,-101,83,-32649,-32743,29700
49,17,-97,-23344,16921,7209
-112,50,-82,-27219,7559,-20456
-26,-4,31,18625,31679,-10112
6,124,-83,-12728,-25400,-7710
40,-85,71,30093,-30800,5719
-79,-110,90,10585,3358,-25081
28,-42,106,-2219,10428,-22480
101,88,-43,-17724,27503,-16347
-124,38,-61,3168,5425,-17802
-63,-36,-72,-2255,3956,-18231
126,32,60,-10741,5044,-23830
39,-19,-127,-2799,7572,-17869
-117,58,-25,7044,-2774,2619
-71,-111,21,16078,-1920,12576
10,-48,23,8731,1470,23184
94,100,72,6789,5301,15539
-88,-31,54,-5474,11485,27732
63,-38,108,-27098,32714,-28243
-116,-49,14,23719,-23639,-6196
-63,111,3,-32521,-5316,182
-66,62,-57,31710,-7042,-17483
-69,122,107,13827,-21224,-11043
37,-64,57,28860,5450,-26025
-97,-7,-54,6477,31179,-14121
-73,-3,45,40,20707,-8283
15,-120,-67,-31712,22130,-1431
31,-98,-49,-1142,-2428,-7896
-24,-63,-26,13113,-10878,29586
-110,92,-9,-10330,32012,-16168
127,-66,42,-16529,-1693,-12425
84,64,97,-20090,18887,-10823
E
70,113,91,-5785,22268,-25087
51,-28,80,4389,-30885,-23638
126,27,-66,3948,-14612,7625
-97,124,-5,11784,-3379,6662
-31,-3,35,-19595,16810,16514
22,-52,110,21644,13098,28980
-23,-115,-98,-32650,10341,13894
-10,-92,36,117,-8528,12763
17,-86,120,19140,-8049,-1538
97,-89,-37,-28068,25,-32702
21,127,19,-19983,23,-16782
114,36,39,-28454,12849,27171
-124,-92,-46,-4458,-32393,29312
24,-66,62,8338,27874,-26969
51,-31,82,-5977,-22130,1081
93,-26,36,-12243,21539,9883
55,-71,-19,20793,23,1597
99,-51,45,425,-28884,-15961
114,-20,-5,-10932,-31118,-11418
-54,21,33,3392,1051,-16163
68,-98,80,-7351,-10631,-9505
-91,84,-96,9433,-30928,-26777
80,-102,18,-4672,-9200,-7713
-27,-119,-121,10026,-6044,8758
-14,-35,23,15663,-4862,6839
-99,95,-17,-5485,1347,4152
-64,35,0,-20850,-2077,3539
-22,-94,48,23430,17215,-24440
-121,30,-127,13670,-32744,-30629
-126,35,-100,-17281,-11458,6204
-117,74,-128,-31993,-27724,29414
46,27,-13,23782,-11297,9271
3,-112,-79,8723,-32744,5436
1,2,-3,28438,905,26049
56,60,30,-27956,11121,-13295
-63,20,-70,19508,25414,-14070
86,3,-59,-3897,6753,7767
-23,-45,115,-6684,13148,-5138
3,12,-61,17612,23278,-23111
-27,-122,-61,2851,10630,-15341
E
62,16,70,-22673,-24769,-1858
-112,32,-12,-13305,-11397,-1081
55,87,-126,-4578,-3065,-9187
-37,-6,-85,-5781,31908,-19159
-113,31,-102,-11815,10953,-19761
-31,2,14,17798,18783,-8919
-71,0,52,14893,8503,-1027
-128,26,84,3266,-13448,15399
-13,-37,60,-825,-3470,6937
-27,41,42,-5776,8437,9159
120,62,-89,-12721,-1094,12189
20,-49,-102,-2660,16071,25914
117,-97,-44,-14912,-32745,-13263
-35,-39,95,11254,13151,-15358
-64,64,-99,-27620,17493,30892
64,45,61,-14558,22,-4846
97,102,-126,-14475,24,-17911
-12,-53,109,-11950,-23147,-9553
102,5,-56,6262,23639,4289
73,69,56,-15133,-22867,-26913
-46,-5,120,-8041,7619,15055
-78,14,-47,-4142,-17546,-18238
75,-115,-36,-4037,-32745,-8134
35,-14,-40,-12702,-7477,-1697
108,3,-111,-11753,-30767,9484
60,44,94,298,2412,4686
-74,-105,-24,905,-325,-282
-112,98,81,-3965,9673,-10476
95,86,-98,-11846,2068,-20548
-6,96,76,-1383,620,-16660
-67,-4,-62,17248,-11063,-1890
4,-87,-49,8756,-11841,4028
81,122,86,-5779,2179,20253
125,-73,-61,-9858,19979,-23114
-4,-76,74,-12788,31930,16980
102,0,-116,-32647,23,27193
76,-87,22,10251,-32744,62
-11,-3,-30,-25823,25,1949
-61,6,-17,8077,23,-4488
-33,117,3,-29592,3097,-18519
E
-19,114,72,-24857,-12576,22471
-61,21,55,-2213,26079,4080
-101,-89,68,-8510,32675,-23262
98,83,-45,-11036,-8129,3653
89,-126,19,-5092,-29503,-77
87,120,48,-3817,-5746,-11472
-125,-124,-34,75,-1036,-6825
-35,-93,103,-3487,7565,3289
99,-29,-125,-11324,5266,-7629
-105,-46,5,-6727,9536,-12292
-125,38,32,-9204,1029,-25566
-82,15,81,-14355,15058,-26721
5,-99,10,-2422,16153,3974
-12,111,-85,-3948,-2626,9665
122,-36,-74,-31035,3186,-26403
-91,-15,-47,-25512,25837,-30098
-50,124,11,-3998,-16865,-6398
12,117,-70,-32647,-28336,4449
78,117,83,-32647,7308,-18885
-31,-96,-62,17199,8519,-21448
60,-28,43,-12907,23,-2749
34,-99,30,-28652,2451,-25262
-5,44,75,-4449,-28699,-4463
-112,-22,-110,4982,3225,28968
121,-87,58,-3166,-6408,17186
10,50,35,-8703,19838,-30052
66,-92,-86,-8650,27072,-15559
-116,72,117,-15726,27952,-13624
-121,-69,-52,-19918,5914,-5246
-76,37,-29,-8518,32182,-16078
-103,-101,39,-12394,-255,-19705
50,0,-60,-11339,8611,-17099
84,-33,35,-7791,-9791,-6336
-45,-16,1,18672,1519,7179
-69,100,-103,10402,11209,9665
-122,-53,-73,-18589,-3366,18636
7,41,-68,-16445,-28335,-30894
-127,-55,86,19996,25832,26002
36,124,-21,-20539,26427,16624
-3,-117,67,-32647,-19700,-4429
E
24,34,39,-2100,25,-8374
16,96,-125,15863,23,-19122
81,-117,-85,18105,25,-32515
-12,73,-96,-26156,-8381,-13703
-24,27,-67,-1448,-21036,-13937
-93,22,-1,-9622,-8679,-1994
91,-72,-36,2928,-13832,-4710
122,82,-25,-1721,30312,3246
7,-74,68,11567,-10000,-8322
-104,-2,116,-1539,4123,-10533
-77,12,35,-12750,-14579,-1315
2,-82,-16,-9266,15356,-18306
45,-38,-97,-9367,4299,-15735
-12,-37,-50,-12271,18077,-24196
7,-24,46,-1397,11137,-3635
4,3,58,156,-22573,7488
-15,-125,31,-1282,-16493,3291
-109,-116,98,-8087,2,6452
-55,117,33,-6522,317,9773
87,-80,-74,14547,17133,-23058
125,-37,33,-20001,-32742,14232
113,34,81,22968,25,-17440
17,111,-5,-29338,-32742,-15400
121,-119,-81,6903,-32742,6908
122,-7,93,-20913,-12179,26649
-105,91,43,-27726,24101,-22321
27,113,6,15716,7921,3208
126,-27,-9,-8181,-32742,3513
-11,112,113,-8208,27501,3430
-100,-114,-85,-6563,12713,-26128
118,-80,85,-4611,26272,-15753
2,6,82,-5146,4645,-12608
9,127,63,-14042,-16117,-979
-35,-116,72,-15473,-23811,-4875
-114,121,23,-13798,15084,-11196
-109,-64,-110,-14449,7229,-9681
21,43,-9,-12759,10220,337
75,-116,-27,-7159,16226,4390
-97,74,76,1589,-746,17178
-53,117,120,2295,3213,14404
E
-41,-126,15,8997,2727,15089
-15,94,-31,17095,7551,25356
-5,-68,-40,24082,13409,-27169
86,102,-78,22852,-2152,4809
37,-85,-91,-27240,-10171,8367
77,-106,-14,-32643,-32742,-21431
98,-61,36,21611,-32742,17884
-7,-22,-120,-20806,-26207,-19736
3,75,-119,279,-13075,-6853
-10,-92,120,-6320,-32742,-19071
-112,-50,-37,-13540,27,1565
-46,98,90,-19083,-32742,-28958
-92,74,-58,3309,28019,-14485
103,-67,68,-5438,-487,-4776
38,117,108,-15587,21079,-4086
-82,-122,-73,-12573,-17763,-9124
93,-114,122,-3212,-26041,-19377
30,-112,97,-6512,-4616,-10923
52,-8,-33,8695,-6466,5840
16,44,6,13825,-11233,5250
-52,89,-128,6119,-2055,8802
114,-121,125,-9931,18831,5927
-95,-25,-110,-7699,-9471,-25105
87,-83,118,32364,18984,-30806
27,46,-87,-25902,3463,17850
50,-62,26,-32643,-12184,12299
-92,-48,62,-32643,-32743,32231
59,-29,-25,26922,-8802,27162
36,12,-123,-32690,24954,-21151
-82,78,28,-18096,-12208,-21728
-33,-74,-93,-10632,-29894,-4715
103,-124,-23,-24665,27,-22545
-48,-17,-100,10558,-5537,-22171
-26,21,-56,-7521,-27761,-10525
116,36,117,-1493,-4543,-7905
-17,-112,116,-10402,-3885,-17265
-98,-116,-17,-14943,12240,-24276
89,-109,-80,-6081,17211,-18867
84,17,78,-7081,2831,2149
86,-77,98,-370,-4230,12554
E
-6,29,7,-26772,-8100,29478
55,-27,20,25954,-8805,25344
-124,-62,99,-17007,20297,-28370
-69,-20,-25,-5086,-32741,-16627
30,-105,60,-32642,26,20364
-59,115,112,-32642,5466,18080
118,-127,-99,17291,-23632,-3907
4,95,61,29174,23622,32403
78,23,-66,24946,3085,3447
63,-1,60,16089,26,-19678
26,-103,-128,152,-32741,-5285
-74,-128,-25,-18136,-25791,8646
-111,-8,9,2965,25131,-25623
-56,34,-123,4551,-21529,-10550
-7,-9,-1,-7727,-11543,-17487
-19,-46,98,4829,11044,-17137
61,35,83,-7220,-22260,-8474
-37,-110,87,-6113,30710,-26236
54,-91,67,-4827,17223,-24510
5,-89,-24,-20957,247,-13787
66,13,-26,-4612,21465,-4317
-124,-106,25,13107,-23182,19873
-86,-78,-38,4642,-8617,10194
37,-128,-76,-8533,14549,10830
-15,12,-91,-9868,30711,-21595
18,64,99,-26614,26920,25139
9,61,-37,-27851,25,28949
6,-108,52,-32642,-32742,-12431
-55,-121,-85,-19822,27,26732
121,125,63,-11534,25,-25741
91,-107,114,32225,27,-16413
86,-41,15,4116,25,-1075
106,77,27,-7108,10375,-14275
53,-93,-95,-13260,7740,7305
-84,33,15,11649,5119,-22805
-50,23,66,-132,12738,-12976
71,67,-79,2367,11525,-18137
-117,-24,37,-1433,-11410,-10488
-63,72,-56,-7922,-2328,-11475
-115,123,73,-4773,-3575,-21485
E
63,-75,-98,-8815,30629,-12370
46,123,-95,475,-7933,3999
-120,-80,87,7959,-6296,5338
124,-40,-84,2874,726,8856
77,109,-36,-3110,-2816,12301
-86,-7,86,-3454,1423,23785
39,-46,71,-10074,23528,-26192
-83,-31,32,25411,30386,-32616
-103,-83,88,-23402,-22143,-22080
-13,-85,-83,-32642,-3508,-14390
-26,-88,121,-7065,-32742,-25361
56,127,15,15968,27,-30336
0,-2,33,32054,-32742,-11536
-63,-24,41,7199,25,-22861
-93,104,-6,-10137,17627,-5113
1,73,-55,-5509,5082,-10964
78,13,-59,2398,25,-6288
-8,59,-28,2949,6811,-21278
-118,65,-127,1806,-12019,-8534
84,-25,62,-10338,17851,-7906
44,111,-17,-21740,706,-4641
-61,71,-120,-22166,21055,-9506
118,37,-50,-12778,16205,-12755
-110,23,-71,2463,-6920,1684
-48,116,-26,10747,-9441,11590
69,90,67,11849,-5005,16511
7,-59,-110,11347,5629,11788
-42,7,1,5502,-19077,-27984
108,-12,-30,-2138,22456,28671
51,-4,-55,-27067,21302,-7062
82,-86,33,-29184,-17991,28298
8,54,27,17016,24607,19572
-112,42,-29,22689,18646,32422
46,-79,39,27139,5651,-14966
122,-89,60,-10390,24,5227
-28,-1,63,-9611,-32743,-8982
99,-43,80,-20351,-5610,4544
-20,91,-69,-1636,-22207,-16007
41,-54,91,7876,-7359,-12206
-9,40,-66,-298,8052,-9566
E
-96,36,-17,-15632,-6064,-10654
15,1,6,-12835,-11129,-9755
53,118,124,-9019,-32010,-15694
0,-67,18,-10813,-136,-7406
-29,-62,-107,21898,-30181,24990
78,73,-78,10663,-3272,15317
73,94,-113,-12569,-6597,16097
48,13,-6,-13952,-17008,17456
116,-1,-78,17845,23277,27452
2,-59,-98,-25940,-32744,11763
-118,-127,-119,-30769,1926,-30677
-90,115,103,-32640,-11533,24822
36,23,98,-17584,-32744,-12930
94,68,-32,16955,25,-17391
124,88,109,-29574,-29090,23092
-13,71,1,-15399,31574,2040
-4,-120,50,-7456,12195,-10191
-96,35,-118,10921,-20941,-15021
24,-108,-61,4331,8254,-17054
-17,-8,35,-4662,16723,-13375
46,-94,-111,3737,-20010,-22079
63,-20,-24,-12058,11133,-17280
-85,0,96,-11873,6613,-11128
74,15,-106,-3505,3540,-1515
47,-79,25,16699,-9539,13581
95,-66,6,9167,-2219,10468
9,-121,-116,4225,-2905,18937
3,37,102,10664,-5191,28021
-31,-14,-92,840,-29989,-28236
45,-14,113,-30143,27155,7128
-80,-51,45,-28590,29195,-27151
27,-29,-54,19526,21957,-16444
96,-54,63,-4238,7675,-12823
54,2,15,30660,22,21402
103,76,-44,29629,24,-2878
-41,18,-11,16864,22,-6514
-8,6,111,-1525,26840,-11859
-71,-43,-89,-15791,2007,-3020
-67,-8,22,16339,22,-6140
-53,92,122,13786,12788,-25329
E
72,-19,76,-3813,-17511,-15260
0,57,-77,-11726,-16229,-13761
-63,-14,-56,-16454,19587,-4787
38,93,-82,-10721,9457,-15983
86,11,39,-6599,5976,-671
19,8,-8,802,-3096,13071
-88,19,-102,2169,-2820,16993
65,5,-20,-10223,-1340,30329
-21,-105,62,-10091,-31534,-28659
44,121,-37,-11734,29835,4597
45,77,20,-32641,31625,-14202
-16,-32,114,-32641,20580,-13870
9,-64,-94,6450,-23477,-189
107,-78,-78,10146,21359,30991
-60,98,4,32494,-32746,-7366
-32,74,42,11980,21,-22191
11,-84,97,-17775,-26615,-569
-126,81,-82,-3683,19824,-19615
7,89,-100,14426,21,-26231
73,16,-67,573,21286,-3617
-88,-23,-43,-251,-15731,-8501
101,33,-89,-3998,17474,465
88,39,102,-5499,21178,6530
-108,64,65,-5215,4309,-9243
-34,60,60,-776,25014,-15158
-10,-30,-20,-20938,-19197,2886
-2,86,-110,-8871,-29890,-21242
-106,102,-111,7705,-1336,-10509
-60,68,102,12805,11676,-691
80,-41,90,4310,-19903,6298
104,-26,-114,5214,8113,13594
-20,-118,-124,-7751,15375,-21252
-50,-88,-36,18000,-32747,-32690
67,113,-65,-24306,-32158,-21084
38,-30,-29,-31752,-19122,-14714
-51,-95,-22,-6927,-11868,-25271
-112,-29,69,-29921,1902,-26067
61,23,21,-10719,-4556,11259
101,31,29,-4963,-14607,-17506
102,106,99,-14231,23394,-10582
E
-121,72,-128,14786,-27293,-18098
-119,-105,31,13058,18974,-18165
108,-62,79,4661,-11677,-10301
91,-73,110,6261,1882,-11084
121,-20,11,-1972,9627,-11453
-123,-76,30,-2040,20507,-11320
-17,19,-9,-10624,-5143,-7700
14,0,-76,-10021,1032,-5274
10,-42,-114,-12476,-7951,12856
54,-65,-117,-10122,-8253,8867
68,82,-118,-4951,-391,15115
59,103,81,-7722,7,14004
-84,8,39,-6651,-11480,-32267
94,-127,31,10999,-29135,-29621
26,-95,-97,-18709,27461,19433
79,-113,-66,-32641,-11492,18106
37,60,-58,-32641,-28089,-26287
-93,-71,-64,-17075,-11172,21923
-35,84,34,16784,26933,-30786
-110,-119,-87,-32641,23822,29783
89,63,-124,-19265,-32745,-11794
115,-27,-3,-4399,22232,-16976
-120,-109,65,9099,14242,-22855
-109,9,72,-4824,32296,-12270
126,39,27,10412,23575,-18313
23,-23,52,8475,32606,-9407
19,101,10,-6401,-8791,-10691
47,66,16,-8873,-7939,-20948
104,14,54,-8313,9957,-12548
70,19,-8,-8329,1991,-8445
-76,-104,-66,-1705,-13177,2998
34,-109,88,-8043,-10165,21920
-26,14,-71,-22038,-13441,23300
-77,63,-24,-27719,-22531,-26388
11,86,115,-4529,25943,25448
1,-93,-18,-14733,-32745,1284
-104,-47,48,-31285,-9851,15556
-29,99,94,-32641,-29454,-23146
-8,121,12,-6950,-26326,28722
-31,50,-18,13438,-31469,29371
E
127,-21,-65,-20829,16403,30822
-98,29,-121,-8897,8536,-10013
45,-3,-106,-31091,-18369,3193
18,29,-75,24139,-9735,-16972
2,-117,96,7974,9922,30654
71,-77,-82,2399,-16711,-13264
-68,110,123,-1065,-22100,-15303
59,36,-76,8737,-28422,-13590
-128,123,-80,1291,20442,-10285
-124,41,50,-3614,-14338,16608
-17,-124,-28,10086,-8314,10662
-111,-102,-19,9154,11686,3968
-106,76,-90,-7888,-5475,16920
59,125,-89,-9488,-1336,20512
-124,-43,-122,-28100,-6205,-31900
122,-104,-32,-28925,21035,26354
31,-99,81,-10452,-22595,-8736
-126,14,-94,-30167,-8816,1632
116,55,-59,-32640,22302,-18718
79,-45,-41,-17113,4412,-21117
97,72,44,-29874,21217,-23369
-118,-78,-64,-2343,-31050,31602
83,82,84,-16045,-7331,3127
93,-60,82,-12578,31986,-18696
122,104,-95,10872,-16336,30910
126,-13,-75,10174,-29018,-17207
-60,-9,1,-10036,14879,-10653
84,84,-40,-8051,27838,-16261
-6,55,37,-13896,11114,-1696
38,80,-41,-12001,3094,-9238
23,101,-119,-9330,5907,6862
-46,-127,-93,-6192,72,7291
25,104,-98,5831,-15100,-32658
17,-124,-124,5450,-1113,26164
-16,1,23,9464,3136,-32703
36,-55,65,5652,30889,-31434
125,-50,68,12982,-16111,-32687
2,-108,52,-21573,32417,-9822
-125,46,15,-32639,-24100,30056
56,-64,-80,6567,-32747,-29682
E
-100,-65,-48,21391,-11559,31217
76,48,-127,-10856,-8190,30048
-72,-85,96,-3201,-16205,-27538
-88,89,117,-10581,-19366,8169
46,-46,-105,10749,-22958,-28232
-119,-58,-3,11433,-32481,-17396
-115,118,42,-789,-23374,-13840
82,58,68,-11780,21800,-3010
-101,88,45,-11072,26669,-5879
-110,29,104,-2982,16519,-12862
115,-106,120,-2888,-3381,-8037
85,-121,-94,-5039,-14270,6067
13,111,122,949,-7132,11846
-86,78,-105,-3144,-6998,12821
-116,-72,-80,-11412,-5787,20325
115,50,-31,28887,19548,30014
51,83,71,-31510,-22341,18142
-75,-32,-123,22525,15842,6744
74,-68,30,-32239,12053,-21960
-43,-9,-97,31442,-20699,-24770
89,-38,81,15329,16036,31650
-15,73,-111,28137,27449,28727
-108,-37,-16,-32118,18,-22163
25,86,-61,22130,20,-8874
-42,-88,43,-5449,-32749,-18686
-60,122,-35,20072,-18342,-24260
2,19,98,2832,-3944,-16252
106,118,-34,1843,3544,-9347
-81,41,99,-14406,18684,3574
8,-105,84,-9653,-5834,-3833
-61,-116,66,24680,-2395,6872
126,-99,-126,9656,10151,901
8,-20,94,565,-1379,-5820
86,118,33,-4012,10212,9456
112,67,-89,-3800,-9129,6445
108,126,121,-13468,-1165,17799
24,-101,71,-18432,-6094,24569
-78,62,-113,-11037,-14822,25537
-18,107,5,-25965,22144,8053
126,-81,53,-27286,1379,-3208
E
93,-46,-121,-32638,-11356,-31463
-95,-69,-47,17826,-32748,-6682
105,-34,-38,25584,-9458,25108
65,-82,-88,-17173,3796,-21995
39,-97,-122,-6767,16502,-8817
69,39,-49,-13115,20517,-10874
107,7,-35,-16037,14798,-11784
-123,26,-36,17049,19,-21529
-125,-57,-40,-1779,-24202,-16788
-37,103,-58,-4999,4477,-13621
83,-7,-58,-6141,14396,-3277
-69,-24,40,-4468,-18203,-6946
-119,37,-114,-1709,18610,-10341
-7,26,72,-7296,-1792,2020
-31,104,14,-5543,3709,13485
52,84,-1,-9416,-28643,23327
-8,96,97,-7296,-29662,15952
-10,105,20,-3187,4361,29672
94,18,-67,-6253,-13971,29679
-33,16,34,-30987,22020,3913
-94,-116,63,-26750,-22067,1221
92,81,-34,-32636,-25386,-18669
9,-119,-38,-8689,-23593,23946
94,-72,54,17089,389,-32766
-1,24,86,-19549,17085,30229
38,36,-46,14107,19,8954
49,-115,-96,-6325,-8464,-26757
57,-32,115,1310,-19816,-5374
-88,-20,-32,3287,-4660,-12977
-19,-27,-105,5034,29379,-14640
-18,-52,-6,-1730,-7407,-6158
118,-64,-40,-4402,30729,-3050
108,102,-93,-149,22126,3766
-43,57,-54,-11925,4230,-1806
60,101,61,-13264,-2677,6663
36,105,-125,-8366,-15397,8667
-116,38,10,1549,8637,4727
110,49,23,-6288,544,7560
-64,73,124,-13196,-13492,14905
124,111,16,-8818,-19157,13564
E
22,107,-14,-10896,-8509,13321
89,23,65,31658,-29592,2835
103,120,-35,-25012,11425,-2050
77,121,69,20074,-19715,-16626
85,-9,-97,-264,-29764,-6043
-89,116,103,-29470,15699,-29374
53,22,-40,-18206,17935,-12737
116,-79,-49,-14270,16196,-17157
93,69,-66,3098,-4951,-16635
-56,38,-85,8087,-9660,-10909
119,-39,-32,11658,23438,-14449
-103,11,8,14618,-1355,-6336
17,71,35,-4246,30251,-2606
-62,-106,91,-7077,26539,821
71,121,6,-4941,-20287,3635
15,100,24,14261,11841,131
109,-24,-35,419,18409,-2623
-56,12,117,-135,-22764,-4500
-128,44,68,4361,-5197,-2196
118,-104,101,7430,11954,6731
91,-74,78,4083,2563,-931
53,-4,81,4573,11010,229
-30,56,110,7139,4806,1348
-50,-117,10,9490,11372,1483
-59,-102,-113,6884,1155,958
-97,101,123,6311,221,2506
-65,36,101,7080,3608,3234
-38,72,-6,2197,7356,28
-44,68,-11,4991,4849,-263
-53,96,-31,2709,10702,-336
-47,102,-37,797,4978,-1059
-90,117,16,3840,-1050,710
-90,105,-55,1215,7193,-1376
-102,-126,-65,-890,-5378,-3977
115,-122,-124,-526,4031,-2288
101,-123,109,504,328,-2291
79,-120,85,1704,-396,-1926
55,-121,61,2082,215,-1214
5,-101,41,-610,-4621,-1964
2,-96,42,-1197,-2673,-1697
E
-42,-95,0,-411,1755,-1313
-29,-101,-1,-583,1129,-891
-42,-122,-24,922,479,-115
-52,122,-40,1347,565,-614
-68,115,-46,1438,148,-748
-98,104,-64,362,-664,-837
-95,114,-60,306,-561,39
-85,111,-82,-49,960,739
-80,100,-83,263,366,284
-71,80,-106,1487,798,820
-64,69,-120,1386,706,1445
-56,67,-117,-17,-1169,996
-57,73,-99,-1009,-724,221
-52,73,-98,-652,413,-55
-45,75,-98,-775,1183,-380
-45,80,-90,-1282,157,-222
-53,91,-72,-2039,-806,-376
-53,89,-75,-1920,-190,-631
-55,90,-72,-1204,-62,-266
-57,87,-72,-855,-149,-401
-74,74,-75,1021,-64,-798
-74,75,-79,968,-10,-970
-106,76,-72,359,-1814,-2291
-126,79,-70,-35,-1036,-2367
100,70,-80,46,-376,-2526
106,65,-86,633,401,-2292
98,43,-105,391,52,-1522
95,42,-110,-271,-171,-1076
94,40,-116,-343,-834,-876
89,9,108,918,326,-966
92,7,102,1224,440,-813
83,-37,59,3401,-964,-1035
76,-40,64,3670,-889,-1261
35,122,21,4891,-1357,-1888
36,127,31,4671,-1326,-1834
-6,50,35,4116,-1723,-2114
-25,26,57,2996,-1864,-2468
-45,-4,75,1367,-1932,-2996
-56,-36,87,-487,-33,-2293
-46,-27,77,-1125,271,-1790
E
-20,-23,44,-2257,567,-1500
-26,-20,48,-1727,196,-1689
-24,1,29,-1842,-775,-1944
-24,8,30,-1857,-337,-1796
-26,21,33,-1621,453,-1690
-15,48,21,-1807,893,-1304
-12,48,11,-1406,990,-965
5,63,3,-492,952,-681
3,62,4,-729,755,-800
19,78,1,-213,410,-647
19,75,3,-383,676,-632
44,92,-5,-848,1696,187
50,90,-5,-789,1646,76
75,89,-7,32,623,108
91,86,-14,-367,2775,883
114,93,-12,-232,758,983
126,97,-11,337,933,1378
-117,94,-11,520,1575,1143
